Test1500.jpg
Test1501_lg_6.jpg
99
203
82
232
120
232
64
258
123
231
64
258
124
231
64
258
118
230
64
258
130
223
80
226
130
224
80
226
153
189
76
251
153
189
78
249
153
189
79
249
154
189
87
241
154
189
85
244
154
189
84
245
154
189
79
249
145
220
75
251
151
220
85
244
151
220
79
249
151
220
82
248
151
222
87
241
148
217
77
249
148
217
81
246
156
218
88
231
156
218
87
241
149
217
77
249
149
217
81
246
149
217
79
249
154
218
87
241
148
218
75
251
148
218
77
249
148
218
78
249
148
218
81
246
160
192
88
231
160
192
87
241
162
208
87
241
157
208
87
241
161
210
87
241
161
210
85
244
160
213
87
241
156
211
87
241
156
211
85
244
156
211
84
245
156
212
87
241
156
212
85
244
156
212
84
245
157
209
87
241
157
217
87
241
158
217
87
241
156
210
87
241
