36_36_l.jpg
36_36_r.jpg
39
100
201
79
44
98
201
74
41
99
202
76
41
99
204
78
40
93
189
67
39
91
192
66
39
91
192
67
40
94
189
67
39
96
202
76
41
98
202
76
40
98
202
76
40
98
204
78
42
97
201
74
271
154
138
152
271
154
139
152
286
194
156
198
364
32
240
39
364
34
240
41
365
33
240
39
365
33
241
40
406
48
279
59
407
47
280
58
404
46
281
57
404
46
280
57
404
46
278
57
406
47
279
59
405
48
279
59
410
48
285
61
410
48
284
60
410
48
283
61
410
48
284
61
411
44
286
56
411
44
285
55
406
46
281
57
406
46
280
57
406
46
280
58
411
43
285
55
413
48
286
61
413
48
286
60
433
86
312
109
433
87
312
110
433
87
312
109
434
152
307
163
451
87
324
103
453
88
324
103
452
88
324
103
464
89
335
105
464
89
333
104
464
89
332
105
464
89
332
104
461
90
332
106
456
88
327
104
465
87
333
104
465
87
335
102
465
87
336
103
464
87
333
104
464
87
335
102
464
87
333
102
464
87
336
103
462
87
333
104
462
87
335
102
462
87
333
102
462
87
336
103
462
87
332
104
457
91
328
106
463
87
333
104
463
87
333
102
463
87
336
103
463
87
332
104
481
87
352
104
481
87
351
103
481
87
352
103
491
88
357
105
488
87
357
105
488
87
355
104
490
88
357
105
