9_9_l.jpg
9_9_r.jpg
379
391
263
395
379
391
262
395
442
449
322
448
392
387
273
391
423
467
303
468
381
391
264
395
383
386
265
391
424
469
304
470
424
469
305
470
424
469
303
468
441
448
320
448
441
448
321
447
378
393
261
398
378
393
261
397
382
386
265
391
389
392
273
396
381
390
264
395
391
386
273
391
393
390
273
393
442
458
323
458
442
458
324
457
442
458
321
458
442
458
322
458
442
453
322
453
442
453
321
453
381
387
264
392
442
457
322
456
442
457
324
456
381
386
265
391
422
467
303
468
383
400
265
404
383
393
265
397
378
391
260
395
378
391
262
395
391
387
273
391
391
387
273
392
382
387
265
391
442
448
322
447
442
448
321
448
442
448
320
448
442
448
321
447
429
347
312
351
393
389
273
392
437
334
318
337
391
391
273
395
442
451
322
451
442
451
322
450
442
451
321
450
442
451
320
450
383
399
265
404
383
399
265
403
442
447
321
447
442
450
322
449
442
450
322
450
442
450
321
450
442
450
320
450
379
390
262
395
421
469
304
470
421
469
303
470
421
469
302
470
422
469
304
470
422
469
303
470
422
469
305
470
422
469
302
470
422
469
303
468
382
385
265
391
