Test2120_rot.jpg
Test2121_rot.jpg
90
163
330
204
90
163
330
205
81
159
333
214
80
160
338
222
91
163
330
204
91
163
330
205
128
297
99
205
129
295
99
206
129
295
99
205
133
313
424
204
143
316
416
204
143
316
417
204
138
312
418
201
139
313
418
201
135
315
422
204
182
221
168
180
182
221
168
179
182
221
169
179
185
230
167
183
185
230
169
185
185
230
169
183
185
230
167
180
185
230
168
180
185
230
169
186
185
230
167
182
186
233
169
185
186
233
169
183
186
233
168
180
186
233
169
186
186
234
169
185
186
234
168
186
186
234
169
186
197
197
334
227
206
194
323
211
206
194
324
211
204
196
324
214
204
196
326
215
206
240
180
191
206
240
181
193
206
240
179
191
207
242
181
193
203
243
178
194
204
241
180
191
204
241
181
193
204
241
179
191
204
241
178
194
202
242
178
194
205
242
181
193
205
242
178
194
210
194
315
206
215
196
323
211
210
196
323
211
210
196
324
211
213
196
323
211
215
193
314
204
218
232
206
191
218
235
205
192
217
234
206
191
217
234
205
192
209
248
186
199
209
248
188
205
210
246
189
200
210
246
189
199
208
255
175
207
208
255
178
207
208
255
173
207
208
255
177
209
208
255
174
207
208
255
176
207
208
255
182
206
208
255
184
205
208
255
184
207
211
255
188
213
211
256
188
213
211
256
187
214
211
256
188
214
225
234
214
193
226
238
213
196
227
237
215
196
227
237
216
196
227
237
213
196
246
149
286
126
247
149
286
126
247
149
287
126
250
146
283
124
252
151
285
130
252
151
286
130
253
151
285
130
253
151
286
130
249
151
283
129
299
113
322
118
299
120
324
120
306
214
306
217
305
217
289
207
305
217
289
205
305
217
289
210
305
219
291
211
315
204
318
206
315
204
317
205
346
112
362
124
352
137
358
150
455
181
472
262
455
180
473
264
455
180
473
262
455
180
473
263
447
179
473
264
454
178
473
264
454
178
472
262
454
178
473
262
454
178
474
262
454
178
473
263
453
181
472
262
453
181
473
262
447
178
473
264
447
178
472
262
447
178
473
262
447
178
473
263
448
178
473
264
448
178
472
262
448
178
473
263
452
182
472
262
451
183
471
268
455
178
473
264
455
178
473
263
445
178
473
264
459
89
484
151
459
89
481
151
461
89
484
151
458
91
481
151
459
92
480
152
459
92
481
151
459
92
482
152
530
118
537
203
525
121
533
204
525
121
533
203
525
122
533
204
526
123
533
204
529
120
536
204
530
120
536
204
526
121
533
204
526
121
533
203
527
121
533
204
527
121
533
203
527
122
533
204
527
122
533
203
526
118
534
199
526
118
534
202
526
118
537
203
526
118
536
201
526
118
536
202
526
119
536
204
526
119
534
202
526
119
536
202
526
119
533
203
527
119
536
204
527
119
534
202
527
119
536
202
529
116
536
199
524
120
534
202
524
120
533
204
524
120
533
203
546
112
557
203
544
139
548
230
544
139
547
230
544
139
546
230
544
139
549
230
546
138
548
230
546
138
547
230
546
138
549
230
536
135
572
250
537
136
572
253
537
136
572
252
546
137
549
230
541
138
547
230
541
138
546
230
547
112
557
203
