Test120_rot.jpeg
Test124_rot.jpeg
138
136
173
61
138
135
173
61
143
135
178
61
143
135
176
63
143
135
178
64
143
135
178
62
143
135
177
65
143
135
177
63
143
135
178
63
141
132
177
60
141
132
176
61
141
132
178
61
141
132
177
58
141
132
176
60
141
132
176
63
141
132
176
62
141
132
177
63
142
131
177
60
142
131
178
61
142
131
176
63
142
131
176
62
142
131
178
62
142
131
177
63
143
132
178
61
143
132
178
62
143
132
177
63
143
132
178
63
140
128
176
58
140
128
177
57
140
128
177
58
142
133
177
60
142
133
178
61
142
133
176
63
142
133
178
62
142
133
177
65
142
133
177
63
142
133
178
63
141
130
177
60
141
130
176
61
141
130
178
61
141
130
177
58
141
130
176
60
141
130
176
63
141
130
176
62
141
130
177
63
143
133
178
61
143
133
178
64
143
133
178
62
143
133
177
65
143
133
177
63
143
133
178
63
140
131
176
58
140
131
177
57
140
131
177
58
140
131
176
60
134
152
161
78
134
152
161
77
134
152
162
77
137
154
163
78
137
154
164
76
137
154
163
79
137
154
162
81
137
154
164
77
134
153
161
78
134
153
161
77
134
153
162
77
134
155
161
78
137
153
165
74
137
153
163
78
137
153
165
75
137
153
164
76
137
153
163
79
137
153
164
77
135
157
161
78
135
157
161
79
135
157
162
77
134
154
161
78
134
154
161
77
136
159
161
82
136
159
162
81
136
159
160
83
136
159
161
83
134
156
161
78
134
157
161
78
134
157
160
79
136
160
161
82
136
160
160
84
136
160
160
83
136
160
161
83
150
127
186
60
150
127
186
61
150
127
187
61
151
131
186
61
146
139
179
69
146
139
178
67
146
139
178
64
146
139
178
68
146
139
179
67
146
139
178
69
146
139
178
70
146
139
179
65
146
139
179
66
145
136
178
64
145
136
178
62
145
136
177
65
145
136
179
65
145
136
178
63
145
136
179
66
151
130
186
61
144
134
178
61
144
134
178
64
144
134
178
62
144
134
177
65
144
134
179
65
144
134
177
63
144
134
178
63
144
134
179
66
145
134
178
64
145
134
178
62
145
134
177
65
145
134
179
65
145
134
178
63
145
134
179
66
146
136
178
64
146
136
179
65
146
136
178
63
146
136
179
66
145
137
178
64
145
137
178
62
145
137
177
65
145
137
179
65
145
137
178
63
145
137
179
66
146
137
178
67
146
137
178
64
146
137
178
68
146
137
179
67
146
137
178
69
146
137
179
65
146
137
179
66
150
137
181
72
151
137
181
72
146
138
178
67
146
138
178
64
146
138
178
68
146
138
179
67
146
138
178
69
146
138
179
65
146
138
179
66
148
138
179
69
148
138
178
71
148
138
178
68
148
138
179
71
148
138
179
67
148
138
178
69
148
138
178
70
148
138
180
70
148
138
180
71
148
138
179
66
145
135
178
64
145
135
178
62
145
135
177
65
145
135
179
65
145
135
178
63
145
135
179
66
149
138
181
72
149
138
180
70
149
138
180
71
144
136
178
61
144
136
178
64
144
136
178
62
144
136
177
65
144
136
179
65
144
136
177
63
144
136
178
63
144
136
179
66
148
139
179
69
148
139
178
71
148
139
178
68
148
139
179
71
148
139
179
67
148
139
178
69
148
139
178
70
148
139
180
70
148
139
180
71
148
139
179
66
155
149
181
81
155
149
182
82
155
149
181
83
155
149
182
83
155
149
181
79
155
149
181
80
156
150
181
81
156
150
182
82
156
150
181
83
156
150
182
83
156
150
181
80
156
150
182
84
155
144
181
79
155
144
181
80
155
144
181
78
153
148
180
80
153
148
180
83
153
148
181
81
153
148
179
79
153
148
181
79
153
148
181
80
153
148
180
77
153
148
181
78
155
143
181
79
150
151
177
81
149
142
179
71
149
142
178
73
149
142
179
74
149
142
180
70
149
142
180
71
149
142
179
73
149
142
179
75
150
142
181
73
150
142
181
72
150
142
179
74
150
142
180
75
150
142
179
75
153
147
180
80
153
147
181
81
153
147
179
79
153
147
181
79
153
147
181
80
153
147
180
77
153
147
181
78
153
147
181
75
151
140
181
73
151
140
181
72
151
140
182
73
151
140
181
74
151
140
180
75
156
148
181
81
156
148
182
82
156
148
182
83
156
148
181
80
155
148
180
80
155
148
181
81
155
148
182
82
155
148
181
83
155
148
182
83
155
148
181
79
155
148
181
80
155
148
181
78
149
140
181
73
149
140
178
72
149
140
179
69
149
140
181
72
149
140
179
71
149
140
178
73
149
140
179
74
149
140
180
70
149
140
180
71
149
140
179
73
149
140
179
75
150
140
181
73
150
140
181
72
150
140
179
74
150
140
179
75
156
151
181
81
156
151
182
82
156
151
181
83
156
151
182
83
156
151
180
87
156
151
182
84
156
151
182
86
151
145
181
73
151
145
181
72
151
145
182
73
151
145
181
74
151
145
180
75
151
145
180
77
151
145
181
75
152
145
182
73
152
145
181
74
152
145
179
79
152
145
180
75
152
145
180
77
152
145
181
78
152
145
181
75
156
145
181
81
156
145
181
80
154
146
181
81
154
146
181
79
154
146
181
80
154
146
181
78
148
141
178
72
148
141
179
69
148
141
178
71
148
141
178
68
148
141
179
71
148
141
178
73
148
141
179
74
148
141
179
67
148
141
178
69
148
141
178
70
148
141
180
70
148
141
180
71
148
141
179
73
148
141
179
75
151
142
181
73
151
142
181
72
151
142
182
73
151
142
181
74
151
142
180
75
151
142
181
75
154
148
180
80
154
148
180
83
154
148
181
81
154
148
182
82
154
148
181
83
154
148
181
79
154
148
181
80
154
148
181
78
150
141
181
73
150
141
181
72
150
141
179
74
150
141
179
75
154
149
180
80
154
149
180
83
154
149
181
81
154
149
182
82
154
149
181
83
154
149
182
83
154
149
181
79
154
149
181
80
154
149
181
78
149
143
178
73
149
143
179
74
149
143
180
70
149
143
180
71
149
143
179
73
149
143
179
75
152
143
182
73
152
143
181
74
152
143
180
77
152
143
181
75
153
150
180
80
153
150
180
83
153
150
181
81
153
150
179
79
153
150
177
84
151
141
181
73
151
141
181
72
151
141
182
73
151
141
181
74
151
141
180
75
151
141
181
75
151
151
177
81
151
151
177
82
151
151
177
83
155
151
180
83
155
151
181
81
155
151
182
82
155
151
181
83
155
151
182
83
155
151
179
85
155
151
181
80
155
151
182
84
147
140
179
69
147
140
178
71
147
140
178
67
147
140
178
68
147
140
179
71
147
140
179
67
147
140
178
69
147
140
178
70
147
140
180
70
147
140
179
66
156
152
180
83
156
152
181
83
156
152
182
83
156
152
179
85
156
152
180
87
156
152
182
84
156
152
182
86
153
153
179
85
156
157
180
87
156
154
179
85
156
154
180
87
156
154
182
86
156
159
180
87
153
156
179
85
153
156
176
87
156
155
179
85
156
155
180
87
193
130
223
81
193
130
222
80
193
131
223
81
193
131
224
82
193
131
222
80
194
132
223
81
194
132
224
82
195
97
239
53
195
97
240
52
207
97
249
57
196
100
239
53
199
142
225
94
200
143
225
94
242
247
219
207
242
247
218
207
242
247
218
208
243
243
221
204
244
245
220
205
244
245
221
204
242
248
219
207
242
248
218
207
242
248
218
208
242
248
217
209
242
250
218
212
242
250
217
209
242
250
217
210
242
250
216
211
242
251
218
212
242
251
218
214
242
251
217
212
242
251
217
213
242
251
217
209
242
251
217
210
242
251
216
211
242
251
216
212
257
247
231
217
257
248
231
218
259
254
231
222
257
256
228
222
270
219
256
193
260
219
248
192
261
217
250
191
276
155
289
139
274
156
287
142
274
153
288
140
274
161
286
143
277
161
290
146
275
156
287
142
275
156
289
139
275
159
287
142
293
160
302
151
291
161
299
150
291
161
302
151
293
163
299
152
291
164
299
152
292
164
299
152
287
204
278
188
306
126
329
126
306
126
328
126
306
127
330
128
306
127
331
128
306
127
329
126
306
127
328
126
307
127
330
128
307
127
331
128
307
127
329
126
307
127
328
126
312
127
335
129
312
127
334
129
312
127
331
128
312
127
335
128
309
129
334
130
312
129
333
130
312
129
334
130
306
128
325
126
306
128
330
128
306
128
328
126
312
223
295
215
305
228
284
217
305
228
285
217
323
99
360
109
321
104
353
112
333
101
364
114
337
101
368
115
337
101
368
116
335
104
364
117
335
104
365
117
336
103
366
117
336
103
366
116
338
103
367
117
331
104
360
115
334
102
364
114
334
102
364
115
336
102
366
116
337
104
367
117
337
104
366
117
337
104
366
118
332
131
350
140
335
128
353
140
335
129
353
140
335
224
314
226
335
224
313
225
335
224
314
225
335
225
314
226
335
225
316
225
335
225
313
227
335
223
313
225
335
223
314
225
335
220
315
222
336
224
314
226
335
227
313
228
337
222
316
225
343
104
372
120
343
104
371
120
343
104
371
121
346
105
374
121
346
105
374
123
346
105
375
119
339
104
369
119
339
104
368
119
339
104
369
120
339
103
369
119
341
103
370
119
341
103
371
120
344
105
374
121
344
105
372
120
344
105
373
121
344
105
373
122
344
105
371
120
344
105
371
121
344
105
372
122
341
104
369
119
341
104
370
119
341
104
370
120
341
104
371
120
342
104
372
120
342
104
370
119
342
104
370
120
342
104
371
120
342
104
371
121
347
104
375
121
347
104
375
122
347
104
374
123
347
104
375
119
348
104
376
122
348
104
376
120
348
104
375
121
348
105
376
120
349
105
377
118
349
105
377
120
348
106
375
124
348
106
376
120
344
130
361
144
348
132
364
148
343
128
361
142
347
133
363
149
341
131
358
144
341
139
354
150
357
109
382
130
357
109
381
132
358
106
383
127
363
107
388
128
363
107
388
133
363
107
387
132
356
105
382
127
356
105
383
127
356
105
382
128
356
106
382
127
356
106
382
128
359
103
386
126
362
103
388
128
362
103
390
127
362
103
389
127
362
103
388
127
361
107
386
131
363
104
388
128
363
104
390
127
363
104
389
128
363
104
390
128
363
104
389
127
363
104
388
127
362
108
386
132
362
108
386
131
362
108
387
132
363
108
388
133
363
108
387
132
362
191
349
210
362
191
351
208
362
191
350
209
362
191
350
210
362
191
349
211
362
191
352
208
362
198
350
210
362
198
349
211
367
35
423
67
367
35
421
67
367
35
423
66
380
71
419
106
387
62
429
100
387
62
428
101
387
62
429
101
389
61
431
100
378
185
369
211
378
185
369
210
381
191
369
217
381
191
369
215
381
191
370
215
382
191
370
215
382
190
370
215
386
190
374
216
379
191
368
213
378
187
369
211
385
191
374
216
378
186
369
211
378
186
370
211
378
186
369
210
381
190
369
215
381
190
370
215
385
190
374
216
379
187
370
211
380
191
369
217
380
191
369
215
380
191
370
215
377
186
368
211
377
186
367
211
377
186
369
211
377
186
367
210
377
186
368
210
388
297
331
314
394
73
431
113
402
64
442
107
403
68
440
112
403
68
441
112
415
190
397
227
415
190
401
228
415
190
397
225
415
190
397
226
415
190
398
226
415
190
401
229
415
190
396
226
409
191
396
227
409
191
394
227
409
191
393
228
409
191
394
228
412
188
397
225
412
188
397
226
412
188
398
226
412
188
394
223
412
188
395
223
412
188
396
224
409
186
397
223
416
189
401
228
416
189
397
225
416
189
402
228
416
189
398
226
416
189
396
224
409
190
397
227
409
190
396
227
409
190
394
227
409
190
396
226
410
189
397
227
410
189
397
225
410
189
396
227
410
189
397
226
410
189
398
226
410
189
396
226
416
190
401
228
416
190
397
225
416
190
402
228
416
190
397
226
416
190
398
226
416
190
401
229
416
190
396
226
411
189
397
227
411
189
397
225
411
189
397
226
411
189
398
226
411
189
396
226
421
31
473
87
417
191
401
228
417
191
402
228
417
191
401
229
417
191
403
231
417
189
401
228
417
189
402
228
417
189
404
230
417
189
403
231
419
189
404
227
419
189
405
231
419
189
406
231
421
189
404
227
421
189
405
231
421
189
406
231
420
190
404
227
420
190
405
231
420
190
406
231
420
191
405
231
420
191
406
231
417
192
401
228
417
192
401
229
423
195
405
239
423
195
406
237
423
195
406
239
417
193
401
229
417
295
358
323
417
295
359
324
417
295
360
323
417
295
359
323
429
217
402
256
429
216
403
256
429
216
402
256
462
151
460
212
462
151
460
214
462
151
460
213
458
151
455
212
463
151
460
214
481
119
490
192
475
167
464
233
475
167
466
234
481
167
468
235
481
167
467
235
479
167
468
235
479
167
467
235
479
167
468
233
481
166
468
235
481
166
467
235
479
165
468
233
477
165
467
230
477
165
468
230
477
165
466
231
480
167
468
235
480
167
467
235
478
165
468
230
478
165
468
233
480
165
468
233
488
122
495
198
490
122
496
198
489
123
495
198
487
125
493
200
499
139
498
216
499
139
498
217
497
168
484
243
