Test3000_rot.jpg
Test3002_rot.jpg
350
211
305
242
350
211
306
242
505
368
93
296
505
368
94
296
288
207
342
187
288
207
342
190
288
207
340
189
288
207
342
188
288
207
312
240
405
203
286
295
405
203
287
296
403
202
289
295
298
212
316
228
298
212
314
228
298
212
318
228
298
212
315
228
298
212
313
229
298
212
319
226
298
212
317
227
298
212
317
226
406
200
289
295
295
191
327
244
295
191
351
204
505
370
92
296
505
370
91
297
505
370
91
296
532
356
91
328
532
356
91
322
532
356
92
323
532
356
93
321
350
186
328
255
350
186
327
253
350
186
327
251
350
186
327
254
350
186
327
256
365
237
277
241
365
237
276
240
365
237
277
240
365
237
278
239
406
204
284
295
406
204
286
295
406
204
287
296
406
204
282
295
406
204
285
295
406
204
284
298
406
204
283
295
289
207
342
187
289
207
312
240
316
208
326
217
316
208
327
217
316
208
325
219
221
204
377
133
221
204
378
135
221
204
377
135
221
204
378
133
352
203
313
247
352
203
312
248
410
204
281
296
410
204
284
295
410
204
280
295
410
204
286
295
410
204
280
297
410
204
280
296
410
204
279
297
410
204
282
295
410
204
281
297
410
204
285
295
410
204
284
298
410
204
283
295
410
204
279
296
543
361
82
335
543
361
82
334
543
361
81
335
543
361
80
336
543
361
80
337
351
185
330
252
352
191
324
249
352
191
320
254
352
191
324
248
352
191
322
252
352
191
324
250
352
191
357
191
352
191
320
252
352
191
321
254
352
191
323
250
352
191
323
249
352
191
358
190
352
191
321
251
352
191
320
253
352
191
320
256
352
191
322
253
352
191
321
256
352
191
325
249
352
191
323
254
352
191
323
253
352
191
327
246
352
191
321
252
352
191
324
251
352
191
322
251
352
191
322
255
352
191
322
249
542
359
82
336
542
359
82
335
542
359
82
337
542
359
81
335
542
359
83
335
283
194
356
191
283
194
357
188
283
194
358
187
283
194
320
254
283
194
322
252
283
194
358
186
283
194
357
191
283
194
320
252
283
194
357
189
283
194
321
254
283
194
358
190
283
194
321
251
283
194
320
253
283
194
320
256
283
194
322
253
283
194
321
252
283
194
322
251
283
194
358
189
350
190
326
252
350
190
324
249
350
190
322
252
350
190
324
250
350
190
325
251
350
190
326
251
350
190
323
250
350
190
323
249
350
190
322
253
350
190
321
256
350
190
325
249
350
190
360
191
350
190
327
251
350
190
323
254
350
190
323
253
350
190
327
246
350
190
326
256
350
190
324
251
350
190
322
251
350
190
360
190
350
190
322
255
348
181
334
253
348
181
333
254
348
181
333
255
545
359
82
334
348
189
326
252
348
189
324
250
348
189
325
251
348
189
326
251
348
189
327
253
348
189
327
251
348
189
323
254
348
189
323
253
348
189
326
255
348
189
326
256
348
189
324
251
348
189
327
254
348
189
327
256
284
203
347
185
284
203
347
188
284
203
345
198
284
203
347
187
284
203
313
248
284
203
347
191
284
203
346
187
284
203
345
197
284
203
346
186
284
203
344
193
284
203
312
248
283
193
356
191
283
193
357
188
283
193
358
187
283
193
320
254
283
193
322
252
283
193
357
191
283
193
357
189
283
193
321
254
283
193
358
190
283
193
320
253
283
193
322
253
283
193
321
252
283
193
322
251
283
193
358
189
351
193
324
249
351
193
356
191
351
193
357
188
351
193
358
187
351
193
320
254
351
193
324
248
351
193
322
252
351
193
324
250
351
193
320
252
351
193
357
189
351
193
324
247
351
193
321
254
351
193
323
250
351
193
323
249
351
193
327
244
351
193
321
251
351
193
320
253
351
193
322
253
351
193
319
253
351
193
321
256
351
193
325
249
351
193
323
248
351
193
326
245
351
193
323
253
351
193
321
252
351
193
324
251
351
193
322
251
351
193
322
255
351
193
357
187
351
193
322
249
247
318
264
100
504
369
93
296
504
369
92
296
504
369
92
297
353
191
324
249
353
191
320
254
353
191
324
248
353
191
322
252
353
191
324
250
353
191
357
191
353
191
320
252
353
191
321
254
353
191
323
250
353
191
323
249
353
191
327
244
353
191
358
190
353
191
321
251
353
191
320
253
353
191
320
256
353
191
322
253
353
191
321
256
353
191
325
249
353
191
323
254
353
191
323
253
353
191
327
246
353
191
321
252
353
191
324
251
353
191
322
251
353
191
322
255
353
191
322
249
405
202
287
296
260
240
329
146
260
240
328
146
534
355
91
322
534
355
93
321
294
192
351
202
294
192
327
243
299
209
315
231
299
209
316
228
299
209
318
229
299
209
315
230
299
209
318
228
299
209
319
228
299
209
319
226
299
209
314
230
299
209
316
230
299
209
317
227
299
209
317
226
204
195
393
126
533
356
91
322
533
356
92
323
533
356
93
321
282
204
345
198
282
204
346
187
282
204
345
197
282
204
346
186
282
204
344
193
282
204
312
248
355
193
320
254
355
193
324
248
355
193
322
252
355
193
320
252
355
193
324
247
355
193
323
249
355
193
319
255
355
193
321
251
355
193
319
253
355
193
323
248
355
193
321
252
355
193
322
251
355
193
357
187
355
193
322
249
255
356
230
87
255
356
229
87
255
356
230
86
351
214
301
243
351
214
301
242
351
214
304
242
351
214
303
243
351
214
302
242
351
214
303
242
282
202
348
187
282
202
347
188
282
202
347
187
282
202
347
191
350
224
299
227
283
192
356
191
283
192
357
191
283
192
357
189
283
192
358
190
283
192
358
189
220
204
378
136
220
204
377
137
220
204
377
133
220
204
378
135
220
204
377
135
220
204
378
133
294
206
323
232
294
206
319
232
294
206
321
233
350
228
292
231
504
215
224
377
504
215
226
374
504
215
226
373
504
215
227
373
346
200
347
203
346
200
348
195
346
200
347
191
346
200
348
193
213
202
378
139
283
191
360
190
376
233
276
251
376
233
275
253
282
201
348
187
282
201
347
188
282
201
348
195
282
201
347
191
282
201
348
193
351
211
304
242
351
211
305
242
351
211
306
242
405
200
289
295
357
194
354
187
357
194
356
182
357
194
353
189
506
370
91
296
369
232
279
246
369
232
279
247
281
203
347
188
281
203
347
187
281
203
347
191
281
203
346
187
350
223
299
227
348
182
332
251
348
182
332
255
348
182
333
254
348
182
332
253
348
182
333
255
207
195
390
120
277
194
356
191
277
194
357
188
277
194
358
187
277
194
320
254
277
194
357
189
277
194
319
255
277
194
320
253
277
194
357
187
345
192
322
252
345
192
324
250
345
192
321
254
345
192
323
250
345
192
322
253
345
192
323
254
345
192
323
253
345
192
321
252
345
192
324
251
345
192
322
251
345
192
322
255
350
188
326
252
350
188
363
191
350
188
325
251
350
188
326
251
350
188
327
253
350
188
327
251
350
188
326
255
350
188
326
256
350
188
327
254
350
188
327
256
294
205
325
232
294
205
324
232
294
205
321
233
404
200
290
295
344
192
322
252
344
192
324
250
344
192
323
250
344
192
322
253
344
192
323
254
344
192
323
253
344
192
321
252
344
192
322
251
342
202
345
198
342
202
345
197
342
202
344
193
342
202
344
194
288
208
340
189
288
208
312
240
354
236
285
231
354
236
284
232
344
203
345
198
344
203
345
197
344
203
344
193
344
203
344
194
318
163
364
237
203
196
390
121
203
196
390
120
203
196
393
126
282
196
354
187
282
196
353
189
282
196
351
191
282
196
319
253
349
187
326
252
349
187
328
255
349
187
326
251
349
187
327
253
349
187
327
251
349
187
326
255
349
187
326
256
349
187
327
254
349
187
327
256
563
360
74
347
278
192
356
191
278
192
357
188
278
192
358
187
278
192
320
254
278
192
322
252
278
192
357
191
278
192
357
189
278
192
321
254
278
192
358
190
278
192
320
256
278
192
322
253
278
192
321
256
278
192
322
251
278
192
322
255
278
192
357
187
278
192
358
189
299
207
315
231
299
207
318
229
299
207
315
230
299
207
318
228
299
207
319
228
299
207
316
230
299
207
318
230
504
216
224
377
504
216
226
374
504
216
226
373
504
216
224
374
504
216
223
378
351
216
300
243
351
216
301
243
351
216
301
242
351
216
302
242
285
193
356
191
285
193
357
188
285
193
320
254
285
193
322
252
285
193
357
191
285
193
320
252
285
193
357
189
285
193
321
254
285
193
323
250
285
193
323
249
285
193
358
190
285
193
321
251
285
193
320
253
285
193
320
256
285
193
322
253
285
193
321
256
285
193
321
252
285
193
322
251
285
193
358
189
295
192
351
202
295
192
327
243
422
226
257
300
348
178
336
256
293
212
332
191
293
212
333
191
293
212
332
190
294
209
315
231
294
209
314
234
294
209
315
230
294
209
316
230
294
209
318
231
294
209
318
230
505
217
224
374
299
206
318
229
299
206
319
228
299
206
318
230
349
192
324
249
349
192
356
191
349
192
320
254
349
192
322
252
349
192
324
250
349
192
325
251
349
192
357
191
349
192
320
252
349
192
321
254
349
192
323
250
349
192
323
249
349
192
321
251
349
192
320
253
349
192
320
256
349
192
322
253
349
192
319
253
349
192
321
256
349
192
325
249
349
192
323
254
349
192
323
253
349
192
321
252
349
192
324
251
349
192
322
251
349
192
322
255
349
192
322
249
278
193
356
191
278
193
357
188
278
193
358
187
278
193
320
254
278
193
322
252
278
193
358
186
278
193
357
191
278
193
357
189
278
193
321
254
278
193
358
190
278
193
320
253
278
193
320
256
278
193
321
252
278
193
357
187
278
193
358
189
298
209
315
231
298
209
316
228
298
209
318
229
298
209
315
230
298
209
318
228
298
209
319
228
298
209
314
230
298
209
316
230
298
209
317
227
298
209
318
230
349
207
340
189
350
214
301
243
350
214
303
243
350
214
302
242
181
336
281
35
542
360
82
336
542
360
82
335
542
360
82
334
542
360
81
335
351
213
303
241
351
213
304
242
351
213
305
242
351
213
303
243
351
213
302
242
351
213
303
242
351
213
304
241
206
192
394
126
206
192
393
126
206
192
394
128
354
198
350
187
354
198
350
188
544
358
82
334
544
358
83
335
358
196
356
180
358
196
354
184
279
192
356
191
279
192
357
188
279
192
358
187
279
192
320
254
279
192
322
252
279
192
357
191
279
192
357
189
279
192
321
254
279
192
358
190
279
192
322
253
279
192
321
256
279
192
358
189
349
189
326
252
349
189
324
250
349
189
325
251
349
189
326
251
349
189
327
253
349
189
327
251
349
189
323
254
349
189
323
253
349
189
326
255
349
189
326
256
349
189
324
251
349
189
327
254
504
217
224
377
504
217
224
374
360
195
356
180
360
195
357
179
543
358
82
336
543
358
82
335
543
358
82
337
543
358
81
335
543
358
83
335
201
198
390
121
201
198
390
120
347
184
330
252
347
184
331
251
347
184
332
251
347
184
332
255
347
184
331
256
347
184
331
255
347
184
330
256
347
184
332
253
347
184
331
254
354
204
346
182
334
204
338
196
334
204
338
195
316
207
326
217
316
207
327
217
316
207
326
218
316
207
325
219
504
370
92
296
504
370
91
297
504
370
91
296
529
356
91
328
529
356
92
327
529
356
92
323
277
191
356
191
277
191
358
187
277
191
357
191
277
191
357
189
277
191
321
254
277
191
358
190
277
191
321
256
277
191
322
255
277
191
358
189
283
204
345
198
283
204
346
187
283
204
345
197
283
204
346
186
283
204
344
193
283
204
344
194
504
371
91
297
504
371
91
296
349
190
326
252
349
190
324
249
349
190
322
252
349
190
324
250
349
190
325
251
349
190
326
251
349
190
323
250
349
190
322
253
349
190
325
249
349
190
323
254
349
190
323
253
349
190
327
246
349
190
324
251
349
190
322
255
356
236
281
235
356
236
282
234
356
236
284
232
406
202
286
295
406
202
287
296
406
202
285
295
406
202
284
298
276
193
356
191
276
193
357
188
276
193
358
187
276
193
320
254
276
193
357
189
276
193
321
254
276
193
319
255
276
193
320
253
276
193
320
256
276
193
357
187
276
193
358
189
422
224
260
298
422
224
258
297
422
224
259
297
408
203
284
295
408
203
286
295
408
203
287
296
408
203
282
295
408
203
285
295
408
203
284
298
408
203
283
295
354
193
324
249
354
193
358
187
354
193
320
254
354
193
324
248
354
193
322
252
354
193
358
186
354
193
320
252
354
193
324
247
354
193
321
254
354
193
323
250
354
193
323
249
354
193
319
255
354
193
321
251
354
193
320
253
354
193
322
253
354
193
319
253
354
193
323
248
354
193
321
252
354
193
322
251
354
193
357
187
354
193
322
249
526
356
91
328
526
356
92
327
295
209
315
231
295
209
318
229
295
209
314
234
295
209
315
230
295
209
318
228
295
209
314
230
295
209
316
230
295
209
318
231
295
209
318
230
276
194
356
191
276
194
357
188
276
194
358
187
276
194
320
254
276
194
357
189
276
194
319
255
276
194
320
253
276
194
319
253
406
198
289
295
406
198
291
296
406
198
290
295
203
192
394
126
275
192
356
191
275
192
357
188
275
192
358
187
275
192
320
254
275
192
357
189
275
192
321
254
280
192
356
191
280
192
357
188
280
192
358
187
280
192
357
191
280
192
357
189
280
192
321
254
280
192
358
190
280
192
322
253
280
192
360
190
280
192
322
255
280
192
358
189
281
197
354
187
281
197
350
196
281
197
350
195
281
197
353
189
281
197
351
191
281
197
351
194
284
193
356
191
284
193
357
188
284
193
320
254
284
193
322
252
284
193
357
191
284
193
357
189
284
193
321
254
284
193
358
190
284
193
321
251
284
193
320
253
284
193
320
256
284
193
322
253
284
193
321
256
284
193
321
252
284
193
322
251
284
193
358
189
347
192
324
249
347
192
320
254
347
192
322
252
347
192
324
250
347
192
325
251
347
192
320
252
347
192
321
254
347
192
323
250
347
192
323
249
347
192
321
251
347
192
320
253
347
192
320
256
347
192
322
253
347
192
321
256
347
192
325
249
347
192
323
254
347
192
323
253
347
192
321
252
347
192
324
251
347
192
322
251
347
192
322
255
289
203
316
241
289
203
322
237
363
237
277
241
363
237
277
240
363
237
278
239
348
200
348
195
348
200
348
201
348
200
348
193
299
212
314
228
299
212
315
228
299
212
317
227
299
212
317
226
562
360
74
347
350
191
324
249
350
191
324
248
350
191
322
252
350
191
324
250
350
191
325
251
350
191
357
191
350
191
321
254
350
191
323
250
350
191
323
249
350
191
358
190
350
191
321
251
350
191
322
253
350
191
321
256
350
191
325
249
350
191
323
254
350
191
323
253
350
191
327
246
350
191
321
252
350
191
324
251
350
191
322
251
350
191
322
255
350
191
322
249
312
207
325
221
312
207
326
217
312
207
327
219
312
207
326
220
312
207
324
221
312
207
327
217
312
207
326
218
312
207
325
219
312
207
329
218
312
207
327
218
531
356
91
328
531
356
92
323
531
356
93
321
348
180
334
253
348
180
335
252
348
180
334
255
351
206
342
187
282
192
356
191
282
192
357
188
282
192
357
191
282
192
357
189
282
192
358
190
282
192
358
189
350
193
324
249
350
193
356
191
350
193
357
188
350
193
320
254
350
193
324
248
350
193
322
252
350
193
324
250
350
193
320
252
350
193
321
254
350
193
323
250
350
193
323
249
350
193
321
251
350
193
320
253
350
193
322
253
350
193
319
253
350
193
321
256
350
193
325
249
350
193
323
248
350
193
326
245
350
193
323
254
350
193
323
253
350
193
321
252
350
193
324
251
350
193
322
251
350
193
322
255
350
193
322
249
316
206
326
217
316
206
327
219
316
206
326
220
316
206
327
217
316
206
326
218
316
206
325
219
316
206
327
218
351
189
326
252
351
189
324
250
351
189
325
251
351
189
326
251
351
189
322
253
351
189
321
256
351
189
325
249
351
189
360
191
351
189
327
251
351
189
323
254
351
189
323
253
351
189
326
255
351
189
326
256
351
189
324
251
351
189
322
255
403
201
290
295
279
193
356
191
279
193
357
188
279
193
358
187
279
193
320
254
279
193
322
252
279
193
357
191
279
193
357
189
279
193
321
254
279
193
358
190
279
193
320
253
279
193
320
256
279
193
321
252
279
193
357
187
279
193
358
189
345
203
345
198
345
203
345
197
345
203
344
193
345
203
344
194
351
217
301
243
353
194
320
254
353
194
324
248
353
194
322
252
353
194
320
252
353
194
324
247
353
194
323
249
353
194
321
251
353
194
320
253
353
194
319
253
353
194
323
248
353
194
321
252
353
194
322
251
353
194
357
187
353
194
322
249
357
192
359
182
357
192
357
187
407
203
284
295
407
203
286
295
407
203
287
296
407
203
285
295
407
203
284
298
407
203
283
295
256
358
226
87
256
358
228
87
256
358
227
87
350
212
304
242
350
212
305
242
350
212
303
243
350
212
303
242
350
212
304
241
179
347
273
27
351
182
331
251
351
182
332
251
562
361
75
346
404
203
287
296
355
199
352
183
351
215
301
243
351
215
301
242
351
215
303
243
351
215
302
242
351
215
300
241
298
206
319
231
298
206
318
229
298
206
321
231
298
206
320
231
298
206
318
232
298
206
321
230
298
206
318
231
298
206
318
230
292
192
327
244
527
356
91
328
527
356
92
327
527
356
92
323
345
193
320
254
345
193
322
252
345
193
320
252
345
193
321
251
345
193
320
253
345
193
322
253
345
193
321
252
345
193
322
251
349
200
348
195
349
200
348
201
349
200
347
191
349
200
348
193
288
206
342
197
288
206
342
187
288
206
342
190
288
206
342
188
351
181
332
251
368
231
282
243
368
231
281
244
287
192
324
249
287
192
322
252
287
192
324
250
287
192
321
254
287
192
323
250
287
192
323
249
287
192
322
253
287
192
325
249
287
192
323
254
287
192
323
253
287
192
321
252
287
192
322
251
287
192
322
255
291
196
318
249
291
196
349
198
291
196
317
247
420
225
260
298
350
210
306
242
355
236
282
234
355
236
284
232
289
206
342
187
313
207
326
217
313
207
327
219
313
207
326
220
313
207
327
217
313
207
326
218
313
207
325
219
313
207
327
218
352
192
324
249
352
192
356
191
352
192
357
188
352
192
358
187
352
192
320
254
352
192
324
248
352
192
322
252
352
192
324
250
352
192
357
191
352
192
320
252
352
192
357
189
352
192
324
247
352
192
321
254
352
192
323
250
352
192
323
249
352
192
319
255
352
192
358
190
352
192
321
251
352
192
320
253
352
192
320
256
352
192
322
253
352
192
319
253
352
192
321
256
352
192
325
249
352
192
323
248
352
192
326
245
352
192
323
254
352
192
323
253
352
192
321
252
352
192
324
251
352
192
322
251
352
192
322
255
352
192
322
249
352
192
358
189
357
193
354
187
357
193
353
189
281
195
356
191
281
195
357
188
281
195
358
187
281
195
320
254
281
195
320
252
281
195
357
189
281
195
353
189
281
195
319
255
281
195
321
251
281
195
320
253
281
195
319
253
281
195
318
255
281
195
357
187
340
208
338
195
404
199
291
296
404
199
290
295
343
193
321
251
340
163
352
258
340
163
352
259
340
163
352
257
316
210
322
217
204
197
390
120
295
212
332
191
295
212
316
228
295
212
318
229
295
212
315
230
295
212
318
228
295
212
314
230
295
212
333
191
295
212
316
230
295
212
317
227
295
212
332
190
348
190
326
252
348
190
324
250
348
190
325
251
348
190
326
251
348
190
327
251
348
190
323
254
348
190
323
253
348
190
326
255
348
190
326
256
348
190
324
251
203
198
388
119
203
198
390
121
203
198
390
120
503
370
92
296
503
370
92
297
503
370
91
297
503
370
91
296
313
210
322
217
348
185
330
252
348
185
329
255
348
185
331
251
348
185
330
256
348
185
331
254
351
212
304
242
351
212
305
242
351
212
303
243
351
212
303
242
351
212
306
242
351
212
304
241
219
206
377
135
407
204
281
296
407
204
284
295
407
204
286
295
407
204
287
296
407
204
282
295
407
204
281
297
407
204
285
295
407
204
284
298
407
204
283
295
315
208
326
217
315
208
327
217
315
208
326
218
315
208
325
219
297
213
316
228
297
213
314
228
297
213
318
228
297
213
315
228
297
213
313
229
297
213
317
227
297
213
317
226
341
201
345
198
341
201
345
197
285
198
350
187
285
198
350
188
285
198
318
249
285
198
350
196
285
198
350
195
285
198
351
191
285
198
349
198
208
193
392
126
208
193
391
129
208
193
393
126
208
193
391
126
346
192
320
254
346
192
322
252
346
192
324
250
346
192
325
251
346
192
321
254
346
192
323
250
346
192
322
253
346
192
325
249
346
192
323
254
346
192
323
253
346
192
321
252
346
192
324
251
346
192
322
251
346
192
322
255
205
192
394
126
205
192
393
126
205
192
394
128
354
191
324
249
354
191
356
191
354
191
358
187
354
191
320
254
354
191
324
248
354
191
322
252
354
191
324
250
354
191
320
252
354
191
357
189
354
191
321
254
354
191
323
250
354
191
323
249
354
191
321
251
354
191
320
253
354
191
320
256
354
191
322
253
354
191
319
253
354
191
321
256
354
191
325
249
354
191
323
248
354
191
323
254
354
191
323
253
354
191
321
252
354
191
324
251
354
191
322
251
354
191
322
255
354
191
322
249
545
360
82
334
280
196
353
189
280
196
351
191
280
196
318
255
280
196
351
194
351
183
330
252
351
183
331
251
406
203
284
295
406
203
286
295
406
203
287
296
406
203
285
295
406
203
284
298
281
192
356
191
281
192
357
191
281
192
357
189
281
192
358
190
281
192
322
253
281
192
321
256
281
192
360
190
281
192
358
189
558
365
69
345
349
193
324
249
349
193
356
191
349
193
320
254
349
193
324
248
349
193
322
252
349
193
324
250
349
193
320
252
349
193
321
254
349
193
323
250
349
193
323
249
349
193
321
251
349
193
320
253
349
193
322
253
349
193
319
253
349
193
321
256
349
193
325
249
349
193
323
248
349
193
323
254
349
193
323
253
349
193
321
252
349
193
324
251
349
193
322
251
349
193
322
255
349
193
322
249
348
191
326
252
348
191
324
249
348
191
322
252
348
191
324
250
348
191
325
251
348
191
321
254
348
191
326
251
348
191
323
250
348
191
322
253
348
191
325
249
348
191
323
254
348
191
323
253
348
191
324
251
348
191
322
251
348
191
322
255
320
207
326
217
342
184
333
256
342
184
332
255
342
184
331
256
342
184
333
254
342
184
333
255
390
228
272
269
314
210
322
217
298
210
316
228
298
210
318
229
298
210
315
230
298
210
318
228
298
210
315
228
298
210
319
228
298
210
319
226
298
210
314
230
298
210
316
230
298
210
317
227
298
210
317
226
340
164
351
259
340
164
352
258
340
164
351
257
340
164
352
259
340
164
352
257
201
203
388
119
201
203
386
117
279
203
347
188
279
203
347
187
279
203
347
191
279
203
346
187
348
188
326
252
348
188
328
255
348
188
325
251
348
188
326
251
348
188
327
253
348
188
327
251
348
188
326
255
348
188
326
256
348
188
327
254
348
188
327
256
298
207
315
231
298
207
319
231
298
207
318
229
298
207
315
230
298
207
318
228
298
207
319
228
298
207
316
230
298
207
318
231
298
207
318
230
298
213
314
228
298
213
315
228
298
213
317
227
298
213
317
226
349
191
326
252
349
191
324
249
349
191
322
252
349
191
324
250
349
191
325
251
349
191
321
254
349
191
326
251
349
191
323
250
349
191
323
249
349
191
322
253
349
191
325
249
349
191
323
254
349
191
323
253
349
191
327
246
349
191
321
252
349
191
324
251
349
191
322
251
349
191
322
255
314
207
326
217
314
207
327
217
314
207
326
218
314
207
325
219
314
207
327
218
280
204
345
198
280
204
346
187
280
204
345
197
343
192
322
252
505
369
93
296
505
369
92
296
294
213
333
191
294
213
332
190
531
358
91
322
531
358
92
323
531
358
93
321
352
194
324
249
352
194
320
254
352
194
324
248
352
194
322
252
352
194
320
252
352
194
324
247
352
194
321
254
352
194
323
250
352
194
323
249
352
194
321
251
352
194
320
253
352
194
322
253
352
194
319
253
352
194
323
248
352
194
321
252
352
194
322
251
352
194
357
187
352
194
322
249
352
194
325
245
201
195
393
126
273
194
318
255
273
194
317
256
364
237
277
241
364
237
277
240
364
237
278
239
350
215
301
243
350
215
301
242
350
215
302
242
429
220
259
303
429
220
261
298
349
184
330
252
349
184
331
251
349
184
331
255
349
184
331
254
351
224
299
227
362
237
277
241
362
237
279
238
362
237
277
240
362
237
278
239
361
237
277
241
361
237
277
240
361
237
278
239
287
199
350
187
287
199
350
188
287
199
317
247
202
192
394
126
506
217
224
374
344
193
321
251
344
193
321
252
344
193
322
251
368
232
279
246
368
232
279
247
319
207
326
217
319
207
327
217
360
194
356
180
360
194
357
179
298
208
315
231
298
208
318
229
298
208
315
230
298
208
318
228
298
208
319
228
298
208
316
230
298
208
318
231
298
208
318
230
362
267
252
224
351
203
344
193
351
203
312
248
296
191
351
204
295
211
332
191
295
211
316
228
295
211
318
229
295
211
315
230
295
211
318
228
295
211
313
229
295
211
314
230
295
211
333
191
295
211
316
230
295
211
317
227
255
355
230
87
221
199
378
136
221
199
379
137
221
199
378
139
221
199
378
135
221
199
377
138
221
199
378
133
347
181
334
253
347
181
333
254
347
181
334
255
347
181
333
255
503
371
91
297
503
371
91
296
405
201
289
295
346
184
329
255
346
184
331
251
346
184
332
251
346
184
332
255
346
184
331
256
346
184
331
255
346
184
330
256
346
184
332
253
346
184
331
254
285
192
356
191
285
192
322
252
285
192
357
191
285
192
323
250
285
192
358
190
285
192
322
253
285
192
322
251
285
192
358
189
351
190
324
249
351
190
322
252
351
190
324
250
351
190
325
251
351
190
321
254
351
190
323
250
351
190
323
249
351
190
322
253
351
190
321
256
351
190
325
249
351
190
360
191
351
190
323
254
351
190
323
253
351
190
327
246
351
190
321
252
351
190
324
251
351
190
322
251
351
190
360
190
351
190
322
255
352
199
350
187
352
199
350
188
352
199
348
195
352
199
348
193
352
199
349
198
289
194
320
252
289
194
321
251
289
194
319
253
289
194
322
249
289
194
325
245
