base1.jpg
base2.jpg
366
259
309
258
366
259
310
260
366
259
315
258
366
259
305
259
366
259
316
258
373
259
315
258
373
259
316
258
102
369
103
376
102
369
103
375
102
369
104
376
102
369
102
376
102
369
102
375
345
258
301
257
345
258
304
258
345
258
295
257
345
258
303
258
345
258
304
257
396
258
350
258
396
258
348
258
396
258
350
259
396
258
351
258
387
257
337
256
360
258
301
257
360
258
309
258
360
258
313
257
360
258
308
257
360
258
304
258
360
258
303
258
360
258
314
257
471
262
419
261
400
261
369
260
400
261
351
262
400
261
366
260
400
261
353
262
400
261
352
262
371
260
310
260
371
260
312
261
375
262
317
261
340
260
292
258
340
260
293
258
340
260
303
259
340
260
301
259
390
258
327
256
390
258
350
258
390
258
348
258
390
258
351
260
390
258
338
257
390
258
346
257
390
258
342
257
300
253
252
252
374
263
319
262
374
263
314
263
392
260
353
261
392
260
347
260
394
260
353
261
394
260
347
260
394
260
356
261
516
268
449
265
516
268
456
266
326
258
305
259
430
265
380
265
430
265
378
265
430
265
378
264
376
263
319
262
376
263
314
263
364
261
314
261
364
261
312
261
364
261
307
261
517
257
462
256
343
258
301
257
343
258
304
258
343
258
303
258
343
258
304
257
510
266
455
265
510
266
453
264
510
266
451
264
415
256
366
257
415
256
369
257
415
256
366
256
388
260
331
258
388
260
339
260
388
260
338
259
348
257
300
256
348
257
301
257
348
257
308
257
348
257
304
257
344
259
293
258
344
259
303
259
344
259
303
258
344
259
297
258
344
259
293
257
344
259
305
259
401
259
351
260
401
259
363
259
401
259
362
259
508
267
449
265
389
262
337
262
389
262
333
262
389
262
337
261
389
262
336
262
442
257
387
257
442
257
389
257
442
257
384
257
386
212
337
212
317
256
301
257
317
256
304
258
317
256
303
258
317
256
304
257
403
260
353
261
403
260
368
259
403
260
373
258
403
260
382
259
403
260
366
260
403
260
353
262
403
260
383
259
403
260
356
261
169
228
135
230
169
228
134
229
169
228
132
230
387
212
337
212
397
256
351
256
412
264
359
265
412
264
362
265
412
264
372
263
412
264
383
262
412
264
369
264
168
228
132
230
184
228
135
226
518
264
460
262
522
266
463
266
336
259
303
259
336
259
303
258
336
259
297
258
336
259
293
257
336
259
305
259
507
265
450
263
507
265
453
264
507
265
451
264
387
260
331
258
387
260
338
259
353
257
300
256
353
257
304
257
411
262
359
265
411
262
357
264
411
262
362
265
411
262
359
264
411
262
378
261
411
262
365
263
411
262
377
261
338
257
300
256
338
257
313
257
338
257
308
257
338
257
304
257
393
263
347
264
393
263
359
264
359
256
291
254
578
277
530
276
374
260
310
260
407
260
369
260
407
260
353
261
407
260
368
259
407
260
379
259
407
260
382
259
407
260
366
260
407
260
353
262
407
260
383
259
407
260
356
261
104
370
108
376
104
370
103
376
104
370
104
376
478
260
422
258
418
258
369
260
418
258
368
259
418
258
369
258
418
258
373
258
418
258
366
260
418
258
375
258
407
259
369
258
407
259
373
258
407
259
357
260
407
259
363
259
407
259
356
261
407
259
375
258
407
259
362
259
381
261
329
261
303
253
256
252
402
262
354
263
402
262
352
263
402
262
359
265
402
262
357
264
402
262
353
265
402
262
359
264
402
262
364
262
402
262
378
261
402
262
365
263
402
262
356
265
402
262
377
261
358
256
297
254
103
369
103
376
103
369
104
376
103
369
102
376
337
259
303
259
337
259
303
258
337
259
293
257
337
259
305
259
401
260
353
261
401
260
368
259
401
260
347
260
401
260
373
258
401
260
356
261
137
184
98
186
417
263
374
263
417
263
369
265
417
263
372
263
417
263
369
264
417
263
368
263
402
260
353
261
402
260
368
259
402
260
356
261
169
227
136
230
169
227
135
230
169
227
134
229
169
227
136
229
169
227
132
230
524
257
467
256
524
257
466
257
165
226
132
230
368
261
317
261
368
261
314
261
368
261
310
260
368
261
312
261
395
260
353
261
395
260
347
260
395
260
356
261
516
260
455
259
350
256
291
254
479
265
429
264
479
265
425
265
104
369
103
376
104
369
103
375
104
369
104
376
439
266
364
269
439
266
386
267
400
262
352
263
400
262
357
264
400
262
359
264
400
262
364
262
400
262
349
263
400
262
356
265
403
261
354
263
403
261
369
260
403
261
351
262
403
261
368
259
403
261
382
259
403
261
366
260
403
261
353
262
403
261
364
262
403
261
352
262
403
261
353
263
403
261
383
259
402
256
351
256
390
259
331
258
390
259
351
260
390
259
343
258
390
259
353
261
390
259
347
260
517
263
459
261
517
263
460
262
422
261
374
263
422
261
372
263
422
261
378
261
422
261
377
261
422
261
376
262
314
256
285
256
314
256
295
257
314
256
293
257
401
261
369
260
401
261
351
262
401
261
366
260
401
261
353
262
401
261
352
262
441
257
387
257
441
257
389
257
441
257
384
257
391
256
351
257
391
256
352
256
391
256
351
256
391
256
353
256
391
256
352
257
523
257
466
256
523
257
466
257
401
258
348
258
401
258
350
259
404
262
359
265
404
262
357
264
404
262
359
264
404
262
364
262
404
262
378
261
404
262
365
263
404
262
353
263
404
262
356
265
404
262
377
261
404
257
352
257
388
259
331
258
388
259
337
258
388
259
338
259
521
269
463
269
521
269
460
269
521
269
468
267
471
259
417
258
184
226
137
225
184
226
136
225
519
261
462
260
519
261
459
261
524
256
466
256
524
256
467
256
424
264
380
265
424
264
378
265
424
264
374
263
424
264
369
265
424
264
378
264
424
264
374
266
424
264
369
264
346
259
304
258
346
259
295
257
346
259
303
258
346
259
297
258
346
259
293
257
346
259
305
259
517
264
460
262
169
226
142
230
169
226
134
229
169
226
136
229
169
226
145
230
169
226
143
230
358
259
309
258
358
259
304
258
358
259
303
259
358
259
303
258
358
259
305
259
389
258
338
257
316
256
301
257
316
256
295
257
316
256
303
258
519
263
448
261
519
263
459
261
519
263
460
262
426
259
379
259
357
260
303
259
357
260
310
260
357
260
305
259
357
260
301
259
350
261
297
260
350
261
294
259
350
261
303
261
350
261
307
261
355
256
296
254
519
262
459
261
519
262
460
262
419
258
369
260
419
258
368
259
419
258
369
258
419
258
373
258
419
258
379
259
419
258
366
260
419
258
375
258
348
259
309
258
348
259
304
258
348
259
295
257
348
259
303
259
348
259
303
258
348
259
297
258
348
259
293
257
348
259
305
259
348
259
301
259
386
259
331
258
386
259
338
259
421
265
380
265
421
265
378
265
421
265
369
267
421
265
369
265
421
265
378
264
421
265
371
267
421
265
374
266
421
265
369
264
370
259
310
260
370
259
315
258
432
265
380
265
432
265
378
265
404
259
351
260
404
259
363
259
404
259
362
259
415
260
369
260
415
260
368
259
415
260
379
259
415
260
366
260
415
260
364
262
415
259
369
260
415
259
368
259
415
259
373
258
415
259
379
259
415
259
366
260
415
259
375
258
424
267
376
268
424
267
364
269
424
267
369
267
424
267
371
267
424
267
374
266
424
267
373
267
476
262
425
261
391
260
331
258
391
260
343
260
391
260
347
260
391
260
338
259
403
258
348
258
420
261
372
263
420
261
378
261
420
261
377
261
420
261
376
262
584
278
531
276
584
278
530
276
584
278
532
276
350
259
309
258
350
259
304
258
350
259
295
257
350
259
303
259
350
259
303
258
350
259
297
258
350
259
293
257
350
259
305
259
364
260
303
259
364
260
310
260
364
260
305
259
408
256
355
257
355
260
303
259
355
260
310
260
355
260
305
259
355
260
301
259
343
259
303
258
343
259
297
258
343
259
293
257
343
259
305
259
390
260
331
258
390
260
343
260
390
260
347
260
390
260
338
259
363
260
303
259
363
260
310
260
363
260
305
259
164
225
135
230
513
264
455
262
366
257
313
257
366
257
308
257
366
257
304
257
366
257
314
257
321
256
301
257
321
256
304
258
321
256
303
258
321
256
304
257
306
252
258
251
388
261
339
260
388
261
344
262
388
261
336
261
428
264
378
264
507
263
450
262
96
368
103
375
96
368
102
375
383
259
331
258
374
256
291
254
389
259
331
258
389
259
353
261
389
259
338
259
368
259
309
258
368
259
310
260
368
259
315
258
368
259
305
259
368
259
316
258
393
260
353
261
393
260
347
260
393
260
356
261
431
266
380
265
431
266
378
265
324
257
304
258
324
257
303
258
357
258
301
257
357
258
309
258
357
258
313
257
357
258
308
257
357
258
304
258
357
258
303
258
357
258
304
257
357
258
314
257
351
258
300
256
351
258
301
257
351
258
309
258
351
258
308
257
351
258
304
258
351
258
303
258
351
258
304
257
519
259
461
258
519
258
466
257
352
257
300
256
352
257
304
257
372
260
310
260
514
265
453
263
520
258
466
257
392
259
348
258
392
259
351
260
392
259
343
258
392
259
347
260
392
259
350
259
414
259
369
260
414
259
368
259
414
259
373
258
414
259
366
260
414
259
375
258
518
268
463
266
402
263
359
265
402
263
357
264
402
263
353
265
402
263
362
265
402
263
359
264
402
263
365
263
402
263
383
262
402
263
356
265
412
260
369
260
412
260
379
259
412
260
366
260
167
227
132
230
402
259
351
260
402
259
363
259
402
259
362
259
519
256
462
256
312
256
295
257
312
256
293
257
414
257
366
257
414
257
369
258
414
257
369
257
414
257
363
259
414
257
384
257
414
257
362
259
304
253
256
252
