paris_invalides_000662_sm_1.jpg
paris_invalides_000663.jpg
260
217
259
189
264
207
262
179
262
220
262
191
261
218
259
189
261
218
262
190
265
219
263
190
265
219
262
191
265
219
262
190
261
219
262
191
263
220
262
191
264
217
259
189
264
217
263
190
264
217
262
190
266
217
263
190
273
205
271
178
282
207
279
179
285
236
284
212
297
201
293
173
297
201
294
174
295
204
292
176
295
204
294
179
294
197
290
169
292
202
289
174
292
203
291
178
295
203
292
176
295
203
293
176
295
203
291
175
293
197
289
169
290
205
290
180
299
205
297
178
299
205
299
180
299
205
297
179
298
206
298
181
298
206
296
180
299
206
297
179
295
202
289
172
295
202
291
173
295
202
293
176
295
202
291
174
295
202
292
174
291
198
285
168
294
199
291
172
296
203
293
176
296
203
291
174
296
203
297
179
290
204
286
176
292
204
289
176
292
204
291
178
292
198
287
169
292
198
288
170
296
204
292
176
296
204
293
176
296
204
291
175
299
204
297
178
299
204
299
178
299
204
299
179
299
204
298
178
296
200
289
169
296
200
290
170
296
200
292
171
296
200
293
173
296
200
294
174
300
205
297
178
300
205
299
180
300
205
299
179
300
205
298
178
300
205
301
181
296
198
290
169
294
206
293
180
300
220
298
195
300
207
298
181
300
211
298
186
309
216
306
190
309
216
307
190
302
211
299
184
304
210
302
184
304
210
301
184
307
213
304
186
307
211
305
185
306
212
302
184
306
212
304
186
301
209
298
182
301
209
301
184
306
209
304
183
306
209
305
184
301
208
298
181
300
214
298
189
305
208
304
183
310
216
307
189
308
225
305
200
308
218
306
193
303
222
300
196
303
222
300
197
310
223
307
196
310
223
306
195
310
223
307
197
309
218
308
194
304
224
300
197
305
225
300
197
306
226
300
197
310
221
306
194
310
221
306
195
307
217
306
193
309
222
306
195
309
222
307
197
307
218
306
194
309
219
306
193
309
219
308
195
304
225
300
197
310
220
306
193
310
220
308
195
310
220
308
194
309
221
307
196
309
221
306
194
309
221
306
195
310
226
305
200
306
231
301
202
308
228
305
204
310
230
305
204
310
228
305
200
306
230
301
202
311
216
307
189
311
220
308
194
311
220
309
195
315
219
313
194
313
224
310
200
312
225
307
196
312
225
309
200
312
225
307
197
312
225
308
200
314
225
310
200
314
225
311
201
311
222
308
195
311
218
310
194
311
219
309
194
311
224
307
196
311
224
306
195
311
224
309
200
311
224
307
197
311
224
307
199
311
224
308
200
312
218
310
193
311
226
308
202
311
226
308
201
311
226
308
203
311
226
307
199
315
228
310
203
322
242
322
223
