Test5000_rot.jpg
Test5001_rot.jpg
84
97
552
84
84
97
551
84
87
96
550
84
87
96
549
82
87
96
552
84
87
96
551
84
87
96
549
83
87
95
550
84
87
95
549
82
87
95
548
83
87
95
549
85
87
95
548
84
87
95
548
81
87
95
551
84
87
95
549
83
90
96
550
84
90
96
549
82
90
96
548
83
90
96
549
85
90
96
548
84
90
96
548
81
90
96
549
83
85
97
550
84
85
97
552
84
85
97
551
84
88
97
550
84
88
97
549
82
88
97
552
84
88
97
551
84
88
97
549
83
88
94
549
85
88
94
548
81
86
95
550
84
86
95
549
82
86
95
548
83
86
95
549
85
86
95
548
84
86
95
547
81
86
95
548
81
86
95
551
84
86
95
549
83
85
96
550
84
85
96
548
81
85
96
552
84
85
96
551
84
85
96
549
83
88
96
550
84
88
96
549
82
88
96
549
85
88
96
551
84
88
96
549
83
89
96
550
84
89
96
549
82
89
96
548
83
89
96
549
85
89
96
548
84
89
96
548
81
89
96
551
84
89
96
549
83
86
97
550
84
86
97
552
84
86
97
551
84
87
94
549
85
87
94
548
84
87
94
548
81
87
94
549
83
116
149
473
85
182
312
314
39
178
319
306
44
180
316
306
44
176
315
306
44
174
316
306
44
180
317
306
44
179
317
306
44
180
318
306
44
183
318
306
44
183
318
305
45
198
223
376
113
198
223
376
112
261
100
450
229
261
100
451
229
305
117
417
256
304
119
417
256
302
119
417
256
305
118
417
254
305
118
417
256
301
119
417
256
358
91
414
313
356
89
412
312
357
91
414
313
357
91
412
312
403
85
390
362
402
98
380
366
402
100
380
366
402
100
380
367
402
233
273
277
402
233
273
276
398
233
273
276
401
233
273
277
401
233
273
276
400
233
273
277
400
233
273
276
405
84
390
362
410
83
393
366
410
83
393
365
406
84
390
362
406
85
390
362
410
85
393
366
416
98
378
367
414
336
172
248
414
336
170
247
412
341
170
247
410
351
162
236
411
359
157
231
445
334
152
273
445
334
150
273
445
334
151
273
445
334
153
273
490
183
269
390
492
183
269
390
491
183
269
390
518
193
247
404
518
193
247
402
514
198
249
404
513
195
247
404
513
195
250
403
513
195
249
404
513
195
251
401
513
195
248
406
513
195
247
407
519
193
247
404
519
193
247
402
517
197
247
404
517
197
247
402
517
197
250
403
517
197
249
401
517
197
249
404
517
197
248
406
517
197
247
407
520
195
248
406
513
196
247
404
513
196
250
403
513
196
249
404
513
196
251
401
513
196
248
406
513
196
247
407
520
193
247
404
516
196
247
404
516
196
250
403
516
196
249
401
516
196
249
404
516
196
248
406
516
196
247
407
516
192
247
404
518
195
247
404
518
195
250
403
518
195
249
401
518
195
249
404
518
195
248
406
518
195
247
407
