Test47_rot.jpg
Test49_rot.jpg
331
357
198
89
331
357
198
90
331
357
199
90
483
358
88
197
483
358
89
198
484
356
89
200
312
338
225
87
330
354
199
90
327
352
205
89
327
352
204
88
485
354
90
201
326
349
205
89
325
322
228
106
325
332
212
99
321
324
228
99
333
358
197
91
319
326
228
99
311
342
220
86
311
342
221
84
311
342
220
85
484
349
96
207
484
349
95
204
484
345
97
206
324
336
215
98
324
336
212
97
324
336
211
95
324
336
211
98
324
336
219
99
324
336
211
99
324
336
217
98
324
336
216
96
324
336
211
96
324
336
218
100
324
336
212
99
330
357
198
89
330
357
198
90
330
357
199
90
328
332
212
99
325
344
220
89
325
344
221
88
325
356
205
89
325
356
207
91
328
352
203
90
323
337
212
97
323
337
211
95
323
337
216
96
323
337
211
96
338
349
196
98
439
257
194
240
326
352
205
89
324
337
215
98
324
337
210
94
324
337
212
97
324
337
211
95
324
337
210
93
324
337
211
98
324
337
210
95
324
337
216
96
324
337
211
96
324
337
212
99
333
354
197
92
333
354
195
93
328
356
200
86
328
356
200
87
328
356
200
88
326
353
205
89
325
349
205
89
438
256
195
238
482
364
87
194
483
345
98
205
312
343
220
86
312
343
221
84
312
343
220
85
327
356
200
86
336
350
195
93
290
360
220
58
325
345
220
89
325
345
219
90
327
357
200
86
327
357
200
87
327
331
211
99
207
231
377
93
207
231
377
95
332
357
198
90
332
357
199
90
328
357
200
86
328
357
200
87
328
357
200
88
319
338
220
92
319
338
219
92
290
361
220
58
323
333
211
99
323
333
218
100
323
333
212
99
291
361
220
58
318
325
230
98
321
338
212
97
321
338
211
95
321
338
210
95
321
338
216
96
321
338
211
96
323
332
212
99
335
349
200
98
482
348
98
205
207
233
377
93
333
357
197
91
328
358
200
86
328
358
200
87
328
358
200
88
