Test766.jpg
Test768.jpg
233
97
196
75
368
98
520
109
374
94
494
88
374
92
494
88
374
92
493
89
374
92
491
91
374
92
491
90
368
95
489
90
368
96
520
109
370
94
488
93
370
94
489
90
370
94
489
92
372
92
488
93
372
92
494
88
372
92
493
89
372
92
489
90
372
92
489
91
372
92
491
91
372
92
489
92
372
92
491
90
403
110
427
45
403
110
426
44
403
110
425
43
403
110
426
45
404
116
521
109
403
121
526
115
403
121
523
114
404
127
523
119
404
127
521
118
404
127
523
120
403
127
523
119
403
127
521
118
403
127
522
120
403
127
523
120
410
134
523
126
403
131
521
123
403
131
520
124
403
131
521
124
404
132
521
123
404
132
520
124
404
132
521
124
413
129
530
121
413
129
533
124
413
129
532
124
413
129
530
122
407
133
523
126
415
133
530
125
413
134
524
125
413
134
526
126
416
131
530
121
416
131
533
124
416
131
530
122
416
132
533
124
416
132
529
122
417
133
534
126
417
133
534
125
454
113
581
105
455
113
582
105
455
113
581
105
454
117
581
109
454
117
580
110
454
117
579
109
454
116
579
109
454
116
580
107
454
116
581
107
454
116
583
107
452
123
579
116
455
115
581
107
455
115
583
107
454
114
582
105
454
114
581
105
450
119
576
111
450
119
578
109
450
119
574
111
450
119
575
111
450
120
576
111
450
120
575
111
452
117
579
109
453
117
579
109
452
114
581
105
452
118
578
109
452
118
579
109
455
114
582
105
455
114
581
105
453
123
581
115
454
118
581
109
454
118
580
110
454
118
582
109
453
116
579
109
453
116
580
107
453
116
581
107
451
120
576
114
454
115
582
105
454
115
581
107
454
115
581
105
448
132
572
126
449
132
572
126
465
115
590
109
458
117
581
109
458
117
582
109
457
121
585
113
467
119
593
112
456
117
581
109
456
117
580
110
456
117
579
109
456
117
582
109
458
116
585
108
458
116
586
108
457
115
581
107
457
115
583
107
459
121
585
114
463
114
586
108
466
121
593
114
461
115
586
108
458
114
584
106
467
115
590
109
460
115
586
108
