Test400.jpg
Test410.jpg
6
124
5
122
5
124
5
122
39
178
32
171
38
175
33
168
61
137
54
132
60
138
54
132
60
137
54
132
58
140
53
136
59
141
54
136
59
141
53
136
65
149
57
144
58
141
53
136
62
143
54
138
52
156
41
151
56
176
48
170
58
177
49
172
60
178
51
172
64
171
54
167
55
175
46
170
61
177
51
172
61
177
52
172
62
177
51
172
62
177
52
172
59
175
50
169
57
224
48
219
57
224
51
219
57
224
47
219
57
224
44
220
58
225
51
220
58
225
46
221
58
225
51
221
55
225
48
219
55
225
46
221
55
225
44
221
55
225
47
219
55
225
44
220
55
225
43
221
59
223
48
219
59
223
51
219
59
223
51
217
59
223
47
219
61
226
51
220
61
226
51
221
61
226
51
222
56
222
45
217
56
222
46
217
56
222
48
217
62
228
52
223
62
228
53
223
52
226
46
221
52
226
44
221
52
226
44
220
52
226
41
221
52
226
43
221
55
226
46
221
55
226
44
221
55
226
43
221
53
225
48
219
53
225
44
221
53
225
47
219
53
225
44
220
53
225
41
221
53
225
43
221
58
226
46
221
58
226
51
221
58
226
51
222
55
227
46
221
55
227
44
223
58
227
51
222
58
227
48
223
60
228
49
224
60
228
50
224
60
228
51
222
60
228
52
223
52
229
42
224
52
229
44
223
52
229
39
224
52
229
46
224
57
229
49
224
57
229
50
224
57
229
48
223
57
229
46
224
53
226
46
221
53
226
44
221
53
226
44
220
53
226
41
221
53
226
43
221
56
224
48
219
56
224
51
219
56
224
47
219
56
224
44
220
69
120
62
116
75
122
67
118
75
122
68
118
75
122
67
117
69
122
62
117
69
122
61
118
73
122
65
118
73
122
67
118
78
123
70
118
78
123
69
118
67
122
62
117
67
122
60
117
67
122
61
117
67
122
61
118
73
121
65
116
71
122
65
118
71
122
64
117
76
122
68
117
76
122
67
118
76
122
68
118
76
122
69
118
76
122
67
117
77
122
68
117
77
122
69
118
67
121
59
117
67
121
60
117
67
121
61
117
67
121
62
116
67
121
60
116
71
121
64
117
66
120
58
116
66
120
59
116
66
120
60
116
68
120
62
116
70
122
65
118
72
122
65
118
70
120
63
115
74
122
67
118
74
122
68
118
71
120
64
115
71
120
65
116
71
120
62
116
75
120
67
116
75
120
69
116
66
123
58
119
66
123
61
118
66
123
59
119
68
123
63
119
68
123
61
118
69
123
63
119
69
121
62
117
72
121
65
116
72
121
64
117
72
149
64
144
67
149
57
144
75
148
64
144
78
162
69
157
74
164
65
160
76
164
67
159
77
165
67
161
74
168
65
163
73
172
64
167
66
177
56
173
67
170
57
165
72
172
64
166
72
172
63
168
75
166
67
161
75
166
65
162
76
167
67
162
72
176
64
172
76
166
67
161
76
166
67
162
73
226
63
221
73
224
63
221
79
124
71
119
79
138
70
133
84
139
76
134
82
150
74
145
80
145
70
139
80
145
71
141
82
145
74
140
82
145
74
141
82
145
75
140
83
145
74
140
83
145
74
141
83
145
75
140
79
146
71
141
79
146
72
141
82
146
74
140
82
146
74
141
86
162
75
158
86
162
77
158
82
162
72
157
81
162
72
157
83
162
74
157
83
162
75
158
88
162
77
158
88
163
77
158
79
164
70
159
85
165
76
161
88
165
78
161
85
206
77
203
85
206
78
202
85
206
78
203
85
205
77
203
85
205
78
202
85
205
78
203
88
207
77
203
88
207
78
202
88
207
78
203
88
207
80
202
88
207
79
203
88
207
80
203
91
207
80
202
91
207
83
204
91
207
81
202
91
207
81
203
91
207
82
203
91
207
82
202
91
207
80
203
89
208
77
203
89
208
78
202
89
208
78
203
89
208
80
202
89
208
81
203
89
208
79
203
89
208
80
203
86
206
77
203
86
206
78
202
86
206
78
203
86
206
79
203
89
207
77
203
89
207
78
202
89
207
78
203
89
207
80
202
89
207
81
202
89
207
81
203
89
207
79
203
89
207
80
203
90
207
80
202
90
207
83
204
90
207
81
202
90
207
81
203
90
207
82
203
90
207
82
202
90
207
79
203
90
207
80
203
88
208
77
203
88
208
78
202
88
208
78
203
88
208
79
203
88
208
80
203
91
208
80
202
91
208
83
204
91
208
81
202
91
208
81
203
91
208
82
203
91
208
82
202
91
208
80
203
91
208
84
206
95
210
86
205
95
210
87
206
99
213
91
209
99
213
91
208
99
213
95
210
99
213
92
209
97
210
86
205
97
210
89
207
97
210
87
206
97
210
88
205
97
210
89
206
97
210
91
208
101
215
92
211
101
215
93
211
101
215
94
211
101
215
96
211
93
208
85
203
93
208
83
204
93
208
84
203
93
208
84
202
93
208
82
203
93
208
82
202
93
208
84
206
93
208
86
205
98
211
89
207
98
211
87
206
98
211
91
209
98
211
89
206
98
211
91
208
98
211
92
209
103
217
95
213
96
208
85
203
96
208
88
204
96
208
86
205
96
208
87
206
96
208
88
205
96
208
89
206
104
214
91
209
104
214
95
210
104
214
96
210
104
214
97
210
104
214
93
211
104
214
94
211
104
214
92
209
103
215
92
211
103
215
95
210
103
215
96
210
103
215
97
210
103
215
93
211
103
215
94
211
92
207
83
204
92
207
81
202
92
207
81
203
92
207
84
203
92
207
84
202
92
207
82
203
92
207
82
202
95
208
85
203
95
208
84
203
95
208
84
202
95
208
86
205
95
208
87
206
95
208
88
205
94
208
85
203
94
208
83
204
94
208
84
203
94
208
84
202
94
208
84
206
94
208
86
205
99
212
89
207
99
212
91
209
99
212
91
208
99
212
92
209
110
200
100
196
110
200
100
197
110
200
102
197
110
200
101
197
110
201
100
196
110
201
100
197
110
201
102
197
110
201
101
197
115
200
108
196
113
201
102
197
113
201
101
197
116
200
108
196
117
200
108
196
117
200
111
197
107
201
100
197
107
201
97
196
107
201
96
196
107
201
101
197
114
201
102
197
112
207
100
202
112
207
100
203
112
207
102
203
112
207
100
204
112
207
103
204
106
209
97
204
106
209
100
205
106
209
98
205
106
209
101
206
106
209
100
206
106
209
101
205
106
209
99
205
106
211
97
208
106
211
98
208
106
211
100
208
106
211
99
208
112
208
100
203
112
208
100
204
112
208
100
205
112
208
101
205
106
210
100
205
106
210
100
207
106
210
98
205
106
210
101
206
106
210
100
206
106
210
99
207
106
210
99
205
108
210
97
204
108
210
100
205
108
210
98
205
108
210
101
206
108
210
100
206
108
210
99
207
108
210
101
205
108
210
99
205
111
206
100
202
111
206
100
203
111
206
102
203
111
206
103
202
106
207
100
202
106
207
100
203
106
207
97
202
106
207
100
204
106
207
98
202
106
207
97
204
106
207
99
204
106
207
100
205
106
207
98
205
106
207
101
205
106
207
99
205
110
213
97
208
107
205
97
202
107
205
98
202
108
207
100
202
108
207
100
203
108
207
97
202
108
207
100
204
108
207
98
202
108
207
97
204
108
207
99
204
108
207
101
205
113
214
99
209
114
205
103
202
110
215
96
210
110
215
97
210
106
208
97
202
106
208
98
202
106
208
97
204
106
208
100
205
106
208
98
205
106
208
101
206
106
208
100
206
106
208
101
205
106
208
99
205
107
213
97
208
107
213
95
210
107
213
96
210
107
213
97
210
108
213
97
208
108
213
95
210
108
213
96
210
108
213
97
210
109
213
97
208
109
213
97
210
107
206
100
202
107
206
100
203
107
206
97
202
107
206
100
204
107
206
98
202
107
206
99
204
112
213
98
208
112
213
100
208
112
213
98
209
112
213
99
208
112
213
99
209
113
213
100
208
113
213
99
208
113
213
99
209
109
209
100
203
109
209
97
202
109
209
100
204
109
209
97
204
109
209
99
204
109
209
100
205
109
209
98
205
109
209
101
206
109
209
100
206
109
209
101
205
109
209
99
205
105
214
95
210
105
214
96
210
105
214
97
210
105
214
94
211
106
214
95
210
106
214
96
210
106
214
97
210
106
214
94
211
105
215
95
210
105
215
96
210
105
215
97
210
105
215
93
211
105
215
94
211
108
211
97
208
108
211
98
208
108
211
100
208
108
211
99
207
108
211
99
208
108
215
95
210
108
215
96
210
108
215
97
210
108
215
94
211
108
208
100
202
108
208
100
203
108
208
97
202
108
208
100
204
108
208
98
202
108
208
97
204
108
208
99
204
108
208
100
205
108
208
98
205
108
208
101
206
108
208
100
206
108
208
101
205
108
208
99
205
119
201
108
196
119
201
111
197
119
201
110
199
118
213
104
208
128
207
120
203
154
184
149
182
152
186
145
182
154
190
144
186
150
188
145
182
150
188
146
184
150
188
143
185
156
188
149
182
156
188
146
184
154
204
143
199
166
190
157
185
159
188
149
182
169
181
161
178
169
181
158
178
162
186
152
180
162
186
153
180
162
189
154
185
162
189
154
186
165
189
154
185
165
189
154
186
165
189
158
184
165
189
157
185
174
188
163
184
171
183
163
179
171
183
161
178
171
183
162
179
171
183
164
178
171
189
162
184
171
189
163
184
173
189
165
185
173
189
165
186
170
187
159
182
170
187
162
184
171
187
159
182
171
187
162
184
171
187
163
184
170
183
163
179
170
183
161
178
170
183
162
179
170
183
164
178
170
183
158
178
173
188
162
184
173
188
165
185
173
188
163
184
171
181
161
178
175
184
173
179
171
182
163
179
171
182
161
178
171
182
162
179
171
182
164
178
171
182
158
178
174
190
166
186
174
190
165
185
174
190
165
186
180
226
169
222
182
226
169
222
182
226
172
223
173
229
163
226
173
229
164
226
175
223
168
220
175
223
163
220
178
223
168
220
178
223
163
220
180
224
168
220
170
225
159
222
170
226
160
223
176
221
164
218
176
221
165
218
170
223
160
220
170
223
163
220
182
227
174
224
175
229
163
226
175
229
164
226
186
187
182
183
187
187
182
183
189
190
185
186
189
190
185
188
189
190
186
188
186
191
185
188
190
188
186
185
189
182
182
179
189
182
181
178
192
191
185
188
192
191
186
188
192
191
189
189
188
186
182
183
188
186
183
182
189
186
182
183
189
186
183
182
188
181
181
178
195
184
193
181
195
184
192
180
194
188
190
184
194
188
187
184
194
188
186
185
185
186
182
183
185
186
183
182
195
189
186
185
186
186
182
183
186
186
183
182
190
182
182
179
190
182
181
178
206
181
201
178
200
188
190
184
207
186
197
181
196
190
185
186
205
191
199
188
199
186
188
182
197
191
195
189
197
191
195
188
203
220
194
218
203
220
197
217
206
219
197
217
206
221
197
219
206
221
199
219
206
221
197
217
206
222
197
219
206
222
199
219
207
225
197
223
208
220
203
217
202
225
197
223
219
144
212
142
212
150
208
147
220
144
212
142
219
142
210
139
218
148
208
145
215
220
206
219
215
220
208
218
215
220
207
218
215
220
210
218
215
220
211
218
215
220
212
218
215
220
209
218
217
221
210
218
217
221
211
218
217
221
212
218
217
221
209
218
211
220
203
217
211
220
207
218
214
220
206
219
214
220
208
218
214
220
207
218
214
220
210
218
214
220
209
218
228
191
224
188
228
191
228
187
228
191
222
188
221
184
208
181
229
187
225
183
229
187
227
184
231
182
227
178
231
182
228
178
231
182
228
179
231
182
229
179
223
184
224
179
232
188
227
184
228
190
228
187
228
190
222
188
234
181
224
180
234
181
227
178
234
181
228
178
234
181
228
179
234
181
229
179
231
186
225
183
231
186
227
184
228
189
227
184
241
221
229
218
241
221
230
218
241
221
232
218
241
221
233
218
241
219
234
217
241
219
231
217
241
219
232
217
241
219
235
217
241
219
236
217
245
220
234
217
245
220
234
218
245
220
235
217
245
220
237
218
245
220
236
217
245
220
239
217
245
220
236
218
245
220
238
217
245
220
239
218
243
221
232
218
243
221
233
218
243
221
234
218
243
221
237
218
243
221
236
218
246
219
242
217
246
219
235
217
246
219
236
217
246
219
239
217
246
219
240
217
246
219
238
217
235
220
229
217
235
220
228
217
235
220
227
217
235
220
229
218
235
220
230
218
239
221
229
218
239
221
230
218
239
221
232
218
247
221
233
218
247
221
234
218
247
221
237
218
247
221
242
218
247
221
236
218
247
221
239
218
244
219
234
217
244
219
235
217
244
219
236
217
244
219
239
217
244
219
240
217
244
219
238
217
242
220
234
217
242
220
231
217
242
220
232
217
242
220
232
218
242
220
233
218
242
220
234
218
242
220
235
217
242
220
237
218
242
220
236
217
242
220
236
218
242
220
239
218
238
221
229
218
238
221
230
218
237
219
229
217
237
219
231
217
237
219
232
217
237
219
228
217
239
219
234
217
239
219
229
217
239
219
231
217
239
219
232
217
239
219
228
217
239
219
235
217
245
221
232
218
245
221
233
218
245
221
234
218
245
221
237
218
245
221
236
218
245
221
239
218
242
219
234
217
242
219
231
217
242
219
232
217
242
219
235
217
242
219
236
217
242
219
238
217
245
219
234
217
245
219
242
217
245
219
235
217
245
219
236
217
245
219
239
217
245
219
240
217
245
219
238
217
246
221
233
218
246
221
234
218
246
221
237
218
246
221
242
218
246
221
236
218
246
221
239
218
238
220
229
217
238
220
231
217
238
220
228
217
238
220
229
218
238
220
230
218
238
220
232
218
238
220
233
218
238
220
234
218
243
220
234
217
243
220
231
217
243
220
232
217
243
220
232
218
243
220
233
218
243
220
234
218
243
220
235
217
243
220
237
218
243
220
236
217
243
220
236
218
243
220
239
218
237
221
229
218
237
221
230
218
240
221
229
217
240
221
229
218
240
221
230
218
240
221
232
218
235
219
227
217
255
139
246
136
255
139
247
136
255
139
251
134
255
139
248
135
255
138
245
135
251
139
245
135
251
139
243
136
252
138
245
135
254
138
245
135
250
139
243
136
251
173
247
170
260
173
253
170
258
174
253
171
255
219
247
217
255
219
246
217
255
219
244
218
255
219
244
217
254
220
247
217
254
220
246
217
254
220
242
218
254
220
244
218
254
220
244
217
254
220
250
218
255
220
247
217
255
220
246
217
255
220
244
218
255
220
250
218
248
221
237
218
248
221
242
218
248
221
244
218
248
221
239
218
250
220
247
217
250
220
246
217
250
220
242
217
250
220
242
218
250
220
244
218
250
220
240
217
250
220
239
218
250
220
244
217
252
220
247
217
252
220
246
217
252
220
242
217
252
220
242
218
252
220
244
218
252
220
244
217
251
220
247
217
251
220
246
217
251
220
242
217
251
220
242
218
251
220
244
218
251
220
244
217
258
219
247
217
258
219
246
217
258
220
250
218
253
219
247
217
253
219
246
217
253
219
242
217
253
219
240
217
253
219
244
217
255
221
250
218
257
221
250
218
256
219
242
218
256
219
244
217
256
219
252
217
265
138
262
134
266
139
263
134
266
139
262
134
266
139
264
134
262
138
255
133
267
139
263
134
267
139
262
134
267
139
264
134
265
142
260
137
265
142
263
137
271
148
273
143
273
149
273
145
263
143
260
139
270
144
268
138
270
144
267
138
270
144
265
139
273
141
267
137
273
141
269
137
273
141
274
138
271
142
267
137
271
142
268
138
271
142
264
138
271
142
267
138
264
143
260
137
264
143
260
139
269
141
267
137
269
141
263
137
267
142
260
137
267
142
267
137
267
142
263
137
267
142
268
138
267
142
264
138
267
142
267
138
272
148
273
143
262
142
260
137
270
176
263
173
270
176
264
173
265
177
259
173
265
177
258
174
264
177
258
174
264
177
257
174
267
175
261
172
268
175
261
172
272
176
265
173
272
176
266
173
272
176
267
173
273
176
266
173
273
176
267
173
264
178
258
174
264
178
258
175
264
178
257
174
262
220
252
217
276
176
269
173
276
176
271
173
276
176
270
173
280
177
272
173
280
177
273
174
277
177
269
173
277
177
271
173
277
177
270
174
277
177
272
173
277
177
271
174
277
177
270
173
278
177
271
173
278
177
270
174
278
177
272
173
278
177
271
174
278
177
273
174
281
177
272
173
281
177
273
174
275
176
269
173
275
176
267
173
275
176
270
173
277
176
269
173
277
176
271
173
277
176
272
173
277
176
270
173
279
177
271
173
279
177
272
173
279
177
271
174
279
177
273
174
274
182
267
178
273
180
267
177
274
181
267
178
288
151
282
150
288
151
280
150
286
152
282
150
286
152
280
150
295
153
291
149
296
219
284
217
299
169
293
168
299
169
292
167
299
169
295
167
300
177
293
173
300
177
294
176
300
177
292
175
300
177
293
174
301
170
296
167
301
170
293
168
301
170
296
169
301
170
295
167
305
166
301
164
305
166
301
165
304
178
298
176
304
170
298
167
304
170
296
167
304
170
298
168
307
167
301
164
307
167
301
165
308
167
301
164
308
167
301
165
307
172
298
168
307
174
299
170
307
174
297
170
300
171
292
168
300
171
293
168
300
171
292
167
300
171
296
169
302
171
299
170
302
171
297
170
302
171
296
169
300
176
293
173
300
176
296
174
300
176
293
174
302
176
294
172
302
176
293
173
302
176
296
174
304
176
296
174
303
172
299
170
303
172
297
170
303
172
296
169
306
172
299
170
306
172
298
168
309
169
301
165
301
178
294
176
301
178
292
175
301
178
293
174
300
219
290
217
325
180
312
179
325
180
314
179
338
191
332
190
338
191
334
190
338
191
333
190
338
191
329
189
332
191
323
189
332
191
321
189
332
191
324
189
337
189
328
187
337
189
333
187
337
189
332
187
337
189
329
189
331
190
325
188
331
190
324
188
331
190
323
189
331
190
321
189
331
190
324
189
336
183
328
182
336
183
330
181
326
183
319
181
326
183
318
181
326
183
316
181
326
183
315
182
332
190
325
188
332
190
324
188
332
190
323
189
332
190
324
189
338
186
329
185
328
188
323
186
328
188
319
186
328
188
324
187
328
188
316
187
328
188
317
187
335
183
329
181
335
183
328
182
335
183
330
181
328
191
323
189
328
191
321
189
328
191
319
189
328
191
324
189
326
181
312
180
326
181
318
180
326
181
319
180
326
181
320
179
326
181
313
180
328
184
319
183
327
181
312
180
327
181
318
180
327
181
319
180
327
181
317
179
325
190
318
188
325
190
319
189
325
190
316
187
325
190
317
188
325
183
319
181
325
183
315
181
325
183
318
181
325
183
316
181
325
183
314
182
325
183
315
182
325
185
319
183
325
185
313
184
333
191
323
189
333
191
324
189
333
191
328
190
338
187
330
186
338
187
332
186
348
181
338
179
349
181
338
179
348
185
337
182
348
185
338
183
348
180
338
179
344
183
337
182
341
184
336
182
341
184
337
182
347
180
338
179
347
180
336
179
339
188
333
187
344
182
338
179
344
182
337
182
347
186
338
183
340
190
333
188
340
190
333
190
340
184
336
182
340
184
337
182
339
190
333
188
340
191
333
188
340
191
332
190
340
191
335
190
340
191
334
190
340
191
333
190
340
191
331
190
341
182
337
180
341
182
335
181
341
182
333
180
342
182
337
180
342
182
335
181
345
186
336
184
345
186
338
183
345
179
338
179
348
186
338
183
343
183
335
181
343
183
337
182
340
181
333
180
346
183
337
180
346
183
336
182
346
183
337
182
346
183
338
183
341
190
333
187
341
190
333
188
341
190
334
190
343
181
334
178
343
181
338
179
343
181
337
180
343
181
336
179
339
191
331
191
339
191
332
190
339
191
334
190
339
191
333
190
339
191
331
190
343
184
336
184
343
184
337
182
343
184
338
183
344
184
336
182
344
184
336
184
344
184
337
182
344
184
338
183
339
187
330
186
339
186
332
186
349
185
338
183
341
205
334
203
341
205
335
203
345
205
338
204
341
204
334
203
341
204
335
202
343
204
336
203
343
204
335
202
343
204
336
202
343
204
335
203
342
205
334
203
342
205
336
203
342
205
335
203
352
157
344
156
352
160
345
159
355
160
349
160
359
191
351
191
359
192
351
191
359
192
352
192
364
193
357
192
364
193
357
191
364
193
356
191
364
193
357
193
360
193
353
193
360
193
352
192
361
194
353
193
364
198
358
198
364
198
358
197
364
198
357
197
358
192
350
191
358
192
351
191
358
192
352
192
362
193
354
191
362
193
355
191
362
193
355
192
360
194
353
193
360
194
352
192
360
195
353
193
355
193
349
193
355
193
348
191
358
193
350
191
358
193
351
191
358
193
352
192
359
193
351
191
359
193
352
192
352
192
344
191
361
193
354
191
361
193
355
192
363
193
355
191
363
193
357
192
363
193
357
191
363
193
356
191
363
193
357
193
363
193
355
192
361
192
354
191
361
192
355
191
361
192
355
192
356
192
350
191
356
192
349
191
356
192
348
191
362
192
354
191
362
192
355
191
362
192
356
191
362
192
355
192
363
192
355
191
363
192
357
191
363
192
356
191
363
192
355
192
362
194
355
192
357
192
350
191
357
192
351
191
357
192
349
191
364
199
358
198
364
199
358
197
364
199
357
197
389
166
384
166
389
166
382
167
380
176
376
174
383
170
377
169
390
168
384
167
390
168
384
168
389
177
383
176
386
165
380
165
380
175
376
174
389
167
382
167
389
167
384
167
381
176
376
174
387
176
383
176
390
169
384
168
388
177
383
176
390
166
384
166
390
166
384
167
388
187
383
186
388
187
381
187
388
187
381
188
387
187
381
187
387
187
380
186
390
187
383
186
390
187
386
185
390
187
385
186
390
187
384
186
390
187
383
188
390
187
386
186
390
187
383
187
385
188
378
186
385
191
379
190
386
191
379
190
388
188
383
186
388
188
381
187
388
188
381
188
388
188
383
187
390
188
385
186
390
188
383
188
390
188
386
186
390
188
383
187
384
187
378
186
386
187
380
186
389
196
382
196
389
196
383
196
384
196
378
196
384
196
377
196
383
194
377
194
385
197
378
196
387
197
380
196
387
197
381
196
387
195
380
195
387
195
380
194
390
192
384
192
386
196
380
195
386
196
379
195
386
196
380
194
386
196
380
196
385
200
379
200
384
197
378
196
384
197
377
196
386
197
380
195
386
197
380
196
389
197
382
196
389
197
382
197
389
197
383
196
389
197
384
197
388
198
382
197
389
198
382
197
389
198
384
197
390
198
384
197
390
198
385
197
378
204
371
204
389
193
384
192
388
200
381
199
391
169
384
168
397
170
390
170
395
178
388
178
395
178
388
177
413
175
410
173
408
178
403
178
408
177
403
178
409
172
404
171
406
172
404
171
414
178
407
178
418
155
419
154
420
158
417
158
419
156
419
155
419
156
418
155
418
158
415
157
417
154
418
153
417
178
411
177
417
178
412
177
420
171
417
169
419
175
412
174
424
171
420
168
424
171
420
169
420
177
415
176
420
177
414
177
420
169
416
168
418
171
412
170
419
176
412
177
425
171
420
169
418
177
411
177
418
177
412
177
419
178
415
176
419
178
414
177
423
170
417
169
434
147
443
148
431
148
443
148
429
150
443
150
430
150
443
150
438
177
433
178
434
204
430
203
453
205
445
205
461
171
458
172
459
169
455
170
458
167
455
168
457
167
455
168
461
170
457
171
472
175
466
176
473
176
466
178
473
175
466
176
487
139
501
139
487
139
503
140
492
143
500
143
492
143
501
143
492
143
502
143
494
145
505
145
494
145
504
145
490
144
502
144
490
144
503
144
494
143
507
144
494
143
505
144
493
144
502
144
493
144
503
144
494
144
507
144
494
144
505
144
494
144
503
144
485
144
499
144
491
143
500
143
491
143
501
143
491
143
502
143
494
161
491
162
494
161
491
161
493
162
491
162
493
162
490
162
494
162
491
162
487
174
482
175
487
174
483
175
493
256
483
256
494
256
484
256
492
267
482
267
492
267
481
266
492
267
484
267
490
264
483
264
494
262
486
262
494
262
483
261
494
265
484
264
494
265
486
264
490
267
482
267
490
267
481
266
491
262
483
261
491
264
484
264
491
264
483
264
491
267
482
267
491
267
481
266
488
267
481
266
486
286
474
286
489
283
480
282
490
283
480
282
494
285
484
284
494
285
485
284
498
143
507
144
498
143
505
144
499
143
507
144
499
143
505
144
495
144
507
144
495
144
505
144
500
143
507
144
497
144
507
144
497
144
505
145
497
144
505
144
497
144
504
145
496
144
507
144
496
144
505
145
496
144
505
144
501
143
507
144
499
260
488
259
499
260
489
259
506
263
494
263
495
265
487
265
495
265
486
264
502
266
492
265
501
269
493
268
501
269
490
268
503
263
494
263
497
265
487
265
497
265
486
264
497
265
489
265
504
269
494
269
504
269
493
268
504
269
495
269
498
268
487
267
498
268
490
268
495
268
484
267
495
268
485
267
495
268
487
267
500
282
489
282
501
285
489
285
501
285
492
285
501
285
494
284
501
285
490
285
501
285
495
285
501
285
496
285
501
285
496
284
505
286
495
286
505
286
496
286
505
286
497
286
504
283
495
283
506
285
498
285
506
285
496
285
506
285
499
285
498
286
489
285
498
286
486
286
498
286
487
285
498
286
490
285
498
286
491
286
501
286
492
285
501
286
491
286
501
286
495
286
501
286
496
286
501
286
497
286
506
286
496
286
506
286
497
286
506
286
499
287
500
287
491
286
502
287
495
286
503
284
494
284
503
284
498
284
503
284
495
283
503
284
496
284
503
284
497
284
496
286
486
286
496
286
485
286
496
286
487
285
506
284
498
284
506
284
499
285
506
284
497
284
500
283
490
283
500
283
493
282
500
283
489
282
495
285
484
284
495
285
487
284
503
286
495
286
503
286
496
286
503
286
497
286
503
286
496
285
497
285
488
284
497
285
489
285
497
285
487
285
497
285
487
284
507
286
501
287
507
286
497
286
507
286
499
287
498
282
487
282
498
282
489
282
501
287
495
286
502
284
492
283
502
284
494
284
502
284
498
284
502
284
495
283
502
284
496
284
502
284
497
284
505
285
495
285
505
285
498
285
505
285
496
285
505
285
497
284
507
285
498
285
507
285
499
285
512
276
500
275
513
270
499
269
513
270
502
270
513
271
502
270
515
271
502
270
510
273
497
272
510
273
498
272
510
273
500
272
509
280
497
278
509
280
498
279
509
280
500
278
509
280
500
280
510
281
502
281
509
276
497
275
509
276
500
275
509
276
498
275
510
276
497
275
510
276
500
275
510
276
498
275
509
279
497
278
509
279
500
278
508
280
497
278
508
280
498
279
513
274
502
273
516
280
507
281
518
280
509
280
518
280
510
280
518
282
509
282
518
282
510
282
519
272
508
271
508
273
497
272
508
273
495
272
508
273
498
272
508
270
497
269
508
270
496
269
512
273
500
272
512
273
502
273
514
271
502
270
515
274
504
273
520
269
508
268
509
281
502
281
509
281
499
280
509
281
500
280
512
281
503
281
511
270
499
269
509
286
502
287
513
284
504
285
508
285
499
285
513
286
504
287
514
286
504
287
529
268
521
269
528
269
520
270
526
279
517
281
524
275
516
275
522
281
514
281
523
281
514
281
523
281
515
281
530
282
519
284
525
275
516
275
527
273
520
273
524
278
516
278
524
278
514
278
524
281
514
281
524
281
515
281
532
297
521
298
532
297
521
297
532
296
519
297
532
296
521
297
557
270
545
270
557
270
546
270
557
270
545
271
557
270
546
269
555
271
545
270
555
271
545
271
555
281
544
281
557
272
545
270
557
272
546
270
557
272
546
273
557
272
546
274
557
272
546
272
557
272
545
271
556
279
544
281
558
282
545
285
558
282
545
284
558
282
546
285
558
282
547
283
558
282
547
284
557
269
545
270
557
269
546
270
557
269
546
269
557
278
544
281
555
282
544
281
556
269
545
270
556
269
546
270
556
269
545
271
556
269
546
269
556
271
545
270
556
271
546
272
556
271
545
271
558
281
547
283
557
271
545
270
557
271
546
270
557
271
546
273
557
271
546
272
557
271
545
271
557
277
546
274
555
280
544
281
550
287
542
287
550
287
540
288
550
287
539
285
550
287
541
287
550
287
538
287
550
287
543
287
550
287
542
286
558
283
545
285
558
283
546
286
558
283
545
284
558
283
546
285
558
283
547
283
558
283
548
284
558
283
547
286
558
283
547
284
554
295
541
294
554
295
543
294
549
286
539
285
549
286
541
287
549
286
538
287
549
286
542
286
558
287
545
285
558
287
546
286
558
287
546
287
558
287
546
285
558
287
548
284
558
287
548
285
558
287
547
286
558
287
547
284
558
284
545
285
558
284
546
286
558
284
545
284
558
284
546
285
558
284
547
283
558
284
548
284
558
284
548
285
558
284
547
286
558
284
547
284
551
288
542
287
551
288
540
288
551
288
541
287
551
288
543
287
551
288
542
286
553
287
542
287
553
287
541
287
553
287
543
287
553
287
542
286
555
287
545
285
555
287
542
287
555
287
541
287
555
287
546
286
555
287
543
287
555
287
545
284
555
287
546
285
555
287
542
286
554
283
544
281
550
286
542
287
550
286
539
285
550
286
541
287
550
286
538
287
550
286
542
286
553
288
542
287
553
288
540
288
553
288
541
287
553
288
543
287
553
288
542
286
555
295
541
294
555
295
543
294
559
286
549
284
559
286
548
284
559
286
548
285
559
286
547
286
559
286
547
284
553
283
544
281
555
285
545
285
555
285
545
284
555
285
546
285
555
285
542
286
554
287
545
285
554
287
542
287
554
287
541
287
554
287
543
287
554
287
542
286
557
285
545
285
557
285
546
286
557
285
545
284
557
285
546
285
557
285
547
283
557
285
547
286
557
285
547
284
556
287
545
285
556
287
542
287
556
287
546
286
556
287
543
287
556
287
546
287
556
287
545
284
556
287
546
285
556
287
542
286
556
287
547
286
557
287
545
285
557
287
546
286
557
287
543
287
557
287
546
287
557
287
545
284
557
287
546
285
557
287
547
286
557
287
547
284
558
285
545
285
558
285
546
286
558
285
545
284
558
285
546
285
558
285
547
283
558
285
548
284
558
285
548
285
558
285
547
286
558
285
547
284
559
287
549
284
559
287
548
284
559
287
548
285
556
284
545
285
556
284
545
284
556
284
546
285
556
284
547
283
552
288
542
287
552
288
540
288
552
288
541
287
552
288
543
287
552
288
542
286
552
286
542
287
552
286
541
287
552
286
543
287
552
286
542
286
557
286
545
285
557
286
546
286
557
286
546
287
557
286
545
284
557
286
546
285
557
286
547
283
557
286
548
284
557
286
547
286
557
286
547
284
555
283
544
281
555
283
545
284
567
234
556
234
569
234
557
234
569
234
556
234
570
239
559
239
567
235
556
234
566
240
559
239
571
282
561
283
563
295
553
295
566
284
553
285
566
284
555
284
566
284
555
285
562
285
552
284
562
285
552
286
562
285
551
284
562
285
550
286
562
285
551
286
562
286
552
286
562
286
550
286
562
286
551
286
563
286
552
286
563
286
553
285
563
286
551
286
566
286
555
285
566
286
555
286
572
283
563
284
572
283
561
283
564
285
552
284
564
285
552
286
564
285
553
285
564
285
553
284
566
285
553
285
566
285
555
284
566
285
555
285
566
285
555
286
564
284
552
284
564
284
552
286
564
284
553
285
564
284
553
284
567
283
555
284
567
283
556
283
564
286
552
286
564
286
553
285
567
284
555
284
567
284
556
283
567
284
555
285
563
282
552
282
561
287
550
286
561
287
551
286
565
296
553
295
582
236
568
236
582
238
571
238
582
238
566
238
582
238
574
238
582
238
575
238
576
259
567
260
577
260
567
260
581
261
570
261
581
261
569
261
581
261
572
261
579
259
570
259
579
259
568
258
579
259
569
258
579
259
567
259
579
259
568
259
579
259
567
258
579
258
570
259
579
258
569
257
579
258
568
258
579
258
569
258
579
258
567
257
579
258
570
258
579
258
568
259
579
258
567
258
572
256
561
256
572
256
561
257
582
259
570
259
582
259
571
259
582
259
570
258
582
259
572
259
580
258
570
259
580
258
569
257
580
258
571
259
580
258
568
258
580
258
569
258
580
258
570
258
580
258
572
259
582
258
571
259
582
258
570
258
582
258
572
257
582
258
572
259
582
261
570
261
582
261
572
261
577
257
565
256
577
257
567
257
577
257
566
258
577
257
566
257
577
257
567
258
578
259
567
260
578
259
566
258
578
259
567
259
578
259
568
259
578
259
567
258
581
259
570
259
581
259
571
259
581
259
569
258
581
259
570
258
581
259
572
259
577
256
565
256
577
256
566
257
577
258
566
258
577
258
566
257
577
258
567
259
577
258
567
258
583
259
571
259
583
259
572
259
583
257
572
257
578
258
568
258
578
258
569
258
578
258
567
257
578
258
566
258
578
258
566
257
578
258
567
259
578
258
568
259
578
258
567
258
581
258
570
259
581
258
569
257
581
258
571
259
581
258
569
258
581
258
570
258
581
258
572
259
580
261
570
261
580
261
569
261
584
257
572
257
584
261
572
261
583
262
572
261
580
257
569
257
580
257
569
258
580
257
570
258
580
257
572
257
582
282
571
282
574
283
563
284
574
283
565
284
574
283
561
283
574
283
565
283
575
284
563
284
575
284
565
284
574
282
565
283
574
282
565
282
574
282
563
282
576
283
565
283
576
282
565
282
576
284
565
284
597
269
584
270
594
272
583
272
594
272
582
272
594
272
584
272
596
272
584
272
596
272
585
272
587
271
575
271
587
271
576
271
592
272
582
272
590
271
579
271
595
272
583
272
595
272
584
272
595
272
585
272
591
283
580
283
