28_28_l.jpg
28_28_r.jpg
421
211
307
209
421
211
305
210
421
211
306
209
421
211
304
210
353
224
237
221
365
165
251
162
353
299
234
294
353
299
236
299
353
299
236
293
353
299
233
296
353
299
233
298
353
299
235
297
353
299
233
299
353
299
236
300
365
327
249
325
338
133
226
127
338
133
224
128
350
349
231
348
350
349
230
347
350
349
229
347
481
219
360
222
352
294
234
294
352
294
234
292
352
294
233
295
352
294
236
293
352
294
232
293
352
294
232
294
352
294
235
290
352
294
235
291
348
349
230
347
348
349
229
347
340
188
224
183
340
188
222
183
340
188
227
186
364
198
248
195
380
363
261
360
380
363
262
360
380
363
261
359
380
363
260
360
380
363
262
359
356
152
237
150
414
242
297
240
350
188
234
184
350
188
233
185
356
290
239
284
356
290
239
289
348
185
234
183
348
185
234
182
361
358
240
356
361
358
241
356
475
227
354
229
475
227
355
230
475
227
353
228
475
227
355
229
475
227
354
228
351
222
237
221
351
222
234
220
377
319
259
315
377
319
258
317
377
319
259
316
410
222
294
220
410
222
293
223
410
222
292
223
410
222
293
222
347
232
233
228
350
223
234
220
361
325
243
323
361
325
243
324
354
302
237
303
354
302
236
302
354
302
236
299
354
302
236
301
354
302
235
297
354
302
236
300
356
300
238
298
356
300
238
296
377
305
259
303
377
305
259
301
350
186
234
183
350
186
234
182
215
134
88
122
215
134
87
120
349
187
234
183
349
187
234
184
343
220
229
217
338
132
226
127
338
132
224
128
338
132
224
127
370
183
254
181
370
183
256
182
370
183
256
181
240
145
122
134
349
351
228
349
342
184
226
180
394
363
274
359
394
363
275
359
363
322
245
322
363
322
244
320
348
187
230
182
348
187
231
183
348
187
234
184
348
187
233
185
425
209
307
209
345
203
230
201
345
203
229
200
366
187
249
184
257
176
139
168
321
343
202
342
259
139
139
129
355
153
237
150
377
320
259
315
377
320
258
317
377
320
258
318
377
320
259
316
411
221
294
220
411
221
293
222
481
250
355
249
414
343
298
339
414
343
298
338
354
349
236
347
482
220
360
222
352
142
238
138
342
186
229
183
342
186
226
181
336
193
221
190
336
193
220
189
336
193
224
191
336
193
220
187
336
193
219
187
339
190
224
186
339
190
222
185
339
190
226
187
347
190
234
189
347
190
234
188
347
190
229
185
423
210
307
209
423
210
305
210
423
210
306
209
423
210
304
210
337
192
224
191
337
192
222
188
337
192
220
187
337
192
222
187
344
206
227
200
417
341
298
336
417
341
299
336
352
154
237
150
319
349
199
348
362
340
247
337
484
223
360
222
324
184
209
179
343
192
229
189
343
192
228
188
343
192
224
186
343
192
226
187
339
195
224
191
339
195
225
192
338
339
220
338
459
255
336
257
570
190
439
198
375
299
257
296
401
334
283
331
376
300
257
296
357
296
240
290
357
296
239
293
357
296
238
296
478
231
356
233
338
184
222
180
328
236
211
231
348
334
230
331
348
334
231
331
348
334
231
332
341
227
225
222
367
193
252
188
367
193
251
188
367
193
250
191
367
193
250
189
367
193
252
191
214
134
87
122
357
146
242
143
343
202
227
199
362
337
244
334
358
288
240
289
364
325
246
324
364
325
246
323
462
266
338
262
338
206
225
203
338
206
222
200
338
206
223
201
338
206
221
200
338
206
224
202
338
206
221
201
338
206
223
202
478
230
355
231
478
230
356
232
489
222
365
222
345
198
227
191
345
198
229
192
186
152
52
134
358
310
240
308
259
179
138
171
372
183
256
182
372
183
256
181
353
151
237
147
337
194
221
190
337
194
220
189
337
194
224
191
337
194
225
192
337
193
221
190
337
193
224
191
337
193
225
192
337
193
222
188
337
193
220
187
337
193
219
187
379
313
260
310
379
313
260
311
372
331
253
328
372
331
253
329
364
286
247
285
364
286
246
286
341
191
228
188
341
191
224
186
341
191
226
187
366
339
247
337
347
196
231
192
364
343
249
340
364
343
249
341
364
343
248
340
357
143
242
139
366
196
252
196
369
189
253
186
369
189
252
188
369
189
254
186
350
348
230
347
350
348
229
347
347
285
229
284
317
324
199
323
318
339
199
338
340
207
224
201
340
207
225
203
340
207
222
200
340
207
223
201
340
207
221
200
340
207
226
204
340
207
224
202
340
207
221
201
340
207
223
202
337
336
217
335
243
135
124
124
354
301
236
302
354
301
236
299
354
301
236
301
354
301
235
297
354
301
236
300
356
332
237
330
356
332
239
332
356
332
237
329
356
332
239
331
344
202
229
200
342
189
227
186
363
340
247
337
359
113
244
110
360
359
240
356
360
359
241
356
312
212
197
207
359
313
241
312
447
204
327
205
447
204
328
206
447
204
327
206
447
204
324
206
447
204
328
205
415
343
299
339
415
343
298
339
415
343
298
338
347
223
229
217
347
223
232
220
339
187
224
183
339
187
225
183
342
208
225
203
342
208
226
204
342
208
224
202
342
208
223
202
342
219
229
217
360
111
244
110
351
155
236
152
355
316
237
314
188
164
55
150
320
341
201
340
336
195
221
190
336
195
220
189
336
195
221
192
336
195
220
191
307
207
191
202
356
112
241
110
357
141
242
139
357
285
239
284
316
321
198
320
318
343
199
342
302
208
184
204
304
321
186
320
352
290
234
288
352
290
234
287
352
290
235
284
352
290
234
285
352
290
235
290
352
290
235
291
336
203
223
200
336
203
224
201
336
203
224
200
336
203
221
199
336
203
222
200
336
203
223
201
336
203
221
200
336
203
223
199
338
134
226
129
342
210
225
203
342
210
226
204
214
138
86
126
356
313
238
309
356
313
237
312
336
196
221
190
336
196
221
192
336
196
220
191
350
296
234
294
350
296
234
292
350
296
233
295
350
296
233
296
350
296
233
298
350
296
232
293
350
296
232
294
350
296
235
291
459
265
336
260
549
167
419
173
569
190
438
198
341
204
227
200
341
204
224
200
341
204
223
197
341
204
226
199
341
204
225
200
341
204
223
199
395
272
277
269
395
272
278
269
338
136
224
131
338
136
226
130
338
136
224
132
338
136
225
131
355
152
237
150
571
190
440
198
379
363
261
360
379
363
261
359
379
363
260
360
379
363
262
359
339
144
224
140
339
144
225
140
480
233
356
233
480
233
357
235
357
221
241
218
357
221
242
218
371
334
251
332
371
334
252
331
343
223
229
217
343
223
232
220
343
143
229
138
567
204
437
211
366
337
251
334
343
219
229
217
375
159
259
158
348
333
230
331
348
333
231
331
348
333
231
332
479
232
356
233
342
185
230
183
342
185
229
183
342
185
226
180
342
185
226
181
341
330
223
328
349
222
234
220
349
222
232
220
547
166
419
173
547
166
418
173
362
321
244
319
362
321
244
320
355
295
238
298
355
295
237
293
355
295
237
292
355
295
236
293
355
295
239
289
355
295
238
296
368
187
253
186
368
187
254
186
355
293
237
293
355
293
237
292
355
293
236
293
355
293
239
289
358
316
240
314
358
316
241
312
345
193
229
189
345
193
228
188
345
193
231
192
345
193
226
187
378
318
259
315
378
318
259
316
446
205
324
207
446
205
327
206
446
205
324
206
375
325
257
320
361
318
243
317
361
318
242
315
340
202
223
197
340
202
226
199
340
202
227
199
340
202
225
200
352
291
234
292
352
291
234
288
352
291
234
287
352
291
235
290
352
291
235
291
305
321
186
320
406
229
289
229
465
267
342
263
321
229
202
225
394
271
277
269
344
290
226
288
353
154
237
150
378
315
260
310
378
315
260
311
378
315
260
312
360
316
242
314
360
316
242
315
243
139
121
128
243
139
123
128
336
194
221
190
336
194
220
189
336
194
221
192
336
194
220
191
343
190
227
186
325
341
206
340
344
197
227
191
344
197
229
192
356
310
237
307
356
310
238
309
352
284
235
283
352
284
235
284
352
284
234
285
344
187
229
183
490
224
365
222
490
224
367
225
349
304
231
305
349
304
232
302
349
304
232
305
355
306
237
303
355
306
237
307
355
306
236
302
355
306
237
304
355
306
236
301
358
319
242
315
365
326
246
324
375
298
257
296
374
318
256
315
374
318
256
312
364
336
245
333
481
252
355
249
348
288
229
284
347
227
231
222
347
227
232
220
316
338
194
336
304
204
188
198
365
187
249
184
366
328
250
326
366
328
249
325
356
142
242
139
243
136
113
125
243
136
123
125
360
333
241
333
360
333
241
330
336
201
223
197
443
206
324
207
443
206
323
208
459
257
336
257
355
119
241
116
355
291
237
293
355
291
237
292
414
241
297
240
414
241
297
239
339
183
226
180
353
227
237
221
369
190
253
186
369
190
252
188
369
190
254
186
334
224
220
222
338
189
224
186
338
189
222
185
362
292
244
289
368
328
250
326
354
303
237
303
354
303
236
302
354
303
237
304
354
303
236
299
354
303
236
301
354
303
236
300
341
208
225
203
341
208
223
201
341
208
226
204
341
208
224
202
341
208
223
202
344
204
227
200
344
204
230
201
344
204
227
199
344
204
229
200
427
207
311
207
338
204
223
200
338
204
224
201
338
204
224
200
338
204
221
199
338
204
222
200
338
204
223
201
338
204
225
200
338
204
221
200
338
204
223
199
340
222
229
217
336
204
223
200
336
204
224
201
336
204
221
199
336
204
222
200
336
204
223
201
336
204
221
200
336
204
224
202
336
204
221
201
336
204
223
202
334
192
221
190
334
192
220
189
334
192
219
187
364
289
247
285
364
289
246
286
416
235
298
236
241
137
113
125
241
137
123
126
340
332
223
331
340
332
223
330
462
255
338
252
462
255
339
253
387
196
270
196
343
205
227
200
343
205
226
199
343
205
227
199
450
204
327
205
450
204
328
205
344
199
227
195
373
320
256
315
373
320
255
318
349
218
236
217
428
207
311
207
346
192
232
190
346
192
227
186
346
192
231
189
344
224
229
217
344
224
231
222
344
224
232
220
350
224
234
220
491
226
367
226
491
226
368
227
491
226
367
225
368
343
249
340
368
343
249
341
368
343
248
340
364
340
247
337
368
190
253
186
368
190
252
188
368
190
254
186
368
190
251
188
350
193
234
189
366
198
252
196
360
332
241
330
332
227
215
223
374
315
256
312
346
189
229
185
417
233
300
232
364
338
247
337
475
228
354
229
475
228
355
230
475
228
353
228
344
124
230
120
355
309
237
303
355
309
237
307
355
309
238
309
355
309
237
304
338
201
223
197
338
201
226
199
334
314
217
312
379
314
260
310
379
314
260
311
379
314
260
312
360
358
240
356
360
358
241
356
344
225
231
222
344
225
232
220
345
225
231
222
345
225
232
220
378
310
260
307
347
185
234
183
347
185
234
182
341
332
223
331
341
332
223
330
344
193
229
189
344
193
228
188
344
193
226
187
338
137
226
132
338
137
224
132
339
143
225
139
336
191
219
185
336
191
222
188
336
191
220
187
336
191
222
187
340
187
224
183
340
187
226
183
340
187
225
183
350
292
234
292
350
292
234
288
350
292
234
287
350
292
232
290
350
292
232
293
365
190
251
188
365
190
249
187
365
190
250
189
402
335
283
331
344
220
229
217
462
267
338
266
462
267
338
262
353
286
235
283
353
286
235
284
364
288
247
285
364
288
246
286
361
292
244
289
406
230
289
229
314
337
194
336
345
190
229
185
344
192
229
189
344
192
228
188
344
192
226
187
363
327
246
324
363
327
246
323
363
327
245
327
376
158
260
157
356
301
238
298
356
301
238
296
349
221
234
220
461
262
337
258
358
334
238
333
358
334
241
333
358
334
239
332
366
336
251
334
303
204
186
200
360
321
241
319
360
321
242
320
244
139
121
128
244
139
123
128
333
293
217
291
477
229
355
231
477
229
354
229
477
229
355
230
477
229
356
231
423
97
309
100
423
97
308
100
423
97
308
99
465
266
342
263
340
204
223
200
340
204
224
201
340
204
224
200
340
204
223
197
340
204
226
199
340
204
225
200
340
204
223
199
355
312
236
310
355
312
238
309
355
312
237
312
448
341
327
335
353
293
234
294
353
293
234
292
353
293
236
293
353
293
235
290
353
293
235
291
415
340
298
336
415
340
299
336
341
193
227
191
341
193
222
187
362
165
247
163
362
165
249
163
362
165
248
163
362
165
247
161
358
289
240
289
358
289
240
290
476
229
355
231
338
226
221
219
299
204
182
199
364
165
249
163
364
165
248
163
364
165
251
162
372
323
255
318
360
315
242
314
360
315
242
315
360
315
241
312
447
341
327
335
345
212
226
204
355
305
237
303
355
305
237
307
355
305
236
302
355
305
237
304
355
305
236
301
355
305
236
300
443
204
323
205
443
204
324
205
443
204
324
206
245
133
124
122
348
291
232
290
356
286
239
284
352
289
234
288
352
289
235
283
352
289
234
287
352
289
235
284
352
289
234
285
352
289
235
290
350
301
232
302
350
301
232
299
350
301
233
296
350
301
233
298
350
301
235
297
350
301
233
299
305
205
189
200
358
315
240
314
358
315
241
312
385
363
264
360
385
363
264
359
385
363
266
359
357
312
240
308
357
312
238
309
366
192
252
188
366
192
251
188
366
192
250
191
366
192
250
189
366
192
252
191
260
151
140
141
340
186
222
181
340
186
226
183
316
328
198
327
491
225
367
225
358
220
241
218
358
220
242
218
350
295
234
294
350
295
234
292
350
295
233
295
350
295
232
290
350
295
233
296
350
295
232
293
350
295
232
294
350
295
235
290
350
295
235
291
218
138
89
125
218
138
89
124
356
337
238
334
376
299
257
296
357
337
238
334
342
198
227
195
342
198
225
192
408
225
291
225
349
183
234
181
376
323
257
320
376
323
258
319
376
323
258
318
349
333
230
331
349
333
231
331
349
333
231
332
374
316
256
312
402
282
285
278
402
282
286
276
396
274
279
271
391
190
275
190
391
190
275
188
244
137
123
126
422
210
307
209
422
210
305
210
422
210
306
209
422
210
304
210
346
226
231
222
346
226
232
220
381
363
261
360
381
363
262
360
381
363
261
359
381
363
260
360
381
363
262
359
339
232
224
229
350
222
237
221
350
222
234
220
447
205
324
207
447
205
328
206
447
205
327
206
352
156
236
152
335
204
224
201
335
204
221
199
335
204
222
200
335
204
223
201
335
204
221
200
335
204
224
202
335
204
221
201
335
204
223
202
338
185
222
180
338
185
222
181
340
196
224
191
340
196
225
192
324
226
206
220
324
226
205
221
204
165
69
151
348
197
234
194
348
197
231
192
356
309
237
307
356
309
238
309
357
220
241
218
357
220
242
218
349
334
230
331
349
334
231
331
349
334
231
332
337
334
218
333
339
204
223
200
339
204
224
201
339
204
224
200
339
204
221
199
339
204
222
200
339
204
223
201
339
204
225
200
339
204
223
199
365
338
247
337
358
335
241
333
358
335
239
332
369
328
250
326
375
297
257
296
340
185
222
180
340
185
226
181
402
278
285
278
402
278
286
276
339
198
221
192
478
226
353
226
478
226
356
226
376
322
257
320
376
322
258
317
376
322
258
319
376
322
258
318
350
297
234
294
350
297
234
292
350
297
232
299
350
297
233
295
350
297
233
296
350
297
233
298
350
297
232
293
350
297
232
294
350
297
233
299
364
181
248
178
301
206
184
202
448
204
327
205
448
204
328
206
448
204
327
206
448
204
328
205
407
227
290
227
356
333
237
330
356
333
238
333
356
333
239
332
356
333
239
331
338
147
224
143
245
135
124
124
383
363
262
360
383
363
264
360
383
363
264
359
383
363
262
359
477
230
355
231
363
323
245
322
351
286
235
283
351
286
234
287
351
286
235
284
351
286
234
285
477
228
354
229
477
228
355
230
477
228
353
228
477
228
355
229
477
228
354
228
442
203
323
204
424
209
307
209
424
209
305
210
424
209
306
209
396
272
279
271
396
272
278
269
419
230
301
230
419
230
302
229
367
191
252
188
367
191
251
188
367
191
250
191
367
191
250
189
367
191
252
191
