Test404.jpg
Test405.jpg
434
185
351
184
434
185
346
186
434
185
348
185
434
185
349
185
223
234
120
231
331
334
239
333
331
334
240
332
331
334
237
333
331
334
238
332
331
334
240
333
331
334
238
333
331
334
237
331
331
334
238
331
331
334
237
332
319
333
226
332
285
294
194
292
321
323
230
322
321
323
229
322
321
323
229
323
323
323
230
322
323
323
229
322
323
323
229
323
323
323
231
322
326
332
234
331
326
332
235
331
432
189
341
192
330
333
240
332
330
333
238
332
330
333
236
331
330
333
237
331
330
333
238
331
330
333
237
332
330
333
239
331
216
232
113
230
298
291
206
290
408
189
313
188
408
189
315
189
20
297
19
331
338
334
244
332
338
334
240
332
338
334
243
332
338
334
246
332
338
334
245
333
338
334
248
332
338
334
247
333
327
327
233
327
327
327
233
326
324
334
229
332
324
334
230
333
324
334
228
332
324
334
232
333
324
322
230
322
324
322
232
321
324
322
231
322
319
334
224
334
319
334
226
332
292
292
198
290
292
292
200
291
292
292
199
291
330
332
236
331
330
332
237
331
330
332
238
331
330
332
239
331
277
293
185
293
435
190
341
194
435
190
340
194
222
234
120
231
323
322
229
322
323
322
231
322
254
332
161
334
254
332
158
334
254
332
164
333
254
332
157
334
341
334
249
333
341
334
251
332
341
334
250
333
341
334
246
332
341
334
248
332
341
334
247
333
340
333
251
332
340
333
246
332
340
333
248
332
322
323
230
322
322
323
229
322
322
323
229
323
253
333
158
334
340
334
249
333
340
334
244
332
340
334
250
333
340
334
243
332
340
334
246
332
340
334
248
332
340
334
247
333
260
333
164
333
260
333
165
333
260
333
166
333
325
328
233
327
337
334
244
332
337
334
240
332
337
334
243
333
337
334
243
332
337
334
246
332
337
334
245
333
337
334
247
333
325
334
229
332
325
334
230
333
325
334
228
332
325
334
232
333
290
289
196
289
330
334
239
333
330
334
237
333
330
334
238
332
330
334
240
333
330
334
238
333
330
334
237
332
435
184
351
184
435
184
348
185
435
184
349
185
333
334
240
332
333
334
238
332
333
334
237
331
333
334
238
331
333
334
237
332
333
334
239
331
346
334
251
332
345
334
251
332
288
291
196
289
288
291
196
290
288
291
195
290
285
290
193
288
285
290
194
288
285
290
193
290
430
186
340
188
322
322
229
322
433
186
350
185
217
232
114
230
217
232
113
230
329
334
239
333
329
334
237
333
329
334
238
332
329
334
238
333
329
334
237
332
342
334
249
333
342
334
251
332
342
334
250
333
342
334
248
332
339
334
249
333
339
334
244
332
339
334
250
333
339
334
243
332
339
334
246
332
339
334
245
333
339
334
248
332
339
334
247
333
259
333
161
334
259
333
164
333
259
333
165
333
259
333
166
333
257
333
161
334
257
333
164
333
257
333
165
333
257
333
166
333
290
291
198
290
290
291
197
290
290
291
196
289
290
291
196
290
256
332
161
334
256
332
164
333
256
332
165
333
256
332
166
333
254
333
157
334
257
332
161
334
257
332
164
333
257
332
165
333
257
332
166
333
255
333
161
334
255
333
158
334
258
332
161
334
258
332
164
333
258
332
165
333
258
332
166
333
343
334
249
333
343
334
251
332
343
334
250
333
343
334
248
332
289
291
197
290
289
291
196
289
289
291
196
290
289
291
195
290
217
233
114
230
320
333
228
332
320
333
226
332
255
332
161
334
255
332
158
334
255
332
164
333
255
332
165
333
255
332
157
334
329
333
238
332
329
333
235
331
329
333
236
331
329
333
238
333
329
333
237
331
329
333
238
331
329
333
237
332
286
293
194
292
293
286
201
285
337
333
244
332
337
333
243
332
337
333
246
332
337
333
239
331
432
181
348
180
274
292
182
292
218
232
114
230
287
293
194
292
321
334
227
334
321
334
228
332
321
334
226
334
282
295
189
293
328
332
234
331
328
332
235
331
328
332
236
331
328
332
237
331
407
189
313
188
407
189
315
189
321
324
229
323
345
333
251
332
222
233
120
231
222
233
119
230
320
334
224
334
320
334
227
334
320
334
226
334
320
334
226
332
