S31_01.png
S31_02.png
515
257
411
283
515
257
410
282
472
267
371
287
472
267
370
287
295
240
195
237
295
240
195
238
327
240
233
242
327
240
234
242
327
240
232
241
327
240
239
242
327
240
239
243
474
264
373
284
474
264
372
285
474
264
372
283
542
233
445
266
542
233
440
264
542
236
440
267
320
237
226
237
320
237
235
240
320
237
230
238
320
237
236
240
320
237
233
239
320
237
231
240
320
237
230
239
320
237
229
238
320
237
229
239
320
237
232
240
320
237
232
239
320
237
228
239
278
195
199
191
278
195
193
188
278
195
198
191
278
195
197
191
278
195
194
189
283
196
199
191
283
196
200
191
283
196
198
191
297
207
209
204
297
207
208
204
297
207
214
205
371
71
304
80
371
71
302
79
371
71
303
79
296
242
194
239
296
242
194
240
296
242
195
240
296
242
193
239
500
261
398
285
497
260
397
285
497
260
396
284
364
234
275
242
516
256
412
282
516
256
411
282
516
256
411
283
516
256
410
282
364
68
299
76
364
68
306
79
364
68
303
78
364
68
305
78
364
68
302
77
364
68
304
78
364
68
300
77
364
68
307
79
364
68
301
77
390
118
319
131
368
73
304
83
368
73
299
81
368
73
306
83
368
73
305
83
368
73
303
83
281
196
199
191
281
196
200
191
281
196
198
191
281
196
197
191
281
196
194
189
322
241
228
243
322
241
229
243
330
240
233
242
330
240
241
241
330
240
234
242
330
240
240
241
330
240
239
242
330
240
242
242
330
240
239
243
330
240
239
241
296
207
209
204
296
207
208
204
296
207
208
203
480
259
377
279
392
264
297
275
366
72
304
82
366
72
302
81
366
72
299
81
295
209
206
205
493
270
390
294
293
240
195
237
293
240
195
238
367
73
304
82
367
73
304
83
367
73
299
81
367
73
306
83
367
73
305
83
367
73
303
83
547
229
445
263
473
265
372
285
488
271
385
293
276
195
194
189
359
72
299
81
517
258
413
284
517
258
411
283
294
205
209
204
294
205
208
204
294
205
208
203
475
265
374
285
326
237
235
240
326
237
236
240
326
237
237
240
326
237
233
239
326
237
231
240
326
237
230
239
326
237
239
240
326
237
238
240
326
237
229
238
326
237
229
239
326
237
232
240
326
237
232
239
365
72
304
82
365
72
302
81
365
72
299
81
322
237
235
240
322
237
230
238
322
237
236
240
322
237
237
240
322
237
233
239
322
237
231
240
322
237
230
239
322
237
229
238
322
237
229
239
322
237
232
240
322
237
232
239
322
237
228
239
283
195
200
191
283
195
204
192
317
247
221
248
333
240
241
241
333
240
240
241
333
240
245
243
333
240
239
242
333
240
242
242
333
240
239
243
333
240
242
241
333
240
239
241
296
241
195
239
296
241
194
239
296
241
195
238
296
241
193
239
364
70
304
80
364
70
302
79
364
70
303
79
472
265
372
285
361
73
299
81
361
73
301
83
361
73
303
83
373
257
271
265
288
212
197
208
484
261
384
282
334
237
243
241
334
237
244
239
334
237
239
240
334
237
238
240
334
237
244
240
334
237
242
241
334
237
246
241
390
264
294
274
372
70
306
79
372
70
303
78
372
70
304
79
372
70
307
79
318
245
221
246
318
245
220
246
318
245
219
246
285
195
205
192
285
195
204
192
491
270
389
294
279
195
199
191
279
195
193
188
279
195
198
191
279
195
197
191
279
195
194
189
399
264
303
275
479
258
377
279
365
73
304
83
365
73
301
83
365
73
303
83
368
227
276
234
371
72
308
82
486
265
384
286
486
265
383
288
486
265
385
288
486
265
386
288
486
265
384
287
322
242
228
243
316
247
221
248
496
264
394
288
496
264
395
289
276
194
193
188
276
194
195
188
281
194
195
188
295
242
194
239
295
242
190
239
295
242
194
240
295
242
195
240
295
242
193
239
286
213
196
208
286
213
197
208
286
213
195
208
286
213
197
209
472
264
372
283
494
270
391
295
477
274
373
295
518
258
413
285
518
258
413
284
518
258
414
285
531
257
429
286
322
238
233
242
322
238
235
240
322
238
236
240
322
238
237
240
322
238
234
242
322
238
232
241
322
238
231
240
322
238
230
239
322
238
229
239
322
238
232
240
322
238
228
239
366
70
304
80
366
70
302
79
366
70
304
79
366
70
303
79
358
69
302
79
370
69
299
76
370
69
306
79
370
69
303
78
370
69
305
78
370
69
302
77
370
69
304
78
370
69
300
77
370
69
307
79
370
69
301
77
478
259
377
279
372
74
305
83
372
74
309
85
492
270
390
294
492
270
389
294
332
237
243
241
332
237
241
241
332
237
236
240
332
237
237
240
332
237
240
241
332
237
239
240
332
237
238
240
332
237
244
240
332
237
242
241
333
237
243
241
333
237
244
239
333
237
241
241
333
237
237
240
333
237
239
240
333
237
238
240
333
237
244
240
333
237
242
241
488
266
386
288
475
267
374
287
475
267
373
288
474
261
372
281
542
234
440
267
365
74
301
83
389
264
294
274
389
264
293
274
363
74
301
83
487
266
385
288
487
266
386
288
295
239
195
237
318
227
231
229
335
237
243
241
335
237
244
239
335
237
244
240
335
237
246
241
335
237
247
241
387
114
316
126
371
74
305
83
371
74
309
85
540
235
440
267
474
274
371
295
302
220
215
220
333
238
243
241
333
238
241
241
333
238
236
240
333
238
237
240
333
238
240
241
333
238
239
240
333
238
238
240
333
238
245
243
333
238
244
240
333
238
239
242
333
238
242
242
333
238
242
241
333
238
239
241
518
257
413
285
518
257
413
284
518
257
411
283
282
195
199
191
282
195
200
191
282
195
204
192
370
230
280
238
153
237
47
213
362
72
302
81
362
72
299
81
317
239
223
239
280
195
199
191
280
195
200
191
280
195
193
188
280
195
198
191
280
195
194
189
360
67
293
74
360
67
295
74
360
67
299
76
360
67
294
74
514
256
409
282
514
256
410
282
475
262
373
282
321
237
235
240
321
237
230
238
321
237
236
240
321
237
233
239
321
237
231
240
321
237
230
239
321
237
229
238
321
237
229
239
321
237
232
240
321
237
232
239
321
237
228
239
316
239
223
239
559
237
455
269
294
240
195
237
294
240
195
238
337
238
248
242
337
238
244
240
337
238
246
241
337
238
247
241
478
274
376
296
484
264
384
286
484
264
384
287
333
239
243
241
333
239
241
241
333
239
240
241
333
239
245
243
333
239
239
242
333
239
242
242
333
239
239
243
333
239
242
241
333
239
239
241
337
241
245
243
304
220
215
220
366
74
301
83
366
74
303
83
297
239
195
237
542
232
440
264
314
240
221
240
299
242
190
239
299
242
188
239
299
242
193
239
279
192
193
185
532
256
429
286
379
262
280
271
379
262
279
271
330
237
241
241
330
237
235
240
330
237
236
240
330
237
237
240
330
237
240
241
330
237
239
240
330
237
238
240
330
237
242
241
330
237
239
241
517
256
412
282
517
256
411
282
517
256
411
283
487
265
385
288
487
265
386
288
361
72
302
81
361
72
299
81
372
224
280
232
363
237
271
243
332
240
241
241
332
240
234
242
332
240
240
241
332
240
239
242
332
240
242
242
332
240
239
243
332
240
239
241
361
67
295
74
361
67
299
76
361
67
294
74
374
70
307
79
320
227
233
229
478
258
377
279
371
230
280
238
363
68
299
76
363
68
306
79
363
68
303
78
363
68
305
78
363
68
302
77
363
68
304
78
363
68
300
77
363
68
301
77
288
214
197
209
152
237
47
213
370
70
306
79
370
70
303
78
370
70
304
79
370
70
304
78
370
70
303
79
286
194
207
191
286
197
199
191
286
197
200
191
286
197
205
192
286
197
198
191
286
197
205
193
286
197
204
194
286
197
204
192
329
237
241
241
329
237
235
240
329
237
236
240
329
237
237
240
329
237
233
239
329
237
240
241
329
237
239
240
329
237
238
240
329
237
242
241
329
237
239
241
294
242
194
239
294
242
190
239
294
242
194
240
294
242
195
240
294
242
193
239
331
240
233
242
331
240
241
241
331
240
234
242
331
240
240
241
331
240
239
242
331
240
242
242
331
240
239
243
331
240
242
241
331
240
239
241
294
241
195
239
294
241
194
239
294
241
195
238
294
241
193
239
288
213
197
209
373
69
305
78
371
225
280
232
154
236
47
213
407
228
317
241
407
228
316
241
318
247
221
248
366
71
302
81
366
71
304
80
366
71
302
79
315
238
223
239
315
238
223
238
315
238
221
239
336
238
243
241
336
238
245
243
336
238
244
240
336
238
246
241
336
238
247
241
296
239
195
237
488
260
388
282
290
243
195
241
290
243
190
240
318
248
220
249
293
241
195
239
293
241
194
239
293
241
195
238
293
241
193
239
291
209
203
205
291
209
206
205
291
209
202
206
548
230
445
263
319
236
226
237
319
236
230
238
319
236
233
239
319
236
226
236
319
236
230
239
319
236
225
236
319
236
229
237
319
236
225
237
319
236
229
238
319
236
229
239
319
236
228
237
319
236
232
239
319
236
228
239
315
240
221
240
325
241
228
243
325
241
229
243
298
239
195
237
366
73
304
83
366
73
299
81
366
73
305
83
366
73
303
83
388
263
292
273
375
230
285
239
375
230
285
238
400
264
303
275
373
70
306
79
360
72
299
81
360
69
302
79
360
69
304
79
477
258
377
279
313
240
221
240
488
265
386
286
488
265
385
288
488
265
386
288
366
68
299
76
366
68
306
79
366
68
303
78
366
68
305
78
366
68
302
77
366
68
304
78
366
68
300
77
366
68
301
77
496
258
395
282
544
235
445
268
367
230
280
238
367
230
276
237
376
256
271
265
364
72
304
82
364
72
302
81
364
72
299
81
368
69
306
79
368
69
303
78
368
69
305
78
368
69
302
77
368
69
304
79
368
69
304
78
368
69
300
77
368
69
307
79
368
69
303
79
368
69
301
77
489
263
388
287
489
263
387
285
323
241
228
243
323
241
229
243
365
68
299
76
365
68
306
79
365
68
303
78
365
68
305
78
365
68
302
77
365
68
304
78
365
68
300
77
365
68
301
77
474
267
372
288
474
267
374
287
474
267
373
288
369
69
299
76
369
69
306
79
369
69
303
78
369
69
305
78
369
69
302
77
369
69
304
79
369
69
304
78
369
69
300
77
369
69
307
79
369
69
301
77
535
235
430
266
535
235
431
265
535
235
430
264
535
235
434
267
535
235
430
265
286
195
205
192
359
67
293
74
359
67
295
74
359
67
299
76
359
67
294
74
360
73
299
81
360
73
301
83
360
73
303
83
473
264
373
284
473
264
372
285
473
264
372
283
