Test65.jpg
Test66.jpg
196
169
287
174
209
111
299
116
209
111
299
115
210
111
299
116
214
119
304
123
214
123
305
126
214
123
305
124
214
123
300
137
214
123
302
133
214
123
303
131
219
124
308
128
216
125
307
127
213
115
303
120
214
136
308
128
212
139
304
139
212
139
300
145
216
129
303
139
216
129
308
128
212
137
303
139
215
142
308
138
208
145
296
152
214
143
307
139
239
249
325
247
239
249
326
248
239
249
326
249
239
250
326
248
239
250
326
249
239
252
326
249
247
264
334
259
264
135
351
137
265
136
351
137
263
153
347
154
263
153
348
156
272
154
357
153
264
159
350
160
272
155
357
153
266
160
350
158
266
153
352
152
266
153
352
154
273
156
357
153
266
154
352
154
262
152
347
154
262
152
348
156
269
157
353
153
269
157
353
152
280
154
364
152
275
153
360
155
275
153
360
152
275
153
361
156
275
152
360
152
275
152
361
156
274
156
360
156
274
156
360
158
274
156
357
153
277
157
361
156
280
153
364
152
279
203
364
201
286
213
370
210
285
215
369
212
278
205
363
202
278
205
363
203
282
245
367
242
291
244
376
242
288
254
374
252
288
254
375
252
289
254
376
252
287
247
371
245
287
254
374
252
324
273
411
272
324
273
410
272
324
273
411
270
317
277
403
276
317
277
403
275
317
277
405
275
317
277
404
274
313
276
400
275
321
275
409
274
319
277
403
275
319
277
405
275
319
277
405
274
325
277
409
275
325
277
413
276
325
277
410
276
325
277
408
275
323
276
409
274
321
273
408
270
321
273
408
271
312
277
398
275
322
275
409
274
322
275
410
272
322
275
411
273
320
277
405
275
324
272
411
269
324
272
409
270
324
272
411
270
314
287
402
284
314
287
399
284
318
288
405
286
315
287
402
284
315
287
402
285
315
287
403
285
315
287
399
284
317
287
403
285
312
287
399
284
328
281
416
280
328
281
415
279
326
276
413
276
331
284
419
282
347
228
433
224
347
228
434
225
347
228
432
227
347
228
432
226
351
222
438
219
351
222
437
222
343
227
430
222
343
227
431
222
343
227
431
223
348
229
434
225
348
229
433
227
348
229
434
227
342
224
430
222
350
227
437
223
350
227
437
222
349
228
434
225
347
225
433
224
347
225
433
221
347
225
434
221
346
226
433
224
346
226
433
221
346
226
431
223
346
226
433
220
349
226
434
225
349
226
437
223
345
220
432
217
344
224
430
222
344
224
431
222
344
224
431
223
349
224
435
220
349
224
434
221
342
229
429
226
343
230
432
226
343
230
429
226
343
230
431
227
341
226
430
222
344
226
430
222
344
226
431
222
344
226
431
223
344
222
430
222
348
222
433
221
348
222
433
220
348
222
435
220
348
222
433
219
348
222
434
221
351
226
438
223
351
226
437
223
351
226
437
222
345
227
433
224
345
227
431
222
345
227
431
223
345
227
429
226
348
220
433
221
348
220
433
220
348
220
433
219
348
220
434
221
349
229
434
225
346
228
433
224
346
228
434
225
346
228
432
226
346
228
431
227
350
228
437
223
347
230
434
225
347
230
432
227
347
230
432
226
347
230
433
227
347
230
431
227
347
230
434
227
348
272
437
270
348
272
436
271
348
272
437
272
348
272
437
271
348
272
438
271
340
279
427
277
349
273
436
271
349
273
436
272
349
273
437
272
349
273
437
271
349
273
438
271
347
280
436
279
347
280
436
278
349
280
436
279
349
280
436
278
349
280
438
278
349
280
438
279
348
273
436
271
348
273
436
272
348
273
437
272
348
273
437
271
350
273
440
272
350
273
437
272
350
273
437
271
350
273
438
271
351
273
440
272
351
273
438
271
349
272
440
272
349
272
437
270
349
272
436
271
349
272
437
271
349
272
438
271
349
272
438
270
339
280
427
278
349
281
436
279
349
281
436
278
349
281
438
279
339
284
427
282
339
284
428
282
348
286
434
284
340
284
427
282
347
284
436
283
349
286
434
284
354
218
440
218
364
221
449
219
354
220
440
218
354
220
440
219
360
225
446
221
360
225
446
220
360
225
446
223
353
221
440
218
353
221
439
220
353
221
439
219
353
221
438
219
353
221
440
219
354
221
440
218
354
221
441
219
354
221
440
219
356
227
443
222
356
227
443
226
356
230
443
226
363
224
449
220
363
224
450
220
362
225
448
222
362
225
448
221
362
225
449
220
353
226
439
220
353
226
439
222
353
226
439
223
360
226
446
223
358
227
445
222
354
223
441
219
354
223
440
219
353
220
440
218
353
220
439
220
353
220
439
219
353
220
440
219
352
225
438
223
352
225
439
222
352
225
439
223
352
225
439
224
360
230
447
226
353
219
439
219
359
226
446
221
359
226
445
222
359
226
446
223
361
226
448
222
361
226
448
221
362
226
448
222
358
228
445
222
354
269
446
269
352
273
440
272
357
269
448
269
357
269
446
269
364
278
452
276
356
272
445
270
356
272
443
270
356
272
444
270
353
269
441
269
353
269
446
269
362
276
450
274
362
276
453
274
362
276
452
274
353
279
442
278
353
279
444
278
364
280
451
278
357
270
448
269
357
270
446
269
363
271
454
271
359
270
448
269
361
276
450
274
361
276
453
274
361
276
452
274
361
276
452
276
353
271
441
269
353
271
443
270
353
271
444
270
363
276
452
274
354
271
441
269
354
271
445
270
354
271
443
270
354
271
444
270
352
279
442
278
354
270
441
269
354
270
445
270
354
270
446
269
354
270
443
270
354
270
444
270
355
279
442
278
355
279
445
277
355
279
444
277
355
279
444
278
359
271
448
269
365
222
450
220
373
222
453
220
373
222
454
220
373
222
453
218
373
222
458
218
373
222
459
218
373
222
456
220
373
222
456
219
373
222
460
219
368
222
451
220
371
223
453
220
371
223
454
220
371
223
455
221
371
223
456
220
371
223
457
220
395
234
491
228
394
234
491
228
393
234
489
228
396
235
491
228
397
235
491
228
469
213
567
208
469
213
568
205
472
217
571
211
479
215
581
206
484
204
592
192
486
204
592
192
484
210
592
198
