Test1025.jpg
Test1026.jpg
254
247
181
240
312
214
242
209
325
181
256
173
325
178
255
170
317
194
247
186
322
199
256
200
316
200
247
193
319
209
249
204
316
210
242
209
323
209
253
201
323
209
254
206
323
209
253
200
319
207
251
207
319
207
250
202
314
204
245
197
314
204
243
200
314
204
243
199
324
209
254
201
318
210
247
205
322
207
253
201
322
207
253
204
322
207
254
206
322
207
253
202
322
207
253
200
322
207
252
201
321
208
252
205
321
208
252
203
321
208
253
205
321
208
252
201
324
208
255
203
324
208
254
201
325
208
255
202
318
203
247
195
318
203
250
202
317
204
247
199
317
204
247
198
317
204
247
200
325
205
256
200
320
204
252
203
320
204
253
205
320
204
253
204
320
204
252
201
320
203
253
204
320
203
253
202
320
203
253
200
320
203
252
201
313
205
243
200
322
208
253
205
322
208
253
204
322
208
253
202
322
208
252
201
317
205
247
199
317
205
247
200
317
205
248
202
317
205
248
201
316
205
246
200
316
205
247
200
316
205
245
203
321
205
253
201
321
205
252
203
321
205
253
205
321
205
253
204
321
205
253
202
321
205
253
200
321
205
252
201
320
209
250
202
317
209
247
205
313
206
243
200
313
206
243
202
317
206
246
200
317
206
247
200
317
206
248
202
317
206
248
201
325
206
256
200
325
206
256
202
313
217
242
214
320
222
249
216
318
226
245
223
320
219
249
216
317
228
245
223
321
228
249
220
321
228
249
222
336
161
266
153
326
159
255
151
327
182
258
174
330
176
260
167
326
181
258
174
326
181
257
174
330
174
260
166
327
179
258
172
328
180
259
173
328
206
259
200
329
209
260
202
329
209
259
200
327
206
258
200
327
205
258
200
329
207
260
202
329
207
259
200
329
208
260
202
329
208
259
200
328
209
258
200
326
209
256
200
326
209
256
202
328
214
258
206
328
214
258
205
338
170
267
161
345
187
275
179
345
187
275
180
345
187
276
182
342
185
273
179
342
185
273
178
345
184
276
178
341
179
273
172
341
179
273
173
341
179
273
174
342
179
274
173
342
179
273
169
342
179
274
174
342
179
273
172
342
179
273
173
342
179
273
174
341
187
273
182
341
184
273
179
342
180
273
172
342
180
273
173
342
180
273
174
342
180
274
175
342
181
273
172
342
181
273
173
342
181
273
174
342
181
274
175
341
186
273
182
348
186
279
181
348
186
279
180
342
183
273
174
342
183
273
178
344
184
274
174
344
184
275
177
344
184
275
179
344
184
276
179
344
184
274
175
341
180
273
174
344
185
274
174
344
185
273
173
344
185
275
179
344
185
275
180
344
185
274
175
341
178
273
172
341
178
273
173
341
178
273
174
343
186
274
179
343
186
274
181
343
186
273
178
347
186
278
181
343
183
274
174
343
183
273
172
343
183
273
173
343
183
273
174
343
183
274
177
343
183
275
179
343
183
274
175
342
187
273
179
342
187
273
182
344
183
274
173
344
183
274
174
344
183
273
172
344
183
275
177
344
183
276
179
344
183
274
175
344
183
276
178
346
187
276
179
346
187
276
178
