pano6.jpg
pano7.jpg
102
163
407
174
102
163
408
174
114
163
410
172
310
190
36
183
312
190
38
183
312
190
36
183
342
191
67
187
350
250
77
248
350
250
77
249
350
250
76
249
349
249
77
248
349
249
77
249
349
249
76
247
349
249
76
249
351
250
77
248
351
250
77
249
351
250
76
249
364
160
92
157
364
160
92
156
353
261
79
261
352
262
79
261
354
275
80
275
355
275
81
275
365
161
92
157
365
161
93
158
367
174
96
169
373
273
100
273
373
273
99
274
373
275
100
275
373
274
100
273
373
274
99
274
373
274
100
275
384
280
110
279
384
280
109
279
378
290
106
293
380
281
106
282
379
297
104
298
379
297
106
298
379
297
107
299
380
294
106
295
380
294
108
296
380
294
104
298
380
294
106
298
380
294
107
299
382
298
107
299
379
294
106
295
379
294
105
294
379
294
106
293
379
294
105
295
379
294
108
296
379
294
104
298
379
294
106
298
379
294
107
299
380
295
108
296
380
295
104
298
380
295
106
298
380
295
107
299
378
292
104
295
378
292
106
295
378
292
105
294
378
292
106
293
378
292
105
295
379
293
106
295
379
293
105
294
379
293
106
293
379
293
105
295
379
293
108
296
378
297
104
298
378
297
106
298
378
297
107
299
380
297
104
298
380
297
106
298
380
297
107
299
380
296
104
298
380
296
106
298
380
296
107
299
381
298
106
298
381
298
107
299
377
297
104
298
377
297
106
298
380
298
106
298
380
298
107
299
393
292
121
293
393
292
121
294
393
292
120
293
395
294
121
294
394
293
121
293
394
293
121
294
394
293
120
293
395
293
121
294
410
109
143
107
411
109
143
107
411
111
145
109
410
111
143
110
410
111
142
110
423
110
155
110
424
110
155
110
468
85
203
90
468
85
201
88
468
85
204
88
468
85
201
89
463
91
197
93
464
94
198
96
467
85
203
90
467
85
199
88
467
85
201
88
467
85
200
90
467
85
204
88
467
85
201
89
463
86
200
90
467
88
202
92
467
88
200
90
467
88
201
91
467
88
199
92
467
89
202
92
467
89
201
93
467
89
201
91
467
89
199
92
467
89
203
93
465
90
201
93
465
90
199
92
465
90
197
93
465
87
203
90
465
87
200
90
465
87
201
91
465
87
201
89
467
90
202
92
467
90
201
93
467
90
199
92
467
90
203
93
467
87
203
90
467
87
200
90
467
87
201
91
467
87
201
89
463
160
190
160
469
90
201
93
469
90
203
93
469
88
203
90
469
88
202
92
469
88
200
90
469
88
201
91
471
86
203
90
471
86
204
88
472
160
203
162
472
160
203
163
472
161
201
163
472
161
203
163
479
195
210
197
479
195
210
198
480
195
212
199
480
195
211
198
480
195
210
198
476
234
209
238
489
124
221
127
487
159
216
163
485
160
216
163
482
173
216
177
482
173
214
175
492
193
223
197
492
194
223
197
492
194
222
198
483
195
212
199
483
195
213
198
489
235
220
239
489
235
220
238
492
236
221
239
492
236
220
239
492
236
220
238
491
236
221
239
491
236
220
239
491
236
220
238
501
123
233
128
501
124
233
128
501
124
234
128
502
124
233
128
502
124
234
128
499
124
233
128
501
203
231
207
501
203
230
206
501
204
231
207
501
204
231
208
500
202
230
206
498
227
231
233
498
227
227
230
498
227
226
231
520
94
255
101
530
84
263
94
521
160
253
165
531
158
261
164
529
157
262
162
527
160
258
167
533
80
262
91
533
79
264
88
542
82
273
93
542
82
272
93
542
82
275
92
542
82
276
92
546
82
273
94
546
82
274
94
533
112
265
122
539
113
268
124
536
109
265
122
538
114
265
122
538
114
268
124
541
118
270
127
541
118
272
126
541
118
272
125
541
118
271
127
541
118
272
128
534
109
265
122
536
110
265
122
535
109
265
122
535
110
265
122
540
118
270
127
540
118
272
126
540
118
272
125
540
118
271
127
540
118
272
128
540
127
268
134
540
127
271
136
540
127
268
136
535
148
266
155
535
148
265
154
535
148
264
156
535
148
266
156
537
149
267
157
537
149
266
156
541
160
273
166
541
160
271
166
546
160
274
167
546
160
277
168
546
160
274
168
541
157
269
166
541
157
273
165
541
157
271
166
536
150
267
157
543
159
273
166
543
159
273
165
543
159
271
166
543
159
274
165
537
150
267
157
546
161
277
168
546
161
274
168
550
119
280
126
555
120
286
127
548
118
278
126
548
118
280
126
550
118
278
126
550
118
280
126
552
140
280
146
552
140
280
147
552
140
283
147
550
139
278
146
550
139
280
145
550
139
280
146
550
139
280
147
551
139
278
146
551
139
280
145
551
139
280
146
551
139
280
147
553
139
283
147
555
136
284
144
554
140
283
147
547
161
277
168
547
161
274
168
553
152
282
159
553
151
283
158
553
151
282
158
562
126
291
135
572
150
298
158
572
150
300
158
579
158
307
169
579
158
306
167
579
158
306
168
578
159
306
169
575
155
302
164
573
150
298
158
573
150
300
158
573
150
301
158
578
158
306
167
578
158
306
168
581
158
307
169
581
158
306
167
582
310
304
314
588
131
317
143
588
131
315
141
588
131
315
142
588
132
317
143
