Test600.jpg
Test610.jpg
180
125
62
125
180
125
61
126
178
125
58
126
178
125
61
126
178
126
61
126
179
120
56
123
170
124
52
125
170
124
53
126
181
124
62
125
181
124
61
126
176
125
58
126
179
125
61
126
171
126
53
126
176
233
79
243
184
118
65
121
184
118
62
121
184
118
61
122
184
118
60
120
184
118
64
120
184
118
63
122
187
120
64
124
185
118
65
121
185
118
62
121
185
118
60
120
185
118
64
120
185
118
63
122
184
120
65
121
184
120
60
123
184
120
64
124
184
120
62
121
184
120
61
122
184
120
64
121
184
120
63
122
186
119
65
121
186
119
64
120
186
119
64
121
186
119
63
122
202
177
92
185
202
177
94
185
202
177
100
183
202
177
94
183
202
177
99
183
202
177
101
183
201
176
94
183
205
175
94
183
205
175
99
183
205
175
97
182
205
175
92
183
202
176
92
185
202
176
94
183
205
177
92
185
205
177
94
183
208
118
86
118
217
122
97
123
217
122
94
125
209
124
94
126
221
124
90
126
221
124
91
126
221
124
89
126
221
124
92
126
212
120
95
121
211
116
86
116
211
116
90
117
210
124
90
126
210
124
91
126
210
124
92
126
210
124
94
126
217
124
101
124
217
124
94
126
219
125
86
126
213
125
88
126
213
125
87
126
213
125
98
125
213
125
94
126
213
125
96
126
213
125
97
126
213
125
98
126
217
121
96
123
209
126
94
126
213
126
94
126
213
126
96
126
218
125
94
126
218
125
96
126
219
124
94
126
219
124
97
126
210
125
88
126
210
125
87
126
210
125
94
126
210
125
96
126
211
125
96
126
211
125
97
126
215
125
94
126
217
125
94
126
222
124
90
126
222
124
91
126
222
124
89
126
222
124
92
126
222
122
97
123
222
122
94
125
230
122
105
122
222
121
98
122
244
122
135
125
244
122
132
126
244
122
133
126
244
122
134
125
246
172
135
175
246
172
137
176
246
172
136
175
246
172
134
177
243
172
132
176
245
171
137
175
245
171
135
175
245
171
137
176
245
171
132
177
245
171
136
175
245
171
138
176
245
171
134
177
245
166
136
172
245
166
134
171
243
171
135
175
243
171
133
175
243
171
132
176
240
165
133
170
240
165
134
171
245
172
135
175
245
172
137
176
245
172
136
175
245
172
134
177
244
173
134
177
256
125
171
117
286
125
178
124
286
125
176
125
286
125
181
126
286
125
178
123
286
125
177
124
286
125
180
124
286
125
181
124
286
125
178
125
286
125
180
125
286
125
182
125
286
125
182
126
286
121
181
124
278
124
170
124
278
124
173
124
278
124
169
126
274
121
169
121
274
126
169
126
281
122
173
124
277
123
170
124
277
123
173
124
277
123
169
126
278
123
170
124
278
123
173
124
278
123
169
126
279
124
178
124
279
124
176
125
279
124
172
125
279
124
170
124
279
124
173
124
279
124
177
124
279
124
178
125
279
124
169
126
279
124
170
126
279
124
173
126
281
124
176
123
281
124
178
124
281
124
176
125
281
124
181
126
281
124
179
126
281
124
173
124
281
124
177
124
281
124
180
124
281
124
181
124
281
124
178
125
281
124
180
125
281
124
182
125
281
124
173
126
281
124
182
126
281
124
177
123
281
124
180
126
283
113
171
117
279
126
178
124
279
126
176
125
279
126
181
126
279
126
172
125
279
126
179
126
279
126
177
124
279
126
180
124
279
126
178
125
279
126
180
125
279
126
182
125
279
126
169
126
279
126
170
126
279
126
173
126
279
126
182
126
279
126
180
126
280
115
171
117
286
126
178
124
286
126
176
125
286
126
181
126
286
126
177
124
286
126
180
124
286
126
181
124
286
126
178
125
286
126
180
125
286
126
182
125
286
126
182
126
284
122
181
124
284
122
182
125
286
122
181
124
286
122
182
125
281
113
176
115
281
113
171
117
281
113
175
115
273
124
170
124
273
124
169
126
283
115
177
117
285
124
176
123
285
124
178
124
285
124
176
125
285
124
181
126
285
124
179
126
285
124
177
124
285
124
180
124
285
124
181
124
285
124
178
125
285
124
180
125
285
124
182
125
285
124
173
126
285
124
182
126
285
124
177
123
285
124
180
126
286
124
176
123
286
124
178
124
286
124
176
125
286
124
181
126
286
124
178
123
286
124
177
124
286
124
180
124
286
124
181
124
286
124
178
125
286
124
180
125
286
124
182
125
286
124
182
126
286
124
177
123
285
125
178
124
285
125
176
125
285
125
181
126
285
125
178
123
285
125
177
124
285
125
180
124
285
125
181
124
285
125
178
125
285
125
180
125
285
125
182
125
285
125
182
126
285
125
177
123
285
126
178
124
285
126
176
125
285
126
181
126
285
126
179
126
285
126
177
124
285
126
180
124
285
126
181
124
285
126
178
125
285
126
180
125
285
126
182
125
285
126
182
126
285
126
180
126
273
126
169
126
275
126
169
126
275
126
170
126
275
126
173
126
276
126
169
126
276
126
170
126
276
126
173
126
284
126
178
124
284
126
176
125
284
126
181
126
284
126
179
126
284
126
177
124
284
126
180
124
284
126
181
124
284
126
178
125
284
126
180
125
284
126
182
125
284
126
173
126
284
126
182
126
284
126
180
126
287
108
172
113
287
108
171
114
287
108
181
114
287
108
178
113
287
108
175
114
287
108
186
111
287
108
186
112
287
108
184
110
286
105
183
109
287
109
172
113
287
109
171
114
287
109
181
114
287
109
178
113
287
109
175
114
287
109
186
111
287
109
186
112
287
109
184
110
287
109
187
112
288
108
187
110
288
108
186
111
288
108
186
112
288
108
183
109
288
108
184
110
288
108
187
112
286
109
172
113
286
109
171
114
286
109
171
113
286
109
181
114
286
109
178
113
286
109
175
114
286
109
186
111
286
109
184
110
287
104
183
109
287
104
184
110
288
104
187
110
288
104
183
109
288
104
184
110
288
104
187
112
290
109
186
111
290
109
186
112
290
109
184
110
290
109
187
112
288
111
134
125
288
111
182
116
288
111
181
114
288
111
178
113
288
111
175
114
288
111
186
112
290
111
181
114
290
111
178
113
290
111
186
111
290
111
186
112
286
106
184
110
295
198
194
202
295
198
192
201
295
198
194
201
292
196
182
200
286
198
181
204
286
198
182
204
286
198
181
205
294
195
194
199
294
195
195
199
297
195
194
199
297
195
195
199
297
194
195
199
298
196
195
199
299
196
195
199
290
195
182
200
296
194
194
199
288
200
181
204
288
200
182
204
288
200
181
205
297
196
194
199
297
196
195
199
287
195
182
200
287
197
181
204
287
198
181
204
287
198
182
204
296
195
194
199
296
195
195
199
287
199
181
204
287
199
182
204
287
199
181
205
288
199
181
204
288
199
182
204
288
199
181
205
299
195
195
199
289
200
181
204
289
200
182
204
289
200
181
205
289
200
185
205
291
200
181
204
291
200
182
204
303
201
202
204
303
201
200
204
302
199
202
204
310
198
214
204
322
156
221
153
322
153
221
152
326
138
227
140
325
136
225
143
325
136
229
140
325
136
227
140
325
136
227
142
325
136
228
142
325
136
226
146
325
132
229
137
325
132
230
137
325
132
225
143
325
132
229
140
325
132
227
140
325
132
227
142
325
132
228
142
325
130
229
137
325
130
230
137
325
130
229
136
325
130
229
140
325
130
227
140
325
130
227
142
326
139
227
140
330
174
234
179
331
186
225
190
331
186
229
191
330
186
224
190
330
188
223
191
355
191
249
194
370
175
268
178
366
175
264
178
366
175
268
178
371
176
270
179
371
176
270
180
371
176
268
179
371
176
269
179
369
177
267
180
369
177
270
180
372
176
268
179
364
176
260
179
366
176
267
180
370
182
266
185
367
181
266
185
367
181
263
185
367
181
266
186
367
189
265
191
364
181
266
185
364
181
266
186
364
180
266
185
365
180
266
185
368
182
266
185
368
182
263
185
368
182
266
186
416
154
308
160
416
154
308
161
416
154
309
161
