Test506.jpg
Test507.jpg
217
161
158
156
217
161
157
158
217
161
156
158
217
161
159
156
217
161
157
157
218
161
158
156
218
161
156
158
218
161
159
156
218
161
157
157
220
161
158
156
220
161
157
158
220
161
156
158
220
161
159
156
220
161
157
157
215
161
158
156
215
161
156
158
215
161
159
156
215
161
157
157
223
161
159
156
223
161
159
158
223
161
161
158
223
161
157
157
223
161
160
158
223
160
158
156
223
160
159
156
222
160
158
156
222
160
159
156
222
160
157
157
221
180
159
176
222
179
160
175
228
278
170
276
231
330
118
343
244
334
139
344
244
334
135
346
244
334
141
344
244
334
134
346
244
334
153
343
244
334
152
342
244
334
147
344
245
330
147
340
247
331
153
340
244
331
147
340
243
331
147
340
246
331
153
340
240
334
137
344
240
334
139
344
258
330
159
341
258
330
169
338
258
330
163
340
258
330
161
341
258
330
170
338
262
329
163
340
262
329
170
338
282
326
200
331
382
295
322
292
382
295
322
291
382
295
321
291
382
295
321
292
