13_13_l.jpg
13_13_r.jpg
284
289
127
282
284
289
125
284
284
289
122
285
284
289
126
286
284
289
121
285
284
289
127
284
284
289
127
286
284
289
128
285
284
289
122
286
284
289
126
283
286
283
129
279
286
283
130
279
286
283
130
280
286
283
128
279
284
288
128
281
284
288
127
281
284
288
127
282
284
288
125
284
284
288
122
285
284
288
121
285
284
288
127
284
284
288
128
285
284
288
126
283
286
284
129
279
286
284
128
281
286
284
127
281
286
284
130
279
286
284
130
280
286
284
128
279
286
284
129
281
285
290
125
284
285
290
122
285
285
290
126
286
285
290
121
285
285
290
127
284
285
290
127
286
285
290
125
287
285
290
128
287
285
290
128
285
285
290
122
286
285
290
126
283
288
269
126
264
291
282
129
279
291
282
130
279
395
151
247
146
395
151
249
146
396
151
247
146
396
151
249
146
395
152
247
147
395
152
248
147
395
152
249
147
