12_12_l.jpg
12_12_r.jpg
341
213
226
213
341
213
223
214
341
213
223
213
341
213
227
212
314
216
198
215
314
216
194
214
314
216
193
215
314
216
193
214
385
152
275
157
385
152
283
157
385
152
282
157
373
205
259
207
315
137
203
134
315
137
205
134
314
215
199
213
314
215
194
214
314
215
193
214
334
222
216
221
363
195
247
197
599
235
462
250
336
222
221
221
336
222
219
221
336
222
220
222
336
222
218
221
361
198
247
199
276
183
157
176
276
183
159
175
359
210
245
211
474
154
355
165
354
167
248
167
354
167
241
167
517
243
388
249
517
243
385
248
314
137
203
134
299
208
184
204
386
214
271
216
324
174
207
172
275
199
155
193
275
199
157
191
275
199
153
194
397
173
278
178
397
173
276
178
397
173
284
178
377
212
263
214
377
212
261
213
377
212
262
215
404
154
288
159
404
154
289
159
338
156
225
157
338
156
224
156
338
156
226
157
338
156
224
155
394
208
280
211
394
208
278
210
349
206
234
206
496
180
370
191
376
208
261
210
359
193
245
194
402
152
286
157
402
152
289
157
354
222
237
222
382
220
265
221
382
220
267
221
382
220
268
220
382
220
267
222
318
141
205
137
318
141
206
138
312
206
194
205
351
216
236
215
351
216
236
216
339
215
226
213
339
215
222
214
339
215
224
215
339
215
223
214
349
212
234
212
351
217
236
216
351
217
237
216
348
210
236
209
376
215
261
217
376
215
262
216
376
215
263
216
376
215
259
217
376
215
262
217
376
215
262
215
325
218
209
217
325
218
208
217
325
218
207
216
325
218
207
217
310
219
192
216
310
219
192
217
310
219
189
217
310
219
195
217
310
219
194
217
319
216
201
215
319
216
202
215
319
216
199
215
501
242
374
249
501
242
376
250
501
242
373
249
293
200
172
192
390
200
274
203
390
200
275
203
350
210
236
209
306
236
188
233
306
236
188
232
306
236
191
233
501
243
373
249
399
205
284
209
284
150
169
143
390
205
275
208
307
218
192
216
307
218
190
216
307
218
189
216
282
190
163
183
336
217
219
217
336
217
218
217
336
217
220
217
369
213
254
215
369
213
246
214
274
181
156
174
360
166
248
167
360
166
249
167
377
214
261
217
377
214
262
216
377
214
263
216
377
214
263
214
377
214
262
217
377
214
262
215
281
142
166
135
501
240
373
247
501
240
375
247
309
233
186
231
309
233
188
232
309
233
188
231
309
234
188
233
309
234
192
232
309
234
186
231
309
234
186
232
309
234
188
232
309
234
188
231
358
200
244
200
358
200
245
201
358
200
247
200
358
200
247
199
358
200
246
200
316
138
203
134
316
138
205
134
312
215
194
214
312
215
193
214
390
153
275
157
390
153
283
157
390
153
282
157
335
204
221
204
361
203
246
204
361
203
247
203
395
208
280
211
395
208
278
210
348
214
234
212
336
204
221
204
341
217
226
215
341
217
225
217
341
217
226
217
341
217
225
216
341
217
224
217
375
221
261
223
375
221
260
222
438
159
322
167
325
224
208
223
391
152
286
157
391
152
283
157
391
152
282
157
319
217
202
215
319
217
199
216
360
195
246
196
360
195
247
196
258
161
142
151
336
223
221
222
336
223
219
223
336
223
220
222
336
223
220
223
315
217
198
215
315
217
198
216
315
217
199
215
312
219
192
217
312
219
195
217
312
219
194
217
295
211
177
206
334
214
217
215
334
214
218
214
274
194
156
187
285
192
168
184
397
172
278
177
397
172
277
177
354
214
238
214
516
245
388
252
516
245
389
250
516
245
389
251
374
216
261
217
374
216
262
216
374
216
259
217
374
216
260
218
374
216
261
218
374
216
262
217
356
197
246
196
356
197
242
197
356
197
245
197
356
197
240
198
459
155
344
165
313
214
195
212
313
214
192
212
313
214
196
212
375
215
261
217
375
215
262
216
375
215
263
216
375
215
259
217
375
215
262
217
375
215
262
215
375
206
261
208
307
220
192
217
307
220
189
217
260
160
142
151
361
166
248
167
361
166
249
167
338
158
224
156
361
201
246
202
361
201
247
202
397
205
284
209
359
194
245
195
359
194
247
194
306
233
186
231
306
233
188
231
324
215
203
214
395
167
284
172
395
167
282
172
395
169
284
174
395
169
283
174
309
218
192
216
309
218
190
216
309
218
189
216
309
218
193
215
280
186
162
179
503
242
376
250
503
242
376
249
376
216
261
217
376
216
262
216
376
216
263
216
376
216
259
217
376
216
260
218
376
216
261
218
376
216
262
217
376
216
262
215
311
149
197
144
428
159
313
166
428
159
322
167
348
205
231
205
348
205
236
204
373
217
261
217
373
217
258
219
373
217
259
217
373
217
260
218
373
217
261
218
474
155
357
166
474
155
355
166
474
155
354
166
310
232
186
231
310
232
188
231
278
190
160
182
398
152
286
157
398
152
289
157
398
152
287
156
397
170
285
175
397
170
277
175
325
209
206
209
362
200
245
201
362
200
246
202
362
200
247
202
275
201
150
199
275
201
154
195
314
208
193
207
314
208
192
206
513
239
386
245
513
239
386
246
338
161
224
161
338
161
224
160
333
217
215
216
333
217
215
217
333
217
214
216
299
156
184
150
337
167
221
165
360
196
245
197
360
196
247
197
360
196
247
196
396
210
281
213
396
210
279
213
374
221
261
223
374
221
260
222
375
210
261
210
403
161
290
166
292
202
172
193
315
141
203
138
348
221
233
219
337
214
222
214
337
214
220
215
337
214
223
213
512
238
384
243
359
201
245
201
359
201
246
202
359
201
247
202
308
217
190
216
308
217
189
216
308
217
193
215
308
217
193
214
308
217
191
214
318
217
198
216
318
217
201
215
318
217
202
215
318
217
199
216
377
211
263
214
377
211
261
213
342
212
227
212
327
224
208
222
327
224
209
222
357
220
242
220
334
224
217
223
334
209
219
208
349
215
234
215
501
241
375
248
501
241
376
249
458
148
338
158
360
203
246
204
360
203
247
203
371
218
259
220
371
218
258
219
316
213
195
212
316
213
200
211
316
213
196
212
316
213
197
211
379
215
261
217
379
215
262
216
379
215
263
216
379
215
262
217
354
215
236
216
354
215
237
216
338
160
224
159
338
160
224
160
348
213
234
212
307
219
192
216
307
219
190
216
307
219
192
217
307
219
189
217
307
219
189
216
306
220
192
217
306
220
189
217
394
210
279
213
274
193
156
184
257
161
140
152
386
219
271
221
386
219
270
221
375
220
259
220
375
220
260
222
375
220
260
220
375
220
261
220
341
215
226
213
341
215
226
215
341
215
224
215
341
215
226
214
341
215
227
214
348
219
236
216
519
250
390
256
519
250
388
257
519
250
389
257
312
209
193
208
312
209
194
208
312
209
193
207
388
152
286
157
388
152
283
157
388
152
282
157
353
215
238
214
353
215
236
215
403
162
290
167
403
162
289
167
397
151
289
157
397
151
287
156
397
151
289
156
276
181
158
174
276
181
157
176
361
195
246
196
361
195
247
196
381
220
265
221
381
220
267
221
381
220
268
220
468
154
351
164
364
201
247
203
364
201
247
202
351
203
237
202
351
203
236
203
343
220
225
220
438
205
320
211
388
153
275
157
388
153
283
157
388
153
282
157
274
192
156
184
333
216
215
216
333
216
214
216
333
216
218
216
333
216
217
215
333
216
218
215
322
176
208
174
329
176
211
174
275
183
157
176
376
218
259
220
376
218
258
219
376
218
260
220
376
218
261
220
376
218
260
218
376
218
261
218
318
138
208
135
318
138
205
134
340
216
226
215
340
216
224
215
340
216
226
214
340
216
225
216
340
216
227
214
353
217
237
216
397
202
283
206
275
179
156
174
322
141
209
138
322
141
206
138
400
152
286
157
400
152
289
157
330
218
212
217
311
220
195
217
351
215
238
214
351
215
234
215
351
215
236
215
299
215
181
212
340
217
226
215
340
217
225
217
340
217
225
216
340
217
227
214
340
217
224
217
359
200
245
201
359
200
247
200
359
200
246
200
311
219
192
217
311
219
195
217
311
219
194
217
438
158
322
166
472
155
354
166
399
152
286
157
399
152
289
157
401
206
284
210
395
199
281
203
404
162
290
167
404
162
289
167
333
215
217
215
333
215
218
214
333
215
218
215
306
234
186
231
306
234
186
232
306
234
188
232
306
234
188
231
275
182
157
176
335
217
218
216
335
217
219
217
335
217
218
217
390
174
278
178
390
174
276
178
390
174
275
178
390
174
284
178
310
218
192
216
310
218
190
216
310
218
193
215
392
200
283
206
392
200
282
205
397
167
284
172
397
167
282
172
298
202
180
197
298
202
178
195
298
202
180
196
339
167
224
166
339
167
225
167
270
201
149
195
333
214
218
214
438
157
326
165
392
207
278
210
392
207
275
208
392
174
278
178
392
174
276
178
392
174
275
178
392
174
284
178
337
161
224
161
375
216
261
217
375
216
262
216
375
216
263
216
375
216
259
217
375
216
260
218
375
216
261
218
375
216
262
217
329
215
211
214
316
142
203
138
352
222
237
222
317
216
198
215
317
216
201
215
317
216
200
214
317
216
199
215
354
197
242
197
354
197
240
197
326
231
208
229
326
231
209
229
396
152
286
157
396
152
283
157
396
152
289
157
396
152
282
157
502
152
378
165
370
165
258
167
370
165
257
167
274
205
153
200
274
205
156
198
335
223
221
222
335
223
219
223
335
223
218
223
394
202
283
207
250
190
130
181
338
216
224
215
338
216
223
214
338
216
220
217
516
241
386
246
394
173
278
178
394
173
276
178
394
173
284
178
342
215
226
215
342
215
224
215
342
215
226
214
342
215
227
214
360
213
246
214
359
196
246
196
359
196
245
197
359
196
247
196
309
235
188
233
309
235
192
232
309
235
188
232
309
235
191
233
360
201
245
201
360
201
246
202
360
201
247
202
388
155
273
159
380
205
265
208
314
152
200
149
198
179
70
167
328
217
212
217
349
210
236
209
346
205
231
205
307
236
188
233
307
236
188
232
307
236
191
233
310
217
194
214
310
217
193
215
310
217
193
214
275
194
156
187
386
209
271
212
513
249
388
257
311
217
194
214
311
217
193
215
311
217
193
214
360
193
245
194
360
193
247
194
516
246
388
252
516
246
389
251
516
246
389
253
516
246
389
252
298
203
181
199
298
203
178
195
353
216
236
216
353
216
237
216
375
222
261
223
375
222
260
222
278
188
160
181
264
197
144
191
515
250
390
256
515
250
388
257
515
250
389
257
270
204
149
198
270
204
150
197
270
204
154
195
270
204
148
198
310
237
192
236
310
237
195
234
325
214
208
213
376
212
263
214
376
212
261
213
376
212
262
215
323
141
209
138
335
224
219
223
335
224
218
223
335
224
220
223
339
204
221
204
327
237
208
235
321
175
207
173
286
185
169
178
275
178
156
172
275
178
157
171
269
203
150
196
269
203
148
198
269
203
153
194
394
201
283
206
394
201
282
205
276
184
159
176
278
181
157
176
278
181
159
175
278
181
160
175
278
181
159
176
328
218
209
217
336
205
221
204
515
240
386
245
515
240
386
246
515
244
389
250
515
244
388
249
336
218
219
217
336
218
220
217
373
218
259
220
373
218
258
219
373
218
260
220
373
218
261
220
373
218
260
218
373
218
261
218
273
179
156
172
335
218
219
217
335
218
218
217
335
218
220
217
306
219
192
216
306
219
190
216
306
219
189
217
306
219
189
216
330
169
216
167
335
215
220
215
335
215
218
216
335
215
217
215
335
215
218
214
335
215
218
215
602
233
464
248
338
157
225
157
338
157
224
156
338
157
224
155
336
216
222
214
336
216
220
215
336
216
218
216
336
216
218
217
488
175
364
186
466
155
351
164
466
155
346
165
398
203
283
207
343
210
229
208
343
210
226
210
385
156
273
159
369
165
258
167
369
165
257
167
397
207
282
210
341
216
226
215
341
216
224
215
341
216
226
214
341
216
225
216
341
216
227
214
306
235
188
233
306
235
186
231
306
235
186
232
306
235
188
232
306
235
188
231
317
138
203
134
317
138
208
135
317
138
205
134
354
217
239
217
325
223
208
222
205
179
75
166
310
234
188
233
310
234
192
232
310
234
186
232
310
234
188
232
310
234
191
233
310
238
192
236
310
238
195
235
310
238
195
234
334
212
219
211
393
205
281
209
393
205
278
208
301
218
183
215
515
249
389
254
515
249
390
256
515
249
388
257
515
249
389
257
