paris_invalides_000662_sm_5.jpg
paris_invalides_000663.jpg
207
235
170
189
214
236
175
192
215
232
178
186
214
234
174
191
212
232
173
187
212
232
171
189
213
230
172
187
214
235
174
191
212
231
172
187
212
231
171
189
214
228
173
185
213
233
175
187
213
233
174
188
212
235
173
191
214
229
172
187
213
231
173
187
222
226
180
183
289
228
305
185
290
229
306
185
290
229
305
184
290
229
305
185
291
232
304
186
291
232
307
189
292
233
304
186
292
233
307
189
292
234
306
190
297
236
311
192
293
233
304
186
293
234
307
189
291
230
305
184
291
230
305
185
293
235
306
190
291
229
306
185
291
229
305
184
300
249
317
212
300
249
314
208
300
249
315
208
300
249
316
211
300
248
315
208
300
248
315
207
298
250
310
205
299
250
310
204
299
250
317
215
296
248
308
203
299
247
315
208
299
247
316
211
300
247
315
206
300
247
317
211
300
247
315
207
299
246
315
207
296
247
310
205
296
246
310
203
296
246
310
204
301
246
313
201
301
246
316
205
301
246
316
206
301
246
314
203
301
244
314
201
300
243
314
201
300
242
313
198
300
241
314
198
301
248
315
205
301
248
315
206
301
248
318
211
301
248
315
207
301
250
317
212
301
250
320
216
301
250
314
208
301
250
315
208
301
250
316
211
303
251
317
211
303
251
315
207
303
251
320
215
304
252
320
215
302
247
316
205
302
247
316
206
302
247
314
203
302
247
320
212
301
247
315
205
301
247
315
206
301
249
315
206
301
249
317
211
301
249
320
216
301
249
315
208
301
249
315
207
303
253
320
217
302
248
315
205
302
248
316
206
302
248
314
203
302
248
315
206
302
248
320
213
305
251
320
212
303
252
320
216
303
252
320
215
302
249
315
205
302
249
315
206
302
249
318
211
302
249
315
207
302
253
320
217
