paris_invalides_000662_pt_8.png
paris_invalides_000663.jpg
320
225
322
223
320
225
321
220
318
228
319
225
218
220
169
194
218
220
167
198
218
220
170
193
217
221
167
198
217
221
170
193
317
226
320
224
232
210
182
183
232
210
178
186
317
227
320
224
317
227
319
225
234
212
183
185
234
212
183
186
234
212
184
185
225
219
178
190
315
212
316
206
315
212
316
205
315
212
314
202
320
218
320
212
234
201
182
177
234
201
181
178
317
222
320
218
317
222
321
220
317
222
321
219
220
220
173
192
220
220
172
193
222
216
174
188
222
216
175
187
222
216
170
193
316
220
320
218
316
220
320
217
219
218
167
197
219
218
169
194
219
218
170
191
233
208
180
183
233
208
181
182
223
224
167
212
298
204
295
190
298
204
296
190
298
204
295
189
229
207
177
182
229
207
176
183
229
211
178
186
226
217
178
190
226
217
175
192
314
210
314
201
314
210
316
205
314
210
314
202
290
211
284
195
290
211
285
195
227
218
178
190
292
212
287
196
292
212
286
195
226
212
174
188
226
212
175
187
318
225
321
223
227
217
178
190
215
228
162
213
314
207
314
198
232
208
180
183
232
208
181
182
226
207
174
182
222
213
170
190
222
213
173
187
222
213
169
190
222
213
167
192
222
213
171
189
222
213
173
185
222
213
170
189
222
213
172
187
314
211
316
206
314
211
314
203
314
211
314
202
318
220
320
215
318
220
320
216
240
206
185
184
240
206
184
185
220
217
167
197
220
217
169
194
314
219
316
215
314
219
317
215
226
208
173
185
226
208
173
184
303
198
302
184
303
198
301
184
303
198
304
186
317
228
319
225
298
202
296
189
298
202
296
188
298
202
294
187
298
202
297
190
298
200
296
188
298
200
297
188
298
200
296
187
298
200
296
186
229
212
173
191
229
212
178
186
229
212
174
191
297
205
295
192
321
228
322
223
306
198
305
184
306
198
304
183
306
198
305
185
316
219
317
212
316
219
316
211
316
219
320
217
297
201
296
189
297
201
296
188
297
201
294
187
297
201
295
189
309
202
304
186
309
202
307
189
225
216
173
192
225
216
173
193
225
216
172
193
225
216
174
191
317
214
320
212
223
217
173
192
223
217
173
191
223
217
172
193
223
217
174
191
320
228
321
223
303
191
260
106
303
191
259
104
303
201
302
187
303
201
301
186
221
214
170
190
221
214
173
187
221
214
169
190
221
214
171
189
221
214
170
189
221
214
172
187
221
214
167
194
219
219
170
193
219
219
167
199
304
190
260
104
225
212
174
188
225
212
170
190
225
212
173
187
225
212
175
187
225
212
171
189
225
212
170
191
318
218
316
206
318
218
318
211
318
218
315
205
318
218
320
213
234
204
181
180
312
216
310
204
312
216
310
203
235
210
183
185
235
210
184
183
235
210
183
186
220
219
173
191
220
219
168
198
220
219
171
193
230
210
180
183
230
210
178
186
227
212
174
188
227
212
175
187
234
213
184
186
234
213
183
186
217
220
167
197
307
200
304
186
307
200
305
185
240
207
185
186
240
207
185
185
240
207
185
184
208
232
159
212
225
214
173
191
225
214
174
188
225
214
175
187
225
214
171
193
302
197
302
184
302
197
301
184
302
197
304
186
228
212
178
186
228
210
174
188
228
210
175
187
321
226
322
223
228
215
178
190
228
215
175
192
229
208
176
184
307
201
302
184
307
201
304
186
220
216
170
190
220
216
173
187
220
216
171
189
220
216
170
191
225
209
173
185
225
209
173
184
318
216
320
212
318
216
320
213
317
221
320
218
317
221
321
220
317
221
321
219
317
221
320
217
309
201
305
185
316
225
320
224
307
198
305
184
307
198
304
183
307
198
306
185
302
186
260
102
219
217
170
190
219
217
173
187
219
217
171
189
219
217
170
191
315
218
315
211
315
218
314
208
315
218
316
211
315
218
317
214
315
218
314
209
315
218
316
212
240
209
186
186
238
208
183
185
238
208
184
186
238
208
183
186
238
208
185
184
238
208
184
185
297
203
295
190
297
203
296
190
297
203
295
189
317
215
320
212
317
215
316
205
317
215
320
213
237
209
183
185
237
209
184
186
237
209
183
186
237
209
185
184
237
209
184
185
224
219
175
192
318
219
318
211
318
219
317
211
318
219
320
215
318
221
321
219
318
221
320
217
318
221
320
216
289
211
284
195
300
199
298
186
300
208
297
195
300
208
295
192
300
208
298
195
320
226
322
223
320
226
321
223
224
211
168
190
224
211
173
187
224
211
169
190
224
211
167
192
224
211
173
185
224
211
170
189
224
211
172
187
224
211
176
183
297
202
296
189
297
202
295
190
297
202
296
190
297
202
294
187
297
202
295
189
320
227
322
223
320
227
321
223
299
198
298
186
321
227
322
223
225
218
178
190
225
218
175
192
299
199
296
185
299
199
298
186
217
219
170
191
227
205
174
181
306
202
302
187
315
211
314
201
315
211
316
205
316
218
317
212
316
218
315
207
316
218
316
211
316
218
317
211
316
218
320
216
316
218
315
208
232
203
181
178
232
207
180
183
227
210
176
184
227
210
173
187
299
201
297
187
299
201
298
189
299
201
297
188
299
201
296
187
299
201
296
186
289
208
285
193
226
213
173
191
226
213
174
188
226
213
175
187
231
205
177
182
306
197
305
184
306
197
304
183
306
197
306
185
221
216
169
194
315
216
315
206
315
216
315
207
315
216
317
211
315
216
315
208
320
219
320
212
320
219
320
213
227
209
177
182
227
209
176
184
227
209
173
187
227
209
170
189
227
209
172
187
227
209
176
183
230
212
180
186
