paris_invalides_000662_pt_10.png
paris_invalides_000663.jpg
223
230
163
210
225
230
162
213
225
230
163
212
225
230
163
213
224
231
162
213
224
231
163
212
230
220
167
198
232
218
170
193
232
218
167
198
232
218
174
188
232
216
170
191
232
216
170
190
232
216
167
194
232
216
173
187
232
216
172
187
232
216
171
189
234
213
168
190
234
213
170
189
234
213
169
190
234
213
167
192
234
213
170
190
234
213
173
185
234
213
173
187
234
213
172
187
234
213
171
189
232
217
170
191
232
217
167
197
230
218
170
191
230
218
170
190
230
218
167
194
230
218
173
187
230
218
171
189
226
228
162
213
229
237
166
219
229
237
168
218
238
209
177
182
238
209
173
185
238
209
176
183
237
211
176
184
237
211
177
182
237
211
176
183
237
211
173
187
237
211
172
187
237
212
176
184
237
212
175
187
237
212
173
187
237
212
171
189
242
207
181
180
236
209
173
184
236
209
174
182
241
211
178
186
241
211
180
183
241
211
181
182
237
207
174
182
237
207
174
181
237
209
173
184
237
209
173
185
239
209
176
184
239
209
177
182
239
209
176
183
235
210
173
184
235
210
174
182
235
210
173
185
240
210
175
187
235
211
168
190
235
211
167
191
235
211
173
184
235
211
173
185
235
211
172
187
236
211
168
190
236
211
170
189
236
211
169
190
236
211
173
185
236
211
176
183
236
211
173
187
236
211
172
187
240
208
176
184
240
208
177
182
240
208
176
183
236
212
170
189
236
212
169
190
236
212
170
190
236
212
176
184
236
212
176
183
236
212
173
187
236
212
172
187
236
212
171
189
240
206
177
182
235
217
173
191
243
213
178
190
239
214
178
186
236
215
175
187
236
215
174
188
238
218
178
190
238
215
178
186
236
213
170
190
236
213
176
184
236
213
175
187
236
213
173
187
236
213
174
188
236
213
171
189
243
214
178
190
303
195
298
186
303
198
297
187
303
198
298
189
301
198
296
189
301
198
296
188
299
199
295
190
301
199
296
189
301
199
296
190
301
199
295
189
301
200
295
190
301
200
296
190
301
200
295
189
301
201
295
190
303
205
295
192
308
192
306
185
308
192
305
184
308
196
304
186
310
195
304
183
310
195
306
185
310
195
305
184
310
195
305
185
320
211
320
212
322
216
320
215
318
221
318
224
318
221
319
225
319
219
319
222
320
218
322
223
319
221
320
224
322
219
321
220
322
220
322
223
320
214
320
215
322
218
320
218
322
218
321
219
322
214
320
212
321
221
321
223
