24_24_l.jpg
24_24_r.jpg
320
130
155
109
320
130
152
108
366
125
211
112
314
136
150
113
314
136
148
113
313
131
150
110
313
131
152
110
313
131
152
109
313
131
151
110
313
131
155
110
314
130
155
109
314
130
152
108
314
130
150
108
314
130
154
109
314
130
152
109
278
115
115
86
312
136
148
113
320
131
155
109
320
131
154
109
320
131
152
109
320
131
155
110
319
135
152
113
319
135
158
113
313
135
152
113
313
135
151
113
313
135
150
113
313
135
147
112
313
135
149
112
313
135
148
113
320
135
158
113
316
132
157
111
316
132
150
110
316
132
152
110
316
132
151
110
316
132
155
110
316
132
156
111
142
180
61
148
142
180
58
148
142
180
60
148
277
114
113
84
387
118
233
109
387
118
230
109
312
132
151
111
312
132
150
110
312
132
152
110
312
132
151
110
317
134
151
111
317
134
148
111
317
134
158
113
317
134
155
112
315
133
151
111
315
133
148
111
315
133
150
110
315
133
158
112
315
133
151
110
315
133
155
112
139
179
59
146
315
131
155
109
315
131
154
109
315
131
152
110
315
131
152
109
315
131
151
110
315
131
155
110
317
131
155
109
317
131
150
108
317
131
154
109
317
131
152
110
317
131
152
109
317
131
155
110
318
133
151
111
318
133
157
111
318
133
152
110
318
133
158
112
318
133
155
112
318
133
156
111
319
132
157
111
319
132
152
110
319
132
151
110
319
132
155
110
319
132
156
111
279
115
116
86
388
118
233
109
317
135
152
113
317
135
151
113
317
135
149
112
317
130
155
109
317
130
152
108
317
130
150
108
317
130
154
109
317
130
152
109
280
115
118
86
312
135
152
113
312
135
151
113
312
135
150
113
312
135
147
112
312
135
149
112
312
135
145
112
312
135
148
113
320
133
157
111
320
133
158
112
320
133
155
112
320
133
156
111
