Test1500.jpg
Test1501.jpg
62
213
103
204
63
213
103
204
60
214
103
204
61
214
103
204
78
15
108
16
78
15
109
16
77
15
108
16
77
15
109
16
74
17
106
16
75
17
108
16
75
17
109
16
75
17
106
16
81
18
111
18
81
18
111
19
81
18
112
17
81
16
109
16
81
200
119
191
89
232
123
231
85
233
123
231
85
233
124
231
84
231
120
230
84
231
123
230
116
186
153
183
117
187
153
183
117
187
153
184
117
189
154
184
117
189
152
185
117
189
153
183
117
189
153
184
119
190
153
189
119
190
154
189
119
191
153
189
119
191
154
189
118
190
153
189
118
190
154
189
121
190
153
189
121
190
154
189
121
190
158
184
118
191
153
189
118
191
154
189
122
191
156
188
122
191
154
189
122
191
158
184
139
217
177
210
151
220
192
215
151
220
191
216
156
218
192
215
154
218
192
215
154
218
191
216
157
202
190
204
159
203
195
203
163
217
197
215
163
217
197
214
156
211
192
215
156
211
191
216
156
212
192
215
156
212
191
216
157
217
192
215
156
210
192
215
159
306
195
299
196
35
231
33
196
35
230
33
196
35
229
34
196
35
231
36
214
110
245
109
220
111
251
110
233
100
267
103
234
157
268
158
227
303
260
295
244
100
276
103
244
99
276
103
235
100
269
103
235
100
267
103
235
100
268
103
244
101
277
103
244
101
276
103
239
139
273
137
239
139
273
138
239
139
273
140
239
139
273
141
246
131
275
130
236
152
271
156
236
152
271
153
236
152
272
156
236
152
272
155
242
152
273
152
242
152
272
152
242
152
273
153
242
152
277
152
242
152
274
152
242
152
276
152
239
152
271
153
239
152
273
153
239
152
272
155
243
152
273
152
243
152
272
152
243
152
273
153
243
152
277
152
243
152
274
152
243
152
276
152
244
152
273
152
244
152
277
152
244
152
274
152
244
152
276
152
241
166
273
164
237
165
270
165
242
166
273
164
238
166
270
165
247
295
279
288
247
290
281
286
247
290
280
286
245
294
279
288
236
299
270
291
236
299
265
295
236
300
270
291
237
299
270
291
245
296
279
288
239
296
270
291
254
291
286
287
260
295
289
290
260
295
292
290
258
293
286
291
258
293
289
288
258
293
289
290
258
293
292
290
250
289
281
286
250
289
280
286
255
294
286
291
257
294
286
291
257
294
289
288
257
294
289
290
257
294
292
290
248
291
281
286
248
291
279
288
248
291
280
286
273
147
304
145
273
147
306
145
273
147
307
145
268
162
299
161
268
162
300
160
271
158
301
158
271
158
304
155
271
156
304
155
273
164
307
160
273
156
304
155
269
165
302
162
260
156
292
155
260
156
294
157
260
156
292
154
260
156
292
157
260
156
293
157
260
156
295
154
260
156
290
156
260
156
293
155
260
156
294
156
264
158
295
158
264
158
294
157
264
158
292
157
264
158
293
157
264
158
294
156
268
160
301
158
268
160
300
160
270
160
299
161
270
160
301
158
270
160
300
160
270
165
302
162
268
164
302
162
260
157
292
155
260
157
294
157
260
157
292
154
260
157
292
157
260
157
293
157
260
157
290
156
260
157
293
155
260
157
294
156
266
157
295
158
266
157
294
157
266
157
294
156
262
154
292
155
262
154
292
154
262
154
295
154
262
154
293
155
262
154
294
156
261
158
292
155
261
158
295
158
261
158
294
157
261
158
292
157
261
158
293
157
261
158
290
156
261
158
293
155
261
158
294
156
262
156
292
155
262
156
295
158
262
156
294
157
262
156
292
154
262
156
292
157
262
156
293
157
262
156
295
154
262
156
290
156
262
156
293
155
262
156
294
156
265
158
295
158
265
158
294
157
265
158
292
157
265
158
293
157
265
158
294
156
263
156
292
155
263
156
295
158
263
156
294
157
263
156
292
154
263
156
292
157
263
156
293
157
263
156
295
154
263
156
293
155
263
156
294
156
273
162
307
159
273
162
302
162
269
163
299
161
269
163
302
162
270
159
299
161
270
159
301
158
270
159
300
160
269
160
299
161
269
160
301
158
269
160
300
160
264
153
295
154
272
156
304
155
269
157
304
155
266
154
295
154
260
162
290
160
261
162
290
160
263
157
292
155
263
157
295
158
263
157
294
157
263
157
292
154
263
157
292
157
263
157
293
157
263
157
295
154
263
157
293
155
263
157
294
156
272
155
304
155
268
281
300
279
270
282
300
279
272
282
300
279
269
281
300
279
273
282
300
279
272
284
295
281
272
284
293
281
272
284
296
281
269
285
294
282
270
291
296
289
270
291
297
287
270
291
306
287
270
291
305
288
270
291
307
287
272
283
295
280
273
284
295
281
273
284
295
280
273
284
293
281
273
284
296
281
263
295
295
293
263
295
292
290
265
295
295
293
265
295
292
290
265
295
306
291
265
295
303
291
265
295
304
291
269
283
295
280
261
293
289
288
261
293
289
290
261
293
292
290
262
293
289
288
262
293
289
290
262
293
292
290
263
293
289
290
263
293
292
290
261
295
289
290
261
295
292
290
268
283
293
281
277
147
310
144
277
147
308
145
277
147
309
144
279
146
312
145
279
146
311
144
278
147
310
144
278
147
312
145
278
147
311
144
279
152
310
152
280
282
311
279
279
282
311
279
274
288
306
287
274
288
307
287
281
286
313
285
279
288
313
285
286
291
319
288
286
291
320
289
286
291
315
285
286
287
322
284
286
287
323
284
286
287
321
285
286
287
324
284
274
284
293
281
280
286
313
285
282
311
317
307
282
311
314
307
282
313
317
308
278
313
309
310
278
313
307
309
280
310
311
306
280
309
311
306
290
156
319
156
295
282
329
280
294
282
329
280
289
288
322
284
289
288
323
284
289
288
324
284
295
289
322
284
295
289
323
284
295
289
324
284
289
290
321
285
292
290
322
284
294
288
322
284
294
288
323
284
294
288
324
284
293
287
323
284
293
287
324
284
309
263
339
260
301
285
326
280
306
287
334
282
303
284
334
282
304
284
334
282
307
315
338
310
306
320
337
319
307
323
337
319
306
323
337
319
317
258
346
257
317
307
345
306
317
307
347
304
317
307
346
306
323
308
350
304
313
307
345
306
313
307
347
304
313
307
346
306
313
307
349
304
314
307
345
306
314
307
347
304
314
307
346
306
314
307
349
304
317
308
345
306
317
308
347
304
317
308
346
306
317
308
351
307
317
308
344
307
318
308
345
306
318
308
347
304
318
308
346
306
318
308
351
307
319
308
347
304
316
303
349
302
336
228
366
227
335
227
366
227
335
227
365
223
338
226
366
227
333
228
366
227
328
220
359
217
328
220
361
217
328
227
358
225
328
227
357
226
328
227
359
224
326
220
356
216
326
220
359
217
327
217
359
215
327
217
356
216
331
228
361
224
331
228
360
224
326
229
355
225
326
229
355
227
326
229
358
229
326
229
354
225
326
229
357
226
326
229
359
229
336
225
365
223
336
225
365
222
326
227
355
225
326
227
355
227
326
227
354
225
326
227
358
225
326
227
357
226
327
227
355
225
327
227
358
225
327
227
357
226
328
221
359
217
333
227
363
223
333
227
361
224
333
227
361
223
333
227
362
223
331
229
359
229
325
229
355
225
325
229
355
227
325
229
358
229
325
229
354
225
336
224
363
223
336
224
365
223
336
224
365
222
329
220
359
217
329
220
361
217
329
220
362
217
334
230
364
231
333
225
363
223
333
225
361
224
333
225
361
223
333
225
362
223
333
225
363
222
333
225
360
224
333
225
365
223
333
225
365
222
330
220
359
217
330
220
361
217
330
220
362
217
325
220
356
216
325
220
354
216
325
220
353
217
325
220
354
217
325
220
353
218
325
220
352
219
325
220
353
219
338
220
367
217
338
220
367
218
330
230
358
229
330
230
359
229
327
219
359
215
327
219
356
216
327
219
359
217
327
219
360
215
331
227
361
224
331
227
361
223
331
227
358
225
331
227
362
223
331
227
359
224
331
227
360
224
337
221
365
221
337
221
367
217
337
221
368
220
337
221
367
218
337
221
366
221
337
221
367
221
337
221
366
217
334
227
363
223
334
227
362
223
334
227
366
227
334
227
365
223
330
219
359
215
330
219
359
217
330
219
361
217
330
219
362
217
330
219
360
215
338
227
366
227
336
222
364
222
336
222
365
221
336
222
368
220
336
222
367
218
336
222
366
221
336
222
367
221
336
222
365
222
329
228
358
225
329
228
357
226
329
228
359
224
329
228
359
229
335
224
363
223
335
224
362
223
335
224
363
222
335
224
365
223
335
224
365
222
338
229
366
227
335
228
366
227
330
218
359
215
330
218
359
217
330
218
361
217
330
218
360
215
347
199
376
196
347
199
376
197
343
281
375
280
349
275
382
274
345
306
374
303
345
306
375
305
347
304
374
303
347
304
374
302
347
304
379
304
350
304
379
304
350
304
381
302
350
304
383
301
350
304
385
302
346
306
374
303
346
306
375
305
351
307
381
307
351
307
384
307
349
304
379
304
349
304
381
302
349
304
383
301
349
304
385
302
351
301
378
299
351
301
381
302
351
301
383
301
349
302
378
299
349
302
381
302
349
302
383
301
344
307
374
303
344
307
375
305
351
300
378
299
354
214
390
213
352
210
389
209
352
210
388
208
353
215
385
213
354
215
385
213
354
215
390
213
351
212
388
210
353
216
385
213
353
216
380
214
351
215
381
214
351
215
385
213
351
215
380
214
351
215
383
214
354
216
385
213
356
212
388
210
353
217
383
215
354
217
383
215
353
218
385
216
352
219
386
216
352
219
385
216
352
219
383
217
351
221
382
218
351
221
385
218
351
221
383
218
363
223
396
220
363
223
395
219
363
223
397
219
363
223
398
220
355
225
389
221
353
219
386
216
353
219
387
216
353
219
388
216
353
219
389
216
353
219
386
217
353
219
383
218
358
229
389
229
361
224
396
220
361
223
389
221
361
223
391
220
361
223
396
220
361
223
393
219
361
223
395
219
362
223
396
220
362
223
395
219
352
221
386
217
352
221
385
218
353
224
385
221
363
222
398
219
363
222
396
220
363
222
395
219
363
222
397
219
363
222
398
220
359
224
389
221
359
224
391
220
364
222
398
218
364
222
398
219
364
222
397
219
364
222
400
219
364
222
398
220
364
222
399
220
359
229
390
230
359
229
389
229
353
275
382
274
353
275
383
274
356
271
387
270
354
284
387
281
354
284
387
282
363
291
393
288
355
284
387
281
364
289
395
285
355
283
387
281
355
283
387
282
352
287
381
287
356
284
387
281
351
288
381
287
351
288
383
289
363
290
393
288
362
291
391
289
360
293
391
289
376
222
410
221
376
222
410
222
365
223
398
219
365
223
397
219
365
223
400
219
365
223
398
220
365
223
399
220
365
221
398
218
365
221
398
219
365
221
398
217
365
221
400
219
365
221
400
218
371
219
402
218
371
219
406
217
371
219
404
218
368
220
400
217
368
220
403
218
368
220
402
218
368
220
404
218
369
220
403
218
369
220
402
218
369
220
406
219
369
220
404
218
367
218
403
217
367
218
400
217
367
218
402
218
366
221
398
218
366
221
402
220
366
221
401
220
366
221
398
219
366
221
398
217
366
221
400
219
366
221
400
218
366
221
401
218
367
221
402
220
367
221
401
220
367
221
400
219
367
221
400
218
367
221
401
218
370
219
404
218
365
222
398
218
365
222
398
219
365
222
397
219
365
222
400
219
365
222
400
218
365
222
398
220
365
222
399
220
371
232
401
232
371
232
400
233
375
232
410
231
370
233
401
232
370
233
400
233
365
238
396
235
365
238
397
235
364
231
392
230
364
231
396
231
364
231
392
231
366
232
396
231
366
232
398
231
366
232
396
233
372
231
401
232
372
233
404
232
370
234
401
232
370
234
400
233
367
235
397
235
364
233
396
231
364
233
394
233
364
233
392
231
364
239
397
235
374
303
404
302
374
302
404
302
376
298
408
298
375
305
407
302
375
305
405
304
374
346
406
344
374
346
405
344
374
346
403
346
390
208
425
208
390
208
424
206
390
208
425
207
383
206
414
205
384
217
416
213
384
217
415
215
384
217
417
217
390
206
425
208
390
206
424
206
390
206
425
207
381
214
413
212
388
215
419
212
388
215
420
211
388
215
421
211
388
215
418
212
385
213
419
212
385
213
420
211
385
213
421
211
385
213
418
212
386
216
419
212
386
216
418
212
380
214
413
212
378
217
412
214
378
217
412
215
382
214
413
212
383
214
416
213
383
214
413
212
377
215
412
214
377
215
412
215
380
215
413
212
380
215
412
214
380
215
412
215
382
215
416
213
382
215
413
212
383
215
416
213
383
215
413
212
383
215
415
215
386
215
419
212
386
215
421
211
386
215
418
212
387
215
419
212
387
215
421
211
387
215
418
212
378
216
412
214
378
216
412
215
385
216
419
212
385
216
421
211
385
216
418
212
390
213
420
211
390
213
422
209
387
216
419
212
387
216
418
212
388
216
419
212
379
217
412
214
379
217
412
215
383
217
412
214
383
217
412
215
383
217
415
215
383
217
417
217
390
230
421
226
390
230
418
226
390
230
422
226
390
230
419
226
390
219
420
220
389
221
420
220
382
218
412
215
382
218
415
215
382
218
413
218
382
218
414
218
382
218
412
218
382
218
417
217
385
221
416
220
385
221
414
218
385
221
417
217
385
221
419
219
385
221
417
219
385
221
419
221
385
221
417
220
385
221
420
220
385
218
415
215
385
218
418
218
389
229
421
226
389
229
418
226
389
229
419
226
383
218
412
215
383
218
415
215
383
218
417
217
379
233
410
231
390
267
424
267
382
274
414
274
388
300
416
301
388
300
419
299
388
300
418
299
378
299
408
298
386
302
414
303
381
302
411
301
383
301
415
299
385
301
415
299
385
301
413
303
385
301
418
299
385
302
413
303
385
302
419
299
386
339
415
338
402
220
436
217
391
220
420
220
402
222
434
220
402
222
435
220
402
222
436
223
398
219
433
220
398
219
430
219
396
220
429
218
397
219
429
218
397
219
430
219
398
220
429
218
398
220
430
219
399
220
434
220
399
220
433
220
399
220
434
221
392
230
421
226
392
230
422
226
392
230
419
226
401
232
433
229
401
232
432
228
401
232
434
233
400
233
434
233
398
231
430
229
398
231
431
229
396
233
427
230
396
233
430
229
392
269
424
267
407
207
439
205
407
207
439
206
407
207
440
207
414
207
446
206
414
207
443
206
405
208
439
205
405
208
439
206
405
208
439
208
405
208
440
207
413
208
444
207
413
208
443
207
413
208
446
206
413
208
443
206
403
211
436
209
403
211
435
207
409
211
443
207
411
208
440
207
411
208
444
207
411
208
443
207
411
208
446
206
411
208
443
206
410
210
439
206
410
210
439
208
410
210
440
207
410
210
444
207
410
210
443
207
410
210
445
210
410
210
443
206
411
206
446
206
411
206
443
206
413
212
445
210
412
214
445
210
415
215
449
214
409
219
443
216
409
222
444
221
411
218
445
215
411
218
443
216
413
218
449
214
413
218
445
215
413
219
445
215
414
225
446
225
414
225
447
225
414
225
447
223
414
225
448
225
414
225
444
224
416
220
450
218
410
222
446
220
410
222
444
221
411
222
446
220
414
218
449
214
414
218
445
215
413
222
446
220
412
218
445
215
411
220
443
216
410
231
441
228
408
231
441
228
410
232
441
228
404
232
435
227
404
232
436
228
411
299
443
298
408
298
443
298
429
164
465
162
421
164
457
162
426
172
464
169
423
176
459
173
423
176
455
176
423
176
455
173
424
169
461
167
424
169
464
166
421
173
456
171
427
176
461
177
427
176
459
176
427
176
463
177
427
176
464
174
427
176
460
176
427
176
461
176
427
176
462
177
419
175
456
171
418
177
455
173
419
177
455
173
423
190
454
191
417
190
450
192
417
190
448
192
421
190
454
191
416
190
448
192
426
180
461
177
426
180
462
178
424
209
458
206
424
209
456
209
422
211
456
209
425
208
459
205
425
208
458
206
428
208
459
205
417
217
450
214
417
217
449
214
424
206
458
206
428
206
459
205
425
207
459
205
425
207
458
206
421
206
453
206
421
206
454
206
421
206
452
205
421
206
453
205
422
209
453
206
422
209
454
206
418
218
450
214
421
226
455
227
421
226
453
226
421
226
460
226
421
226
457
223
423
222
457
220
426
228
460
226
426
228
462
229
426
228
467
227
426
228
463
228
426
228
466
228
425
223
459
222
425
223
465
223
425
223
462
223
426
224
459
222
426
224
465
223
426
224
462
223
429
225
459
222
429
225
465
223
429
225
460
226
429
225
462
223
418
226
455
227
418
226
453
226
422
226
455
227
422
226
453
226
422
226
460
226
422
226
457
223
425
229
460
226
425
229
462
229
425
229
463
228
421
223
455
218
422
223
453
226
422
223
457
220
423
221
455
218
423
221
457
218
425
224
459
222
425
224
465
223
425
224
460
226
425
224
462
223
428
224
459
222
428
224
465
223
428
224
462
223
424
222
457
220
419
226
455
227
419
226
453
226
425
222
457
220
428
222
459
222
428
222
463
220
428
222
465
223
428
222
462
223
427
230
462
229
427
230
463
228
427
230
466
228
427
231
462
229
427
231
463
228
424
261
455
260
424
261
455
261
424
261
455
259
434
164
470
162
442
171
477
173
442
171
476
173
442
171
477
172
441
172
477
173
441
172
476
173
436
176
468
175
436
176
465
175
436
176
468
172
436
176
464
174
436
176
465
176
436
176
470
177
436
176
469
177
436
176
469
174
432
178
468
175
432
178
465
175
432
178
463
177
432
178
468
178
432
178
464
174
432
178
465
176
432
178
462
177
432
178
462
178
432
178
469
178
442
170
477
172
438
169
468
168
431
173
468
172
431
173
464
174
430
170
464
169
434
216
466
216
436
217
466
216
435
227
467
227
435
227
466
228
435
227
468
228
433
229
462
229
433
229
467
227
433
229
463
228
433
229
466
228
433
229
468
228
433
229
468
230
435
226
465
223
435
226
467
227
434
220
463
220
433
220
463
220
430
219
463
220
430
223
459
222
430
223
463
220
430
223
465
223
430
223
462
223
430
229
462
229
430
229
467
227
430
229
463
228
430
229
466
228
430
229
468
228
434
227
460
226
434
227
467
227
434
227
463
228
434
227
466
228
434
227
468
228
432
228
460
226
432
228
462
229
432
228
467
227
432
228
463
228
432
228
466
228
432
228
468
228
433
223
459
222
433
223
463
220
433
223
465
223
433
223
462
223
436
228
468
228
436
223
463
220
436
223
465
223
431
229
462
229
431
229
467
227
431
229
463
228
431
229
466
228
431
229
468
228
434
221
463
220
430
232
468
230
442
248
477
249
441
248
475
249
435
253
469
252
442
244
477
243
448
247
479
247
448
247
480
246
448
247
479
246
448
247
482
247
450
247
482
247
450
247
485
248
444
244
477
243
444
244
478
245
444
244
479
246
454
247
485
248
451
247
482
247
451
247
485
248
446
245
478
245
446
245
479
247
446
245
480
246
446
245
479
246
447
245
478
245
447
245
480
246
447
245
479
246
449
247
480
246
449
247
482
247
444
245
477
243
444
245
478
245
444
245
478
247
444
245
479
246
446
246
478
245
446
246
479
247
446
246
480
246
446
246
478
247
446
246
479
246
448
246
480
246
448
246
479
246
448
246
482
247
443
245
477
243
443
245
478
245
443
258
476
258
455
260
487
260
455
261
486
261
455
261
487
260
455
261
489
262
449
263
480
261
449
263
480
262
449
263
484
263
449
263
482
260
449
263
484
262
449
263
483
262
449
263
485
263
449
263
482
262
449
263
483
263
449
259
484
260
447
261
480
261
447
261
482
260
447
261
483
262
447
261
482
262
442
258
476
258
455
259
490
257
444
263
477
260
444
263
478
262
444
263
478
261
444
263
476
260
444
263
475
262
444
263
476
262
444
263
478
263
450
267
487
267
450
267
485
267
461
177
499
176
459
173
494
173
459
173
496
171
463
177
501
176
463
177
502
176
463
177
499
176
463
177
500
176
465
168
500
169
465
168
499
169
464
169
500
169
464
169
499
169
465
176
499
176
462
177
501
176
462
177
499
176
462
177
500
176
458
167
494
168
458
167
494
167
462
178
501
176
462
178
502
176
462
178
499
176
462
178
500
176
463
220
498
219
467
227
502
227
466
228
501
228
466
228
502
227
468
230
505
230
468
230
506
231
474
250
494
250
475
250
494
250
471
261
486
261
471
261
493
262
471
261
487
262
471
261
489
262
471
261
494
261
472
261
486
261
472
261
493
262
472
261
489
262
472
261
494
261
471
260
486
261
471
260
487
260
471
260
484
260
473
261
486
261
473
261
493
262
473
261
489
262
468
259
487
260
468
261
486
261
468
261
492
263
468
261
493
262
468
261
493
263
468
261
488
263
468
261
489
263
468
261
491
263
468
261
486
262
468
261
487
262
468
261
489
262
468
261
490
262
468
261
494
261
468
263
492
263
468
263
493
262
468
263
493
263
468
263
493
264
468
263
494
263
468
263
488
263
468
263
489
263
468
263
491
263
468
263
489
262
468
263
492
264
468
263
490
262
468
263
494
261
490
257
534
256
490
257
535
257
490
257
535
256
497
226
533
224
497
226
532
224
498
219
533
214
498
219
533
216
498
219
533
215
498
219
532
216
498
219
532
217
498
219
532
220
498
221
533
221
494
272
529
272
494
272
532
273
494
272
530
272
494
272
533
273
497
272
529
272
497
272
532
273
497
272
530
272
497
272
533
273
495
272
529
272
495
272
532
273
495
272
530
272
495
272
533
273
498
272
529
272
498
272
532
273
498
272
530
272
498
272
533
273
508
334
542
335
508
336
542
335
518
344
556
344
520
344
556
344
520
345
556
344
519
343
556
344
531
216
566
218
531
216
566
219
531
216
567
218
530
215
566
218
530
216
566
218
530
216
566
219
530
216
567
218
532
216
567
219
532
216
567
218
523
217
559
219
523
217
559
221
523
217
559
220
523
217
560
218
523
217
561
217
529
217
566
218
529
217
565
220
530
217
566
218
530
217
566
219
530
217
565
220
530
217
567
218
521
220
558
217
521
220
559
219
521
220
558
220
521
220
558
218
521
220
559
220
523
222
559
222
523
222
559
221
523
222
561
221
523
222
561
220
523
222
560
222
523
222
561
218
523
222
560
224
523
222
561
219
521
222
559
222
521
222
559
219
521
222
558
220
521
222
559
221
521
222
559
220
526
222
562
221
526
222
562
222
526
222
563
222
525
223
562
221
525
223
562
222
525
223
562
220
525
223
561
227
525
223
563
222
523
221
559
222
523
221
559
221
523
221
559
220
523
221
560
218
523
221
561
221
523
221
561
220
523
221
560
222
523
221
561
218
523
221
561
219
522
222
559
222
522
222
559
219
522
222
559
221
522
222
559
220
522
222
560
222
528
220
564
222
528
220
566
218
528
220
566
219
528
220
565
220
528
220
565
221
528
220
565
222
525
222
562
221
525
222
562
222
525
222
562
220
525
219
562
221
525
219
562
220
525
219
561
221
525
219
561
220
525
219
561
218
525
219
561
219
526
218
562
221
526
218
562
222
526
218
562
220
522
221
559
222
522
221
559
219
522
221
558
220
522
221
559
221
522
221
559
220
522
221
560
218
527
223
563
226
527
223
564
222
527
223
565
220
527
223
565
221
527
223
563
222
527
223
565
222
528
218
563
222
527
218
562
222
527
218
563
222
531
219
566
221
531
219
567
219
531
219
567
218
531
219
566
220
521
219
558
217
521
219
559
219
521
219
558
220
521
219
558
218
521
219
557
218
524
334
559
335
528
322
561
324
528
323
561
324
523
334
559
335
547
256
584
259
547
256
583
260
556
251
591
254
564
190
607
191
560
191
602
192
565
191
608
193
565
191
603
193
565
191
602
192
565
191
606
194
565
191
608
194
561
191
603
193
561
191
602
192
563
191
603
193
563
191
602
192
563
191
606
194
564
191
603
193
564
191
602
192
564
191
606
194
565
193
603
193
565
193
602
192
565
193
606
194
570
194
608
193
570
194
606
194
570
194
608
194
563
193
603
193
563
193
602
192
563
193
606
194
571
193
608
193
571
193
606
194
571
193
608
194
569
194
608
193
569
194
603
193
569
194
606
194
569
194
608
194
572
194
608
193
572
194
606
194
572
194
608
194
571
192
608
193
571
192
608
194
561
192
603
193
561
192
602
192
572
193
608
193
572
193
606
194
572
193
608
194
563
192
603
193
563
192
602
192
563
192
606
194
572
192
607
191
565
192
603
193
565
192
602
192
565
192
606
194
572
195
608
193
572
195
606
194
572
195
608
194
566
192
608
193
566
192
603
193
566
192
602
192
566
192
606
194
566
192
608
194
567
192
608
193
567
192
603
193
567
192
602
192
567
192
606
194
567
192
608
194
567
193
608
193
567
193
603
193
567
193
602
192
567
193
606
194
567
193
608
194
568
193
608
193
568
193
603
193
568
193
602
192
568
193
606
194
568
193
608
194
564
192
603
193
564
192
602
192
564
192
606
194
569
193
608
193
569
193
603
193
569
193
606
194
569
193
608
194
574
197
608
193
574
197
608
194
573
197
608
193
573
197
608
194
573
195
608
193
573
195
606
194
573
195
608
194
573
196
608
193
573
196
606
194
573
196
608
194
574
195
608
193
574
195
608
194
576
197
608
194
573
198
608
193
573
198
608
194
575
198
608
193
575
198
608
194
