Test404.jpg
Test405.jpg
234
277
139
276
239
269
143
269
236
268
140
268
237
269
140
268
237
269
143
269
237
269
143
270
238
269
143
269
238
269
143
270
243
269
146
268
243
269
147
269
243
269
146
267
243
269
147
268
245
283
150
282
245
283
148
282
246
283
150
282
239
282
143
281
239
282
140
280
256
283
163
282
256
283
167
283
256
283
162
283
259
283
168
283
259
283
167
283
249
283
153
282
255
283
162
283
250
282
156
282
250
282
159
282
257
283
168
283
257
283
167
283
260
283
168
283
260
283
167
283
257
284
165
284
257
284
166
284
257
284
167
284
254
283
162
283
253
283
155
282
260
333
164
333
260
333
165
333
260
333
166
333
254
332
161
334
254
332
164
333
254
332
158
334
257
333
161
334
257
333
164
333
257
333
165
333
257
333
166
333
255
332
161
334
255
332
164
333
255
332
165
333
255
332
158
334
256
332
161
334
256
332
164
333
256
332
165
333
256
332
166
333
255
333
161
334
255
333
158
334
257
332
161
334
257
332
164
333
257
332
165
333
257
332
166
333
259
333
161
334
259
333
164
333
259
333
165
333
259
333
166
333
258
332
161
334
258
332
164
333
258
332
165
333
258
332
166
333
260
278
171
279
286
288
194
288
287
288
194
288
334
221
251
218
334
221
248
218
334
221
252
218
334
224
249
221
336
221
251
218
336
221
252
218
337
226
254
223
337
226
256
223
337
226
259
223
333
220
251
218
333
220
252
217
333
220
252
218
336
229
258
226
336
229
257
227
332
224
240
220
332
224
249
222
332
225
240
221
332
225
243
221
332
225
246
222
332
225
250
223
332
225
254
223
332
225
249
222
327
221
237
217
330
219
252
217
333
222
254
220
333
222
255
220
331
224
240
220
331
224
249
222
334
225
243
221
334
225
246
222
334
225
254
223
334
225
256
223
334
225
249
222
331
220
251
218
331
220
252
218
347
225
260
220
339
221
259
217
347
226
260
222
340
221
252
217
340
221
259
217
350
247
259
244
350
247
259
243
350
247
260
243
349
247
258
243
349
247
259
244
349
247
259
243
349
247
260
243
349
247
258
244
350
248
259
244
350
248
260
243
351
253
260
250
351
247
260
243
353
230
266
226
363
334
271
332
363
334
270
332
363
334
272
332
363
334
273
332
364
334
272
332
364
334
273
332
376
212
284
209
367
334
277
332
366
334
278
332
366
334
277
332
391
337
301
335
391
337
304
336
391
337
303
335
391
337
302
335
391
337
306
337
391
337
304
335
396
342
302
338
396
342
300
337
396
342
303
338
393
340
302
338
393
340
300
337
393
340
303
338
393
337
306
336
393
337
303
335
393
337
304
335
394
340
307
339
396
338
306
336
396
338
303
335
396
338
304
335
394
339
301
335
395
340
307
339
407
189
315
189
415
347
330
347
414
358
328
358
414
358
326
358
414
358
328
359
409
353
321
353
412
348
330
350
407
357
313
354
408
357
313
354
408
357
314
354
413
358
328
359
430
186
340
188
435
184
348
185
435
184
349
185
434
185
348
185
434
185
346
186
434
185
349
185
432
181
348
180
431
194
348
196
