7_7_l.jpg
7_7_r.jpg
411
333
169
345
410
333
169
345
412
333
173
344
404
334
166
346
414
332
175
343
415
332
175
343
446
347
212
356
453
343
219
352
457
185
233
204
458
342
220
351
458
342
221
351
458
342
225
351
458
342
224
351
457
342
220
351
457
342
221
351
457
342
224
351
456
343
219
352
456
343
222
352
456
343
223
352
459
341
222
350
459
341
223
350
459
341
226
350
462
340
225
349
461
341
226
350
456
341
222
350
456
341
223
350
459
342
221
351
459
342
225
351
459
342
224
351
458
340
225
349
457
343
219
352
457
343
222
352
457
343
223
352
460
341
222
350
460
341
223
350
460
341
226
350
461
344
223
352
482
190
252
213
483
192
252
213
