Test600.jpg
Test610.jpg
209
120
88
122
209
120
90
122
209
120
87
122
209
120
91
122
209
120
89
122
209
120
94
121
209
120
92
122
210
120
88
122
210
120
90
122
210
120
91
122
210
120
89
122
210
120
94
121
210
120
92
122
210
120
93
122
219
121
93
122
219
121
94
122
219
121
96
122
219
121
97
122
220
121
94
121
220
121
94
122
220
121
96
122
220
121
97
122
217
122
93
122
217
122
94
122
208
120
87
120
208
120
88
122
208
120
85
122
208
120
87
122
208
120
89
122
218
121
93
122
218
121
94
122
218
121
96
122
219
120
95
121
219
120
94
121
215
122
93
122
215
122
94
122
210
121
88
122
210
121
90
122
210
121
91
122
210
121
89
122
210
121
92
122
210
121
93
122
220
122
93
122
220
122
94
122
220
122
97
122
215
121
89
122
215
121
93
122
215
121
94
122
217
121
94
121
217
121
93
122
217
121
94
122
217
121
96
122
234
135
127
136
234
135
128
136
234
135
127
135
234
135
126
136
242
164
135
171
242
164
133
170
242
164
133
171
246
168
138
173
246
168
139
174
243
164
135
171
243
164
133
170
243
164
133
171
243
164
136
171
243
164
138
170
241
167
132
173
241
167
132
172
241
167
134
173
245
167
137
172
245
167
138
172
245
167
138
173
245
162
136
168
245
162
138
167
245
162
137
168
245
162
134
167
237
165
130
171
243
165
137
171
243
165
135
171
243
165
133
171
243
165
136
171
237
167
130
174
241
164
133
170
241
164
133
171
243
167
134
173
243
167
137
173
245
168
139
174
244
165
137
171
244
165
135
171
244
165
133
171
244
165
136
171
292
192
188
197
297
192
192
196
287
191
182
196
334
182
233
186
334
183
233
187
370
178
269
182
369
175
268
178
364
177
262
180
364
176
264
180
368
178
266
181
368
178
268
182
368
178
267
182
368
178
269
182
416
153
309
157
