P2_front_of_window_candidate.jpg
P2_front_of_window_reference.jpg
428
89
205
86
543
333
301
317
543
333
302
317
553
344
311
327
566
352
328
335
566
352
325
335
552
342
311
326
552
342
311
325
566
346
325
329
566
346
328
329
566
346
326
329
548
343
304
327
550
336
311
320
564
352
324
335
564
352
325
336
314
362
89
346
312
362
86
345
312
362
89
346
532
333
301
317
542
333
302
320
542
333
302
319
542
333
302
317
312
361
86
345
313
362
86
345
313
362
89
346
540
333
301
317
540
333
302
320
540
333
302
319
540
333
302
317
535
333
301
317
535
333
302
317
542
334
302
320
542
334
302
319
542
334
302
317
315
362
89
346
