DSC_0178.jpg
DSC_0179.jpg
330
494
127
476
330
494
126
476
330
494
126
475
328
488
127
470
328
488
126
471
328
488
125
471
331
481
128
463
331
481
129
463
323
488
120
470
333
511
132
492
324
509
122
490
325
495
123
476
327
475
125
458
327
475
125
457
327
475
122
458
327
475
124
458
327
475
121
458
327
475
123
458
327
475
126
457
324
472
121
454
330
477
125
460
330
477
127
459
324
489
121
472
321
503
119
486
321
503
120
486
321
503
117
485
342
508
137
488
342
508
139
488
356
520
151
498
377
497
170
474
317
501
115
485
317
501
117
485
370
503
164
481
370
503
163
481
313
502
109
485
313
502
111
486
313
502
112
486
313
502
113
486
313
502
110
485
339
484
135
464
339
484
136
466
339
484
137
466
337
480
134
462
337
480
131
462
337
480
132
462
309
500
107
484
309
500
107
483
309
500
106
483
336
477
131
460
336
477
130
460
336
477
130
459
326
473
122
456
326
473
125
456
326
473
124
456
330
491
129
473
330
491
128
472
330
491
128
474
330
491
129
474
336
486
133
467
336
486
134
468
329
492
128
474
329
492
126
475
340
482
136
462
329
495
124
476
329
495
127
476
329
495
126
476
329
495
126
477
329
495
126
478
334
478
130
461
334
478
131
460
334
478
130
460
334
478
130
459
249
482
57
480
332
477
130
458
332
477
129
458
332
477
127
459
332
477
130
459
321
498
119
481
371
504
166
481
371
504
165
481
338
509
134
490
334
509
130
490
334
509
132
490
344
503
139
483
306
504
104
487
339
486
136
466
339
486
137
466
339
486
136
468
339
486
137
467
322
481
121
463
322
481
118
465
318
507
116
490
318
507
117
490
338
480
134
462
338
480
132
462
328
474
122
456
328
474
125
457
328
474
125
456
328
474
124
456
328
474
126
456
328
474
126
457
321
505
120
488
321
505
120
489
321
505
118
488
321
505
116
487
321
505
121
489
321
505
117
487
321
505
116
486
321
505
121
488
338
506
134
486
314
508
112
490
331
488
128
470
331
488
130
470
331
488
129
470
331
488
127
470
331
488
129
471
332
480
128
463
332
480
129
463
332
480
130
462
320
508
117
490
334
499
135
482
334
499
131
481
334
499
134
482
342
513
138
492
342
513
137
493
342
513
136
493
342
513
135
493
342
513
139
492
344
487
140
468
344
487
142
468
344
487
142
469
344
487
141
468
344
487
143
468
332
475
129
457
332
475
127
458
332
475
128
457
332
475
127
457
332
475
129
458
332
475
127
459
338
487
136
468
338
487
137
468
338
487
134
468
327
483
123
466
350
482
147
462
350
482
146
461
350
482
148
462
266
254
63
238
266
254
69
239
266
254
61
237
312
501
110
484
312
501
110
485
245
477
62
475
245
477
61
475
339
488
136
468
339
488
137
470
339
488
138
469
325
475
122
458
325
475
120
459
325
475
124
458
325
475
121
458
325
475
123
458
340
486
136
466
340
486
138
467
340
486
137
466
340
486
137
467
340
486
137
468
323
500
121
482
323
500
119
483
323
500
119
482
323
500
119
481
332
484
127
467
313
504
113
488
313
504
111
488
322
503
119
486
322
503
120
486
322
503
117
485
322
503
122
487
270
255
69
239
341
508
137
488
267
254
63
238
267
254
69
239
267
254
61
237
316
507
113
489
338
475
131
457
338
475
130
458
327
505
124
487
327
505
126
488
327
505
122
487
307
500
105
483
264
253
61
237
333
477
130
458
333
477
129
458
333
477
130
459
335
502
134
484
335
502
133
484
335
502
130
483
337
510
134
490
337
510
134
491
337
510
133
491
337
510
132
490
298
500
97
484
282
258
78
242
325
508
123
490
325
508
122
490
325
508
120
490
356
511
153
490
341
481
136
462
335
463
130
447
314
505
113
488
314
505
113
489
314
505
111
488
330
485
127
467
330
485
127
468
337
505
134
486
322
507
123
490
322
507
122
490
322
507
120
489
322
507
121
489
322
507
118
489
322
507
120
490
346
504
142
484
346
504
141
484
334
510
132
492
334
510
133
491
334
510
131
491
322
501
119
483
315
508
112
490
314
506
113
489
314
506
111
488
314
506
111
489
341
483
139
463
341
483
138
463
341
483
139
464
341
483
138
464
341
498
139
479
341
498
136
478
320
506
123
490
320
506
122
490
320
506
120
489
320
506
118
488
320
506
121
489
320
506
118
489
320
506
117
489
320
506
120
490
334
511
132
492
334
511
131
491
340
511
136
491
340
511
134
491
340
511
135
491
332
464
128
447
327
485
123
468
328
506
127
489
328
506
126
489
328
506
125
489
328
506
126
488
328
506
128
489
328
506
123
488
330
488
128
470
330
488
129
470
330
488
128
471
330
488
127
470
339
495
135
475
339
495
138
476
339
495
137
476
341
503
139
483
341
503
138
483
334
502
134
484
334
502
133
484
334
502
130
483
326
484
123
466
327
506
127
489
327
506
126
489
327
506
125
489
327
506
126
488
327
506
128
489
327
506
123
488
355
511
152
490
355
511
151
490
344
516
139
495
317
503
114
486
317
503
116
487
317
503
113
485
317
503
115
487
317
503
117
487
317
503
116
486
332
481
128
463
332
481
129
463
338
474
131
457
341
485
139
466
341
485
138
467
341
485
138
465
341
485
137
466
341
485
139
465
336
493
135
475
336
493
134
475
314
498
112
482
341
484
138
465
341
484
139
464
341
484
139
465
341
484
138
464
321
504
115
485
321
504
119
486
321
504
116
486
321
504
121
488
321
504
117
485
332
500
127
481
332
500
131
482
332
500
132
482
332
500
129
483
332
500
130
483
333
505
130
486
333
505
129
486
333
505
131
487
333
505
129
487
330
496
126
477
330
496
126
478
330
496
127
479
330
496
128
479
323
508
123
490
323
508
122
490
323
508
120
489
323
508
120
490
316
500
112
482
316
500
117
485
332
501
129
483
332
501
130
483
324
508
123
490
324
508
122
490
324
508
120
490
338
476
131
460
338
476
130
459
355
512
151
490
342
514
135
494
342
514
138
494
342
514
136
494
352
513
149
492
352
513
148
492
271
255
69
239
321
507
123
490
321
507
122
490
321
507
120
489
321
507
118
488
321
507
121
489
321
507
118
489
321
507
117
489
321
507
120
490
332
485
130
468
332
485
127
467
365
511
160
488
365
511
159
488
365
511
161
489
327
507
127
489
327
507
126
489
327
507
125
489
327
507
126
488
327
507
129
490
327
507
128
489
327
507
128
490
329
484
127
467
327
478
125
460
352
512
148
491
337
476
130
460
337
476
130
458
337
476
130
459
309
499
107
483
309
499
108
483
300
502
98
486
313
500
111
483
313
500
111
484
313
500
110
483
325
473
122
456
325
473
124
456
325
473
121
457
326
495
124
476
326
495
123
476
310
501
109
485
310
501
107
484
310
501
108
485
310
499
108
482
310
499
108
483
319
504
115
485
319
504
120
488
319
504
118
488
319
504
116
487
319
504
117
487
319
504
116
486
319
504
121
488
324
501
119
483
357
512
153
490
335
472
131
455
347
488
144
469
347
488
143
469
347
488
142
468
347
488
143
468
312
502
109
485
312
502
108
485
312
502
111
486
312
502
110
485
323
505
120
488
323
505
121
488
323
505
123
488
323
505
122
487
322
505
120
488
322
505
121
489
322
505
121
488
317
507
115
489
317
507
116
490
327
477
125
460
327
477
121
460
327
488
126
471
327
488
125
471
330
493
128
474
330
493
126
475
340
513
135
493
324
478
121
462
324
478
119
462
336
498
135
480
336
498
137
480
336
498
134
480
331
504
130
486
331
504
129
486
331
504
131
487
331
504
129
487
316
502
116
487
316
502
113
485
316
502
117
487
316
502
116
486
316
502
113
484
333
485
130
468
330
495
127
476
330
495
126
476
330
495
126
477
333
475
129
457
333
475
127
458
333
475
128
457
333
475
129
458
333
475
127
459
343
513
138
492
343
513
137
493
343
513
136
493
343
513
140
492
343
513
139
492
333
488
130
470
333
488
129
470
355
513
151
491
332
511
132
492
339
494
137
475
339
494
137
474
316
505
115
489
316
505
113
488
316
505
117
490
325
484
123
466
323
507
123
490
323
507
122
490
323
507
120
489
323
507
121
489
323
507
120
490
330
487
128
470
330
487
127
470
330
487
127
468
337
512
132
492
337
512
135
492
332
478
126
462
332
478
130
460
332
478
130
459
337
481
135
462
337
481
134
462
341
490
137
470
337
511
132
492
337
511
134
491
337
511
135
491
337
511
133
491
337
511
131
491
347
514
144
493
347
514
142
493
347
514
143
493
319
505
114
486
319
505
120
489
319
505
118
488
319
505
116
487
319
505
121
489
319
505
115
487
319
505
117
487
319
505
118
489
339
485
136
466
339
485
137
466
338
501
135
482
338
501
134
482
326
475
125
458
326
475
125
457
326
475
122
458
326
475
124
458
326
475
121
458
326
475
123
458
331
491
129
473
331
491
129
472
331
491
128
472
331
491
131
473
331
491
130
473
331
491
129
474
311
501
109
485
311
501
110
485
337
486
133
467
337
486
133
466
337
486
134
466
337
486
134
468
265
253
61
237
318
502
115
485
318
502
117
485
328
473
125
456
328
473
124
456
328
473
126
456
335
505
130
486
335
505
131
487
335
509
134
490
335
509
132
490
329
508
127
489
329
508
126
489
329
508
130
490
329
508
129
490
329
508
128
489
329
508
128
490
340
488
138
468
340
488
136
468
340
488
137
468
340
488
137
470
340
488
138
469
332
505
130
486
332
505
129
486
332
505
131
487
332
505
129
487
342
486
139
466
342
486
138
468
342
486
138
467
336
480
131
462
336
480
132
462
336
480
130
462
330
504
130
486
330
504
125
486
330
504
129
486
330
504
131
487
330
504
129
487
336
499
135
480
336
499
135
481
336
499
134
480
324
506
120
488
324
506
120
489
324
506
125
489
324
506
121
489
324
506
121
488
324
506
123
488
280
258
78
242
280
258
79
243
375
497
168
475
325
478
121
462
313
506
112
490
313
506
111
488
313
506
111
489
338
505
134
486
338
505
136
486
338
505
134
485
338
495
135
475
338
495
137
476
338
495
134
475
345
504
142
484
345
504
141
484
345
504
139
484
363
511
159
489
363
511
159
488
322
482
118
465
325
494
123
476
319
503
115
485
319
503
116
486
319
503
117
485
327
504
124
487
327
504
125
486
327
504
129
487
333
478
130
460
333
478
130
459
324
505
121
488
324
505
123
488
324
505
122
487
340
483
138
463
340
483
138
464
343
503
139
483
343
503
138
483
362
519
158
496
362
519
157
495
362
519
157
496
284
513
82
497
345
514
141
493
345
514
142
493
284
509
81
496
343
498
141
479
329
507
127
489
329
507
126
489
329
507
125
489
329
507
130
490
329
507
129
490
329
507
128
489
329
507
128
490
354
512
151
491
325
472
122
456
329
468
127
451
301
499
101
484
301
499
100
483
334
500
135
482
334
500
131
482
334
500
132
482
334
500
131
481
334
500
134
482
339
500
135
480
339
500
135
481
319
507
118
490
319
507
116
490
319
507
117
490
339
506
134
486
339
506
136
486
374
485
167
464
348
513
144
492
357
521
151
498
357
521
152
498
329
475
125
458
329
475
125
457
329
475
124
458
329
475
127
457
329
475
123
458
329
475
126
457
329
485
127
467
329
485
127
468
300
503
98
486
370
510
165
487
339
481
135
462
339
481
134
462
339
481
136
462
338
510
134
491
338
510
133
491
338
510
135
490
338
510
132
490
345
488
144
469
345
488
143
469
345
488
142
468
345
488
142
469
345
488
141
468
345
488
143
468
337
483
135
464
337
483
133
466
308
500
106
483
308
500
105
483
327
496
124
479
327
496
126
478
350
513
147
492
343
487
140
468
343
487
142
468
343
487
141
468
341
513
134
493
341
513
135
493
330
508
127
489
330
508
130
490
330
508
129
490
330
508
128
489
330
508
128
490
287
260
79
243
287
260
82
244
342
502
138
483
333
466
128
447
333
466
126
447
332
489
128
470
332
489
130
472
332
489
130
470
332
489
129
470
332
489
130
471
332
489
128
471
332
489
129
471
337
472
131
455
341
475
136
457
284
259
78
242
284
259
79
243
338
486
136
466
338
486
136
468
338
486
134
466
338
486
137
467
371
502
165
479
336
510
134
491
336
510
133
491
336
510
130
490
336
510
132
490
337
493
137
475
337
493
135
475
337
493
134
475
335
488
132
470
335
488
133
470
335
488
134
470
340
481
135
462
340
481
136
462
315
500
112
482
315
500
113
484
336
472
131
455
336
478
130
461
336
478
131
460
336
478
132
460
336
478
133
460
375
484
167
464
331
478
126
462
328
503
125
486
328
503
129
486
336
484
133
467
336
484
133
466
336
484
134
466
283
510
80
496
283
510
81
496
331
487
128
470
331
487
129
470
331
487
127
470
346
488
144
469
346
488
143
469
346
488
142
468
346
488
142
469
346
488
143
468
284
510
81
496
284
510
82
497
337
501
135
482
337
501
132
482
337
501
134
482
328
478
125
460
358
491
152
471
327
486
123
468
334
488
130
470
334
488
132
470
334
488
133
470
320
504
115
485
320
504
120
488
320
504
117
487
320
504
116
486
320
504
121
488
321
477
118
461
321
477
117
461
333
509
133
491
333
509
130
490
333
509
131
491
333
480
130
461
333
480
128
463
333
480
129
463
333
480
131
462
333
480
130
462
338
484
135
464
338
484
136
466
338
484
134
466
335
511
132
492
335
511
133
491
335
511
131
491
316
503
114
486
316
503
112
485
316
503
116
487
316
503
113
485
316
503
115
487
316
503
113
486
340
495
137
475
340
495
138
476
340
495
137
476
331
508
130
490
331
508
129
490
331
508
128
490
339
511
136
491
339
511
134
491
339
511
135
491
339
511
133
491
319
508
116
490
325
504
124
487
325
504
122
487
341
512
135
492
324
476
122
458
324
476
120
459
324
476
123
458
347
489
143
469
347
489
143
468
306
502
104
486
338
496
136
478
329
504
125
486
329
504
129
486
329
504
131
487
329
504
129
487
349
513
144
492
246
476
63
474
342
512
135
492
313
505
111
488
313
505
111
489
247
476
62
475
247
476
61
475
343
499
139
479
343
499
141
479
317
505
115
489
317
505
118
490
317
505
117
489
317
505
117
490
324
474
121
457
338
512
132
492
338
512
135
492
331
480
128
463
328
472
126
455
334
476
131
457
334
476
130
458
334
476
129
458
334
476
130
459
324
499
121
481
324
499
121
482
324
499
119
482
324
499
119
481
325
506
126
489
325
506
120
488
325
506
125
489
325
506
121
488
325
506
123
488
274
257
69
239
274
257
73
241
330
507
127
489
330
507
126
489
330
507
130
490
330
507
129
490
330
507
128
489
329
476
125
458
329
476
127
458
329
476
125
460
324
479
121
463
324
479
121
462
324
479
123
462
332
491
129
473
332
491
130
472
332
491
129
472
332
491
128
472
332
491
131
473
332
491
130
473
319
506
118
490
319
506
115
487
319
506
118
489
319
506
117
489
319
506
120
490
336
503
133
484
336
503
134
485
387
495
183
468
273
255
69
239
302
500
101
484
327
500
125
483
327
494
124
476
327
494
123
476
327
494
126
476
327
494
126
477
327
494
126
475
337
477
130
461
337
477
131
460
337
477
130
460
337
477
132
460
337
477
130
459
330
500
127
481
330
500
129
483
330
500
130
483
325
489
121
472
310
500
107
483
310
500
108
483
328
505
127
489
328
505
124
487
328
505
126
488
328
505
129
487
369
510
163
488
369
510
164
488
369
510
163
487
369
510
165
487
318
506
115
489
318
506
118
490
318
506
117
489
318
506
117
490
333
493
134
475
333
493
128
474
333
493
129
474
326
478
121
462
326
478
125
460
347
513
144
492
333
508
130
490
333
508
128
489
333
508
132
490
341
482
138
463
341
482
138
464
333
501
134
484
333
501
131
482
333
501
129
483
333
501
130
483
352
483
148
462
280
511
78
496
332
483
127
467
