graffiti_building_1_candidate.jpg
graffiti_building_1_reference.jpg
304
158
444
149
304
158
445
150
304
158
444
150
101
43
244
57
101
43
244
59
101
43
244
58
101
43
244
60
90
125
235
135
90
125
235
120
90
125
235
128
90
125
235
119
100
73
244
92
95
72
238
87
95
72
238
89
302
156
444
149
302
156
444
147
328
155
470
146
101
45
244
59
101
45
244
58
101
45
244
60
100
39
243
54
100
39
243
55
100
39
243
57
100
39
243
58
100
39
243
56
102
70
246
87
91
108
235
113
91
108
235
120
91
108
235
119
274
142
409
137
274
142
410
137
274
142
410
138
94
72
237
87
94
72
237
88
100
40
243
57
100
40
243
58
100
40
243
56
94
74
237
87
94
74
237
88
303
152
443
142
90
116
234
118
90
116
234
119
95
82
238
89
334
150
476
140
274
148
410
142
274
148
410
141
95
77
238
87
95
77
238
96
95
77
238
89
94
70
237
83
94
70
237
87
94
70
237
88
101
42
244
57
101
42
244
59
101
42
244
58
101
42
244
60
304
155
444
149
304
155
444
147
96
76
239
91
94
73
237
87
94
73
237
88
292
139
429
132
292
139
433
130
328
156
470
146
91
104
235
113
91
104
235
120
91
104
235
119
94
71
237
83
94
71
237
87
94
71
237
88
94
66
237
83
90
90
233
108
92
81
235
113
92
81
235
106
92
81
235
96
92
81
235
105
269
147
405
142
269
147
405
141
304
156
444
149
304
156
444
147
90
131
235
135
91
101
235
113
91
101
235
106
91
101
235
120
91
101
235
105
91
101
235
119
91
101
234
111
91
101
234
112
92
80
235
96
304
157
444
149
88
107
232
123
89
91
232
106
93
88
236
116
92
86
235
113
92
86
235
106
92
86
235
120
92
86
235
105
92
86
235
119
274
147
410
142
274
147
410
141
101
44
244
57
101
44
244
59
101
44
244
58
101
44
244
60
303
156
444
149
303
156
444
147
95
71
238
87
95
71
238
82
95
71
238
89
93
80
236
91
93
80
235
89
92
94
235
113
92
94
235
106
92
94
235
105
100
42
243
55
100
42
243
56
265
152
401
147
303
155
444
149
303
155
444
147
96
64
239
81
294
154
434
147
92
79
235
106
92
79
235
96
92
79
235
105
95
75
238
87
95
75
238
89
95
79
238
87
95
79
238
89
90
104
234
118
90
104
234
119
90
104
234
111
90
104
234
112
320
155
460
148
94
80
237
95
94
80
237
96
94
80
237
97
94
80
237
94
91
96
234
111
91
96
234
112
100
41
243
55
100
41
243
57
100
41
243
58
100
41
243
56
93
86
236
116
303
157
444
149
96
61
239
81
329
155
470
146
