Test70.jpg
Test71.jpg
384
140
454
132
471
160
550
150
471
160
553
152
471
160
551
151
509
196
595
189
444
46
522
27
381
147
444
137
439
54
517
37
439
54
517
36
467
168
546
158
301
171
373
165
467
162
546
153
371
138
443
131
371
138
442
130
466
164
544
154
321
154
389
148
467
167
546
157
468
161
548
152
468
161
547
152
468
161
547
151
518
208
605
202
378
140
445
132
378
140
447
132
378
140
450
132
378
140
446
131
378
140
448
132
378
140
449
132
446
161
525
152
446
161
524
151
468
157
549
149
466
166
546
157
378
141
445
132
378
141
444
132
369
139
442
132
382
140
450
132
382
140
449
132
382
140
454
132
380
146
456
139
380
146
447
137
467
160
548
152
467
160
547
152
467
160
549
152
467
160
546
150
467
160
547
151
462
176
544
167
383
140
454
132
386
140
454
132
468
160
548
152
468
160
548
151
468
160
549
152
468
160
547
151
461
174
543
166
463
166
543
157
439
57
517
40
451
151
529
141
510
199
598
193
517
200
605
193
317
155
387
149
447
159
526
150
447
159
527
150
377
142
448
134
396
173
471
165
396
173
474
166
449
159
530
151
443
48
522
27
318
155
387
149
519
173
607
164
519
173
606
164
442
46
519
28
456
159
536
151
453
176
535
168
466
162
546
153
466
162
546
154
455
159
535
151
465
164
546
156
422
59
503
41
403
175
480
168
411
54
489
35
379
142
448
134
379
142
452
135
460
174
543
166
460
174
542
166
469
164
546
154
467
166
546
157
467
166
546
156
439
53
517
36
520
173
608
164
520
173
607
164
520
173
606
164
514
198
601
191
464
163
544
154
465
162
546
154
316
154
387
148
444
54
522
36
513
200
601
193
513
200
600
193
450
159
530
151
454
177
536
169
438
48
516
29
439
56
517
39
380
140
450
132
380
140
446
131
380
140
448
132
380
140
449
132
453
166
533
157
467
158
546
150
328
158
400
152
376
139
445
132
376
139
447
132
376
139
446
131
376
139
448
132
376
139
449
132
444
50
522
32
444
50
522
31
371
139
443
132
371
139
444
132
371
139
443
131
371
139
442
132
466
165
546
156
449
151
529
141
