P1011370.JPG
P1011371.JPG
126
145
64
136
125
143
63
134
127
148
65
139
127
148
65
140
127
148
64
140
123
139
60
130
122
137
59
129
124
140
61
132
126
148
64
139
126
148
65
139
126
148
65
140
126
148
64
140
123
138
60
130
125
151
65
142
125
151
62
143
125
151
64
142
127
153
65
144
126
149
65
139
126
149
65
140
126
149
64
140
123
150
63
141
123
150
61
141
123
150
62
141
123
150
64
140
122
150
59
142
122
150
60
141
122
150
61
141
122
150
62
141
122
150
60
143
127
149
65
140
127
149
64
140
126
151
65
142
126
151
64
142
126
153
64
144
126
153
65
144
127
151
65
142
154
366
131
358
144
370
123
365
146
370
125
363
147
370
125
363
461
104
410
48
