Test34_rot.jpg
Test35_rot.jpg
289
419
235
382
289
419
234
381
289
419
234
380
289
421
234
382
289
421
234
381
289
421
234
383
570
198
591
370
570
198
590
371
570
198
590
370
570
198
591
371
288
419
234
381
288
419
234
380
219
510
124
412
219
510
124
411
294
422
236
385
294
422
236
384
294
422
236
386
294
422
235
385
293
422
235
384
293
422
235
383
293
422
236
385
293
422
236
384
293
422
236
386
293
422
235
385
219
512
123
412
289
420
234
382
289
420
234
381
289
420
234
380
416
494
290
518
291
422
235
384
291
422
235
383
291
422
234
382
291
422
235
382
291
422
234
383
291
422
234
384
469
312
442
402
485
505
340
569
570
196
591
370
570
196
590
371
570
196
594
368
570
196
590
370
220
508
126
411
220
508
128
409
220
508
125
410
220
508
126
410
220
508
127
410
220
508
125
411
220
508
125
412
220
508
127
409
295
423
236
385
295
423
236
386
295
423
235
386
294
421
236
385
294
421
236
384
306
423
247
396
569
200
588
372
569
200
589
371
570
197
591
370
570
197
590
371
570
197
589
371
570
197
590
370
569
199
589
371
569
199
590
370
290
420
235
383
290
420
235
382
290
420
234
381
290
420
234
380
291
421
235
384
291
421
235
383
291
421
234
382
291
421
235
382
470
311
443
402
219
511
123
412
292
421
235
384
292
421
235
383
292
421
236
385
292
421
236
384
292
421
235
382
294
423
235
384
294
423
236
385
294
423
236
384
294
423
236
386
294
423
235
386
294
423
235
385
221
508
127
411
221
508
126
411
221
508
128
409
221
508
128
411
221
508
126
410
221
508
128
410
221
508
127
410
221
508
125
412
221
508
127
409
220
509
126
411
220
509
125
410
220
509
125
411
220
509
125
412
290
421
235
383
290
421
234
382
290
421
235
382
290
421
234
381
290
421
234
383
376
144
468
211
214
494
131
395
220
510
124
412
220
510
125
412
293
421
235
383
293
421
236
385
293
421
236
384
291
420
235
383
291
420
235
382
485
506
340
569
221
509
127
411
221
509
126
411
221
509
125
411
221
509
125
412
293
423
235
384
293
423
236
385
293
423
236
384
293
423
236
386
293
423
235
386
293
423
234
384
293
423
235
385
570
199
591
370
570
199
590
371
570
199
590
372
570
199
591
371
221
506
127
411
221
506
128
409
221
506
128
411
221
506
129
410
221
506
129
409
221
506
128
410
221
506
127
410
221
506
130
409
221
506
127
409
221
506
130
408
570
200
591
370
570
200
590
371
570
200
590
372
570
200
588
373
570
200
591
371
220
507
126
411
220
507
128
409
220
507
126
410
220
507
127
410
220
507
127
409
296
423
236
386
295
422
236
385
295
422
236
386
292
422
235
384
292
422
235
383
292
422
236
385
292
422
236
384
292
422
234
383
292
422
234
384
292
422
235
385
