Test6.jpg
Test7.jpg
339
344
290
344
595
309
534
303
595
309
536
304
595
309
535
303
595
309
538
303
415
126
365
126
415
126
365
127
415
126
361
126
559
230
503
228
559
230
502
228
435
140
382
140
435
140
381
140
435
140
383
140
244
320
194
321
456
306
405
302
415
125
365
126
415
125
365
127
415
125
362
125
462
117
409
118
462
117
410
118
529
274
474
270
458
137
405
137
458
137
406
137
458
137
406
138
569
318
517
312
569
318
516
312
569
318
516
313
593
261
536
258
593
261
535
257
518
276
463
272
518
276
464
273
585
309
526
305
585
309
530
305
585
309
526
304
585
309
527
304
585
309
524
304
585
309
528
304
450
294
400
291
450
294
400
292
239
290
190
294
239
290
189
295
239
290
190
293
239
290
190
295
239
290
189
294
527
274
474
270
224
218
173
220
224
218
172
218
224
218
173
218
224
218
174
223
224
218
174
222
224
218
172
220
224
218
171
217
224
218
173
222
224
218
173
217
553
311
498
305
553
311
498
308
553
311
497
305
553
311
496
306
594
242
538
238
594
242
538
237
594
242
537
238
430
275
381
273
498
273
445
270
498
273
442
269
498
273
444
270
337
318
288
318
337
318
287
320
451
135
397
135
451
135
399
135
451
135
401
136
266
320
216
320
278
349
227
350
419
124
367
124
422
131
370
131
422
131
371
132
342
350
294
351
342
350
292
350
421
277
373
275
600
309
543
303
600
309
542
304
600
309
542
303
600
232
542
228
519
277
462
273
519
277
464
273
580
238
522
236
381
294
331
293
381
294
329
292
345
315
297
316
345
315
296
315
261
317
211
319
491
291
438
288
491
291
439
288
459
301
408
299
240
287
191
290
240
287
190
290
240
287
190
291
240
287
191
291
565
310
508
305
565
310
512
305
565
310
511
305
565
310
510
305
193
271
141
275
193
271
143
276
193
271
142
276
538
319
485
315
538
319
484
314
332
326
283
327
443
116
393
117
443
116
391
117
551
229
495
226
551
229
496
228
412
125
360
126
412
125
361
126
412
125
362
125
494
291
441
287
528
275
474
271
528
275
476
271
541
313
490
309
541
313
482
309
584
264
525
260
218
245
167
250
453
137
399
137
453
137
403
138
453
137
402
138
332
316
283
317
332
316
283
319
463
117
409
118
463
117
410
118
363
332
314
332
363
332
316
333
333
321
284
323
402
123
353
125
402
123
350
125
402
123
351
124
296
328
246
329
417
119
368
120
417
119
365
120
409
113
358
113
579
242
522
239
345
331
296
332
424
121
372
121
424
121
375
123
424
121
374
122
341
316
292
317
341
316
293
318
341
316
294
317
242
291
192
293
303
351
256
351
303
351
255
351
596
308
535
303
596
308
538
303
349
334
301
335
424
131
373
131
424
131
373
132
492
291
439
288
492
291
441
287
458
135
405
136
448
121
395
123
448
121
398
122
448
121
397
122
226
221
175
220
226
221
174
223
226
221
174
222
415
119
362
120
415
119
365
120
348
330
299
331
348
330
297
331
404
122
354
123
463
309
412
306
368
346
317
347
368
346
319
347
440
294
390
292
440
294
386
291
440
294
389
291
440
294
387
291
353
322
305
323
546
311
494
306
546
311
495
305
580
241
523
238
422
120
372
121
422
120
370
120
504
275
451
272
504
275
450
272
504
275
448
271
455
122
403
123
455
122
402
123
454
134
400
134
454
134
401
134
561
315
508
311
561
315
506
310
561
315
506
309
561
315
506
312
337
306
288
307
351
323
302
324
551
313
498
308
447
125
395
125
475
351
422
350
475
351
424
351
451
295
400
291
451
295
400
292
332
329
283
330
597
310
536
304
586
319
527
314
600
235
542
231
331
334
282
335
447
136
397
137
447
136
396
137
563
303
505
299
528
269
476
265
218
252
165
256
218
252
166
255
354
330
305
331
586
221
529
218
449
99
397
100
526
312
469
308
588
318
526
312
588
318
528
313
365
347
317
347
365
347
316
347
365
347
318
348
365
347
315
347
596
318
535
311
218
247
167
250
218
247
165
251
519
276
463
272
519
276
464
273
448
291
400
289
448
291
398
288
448
291
399
288
448
291
397
289
448
291
398
289
539
219
485
217
539
219
484
216
228
264
177
268
420
296
366
295
420
296
368
295
420
296
367
295
563
314
510
308
563
314
508
311
563
314
506
310
563
314
506
309
439
293
383
291
439
293
392
290
439
293
387
290
439
293
388
290
439
293
389
291
350
344
302
344
553
317
498
313
553
317
497
312
553
317
499
314
553
317
497
313
343
321
296
322
343
321
294
323
343
321
295
321
585
319
527
314
377
108
327
110
421
131
370
131
421
131
369
131
421
131
371
132
451
128
400
129
451
128
401
129
451
128
399
129
465
350
414
349
527
269
476
265
587
310
526
305
587
310
530
305
587
310
526
304
587
310
529
306
587
310
527
304
587
310
528
304
405
273
356
272
292
319
242
320
468
351
420
351
456
125
404
125
590
302
529
296
526
313
472
309
525
312
469
308
525
312
468
308
333
319
283
319
494
292
442
289
494
292
439
288
494
292
441
287
489
270
438
268
489
270
435
267
489
270
439
268
234
200
183
202
569
310
511
304
569
310
512
305
569
310
511
305
569
310
510
305
287
318
237
320
422
114
371
115
422
114
372
115
422
114
369
115
422
114
373
115
598
246
540
242
596
262
538
257
596
262
539
258
591
221
534
218
351
341
302
341
537
312
480
308
415
127
365
127
415
127
363
128
434
293
383
291
550
311
494
306
550
311
495
305
550
311
496
305
550
311
496
306
347
320
298
322
452
125
399
124
485
351
434
350
362
337
312
338
492
294
440
291
492
294
440
290
492
294
438
290
492
294
442
291
218
246
167
250
419
119
368
120
419
119
370
120
527
320
474
316
527
320
470
315
296
320
246
321
594
261
536
256
594
261
537
258
539
318
483
313
539
318
489
314
539
318
484
314
428
115
377
115
356
345
308
345
559
228
502
226
239
289
190
294
239
289
190
291
239
289
190
293
239
289
189
294
505
260
452
257
505
260
451
257
520
273
465
269
520
273
466
269
520
273
466
270
520
273
467
269
416
123
365
123
416
123
362
123
416
123
367
124
219
216
166
220
219
216
166
218
219
216
170
217
219
216
166
219
219
216
166
221
219
216
171
217
219
216
169
217
425
139
373
139
425
139
374
139
536
219
481
214
536
219
480
213
536
219
484
216
427
131
376
131
427
131
377
132
596
256
537
251
463
314
410
311
463
314
409
311
353
323
305
325
450
291
400
289
450
291
399
288
381
123
331
125
420
121
369
122
501
274
445
270
501
274
447
271
501
274
448
271
350
343
302
344
350
343
300
343
341
309
291
309
606
301
547
295
336
304
286
304
461
287
408
285
345
324
297
324
338
317
288
318
332
314
283
317
549
229
494
228
475
122
422
122
559
304
504
299
195
272
146
277
195
272
145
277
552
229
497
224
552
229
497
228
552
229
496
228
238
317
189
321
238
317
188
321
456
123
403
123
456
123
402
123
489
297
435
294
489
297
437
294
597
243
540
239
597
243
538
239
565
320
509
314
607
309
547
303
342
313
295
314
234
192
183
194
449
115
397
116
449
115
396
117
449
115
396
116
430
115
380
116
430
115
381
116
438
287
388
285
217
246
165
251
227
216
175
220
457
137
405
137
457
137
406
137
457
137
406
138
500
274
447
271
500
274
444
270
451
133
399
134
451
133
400
134
451
133
401
134
443
276
390
274
443
276
392
274
443
276
389
274
447
291
400
289
447
291
398
288
447
291
399
288
447
291
397
289
447
291
398
289
447
291
400
290
444
291
396
289
444
291
397
289
444
291
394
289
266
321
216
320
456
136
405
137
456
136
404
136
456
136
406
137
456
136
403
136
342
319
294
320
342
319
292
320
342
319
294
321
342
319
292
321
445
292
396
289
445
292
395
290
445
292
394
290
445
292
397
289
445
292
394
289
570
310
511
304
570
310
516
305
570
310
512
305
570
310
511
305
458
138
403
138
458
138
406
138
375
130
328
133
414
119
362
120
414
119
361
120
414
119
365
120
427
114
377
115
306
347
257
348
402
129
351
130
402
129
352
130
342
327
295
328
418
114
369
115
418
114
367
115
337
349
290
350
603
309
543
303
603
309
544
303
603
309
542
303
234
197
183
200
234
197
182
202
234
197
182
201
350
347
300
347
454
138
404
139
454
138
400
138
454
138
402
138
242
288
192
293
367
350
318
351
564
229
506
226
225
219
175
220
225
219
173
220
225
219
173
218
225
219
174
223
225
219
174
222
225
219
172
220
225
219
173
222
225
219
173
217
288
320
238
322
401
129
351
130
577
302
517
297
577
302
518
297
357
347
309
348
334
323
284
323
334
323
286
325
597
318
537
311
409
120
359
120
409
120
358
121
409
120
360
122
536
215
483
213
475
142
423
142
475
142
422
143
339
319
291
320
339
319
290
320
383
296
332
294
383
296
333
294
383
296
333
295
383
296
335
295
433
281
384
279
594
308
534
303
594
308
536
304
594
308
535
303
594
308
538
303
451
137
397
137
451
137
399
137
451
137
400
138
451
137
398
137
235
318
185
321
470
289
417
287
336
324
286
325
452
323
401
321
452
323
401
320
591
242
534
238
591
242
533
238
338
351
289
351
453
135
399
135
453
135
401
136
453
135
403
136
530
276
475
272
530
276
476
272
594
260
538
257
594
260
536
256
218
249
165
252
601
309
543
303
601
309
542
304
601
309
542
303
340
343
293
344
340
343
290
344
525
274
470
270
470
308
422
305
470
308
420
305
448
282
400
280
534
218
481
214
534
218
478
213
534
218
479
215
534
218
480
213
449
141
397
141
351
351
302
351
578
241
520
238
601
317
540
311
601
317
543
310
460
314
410
311
460
314
409
311
452
128
400
129
452
128
401
129
452
128
399
129
581
238
523
236
429
127
377
128
429
127
376
128
573
310
516
305
472
351
422
350
472
351
424
351
472
351
420
351
533
277
476
273
533
277
480
273
533
277
477
273
533
277
478
273
533
277
479
272
533
277
479
273
304
348
257
348
349
317
300
318
472
138
421
139
472
138
419
139
472
138
420
139
472
138
420
138
598
252
539
247
473
139
421
139
473
139
419
139
473
139
420
139
473
139
420
138
473
139
421
140
563
216
508
214
293
317
243
318
408
113
358
113
467
117
415
118
467
117
415
117
467
117
414
118
458
141
406
142
458
141
407
142
458
141
403
141
412
128
361
128
412
128
362
129
412
128
360
129
412
128
359
129
453
140
403
141
453
133
400
133
453
133
401
134
537
314
482
310
537
314
484
310
537
314
482
309
434
130
380
131
454
122
403
123
454
122
402
123
454
122
400
122
521
318
468
313
218
221
166
220
218
221
166
219
218
221
166
221
413
127
361
128
413
127
363
128
413
127
359
127
531
276
475
272
531
276
476
272
382
315
331
313
441
276
390
274
441
276
387
274
441
276
389
274
456
310
403
306
456
310
403
305
436
277
387
275
562
310
506
307
562
310
508
305
562
310
504
305
489
292
438
288
489
292
439
288
489
292
437
288
523
274
468
270
523
274
470
270
523
274
469
270
364
347
316
347
364
347
318
348
364
347
315
347
341
324
292
325
341
324
293
325
442
140
391
141
442
140
390
141
405
121
354
123
552
230
497
228
552
230
496
228
457
130
405
131
587
311
523
305
587
311
526
305
587
311
525
306
587
311
529
306
584
261
527
256
583
260
527
256
529
320
474
316
452
136
402
137
452
136
398
136
403
128
353
129
403
128
351
130
403
128
352
130
352
324
304
325
433
115
384
116
433
115
381
116
506
276
451
272
506
276
450
272
506
276
453
273
407
297
357
295
420
119
368
120
420
119
370
120
586
309
530
305
586
309
530
304
586
309
526
304
586
309
527
304
586
309
524
304
586
309
528
304
332
321
283
323
424
139
373
139
424
139
374
139
595
242
538
238
595
242
538
237
595
242
537
238
595
312
539
306
416
138
364
139
416
138
362
139
416
138
367
139
272
319
223
321
601
227
543
226
448
135
398
136
332
328
283
329
287
319
237
320
343
312
295
313
343
312
296
314
299
316
250
318
299
316
249
318
581
264
525
260
581
264
524
260
589
315
527
308
589
315
526
308
218
248
165
251
218
248
165
252
547
311
494
306
547
311
495
305
547
311
496
306
532
276
479
272
532
276
475
272
532
276
476
272
234
203
183
205
234
203
183
204
528
321
474
316
460
322
408
320
591
262
534
258
295
321
245
323
522
318
468
313
228
263
177
267
523
315
469
310
523
315
471
310
504
260
452
257
504
260
450
257
504
260
451
257
376
290
326
289
552
319
496
315
552
319
497
315
552
319
499
315
552
319
495
313
552
319
498
313
552
319
497
312
552
319
499
314
552
319
497
313
552
319
495
314
270
318
221
321
286
318
236
320
432
275
381
273
345
326
296
327
489
294
440
290
489
294
438
290
552
311
494
306
552
311
498
305
552
311
498
308
552
311
496
305
552
311
497
305
552
311
496
306
384
296
332
294
384
296
333
294
384
296
335
295
347
326
299
327
588
314
526
307
588
314
527
308
588
314
526
308
588
314
531
309
442
277
389
275
352
350
302
351
352
337
302
337
355
324
307
325
403
296
357
295
427
278
377
276
558
228
502
226
379
293
329
291
379
293
329
292
332
322
283
323
551
230
496
228
403
123
353
125
581
229
523
226
357
344
308
345
357
344
309
345
218
264
168
268
333
304
284
303
333
304
284
305
469
308
420
305
422
296
368
295
422
296
367
295
346
320
298
322
346
320
298
320
592
242
534
238
192
274
141
276
192
274
143
276
192
274
142
278
192
274
142
276
351
321
303
321
490
260
438
257
490
260
439
257
487
270
438
268
487
270
435
267
375
127
325
130
607
280
548
275
522
314
469
310
289
305
239
307
289
318
239
319
293
320
243
322
588
221
531
218
464
117
410
118
338
319
290
320
547
318
495
313
547
318
492
313
547
318
495
314
344
315
297
316
344
315
296
315
528
276
475
272
528
276
476
272
549
219
495
217
601
220
544
219
440
140
390
141
523
317
468
313
553
313
500
307
553
313
498
308
526
316
472
311
526
316
472
312
587
317
526
311
411
119
362
120
411
119
361
120
411
119
359
120
411
119
362
121
551
311
494
306
551
311
496
305
551
311
497
305
551
311
496
306
579
238
521
235
586
310
526
305
586
310
530
305
586
310
526
304
586
310
529
306
586
310
527
304
586
310
524
304
554
229
498
226
554
229
499
225
554
229
499
226
497
260
447
257
497
260
446
257
497
260
443
257
497
260
444
257
589
320
527
314
368
350
318
351
374
288
325
287
374
288
324
287
597
242
538
238
450
324
399
321
407
125
359
127
243
316
195
321
293
316
243
318
546
310
494
306
546
310
495
305
535
318
478
314
535
318
483
313
535
318
476
313
535
318
484
314
535
318
482
312
355
338
306
339
355
338
307
338
472
308
422
305
472
308
420
305
464
320
413
317
462
346
408
347
362
334
313
334
368
351
318
351
437
277
387
275
574
304
517
299
359
341
309
341
372
286
323
285
372
286
322
285
440
276
390
274
440
276
387
274
440
276
389
274
421
114
371
115
421
114
372
115
421
114
369
115
588
261
529
256
588
261
530
257
588
261
531
257
290
320
240
321
290
320
240
322
428
131
376
131
428
131
377
132
452
295
401
293
452
121
400
122
295
320
245
321
220
255
169
259
494
272
440
268
494
272
442
269
494
272
441
269
494
272
439
268
589
318
530
312
589
318
526
312
589
318
528
313
342
326
296
327
195
276
147
280
195
276
144
279
454
309
403
306
454
309
403
305
596
243
538
239
237
317
189
321
237
317
188
321
452
324
401
321
590
309
530
304
590
309
528
304
262
318
213
321
351
320
303
321
438
286
386
284
556
311
500
306
556
311
500
307
300
350
249
351
300
350
250
351
300
350
252
350
364
332
316
333
456
137
402
137
456
137
406
138
366
348
318
348
366
348
317
349
293
321
243
322
581
312
523
307
227
318
178
322
550
230
495
226
550
230
494
228
351
319
303
321
351
319
302
320
341
349
292
350
338
314
289
316
594
310
536
304
594
310
539
306
226
220
175
220
226
220
174
223
226
220
174
222
545
314
491
310
545
314
490
309
342
317
293
318
342
317
295
318
342
317
294
317
261
318
211
319
341
264
291
264
340
344
290
344
379
123
329
125
379
123
330
126
340
320
291
320
340
320
292
321
340
320
290
322
525
316
472
311
234
201
183
202
234
201
183
204
523
216
469
213
587
221
530
218
347
317
299
318
354
323
306
324
354
323
306
325
234
195
183
196
234
195
183
197
292
320
242
322
569
311
515
307
569
311
512
305
569
311
511
305
569
311
510
305
358
341
308
342
358
341
309
341
519
275
465
271
443
292
395
290
443
292
394
290
443
292
394
289
291
317
241
318
461
346
407
347
461
346
408
347
412
123
362
123
412
123
362
125
506
260
452
257
562
315
508
311
562
315
506
310
562
315
506
309
404
128
353
129
404
128
352
130
404
128
354
129
432
139
382
140
432
139
381
140
446
280
395
278
448
115
397
116
448
115
396
117
448
115
396
116
422
277
373
275
558
230
502
228
241
289
191
290
241
289
191
293
241
289
191
291
241
289
192
293
593
256
535
252
593
256
536
252
346
315
297
316
468
142
415
142
239
286
190
290
239
286
190
291
302
350
250
351
302
350
252
350
302
350
255
351
436
132
381
132
436
132
383
132
436
132
384
133
436
132
385
132
510
277
453
273
510
277
457
274
556
229
502
226
556
229
501
227
556
229
500
227
344
332
295
333
344
332
294
333
344
332
296
333
449
134
397
135
449
134
399
135
336
322
287
323
336
322
287
324
420
114
371
115
420
114
369
115
420
114
367
115
277
350
227
351
434
115
384
116
466
350
416
349
530
316
476
312
530
316
474
312
530
316
472
312
530
316
480
311
429
128
377
128
429
128
378
129
240
288
191
293
240
288
190
290
240
288
190
291
240
288
190
293
240
288
191
291
344
313
295
314
344
313
295
313
344
313
296
314
579
230
521
227
380
293
329
291
380
293
329
292
426
294
377
292
265
318
216
320
265
318
215
320
339
324
290
325
545
318
492
313
545
318
489
314
554
230
499
226
554
230
497
230
346
316
297
316
550
309
494
306
550
309
495
305
550
309
496
305
550
309
496
306
331
333
282
334
546
315
491
310
273
317
225
320
474
122
422
122
594
256
536
252
594
256
537
251
555
320
499
315
555
320
498
313
555
320
499
314
332
319
283
319
347
321
298
322
347
321
300
322
263
320
213
321
449
116
397
116
449
116
396
117
449
116
396
116
223
216
173
220
223
216
170
217
223
216
172
218
223
216
173
218
223
216
172
220
223
216
171
217
223
216
169
217
223
216
173
217
217
233
165
232
459
138
406
138
301
350
249
351
301
350
250
351
301
350
252
350
433
275
384
273
427
123
377
125
427
123
375
123
427
123
374
124
358
338
308
338
358
338
310
338
373
287
324
286
373
287
323
286
491
293
442
289
491
293
438
288
491
293
439
288
491
293
440
290
491
293
437
288
491
293
438
290
331
332
282
333
218
229
165
232
218
229
165
229
439
276
390
274
439
276
387
274
439
276
389
274
350
319
302
319
350
319
302
320
350
320
302
320
234
194
183
194
234
194
183
196
330
350
281
351
441
140
391
141
441
140
390
141
435
115
385
116
435
115
384
116
344
319
295
319
344
319
296
320
344
319
295
321
453
121
400
122
493
295
440
291
493
295
440
290
493
295
438
290
493
295
442
291
225
319
176
323
604
317
543
310
492
260
442
257
492
260
440
258
492
260
439
257
460
308
408
303
295
322
245
323
589
257
533
253
455
137
403
138
455
137
402
137
501
260
447
257
501
260
450
257
501
260
451
257
533
274
479
270
533
274
480
270
434
132
381
132
434
132
383
132
434
132
384
133
434
132
380
132
580
239
523
236
580
239
522
237
545
311
494
306
519
273
465
269
519
273
466
269
519
273
464
269
450
293
400
291
450
293
400
290
296
319
246
321
360
339
312
339
335
332
286
333
381
314
331
313
407
113
358
113
564
315
508
311
455
309
403
306
455
309
403
305
359
347
311
347
359
347
309
348
452
126
399
127
449
291
400
289
449
291
399
288
494
295
440
291
494
295
440
290
494
295
438
290
494
295
442
291
288
317
238
319
447
121
395
123
447
121
397
122
217
253
165
256
553
219
499
217
452
124
399
124
297
348
245
348
297
348
246
348
234
196
183
196
234
196
183
197
583
221
526
218
271
321
222
324
349
322
301
323
349
322
300
324
297
329
247
330
474
349
424
349
526
275
474
271
578
231
520
228
593
257
535
252
593
257
536
252
450
133
399
134
450
133
400
134
400
124
350
125
530
218
477
216
527
321
474
316
449
121
398
122
449
121
397
122
585
314
526
308
219
217
166
220
219
217
166
218
219
217
170
217
219
217
166
219
219
217
166
221
219
217
171
217
219
217
169
217
339
323
290
325
513
278
461
275
513
278
457
274
416
120
362
120
416
120
365
120
336
349
290
350
336
349
286
349
560
304
504
299
560
304
505
299
465
141
412
142
465
141
415
142
562
319
509
314
562
319
508
311
562
319
506
313
562
319
506
312
595
260
538
256
334
330
285
331
429
289
377
287
368
348
318
348
368
348
317
349
511
252
456
249
352
320
304
321
352
320
303
321
352
320
304
322
492
271
440
268
492
271
442
269
492
271
441
269
492
271
438
268
492
271
439
268
295
319
245
320
295
319
245
321
382
295
332
294
382
295
331
293
382
295
333
294
240
316
191
320
240
316
191
321
488
270
438
268
488
270
435
267
488
270
439
268
527
316
474
312
527
316
472
311
527
316
472
312
418
119
368
120
418
119
365
120
522
312
465
308
522
312
468
307
522
312
469
308
522
312
468
308
522
312
466
308
298
316
249
318
431
132
380
132
431
132
379
132
264
318
215
320
591
256
533
252
591
256
535
252
523
312
468
307
523
312
469
308
523
312
468
308
523
312
466
308
601
228
543
226
417
125
365
126
417
125
368
127
595
256
537
251
348
322
300
324
348
322
300
322
337
314
288
316
474
125
421
126
358
344
308
345
358
344
311
345
358
344
309
345
263
319
213
321
378
292
329
291
500
260
447
257
500
260
450
257
380
124
330
126
464
350
414
349
345
320
296
322
599
238
541
234
358
334
309
334
347
319
298
320
454
136
402
137
454
136
401
136
495
272
440
268
495
272
442
269
495
272
441
269
495
272
444
270
226
319
177
324
457
131
405
132
457
131
405
131
366
347
317
347
366
347
316
347
366
347
319
347
366
347
318
348
361
344
311
345
581
230
522
228
410
125
360
126
410
125
361
126
410
125
359
127
442
290
391
288
442
290
392
288
590
242
532
238
590
242
533
238
431
131
381
132
431
131
380
132
431
131
380
131
431
131
379
132
530
319
478
314
530
319
476
313
511
253
457
250
511
253
456
249
511
253
456
250
533
276
479
272
533
276
481
271
533
276
476
272
555
227
499
225
555
227
499
226
306
350
257
351
306
350
256
351
383
289
334
288
261
319
211
319
343
332
295
333
343
332
293
333
343
332
294
333
343
332
296
333
507
276
451
272
507
276
450
272
507
276
453
273
457
117
404
118
268
318
219
320
268
318
218
320
268
318
218
319
268
318
219
321
414
120
362
120
414
120
361
120
414
120
362
121
414
120
365
120
414
120
364
122
228
319
179
324
371
286
322
285
224
219
173
220
224
219
172
218
224
219
173
218
224
219
174
223
224
219
174
222
224
219
172
220
224
219
173
222
224
219
173
217
468
117
415
118
468
117
415
117
468
117
414
118
533
275
480
270
533
275
481
271
234
193
183
194
403
122
354
123
403
122
351
124
403
122
353
123
597
261
538
256
474
142
423
142
474
142
422
143
494
293
442
289
494
293
439
288
494
293
440
290
332
315
283
317
415
120
362
120
415
120
361
120
415
120
362
121
415
120
365
120
415
120
364
122
