paris_invalides_000662_lt_4.jpg
paris_invalides_000663.jpg
311
216
254
108
311
216
255
107
311
216
254
106
311
216
297
179
311
216
293
176
314
215
301
181
314
215
256
103
314
215
257
104
314
215
299
178
314
215
297
178
314
215
256
104
314
215
299
180
314
215
304
183
314
215
294
174
312
214
301
181
312
214
258
106
312
214
298
178
312
214
256
105
312
214
299
178
312
214
257
105
312
214
297
178
312
214
299
180
312
214
256
106
308
215
254
109
303
208
289
172
303
208
286
169
303
208
285
168
303
208
287
169
303
208
288
170
303
208
289
171
210
208
194
171
308
218
252
110
308
218
251
110
312
215
298
178
312
215
255
107
312
215
256
105
312
215
297
178
312
215
299
180
312
215
256
106
300
217
281
174
302
207
287
169
302
207
288
170
302
207
289
171
201
206
225
100
201
206
225
101
321
221
258
106
321
221
259
106
321
221
258
105
321
221
257
104
321
221
257
105
315
214
258
106
315
214
256
103
315
214
299
178
315
214
256
102
315
214
256
104
315
214
301
180
320
221
258
106
320
221
256
105
320
221
257
105
188
223
174
182
188
223
174
181
189
221
174
182
189
221
174
181
189
221
175
179
188
224
174
182
188
224
173
184
303
211
254
108
303
211
284
169
303
211
288
174
303
211
285
171
303
211
288
173
303
211
287
173
206
205
188
171
206
205
184
174
315
216
301
181
315
216
256
103
315
216
299
179
315
216
257
104
315
216
299
178
315
216
297
178
315
216
254
102
315
216
299
180
315
216
304
183
315
216
301
180
315
216
256
106
315
215
301
181
315
215
256
103
315
215
299
179
315
215
256
102
315
215
256
104
315
215
257
103
315
215
301
180
207
205
188
171
207
205
228
103
207
205
191
170
318
215
258
104
318
215
256
102
205
206
188
171
205
206
184
174
310
221
252
110
310
221
252
111
310
221
251
110
312
213
298
178
312
213
256
105
312
213
258
105
312
213
299
179
312
213
257
104
312
213
257
105
312
213
256
104
312
213
301
180
317
215
256
103
317
215
258
105
317
215
257
104
317
215
256
102
317
215
257
103
317
214
258
104
317
214
256
102
317
214
257
103
320
219
258
104
320
219
259
104
320
219
259
106
320
219
258
105
320
219
257
104
320
219
259
105
320
219
257
103
313
215
298
178
313
215
256
105
313
215
299
178
313
215
257
105
313
215
256
104
313
215
299
180
313
215
256
106
189
222
174
182
189
222
174
181
189
222
173
184
188
222
174
182
188
222
174
181
188
222
175
179
204
202
225
99
302
206
291
172
282
203
264
165
328
294
306
222
317
213
257
99
317
213
259
104
320
224
256
106
303
210
287
171
303
210
284
169
303
210
255
107
303
210
289
174
303
210
288
173
320
220
258
106
320
220
258
104
320
220
259
106
320
220
258
105
320
220
257
104
320
220
259
105
320
220
257
105
320
220
256
104
320
220
257
103
320
220
301
180
308
219
251
110
321
222
258
106
321
222
259
106
212
214
204
169
205
205
188
171
205
205
227
101
307
211
297
178
307
211
299
180
307
211
292
174
313
216
255
107
313
216
299
179
313
216
256
106
188
220
174
181
188
220
175
179
301
211
287
173
313
214
258
106
313
214
256
103
313
214
256
105
313
214
257
104
313
214
299
178
313
214
257
105
313
214
297
178
313
214
256
104
313
214
304
183
316
213
256
102
316
213
257
103
306
209
298
178
306
209
299
179
306
209
297
178
306
209
291
172
209
206
190
172
209
206
189
173
206
206
186
174
319
216
258
104
319
216
259
104
319
216
256
102
310
222
252
111
201
205
225
99
201
205
225
100
308
217
252
110
302
220
280
174
296
215
280
175
199
208
225
100
199
208
224
103
199
208
225
102
199
208
225
101
301
216
281
173
311
212
298
178
311
212
256
105
311
212
258
105
311
212
299
179
311
212
257
105
311
212
256
104
311
212
301
180
