6_6_l.jpg
6_6_r.jpg
252
219
78
213
252
219
75
211
252
219
77
214
252
219
78
216
252
219
76
212
252
219
78
212
252
219
73
213
252
219
77
215
252
219
76
211
252
219
72
212
252
219
73
212
252
219
73
209
252
219
74
212
252
219
72
213
252
219
75
215
252
219
76
215
252
219
76
210
252
219
74
211
252
219
78
215
252
219
79
216
252
219
79
217
257
224
78
213
257
224
75
211
257
224
77
214
257
224
78
216
257
224
76
212
257
224
73
213
257
224
77
215
257
224
73
212
257
224
74
212
257
224
75
215
257
224
76
215
257
224
74
211
257
224
78
215
257
224
79
216
257
224
79
217
257
218
77
207
257
218
78
208
257
218
78
213
257
218
78
207
257
218
78
212
257
218
77
210
257
218
76
208
257
218
76
211
257
218
76
209
257
218
78
209
257
218
76
210
256
222
78
213
256
222
75
211
256
222
77
214
256
222
78
216
256
222
76
212
256
222
78
212
256
222
73
213
256
222
77
215
256
222
76
211
256
222
73
212
256
222
73
209
256
222
74
212
256
222
75
215
256
222
76
215
256
222
76
210
256
222
74
211
256
222
78
215
256
222
79
216
256
222
79
217
255
220
78
213
255
220
75
211
255
220
77
214
255
220
78
216
255
220
76
212
255
220
78
212
255
220
77
210
255
220
77
215
255
220
76
211
255
220
73
212
255
220
74
212
255
220
76
209
255
220
76
215
255
220
76
210
255
220
74
211
255
220
78
215
255
220
79
216
255
220
79
217
258
227
78
216
258
227
73
213
258
227
77
215
258
227
73
212
258
227
75
215
258
227
76
215
258
227
78
215
258
227
79
216
258
227
79
217
253
219
78
213
253
219
75
211
253
219
77
214
253
219
78
216
253
219
76
212
253
219
78
212
253
219
73
213
253
219
77
210
253
219
77
215
253
219
76
211
253
219
73
212
253
219
73
209
253
219
74
212
253
219
76
209
253
219
75
215
253
219
76
215
253
219
76
210
253
219
74
211
253
219
78
215
253
219
79
216
253
219
79
217
255
223
78
213
255
223
75
211
255
223
77
214
255
223
78
216
255
223
76
212
255
223
73
213
255
223
77
215
255
223
71
212
255
223
72
212
255
223
73
212
255
223
74
212
255
223
72
213
255
223
75
215
255
223
76
215
255
223
74
211
255
223
78
215
255
223
79
216
255
223
79
217
253
220
78
213
253
220
75
211
253
220
77
214
253
220
78
216
253
220
76
212
253
220
78
212
253
220
73
213
253
220
77
215
253
220
76
211
253
220
72
212
253
220
73
212
253
220
73
209
253
220
74
212
253
220
72
213
253
220
75
215
253
220
76
215
253
220
76
210
253
220
74
211
253
220
78
215
253
220
79
216
253
220
79
217
260
226
78
213
260
226
77
214
260
226
78
216
260
226
76
212
260
226
77
215
260
226
74
211
260
226
78
215
260
226
79
216
260
226
79
217
259
227
77
214
259
227
78
216
259
227
77
215
259
227
73
212
259
227
74
212
259
227
75
215
259
227
76
215
259
227
78
215
259
227
79
216
259
227
79
217
258
228
78
216
258
228
73
213
258
228
75
215
258
228
76
215
258
228
79
217
259
228
78
216
259
228
73
213
259
228
77
215
259
228
75
215
259
228
76
215
259
228
79
216
259
228
79
217
251
222
77
214
251
222
78
216
251
222
73
213
251
222
77
215
251
222
71
212
251
222
72
212
251
222
73
212
251
222
74
212
251
222
72
213
251
222
75
215
251
222
76
215
251
222
78
215
251
222
79
216
251
222
79
217
252
222
77
214
252
222
78
216
252
222
73
213
252
222
77
215
252
222
71
212
252
222
72
212
252
222
73
212
252
222
74
212
252
222
72
213
252
222
75
215
252
222
76
215
252
222
74
211
252
222
78
215
252
222
79
216
252
222
79
217
255
219
78
213
255
219
75
211
255
219
77
214
255
219
78
216
255
219
76
212
255
219
78
212
255
219
77
210
255
219
77
215
255
219
76
208
255
219
73
209
255
219
74
212
255
219
76
209
255
219
78
209
255
219
76
210
255
219
74
211
255
219
78
215
255
219
79
216
256
219
78
208
256
219
78
213
256
219
75
211
256
219
77
214
256
219
76
212
256
219
78
212
256
219
77
210
256
219
76
208
256
219
76
211
256
219
73
209
256
219
76
209
256
219
78
209
256
219
76
210
256
219
74
211
256
219
78
215
256
219
79
216
256
223
78
213
256
223
75
211
256
223
77
214
256
223
78
216
256
223
76
212
256
223
73
213
256
223
77
215
256
223
76
211
256
223
72
212
256
223
73
212
256
223
73
209
256
223
74
212
256
223
75
215
256
223
76
215
256
223
74
211
256
223
78
215
256
223
79
216
256
223
79
217
256
224
75
211
256
224
77
214
256
224
78
216
256
224
76
212
256
224
73
213
256
224
77
215
256
224
72
212
256
224
73
212
256
224
74
212
256
224
75
215
256
224
76
215
256
224
74
211
256
224
78
215
256
224
79
216
256
224
79
217
258
226
77
214
258
226
78
216
258
226
77
215
258
226
73
212
258
226
74
212
258
226
75
215
258
226
76
215
258
226
78
215
258
226
79
216
258
226
79
217
256
218
77
207
256
218
78
208
256
218
78
213
256
218
75
211
256
218
78
207
256
218
76
212
256
218
78
212
256
218
77
210
256
218
76
208
256
218
76
211
256
218
76
209
256
218
78
209
256
218
76
210
253
221
78
213
253
221
75
211
253
221
77
214
253
221
78
216
253
221
76
212
253
221
73
213
253
221
77
215
253
221
76
211
253
221
71
212
253
221
72
212
253
221
73
212
253
221
73
209
253
221
74
212
253
221
72
213
253
221
75
215
253
221
76
215
253
221
74
211
253
221
78
215
253
221
79
216
253
221
79
217
260
227
77
214
260
227
78
216
260
227
77
215
260
227
74
212
260
227
76
215
260
227
78
215
260
227
79
216
260
227
79
217
252
221
78
213
252
221
75
211
252
221
77
214
252
221
78
216
252
221
76
212
252
221
73
213
252
221
77
215
252
221
71
212
252
221
72
212
252
221
73
212
252
221
73
209
252
221
74
212
252
221
72
213
252
221
75
215
252
221
76
215
252
221
74
211
252
221
78
215
252
221
79
216
252
221
79
217
255
221
78
213
255
221
75
211
255
221
77
214
255
221
78
216
255
221
76
212
255
221
78
212
255
221
73
213
255
221
77
215
255
221
76
211
255
221
72
212
255
221
73
212
255
221
73
209
255
221
74
212
255
221
75
215
255
221
76
215
255
221
76
210
255
221
74
211
255
221
78
215
255
221
79
216
255
221
79
217
260
228
78
216
260
228
77
215
260
228
73
212
260
228
75
215
260
228
76
215
260
228
78
215
260
228
79
216
260
228
79
217
263
228
77
214
263
228
74
212
263
228
78
215
263
228
79
216
263
228
79
217
266
227
78
213
266
227
78
212
266
227
76
211
266
227
76
210
266
227
78
215
262
229
78
216
262
229
77
215
262
229
73
212
262
229
76
215
262
229
78
215
262
229
79
216
262
229
79
217
261
228
77
214
261
228
78
216
261
228
77
215
261
228
74
212
261
228
78
215
261
228
79
216
261
228
79
217
264
228
78
213
264
228
76
212
264
228
76
215
264
228
79
217
262
228
77
214
262
228
78
216
262
228
77
215
262
228
78
215
262
228
79
216
262
228
79
217
265
228
78
213
265
228
75
211
265
228
77
214
265
228
76
212
265
228
77
215
264
229
77
214
264
229
74
212
264
229
75
215
264
229
76
215
264
229
78
215
264
229
79
216
265
229
77
214
265
229
77
215
265
229
74
212
265
229
76
215
265
229
74
211
