paris_invalides_000662_sm_4.jpg
paris_invalides_000663.jpg
303
237
312
198
296
246
301
202
200
242
162
209
200
242
165
205
200
242
165
206
306
242
315
206
292
226
302
187
293
228
301
186
293
228
302
187
293
228
306
190
293
239
300
196
293
239
300
197
308
250
321
219
300
231
307
189
308
249
320
216
308
249
320
217
303
234
314
197
309
247
315
206
309
247
320
213
310
247
320
212
307
248
320
217
306
247
320
217
199
240
165
202
303
236
313
198
296
233
306
194
296
233
306
193
293
238
300
196
293
238
303
198
293
230
304
190
290
220
301
181
307
249
320
218
205
229
172
187
294
235
301
192
302
247
315
217
300
234
312
198
300
234
308
194
300
234
309
195
290
223
301
184
296
236
301
192
199
241
165
203
199
241
165
202
213
229
175
192
296
235
306
194
296
235
306
195
303
241
311
202
303
235
314
198
297
231
307
191
297
231
306
190
298
236
307
196
298
236
306
195
307
245
320
215
304
239
313
201
304
239
314
203
199
244
164
208
199
244
165
206
304
237
314
201
304
237
313
198
199
242
165
204
199
242
165
203
199
242
161
209
199
242
162
208
306
245
320
216
298
234
306
193
298
234
308
195
305
243
317
212
305
243
311
202
305
243
320
216
296
229
307
190
296
229
306
190
296
229
307
189
294
226
304
186
306
244
320
215
306
244
317
211
306
244
315
208
287
225
298
186
301
233
310
194
295
239
303
198
295
239
305
200
304
241
311
201
304
241
317
211
299
235
311
199
299
235
310
198
299
235
308
195
290
222
302
184
304
242
316
211
304
242
311
202
297
234
306
194
297
234
306
193
297
234
308
195
294
236
303
195
294
236
300
193
299
236
306
194
299
236
306
195
298
232
306
190
296
243
300
197
305
240
313
200
305
240
313
201
305
240
314
203
196
245
159
211
299
232
310
194
299
232
306
190
302
238
308
195
302
233
314
197
302
233
310
193
302
233
313
196
295
225
305
185
295
225
306
185
295
225
305
184
199
243
162
209
199
243
165
205
199
243
162
208
308
247
320
215
308
247
315
208
