Test1024.jpg
Test1023.jpg
281
297
199
297
302
185
231
184
302
185
226
183
316
227
237
225
288
296
207
297
288
296
204
296
288
296
204
295
288
296
203
295
288
296
208
297
315
188
241
187
315
188
235
184
315
188
233
184
315
188
234
184
315
188
237
186
315
188
239
186
315
188
236
184
315
188
236
185
413
255
341
253
413
255
341
254
413
255
342
253
294
183
215
180
305
254
221
253
305
254
222
253
305
254
220
253
305
254
224
253
305
254
219
252
295
295
211
295
327
199
252
198
327
199
250
199
327
199
252
199
310
185
235
184
310
185
233
184
310
185
234
184
310
185
236
184
310
185
236
183
310
185
234
183
310
185
237
184
321
189
243
186
321
189
241
187
321
189
245
187
321
189
242
186
321
189
237
186
321
189
239
186
321
189
236
185
321
189
246
187
311
225
233
223
297
251
216
250
290
255
212
254
312
187
235
184
312
187
233
184
312
187
234
184
312
187
237
186
312
187
239
186
312
187
231
184
312
187
236
184
312
187
234
183
312
187
236
185
267
251
178
250
289
297
207
297
289
297
206
297
289
297
204
296
289
297
203
296
289
297
205
297
289
297
208
297
294
253
214
252
407
252
336
251
407
252
335
249
282
295
199
295
282
295
201
295
282
295
203
296
294
191
217
188
294
191
219
190
294
191
219
189
294
191
217
189
294
191
215
189
294
191
218
189
294
191
215
188
294
191
218
190
301
251
218
250
296
298
210
298
296
298
208
297
251
200
171
196
308
187
233
184
308
187
231
184
308
187
226
183
327
200
250
199
327
200
252
199
407
254
335
253
407
254
336
251
407
254
332
250
407
254
333
252
407
254
337
252
306
185
235
184
306
185
233
184
306
185
234
184
306
185
231
184
306
185
226
183
312
186
235
184
312
186
233
184
312
186
234
184
312
186
236
184
312
186
234
183
312
186
236
185
312
186
237
184
282
309
200
309
291
182
215
180
319
185
244
183
319
185
241
182
319
185
239
182
319
185
238
181
319
185
242
182
319
185
240
182
320
188
243
186
320
188
241
187
320
188
248
187
320
188
245
187
320
188
245
186
320
188
242
186
320
188
241
185
320
188
239
186
320
188
244
186
320
188
236
184
320
188
246
187
320
188
237
184
318
188
243
186
318
188
241
187
318
188
235
184
318
188
245
187
318
188
242
186
318
188
234
184
318
188
237
186
318
188
239
186
318
188
236
184
318
188
236
185
318
188
237
184
323
255
250
255
323
255
252
255
323
255
250
256
304
256
221
255
424
241
348
238
424
241
349
239
296
296
211
296
296
296
213
296
272
304
189
305
272
304
185
305
317
188
241
187
317
188
235
184
317
188
233
184
317
188
242
186
317
188
234
184
317
188
237
186
317
188
239
186
317
188
236
184
317
188
236
185
317
188
237
184
413
254
342
253
286
182
215
180
410
252
335
249
279
295
196
295
279
295
198
295
290
297
207
297
290
297
209
297
290
297
204
296
290
297
208
297
294
297
212
297
293
297
208
296
293
297
212
297
293
297
211
297
270
295
188
295
270
295
186
295
283
295
202
295
283
295
201
295
421
238
346
236
315
227
237
225
315
227
236
225
251
199
171
195
307
186
233
184
307
186
234
184
307
186
231
184
307
186
226
183
294
296
211
296
294
296
208
295
320
251
247
252
320
251
249
251
309
187
233
184
309
187
234
184
309
187
231
184
309
187
226
183
309
187
236
185
285
297
201
296
285
297
203
296
405
256
332
253
405
256
333
252
405
256
331
252
405
256
334
253
285
295
202
295
285
295
204
296
285
295
201
295
285
295
204
295
285
295
203
295
404
254
332
253
404
254
331
252
327
256
253
256
308
254
226
253
308
254
225
253
308
254
224
253
315
219
237
217
315
219
238
217
286
296
202
295
286
296
206
297
286
296
204
296
286
296
201
295
286
296
203
296
286
296
203
295
286
296
205
297
285
236
212
234
285
236
213
233
285
236
211
235
285
236
209
234
290
296
208
296
290
296
204
295
329
198
252
198
329
198
254
197
317
224
240
222
288
297
207
297
288
297
206
297
288
297
204
296
288
297
203
296
288
297
205
297
273
296
192
295
273
296
189
296
317
185
239
182
317
185
236
183
317
185
240
182
297
184
215
180
325
198
249
196
403
252
330
250
310
225
233
223
310
225
232
223
300
251
218
250
302
256
220
255
291
297
209
297
291
297
211
297
313
188
233
184
313
188
234
184
313
188
237
186
313
188
231
184
313
188
236
185
289
235
212
234
289
235
214
233
289
235
213
233
305
184
233
184
305
184
234
184
305
184
234
183
404
252
332
250
404
252
331
250
403
254
331
253
403
254
332
253
403
254
331
252
329
199
252
198
317
189
241
187
317
189
237
186
317
189
239
186
317
189
236
185
290
235
212
234
290
235
214
233
290
235
213
233
314
219
237
217
328
198
252
198
328
198
251
196
323
256
250
256
327
198
252
198
327
198
249
196
327
198
251
196
327
255
253
256
267
295
183
295
311
183
239
182
310
215
232
213
310
215
233
213
319
256
243
256
307
223
231
221
307
223
230
221
413
240
338
238
314
184
239
182
326
256
250
256
326
256
253
256
421
239
346
236
292
291
209
291
302
251
218
250
313
187
235
184
313
187
233
184
313
187
234
184
313
187
237
186
313
187
239
186
313
187
231
184
313
187
236
184
313
187
234
183
313
187
236
185
288
191
214
189
288
191
215
189
288
191
215
188
285
296
202
295
285
296
204
296
285
296
201
295
285
296
203
296
285
296
203
295
285
296
205
297
304
254
221
253
304
254
222
253
304
254
220
253
310
186
235
184
310
186
233
184
310
186
234
184
310
186
231
184
310
186
236
184
310
186
234
183
310
186
236
185
307
254
221
253
307
254
222
253
307
254
225
253
307
254
224
253
307
254
219
252
308
223
231
221
287
182
215
180
430
243
357
241
430
243
355
240
312
184
236
183
309
217
232
215
309
217
231
215
283
296
201
296
283
296
199
295
283
296
201
295
292
285
210
286
291
290
209
291
291
290
208
290
319
188
243
186
319
188
241
187
319
188
235
184
319
188
245
187
319
188
242
186
319
188
241
185
319
188
239
186
319
188
244
186
319
188
236
184
319
188
236
185
319
188
246
187
319
188
237
184
301
253
219
252
405
253
331
251
405
253
332
250
405
253
333
252
405
253
331
250
331
198
254
197
251
202
171
198
270
251
180
250
292
255
214
254
304
185
233
184
304
185
231
184
304
185
226
183
275
295
192
295
284
297
201
296
291
183
215
180
405
254
331
251
405
254
332
253
405
254
333
252
405
254
334
253
405
254
331
250
310
217
233
215
310
217
232
215
289
191
214
189
289
191
215
189
289
191
215
188
308
215
232
214
316
184
244
183
316
184
241
182
316
184
239
182
316
184
238
181
316
184
240
182
403
251
332
250
403
251
331
250
321
188
243
186
321
188
248
187
321
188
245
187
321
188
245
186
321
188
242
186
321
188
241
185
321
188
239
186
321
188
244
186
321
188
236
184
321
188
246
187
321
188
237
184
269
295
186
295
256
234
172
234
256
234
171
234
290
238
212
236
290
238
213
236
292
296
208
295
292
296
208
296
408
252
336
251
408
252
337
251
408
252
335
249
415
254
345
251
415
254
346
251
409
253
336
251
409
253
337
251
409
253
337
252
409
253
335
249
288
298
201
296
288
298
203
296
288
298
205
297
405
251
332
250
326
197
252
196
326
197
253
196
326
197
248
195
326
197
249
196
326
197
250
195
326
197
251
196
299
185
226
183
429
242
355
240
408
256
335
253
408
256
332
250
408
256
333
252
408
256
334
253
318
185
241
182
318
185
239
182
318
185
238
181
318
185
240
182
293
191
217
188
293
191
217
189
293
191
214
189
293
191
215
189
293
191
218
189
293
191
215
188
293
191
218
190
257
234
172
234
257
234
173
234
308
253
223
252
408
254
336
251
408
254
337
251
408
254
337
252
271
255
181
254
268
295
186
295
286
297
201
296
286
297
203
296
286
297
205
297
291
235
212
234
320
190
241
187
320
190
237
186
320
190
239
186
309
215
231
213
315
187
235
184
315
187
233
184
315
187
242
186
315
187
234
184
315
187
237
186
315
187
239
186
315
187
236
184
315
187
236
183
315
187
234
183
315
187
236
185
315
187
237
184
307
295
224
295
288
238
212
236
288
238
211
236
288
238
210
236
288
238
213
236
296
297
212
297
296
297
211
297
313
184
236
183
293
296
211
296
293
296
208
295
281
295
201
296
281
295
199
295
309
186
235
184
309
186
233
184
309
186
234
184
309
186
231
184
309
186
226
183
309
186
236
185
323
189
243
186
323
189
241
187
323
189
245
187
323
189
251
188
323
189
242
186
323
189
239
186
323
189
250
188
323
189
246
187
406
254
335
253
406
254
332
250
406
254
333
252
406
254
334
253
406
254
331
250
307
185
235
184
307
185
233
184
307
185
234
184
307
185
231
184
284
296
202
295
284
296
201
296
284
296
201
295
284
296
203
296
306
254
221
253
306
254
222
253
306
254
220
253
306
254
224
253
306
254
219
252
251
201
171
197
404
253
331
251
404
253
330
250
404
253
332
253
404
253
333
252
314
218
238
217
403
240
328
239
291
298
207
297
291
298
206
297
291
298
205
297
291
298
207
298
289
238
212
236
289
238
211
236
289
238
213
236
314
188
241
187
314
188
235
184
314
188
233
184
314
188
234
184
314
188
237
186
314
188
239
186
314
188
231
184
314
188
236
185
313
222
235
220
313
222
236
220
286
236
212
234
286
236
211
235
286
236
209
234
287
296
202
295
287
296
204
296
287
296
204
295
287
296
203
296
287
296
203
295
296
184
215
180
409
255
335
253
409
255
336
251
409
255
337
251
409
255
337
252
286
235
212
234
286
235
213
233
286
235
209
234
324
251
254
253
324
251
252
252
281
236
209
234
291
296
208
295
291
296
208
296
323
220
246
219
408
253
336
251
408
253
337
251
408
253
337
252
408
253
335
249
328
187
247
186
312
222
235
220
288
295
204
295
287
297
201
296
287
297
206
297
287
297
204
296
287
297
203
296
287
297
205
297
289
298
206
297
289
298
203
296
289
298
205
297
289
298
207
298
303
256
220
255
411
255
336
251
411
255
340
254
411
255
337
251
294
295
211
295
294
295
208
295
303
185
231
184
303
185
226
183
312
215
234
213
312
215
233
213
311
215
234
213
311
215
233
213
251
198
171
194
324
256
250
256
315
184
239
182
315
184
238
181
315
184
240
182
255
234
172
234
255
234
171
234
411
253
341
253
411
253
335
249
287
236
212
234
287
236
211
235
287
236
209
234
287
236
212
235
311
222
233
220
314
224
236
222
290
191
217
189
290
191
214
189
290
191
215
189
290
191
215
188
310
220
233
218
412
254
341
253
412
254
341
254
