Test81.jpg
Test82_2.jpg
44
206
182
71
43
207
182
71
43
206
182
71
321
85
448
156
331
83
456
163
335
97
446
175
331
105
438
180
331
105
438
179
367
67
495
178
367
67
496
179
372
91
482
201
372
92
482
201
374
125
455
224
371
126
455
224
371
126
453
223
372
126
455
224
372
126
453
224
372
126
454
225
372
126
453
223
372
127
453
223
373
127
453
224
373
127
454
225
373
127
453
223
390
185
426
283
389
186
426
283
388
188
422
283
386
189
422
283
390
186
426
283
389
191
418
286
389
191
417
287
389
191
417
286
389
192
416
287
389
192
418
286
389
192
417
287
389
192
417
286
389
194
414
290
389
194
416
288
389
194
416
287
389
194
415
289
389
194
415
290
389
194
417
287
403
46
537
188
402
46
537
188
403
45
538
188
415
139
481
266
415
139
479
266
415
139
480
266
412
139
478
265
413
131
482
258
411
136
478
262
415
137
481
266
415
137
479
266
415
137
480
266
414
182
440
299
414
182
445
298
414
182
444
298
414
182
443
298
403
186
429
290
415
182
445
298
415
182
444
301
415
182
444
298
415
182
443
298
415
182
445
299
416
185
445
298
416
185
444
301
416
185
444
298
416
185
443
298
416
185
445
299
416
185
444
302
416
185
443
301
413
182
440
299
413
182
444
298
413
182
443
298
413
182
443
301
416
183
445
298
416
183
444
301
416
183
444
298
416
183
443
298
416
183
445
299
416
183
444
302
416
183
443
301
415
184
440
299
415
184
445
298
415
184
444
301
415
184
444
298
415
184
443
298
415
184
445
299
415
184
443
301
416
184
445
298
416
184
444
301
416
184
444
298
416
184
443
298
416
184
445
299
416
184
444
302
416
184
443
301
415
185
440
299
415
185
444
301
415
185
444
298
415
185
443
298
415
185
443
301
412
183
440
299
404
187
429
290
417
184
445
298
417
184
444
301
417
184
444
298
417
184
446
299
417
184
443
298
417
184
445
299
417
184
444
302
417
184
443
301
419
187
445
304
419
187
445
303
419
187
446
303
417
186
444
302
419
183
447
299
419
183
446
300
419
186
445
298
419
186
447
299
419
186
444
298
419
186
446
299
419
186
445
304
419
186
445
299
419
186
446
302
419
186
445
303
419
186
446
300
419
186
446
303
418
187
444
302
418
187
445
303
417
183
445
298
417
183
444
298
417
183
446
299
417
183
443
298
417
183
445
299
455
83
538
264
476
79
572
269
475
93
572
269
475
108
573
271
