paris_invalides_000672.jpg
paris_invalides_000663.jpg
99
100
170
198
99
100
173
193
425
84
284
200
89
140
165
208
89
140
163
211
89
140
163
210
87
141
165
205
87
141
162
209
87
141
165
204
101
99
173
194
101
99
173
193
426
85
286
201
86
140
161
209
86
140
159
211
88
141
165
206
88
141
163
210
88
141
164
208
87
140
162
208
87
140
165
204
87
140
165
203
89
141
167
205
89
141
163
212
87
142
165
205
87
142
165
206
87
142
162
209
87
142
164
208
86
141
162
208
86
141
165
202
86
141
165
203
85
139
159
210
89
139
165
206
89
139
163
210
89
139
164
208
