Test800.jpg
Test810.jpg
58
81
143
73
55
78
31
72
55
78
33
72
55
78
33
73
55
78
50
73
55
78
54
73
55
78
87
72
55
78
151
70
55
78
145
70
55
78
149
70
57
79
37
73
57
79
32
73
57
79
33
73
57
79
50
73
57
79
54
73
57
79
57
74
57
79
87
72
57
79
148
71
57
79
150
71
60
79
31
72
60
79
30
73
60
79
31
73
60
79
32
73
60
79
33
73
60
79
54
73
60
79
57
74
60
79
89
72
60
79
88
72
60
79
87
72
60
79
94
72
61
86
62
81
56
86
58
81
56
86
57
79
56
86
62
81
65
79
30
73
65
79
31
73
59
77
31
71
59
77
84
71
59
77
145
69
55
84
55
78
55
84
57
79
55
84
60
79
55
84
54
78
58
84
55
78
58
84
57
79
58
84
60
79
58
84
54
78
57
77
31
71
57
77
84
71
57
77
145
69
57
77
156
70
60
87
58
81
60
87
63
82
57
87
58
81
57
87
63
82
52
84
57
79
52
84
248
84
53
84
55
78
53
84
57
79
53
84
60
79
53
84
54
78
53
84
248
84
63
86
62
81
54
78
33
72
54
78
54
73
54
78
74
74
54
78
87
72
54
78
145
69
54
78
151
70
54
78
145
70
54
78
149
70
55
85
55
78
55
85
57
79
55
85
62
80
59
85
55
78
59
85
57
79
59
85
60
79
59
85
54
78
64
85
55
78
64
85
57
79
64
85
62
80
64
85
54
78
55
87
58
81
55
87
58
82
73
153
33
152
73
153
31
152
73
153
32
152
77
154
33
152
77
154
32
152
75
155
33
152
75
155
31
153
75
155
32
152
73
154
33
152
73
154
31
153
73
154
31
152
73
154
32
152
72
154
33
152
72
154
31
153
72
154
31
152
72
154
32
152
72
153
31
152
72
153
32
152
74
154
33
152
74
154
31
152
74
154
32
152
78
154
33
152
74
155
33
152
74
155
31
153
74
155
31
152
74
155
32
152
76
156
33
152
76
156
31
153
75
153
33
152
75
153
32
152
71
153
31
152
93
160
58
158
112
87
58
81
112
87
248
85
109
82
59
77
108
80
50
74
108
80
50
73
108
80
46
74
108
80
47
74
108
80
54
73
108
80
57
74
108
80
88
73
108
80
94
72
116
83
252
82
116
83
249
83
108
85
57
79
108
85
62
80
110
87
58
81
110
87
53
80
110
87
63
82
110
87
248
85
110
87
250
85
115
87
248
85
115
87
255
84
115
87
253
85
108
86
57
79
108
86
250
84
108
86
249
83
114
86
248
85
114
86
248
84
114
86
254
83
110
82
59
77
113
85
57
79
113
85
248
84
113
85
254
83
113
85
250
84
113
85
249
83
109
79
31
73
109
79
32
73
109
79
33
73
109
79
54
73
109
79
89
72
109
79
83
73
109
79
88
72
109
79
80
74
109
79
87
72
117
87
255
84
117
87
253
85
117
87
251
85
114
84
248
84
114
84
249
83
114
79
30
73
114
79
83
73
114
79
80
74
114
79
87
72
105
80
33
73
105
80
50
73
105
80
54
73
105
80
57
74
105
80
90
72
105
80
88
72
105
80
87
72
105
80
94
72
105
80
151
70
105
80
145
70
105
80
149
70
105
80
148
71
105
80
150
71
105
80
153
71
116
85
248
84
116
85
254
83
116
85
250
84
116
85
249
83
109
80
50
74
109
80
50
73
109
80
46
74
109
80
47
74
109
80
54
73
109
80
57
74
109
80
88
73
109
80
85
74
109
80
87
72
110
80
50
74
110
80
47
74
104
87
53
80
113
80
80
74
110
81
50
74
104
85
57
79
104
85
60
79
104
85
248
84
110
86
57
79
110
86
53
80
110
86
248
84
110
86
250
84
110
86
250
85
110
86
249
83
115
82
255
80
115
82
254
80
117
82
254
80
104
83
59
77
104
83
149
74
104
83
152
74
106
83
59
77
106
83
140
73
106
83
143
73
106
83
142
73
106
83
149
74
106
83
144
74
106
83
152
74
107
85
249
83
113
86
53
80
113
86
248
85
113
86
248
84
113
86
254
83
106
156
71
153
108
152
71
152
108
152
72
152
108
152
71
153
121
252
77
253
121
252
78
253
121
252
78
254
121
252
81
253
127
269
90
270
127
269
86
270
127
269
87
270
127
269
88
270
123
268
74
269
123
268
75
269
125
269
86
270
125
269
87
270
125
269
88
270
126
269
86
270
126
269
87
270
126
269
88
270
128
269
90
270
128
269
86
270
128
269
87
270
128
269
88
270
128
269
91
270
129
269
90
270
129
269
86
270
129
269
87
270
129
269
88
270
129
269
91
270
130
269
90
270
130
269
90
271
130
269
86
270
130
269
87
270
130
269
88
270
130
269
91
270
130
269
93
270
125
280
78
282
127
272
87
274
127
272
90
270
127
272
90
271
127
272
86
270
127
272
87
270
127
272
88
270
127
272
91
270
127
272
93
270
127
272
92
271
127
271
90
270
127
271
90
271
127
271
86
270
127
271
87
270
127
271
88
270
127
271
91
270
127
271
93
270
127
271
92
271
119
272
90
270
119
272
86
270
119
272
87
270
119
272
88
270
128
271
90
270
128
271
90
271
128
271
86
270
128
271
87
270
128
271
88
270
128
271
91
270
128
271
93
270
128
271
92
271
126
272
87
274
126
272
90
270
126
272
90
271
126
272
86
270
126
272
87
270
126
272
88
270
126
272
91
270
126
272
93
270
126
272
92
271
121
280
125
285
122
280
125
285
140
73
104
70
142
73
104
70
143
71
30
69
140
74
84
71
140
74
88
72
140
74
87
72
140
74
104
70
140
74
145
69
141
250
94
251
141
250
97
251
139
250
98
250
138
250
99
250
138
250
98
250
136
250
100
252
136
250
99
250
136
250
98
250
137
250
99
250
137
250
98
250
138
269
91
270
138
269
93
270
138
269
95
270
138
269
96
269
135
268
93
270
135
268
96
269
138
268
96
269
141
268
96
269
132
269
90
270
132
269
90
271
132
269
86
270
132
269
87
270
132
269
88
270
132
269
91
270
132
269
93
270
132
269
95
270
132
269
96
269
132
269
92
271
131
273
87
274
131
273
90
271
131
273
95
271
131
273
92
271
133
273
87
274
133
273
95
271
133
273
92
271
131
270
90
270
131
270
90
271
131
270
86
270
131
270
87
270
131
270
88
270
131
270
91
270
131
270
93
270
131
270
95
270
131
270
96
269
131
270
92
271
133
270
90
270
133
270
90
271
133
270
88
270
133
270
91
270
133
270
93
270
133
270
95
270
133
270
96
269
133
270
95
271
133
270
92
271
133
270
99
269
138
279
98
278
137
270
93
270
137
270
95
270
137
270
96
269
137
270
95
271
137
270
92
271
132
270
90
270
132
270
90
271
132
270
87
270
132
270
88
270
132
270
91
270
132
270
93
270
132
270
95
270
132
270
96
269
132
270
95
271
132
270
92
271
136
270
90
271
136
270
91
270
136
270
93
270
136
270
95
270
136
270
96
269
136
270
95
271
136
270
92
271
136
270
99
269
134
270
90
270
134
270
90
271
134
270
91
270
134
270
93
270
134
270
95
270
134
270
96
269
134
270
95
271
134
270
92
271
134
270
99
269
131
282
88
283
135
287
93
288
156
74
117
70
156
74
122
70
149
74
113
70
149
74
117
70
149
74
114
71
144
74
113
70
144
74
106
71
144
74
120
69
144
74
140
69
144
74
145
69
152
74
114
71
147
250
94
251
145
250
94
251
144
251
98
250
144
251
94
251
145
269
95
270
145
269
96
269
146
269
95
270
146
269
96
269
144
270
95
270
144
270
96
269
144
270
95
271
145
270
95
270
145
270
96
269
145
270
95
271
150
271
92
271
144
284
111
284
162
73
113
70
162
73
117
70
162
73
122
70
167
74
85
74
167
74
93
73
167
74
102
73
157
73
117
70
158
73
113
70
158
73
117
70
159
73
117
70
159
73
122
70
160
73
117
70
160
73
122
70
166
73
117
70
166
73
129
70
166
73
127
70
166
73
122
70
166
73
140
69
168
73
30
73
168
73
31
73
168
73
89
72
168
73
90
72
168
73
87
72
168
73
138
70
169
74
88
73
169
74
85
74
169
74
93
73
169
74
102
73
175
73
37
73
175
73
31
73
175
73
32
73
175
73
33
73
175
73
138
70
175
73
156
71
171
73
141
71
171
73
138
70
171
73
143
71
178
74
31
73
178
74
32
73
178
74
54
73
178
74
156
72
175
69
30
69
180
72
145
69
179
73
31
73
179
73
32
73
173
71
145
69
173
71
150
68
170
74
88
73
170
74
85
74
170
74
93
73
170
74
102
73
176
71
145
69
176
71
150
68
176
71
156
70
176
71
157
70
178
71
150
68
172
72
140
69
172
72
143
70
176
72
145
69
178
72
140
69
172
70
150
68
170
73
141
71
170
73
138
70
170
73
143
71
176
73
31
73
176
73
32
73
176
73
138
70
181
73
32
73
181
73
33
73
181
73
151
70
181
73
145
70
181
73
156
71
175
71
145
69
175
71
150
68
175
71
156
70
175
71
157
70
176
74
31
73
176
74
32
73
176
74
54
73
176
74
148
71
176
74
152
72
176
74
156
72
180
74
31
73
180
74
32
73
180
74
54
73
180
74
148
71
180
74
156
72
187
74
145
69
187
74
149
70
183
72
145
69
185
72
150
68
185
72
150
69
183
73
145
69
183
73
151
70
183
73
145
70
183
73
149
70
184
192
147
192
184
192
149
193
184
192
153
194
184
192
149
192
184
192
153
191
184
192
154
191
184
192
153
192
184
192
154
192
184
192
145
192
184
192
147
193
184
192
155
192
184
192
148
191
184
192
155
193
191
191
153
191
191
191
154
191
191
191
151
192
191
191
153
192
191
191
154
192
191
191
155
192
183
196
153
194
183
196
153
195
183
196
143
195
184
191
147
192
184
191
149
193
184
191
149
192
184
191
153
191
184
191
154
191
184
191
153
192
184
191
154
192
184
191
145
192
184
191
147
193
184
191
148
191
193
192
154
191
193
192
154
192
193
192
155
192
185
193
147
192
185
193
149
193
185
193
149
192
185
193
153
191
185
193
154
191
185
193
153
192
185
193
154
192
185
193
147
193
185
193
155
192
182
196
153
195
182
196
143
195
189
191
149
193
189
191
149
192
189
191
151
192
208
290
178
292
207
292
175
291
198
294
165
295
204
291
175
291
205
291
175
291
202
295
173
296
204
296
173
296
216
151
183
148
219
199
188
198
219
199
189
198
219
199
185
198
221
243
190
244
219
262
183
265
219
262
215
264
215
262
170
264
215
262
183
265
220
262
183
265
218
263
183
265
215
264
170
264
215
264
183
265
216
261
183
265
218
262
183
265
214
261
168
262
215
261
170
264
215
261
183
265
220
263
183
265
217
292
183
292
214
296
180
295
214
296
181
295
214
296
181
296
217
297
181
297
217
297
182
297
212
296
180
295
212
296
181
295
226
243
192
243
226
243
191
244
227
243
192
243
223
294
221
296
234
291
215
292
234
291
217
292
242
149
217
143
241
200
208
199
245
196
211
194
245
196
212
196
245
196
211
193
244
199
208
199
237
204
195
204
234
192
195
191
235
195
195
193
240
200
208
199
244
201
210
201
244
201
212
198
244
201
213
199
244
201
209
201
243
204
212
201
243
204
209
203
239
243
207
243
246
284
195
282
246
284
194
283
246
284
200
282
246
284
225
285
246
291
215
292
246
291
217
292
244
292
221
293
244
292
215
292
244
292
217
292
244
284
195
282
244
284
194
283
244
284
199
282
244
284
200
282
244
284
215
284
239
295
212
296
236
287
215
288
238
291
215
292
238
291
217
292
236
292
221
293
236
292
215
292
236
292
217
292
240
288
204
289
240
288
215
288
236
293
211
294
236
293
217
294
236
293
209
294
237
293
211
294
237
293
217
294
237
293
209
294
243
293
221
293
243
293
211
294
243
293
220
292
243
293
223
294
236
284
195
282
236
284
194
283
236
284
208
285
236
284
215
284
240
291
215
292
240
291
217
292
242
287
215
288
235
288
215
288
241
292
221
293
241
292
215
292
241
292
217
292
242
292
221
293
242
292
215
292
242
292
217
292
238
283
195
282
238
283
194
283
238
283
199
282
238
283
200
282
242
285
195
285
242
285
208
285
247
292
217
292
235
289
217
290
238
293
211
294
238
293
217
294
238
293
209
294
245
284
195
282
245
284
194
283
245
284
199
282
245
284
200
282
236
294
211
294
236
294
217
294
236
294
210
295
241
294
221
293
241
294
210
295
245
294
211
294
245
294
217
294
245
294
210
295
247
294
217
294
241
299
206
300
245
300
208
300
245
300
210
300
245
300
209
300
242
297
217
298
242
297
216
298
244
300
208
300
244
300
206
300
244
300
210
300
244
300
209
300
244
296
214
296
244
296
216
296
255
82
180
74
258
141
230
140
248
201
212
201
248
201
214
200
251
282
206
282
251
282
205
282
251
282
199
282
251
282
200
282
251
282
220
283
251
282
230
282
251
282
225
282
251
282
222
282
251
282
228
282
254
282
206
282
254
282
205
282
254
282
220
283
254
282
230
282
254
282
225
282
254
282
222
282
254
282
228
282
256
282
220
283
256
282
230
282
256
282
225
282
256
282
222
282
256
282
228
282
257
284
195
282
257
284
206
282
257
284
205
282
257
284
199
282
257
284
200
282
257
284
201
283
257
284
205
283
257
284
208
283
257
284
220
284
257
284
215
284
255
294
221
293
255
294
223
294
255
294
225
295
254
285
194
283
254
285
208
285
254
285
198
284
254
285
202
284
254
285
201
283
254
285
208
283
254
285
218
285
254
285
220
285
254
285
220
284
254
285
215
284
254
285
223
285
254
285
225
285
254
283
195
282
254
283
206
282
254
283
205
282
254
283
199
282
254
283
200
282
254
283
205
283
254
283
208
283
254
283
220
283
254
283
220
284
254
283
215
284
254
283
230
282
254
283
225
282
254
283
222
282
254
283
234
283
254
283
228
282
253
292
217
292
253
292
220
292
253
292
224
292
253
292
223
292
253
292
225
292
258
289
208
289
258
289
215
288
258
289
227
289
258
289
227
288
258
291
193
290
258
291
202
291
258
291
199
291
258
291
204
291
258
291
205
291
258
291
229
290
258
291
226
291
257
292
193
292
257
292
224
292
257
292
224
291
257
292
226
291
257
292
223
292
257
292
225
292
251
293
221
293
251
293
217
292
251
293
220
292
251
293
223
294
251
293
224
292
251
293
223
292
251
293
225
292
250
294
217
294
257
294
223
294
253
285
194
283
253
285
208
285
253
285
198
284
253
285
202
284
253
285
201
283
253
285
205
283
253
285
208
283
253
285
220
284
253
285
215
284
253
285
225
285
253
290
217
290
253
290
224
291
250
291
217
292
250
291
217
290
250
291
220
292
250
291
224
292
250
291
223
292
250
291
225
292
252
284
195
282
252
284
194
283
252
284
199
282
252
284
200
282
252
284
202
284
252
284
201
283
252
284
205
283
252
284
220
283
252
284
220
284
252
284
225
285
252
284
234
283
257
285
194
283
257
285
208
285
257
285
198
284
257
285
202
284
257
285
208
283
257
285
218
285
257
285
220
285
257
285
220
284
257
285
215
284
257
285
223
285
257
285
225
285
256
293
217
292
256
293
220
292
256
293
223
294
256
293
224
292
256
293
223
292
256
293
225
292
256
286
208
285
256
286
216
286
256
286
218
285
256
286
220
285
256
286
211
286
256
286
220
286
256
286
230
286
256
286
225
286
256
286
225
285
256
286
227
286
259
287
205
286
259
287
216
286
259
287
211
286
259
287
220
286
259
287
230
286
259
287
225
286
259
287
228
287
259
287
227
286
259
287
222
287
259
287
223
287
253
301
220
301
259
296
225
295
249
301
208
300
249
301
210
300
249
301
209
300
254
301
216
301
254
301
220
301
254
298
226
297
254
298
223
298
253
296
210
295
253
296
221
296
253
296
225
295
253
296
223
296
252
297
214
296
252
297
221
296
252
297
216
296
252
297
212
296
252
297
223
296
252
297
223
298
248
301
216
301
256
297
225
295
256
297
223
296
270
268
237
268
270
268
237
269
270
268
238
269
271
268
237
268
271
268
237
269
271
268
238
269
273
268
239
268
267
281
230
282
267
281
225
282
267
281
228
282
261
284
220
283
261
284
220
284
261
284
215
284
261
284
230
282
261
284
228
282
270
288
236
287
270
288
235
288
273
289
240
288
273
289
239
289
262
291
193
290
262
291
229
290
272
293
237
293
272
293
238
293
269
294
236
293
262
285
218
285
262
285
220
285
262
285
220
284
262
285
215
284
262
285
223
285
262
285
225
285
272
285
238
285
272
291
238
291
268
292
234
291
268
292
236
292
270
293
236
292
270
293
236
293
270
285
236
284
267
285
218
285
267
285
220
285
267
285
220
284
267
285
223
285
267
285
225
285
263
290
229
290
268
290
237
289
268
290
235
289
263
285
218
285
263
285
220
285
263
285
220
284
263
285
215
284
263
285
223
285
263
285
225
285
270
291
234
291
261
286
218
285
261
286
220
285
261
286
223
285
261
286
230
286
261
286
225
286
261
286
225
285
261
286
227
286
264
283
220
283
264
283
230
282
264
283
225
282
264
283
228
282
264
285
218
285
264
285
220
285
264
285
220
284
264
285
215
284
264
285
223
285
264
285
225
285
270
292
234
291
270
292
236
292
266
287
230
286
266
287
225
286
266
287
228
287
266
287
227
286
266
287
223
287
265
285
218
285
265
285
220
285
265
285
220
284
265
285
215
284
265
285
223
285
265
285
225
285
268
293
236
292
270
287
236
287
270
287
237
286
272
283
238
283
270
294
236
293
270
294
237
293
273
294
243
293
273
294
238
293
273
294
241
294
267
295
232
295
267
295
234
295
267
295
232
296
272
295
238
295
272
295
239
295
272
295
241
294
272
295
240
296
270
296
236
295
270
296
236
294
271
296
238
295
271
296
239
295
271
296
240
296
271
296
237
297
271
296
239
296
264
296
232
295
264
296
234
295
267
297
232
295
267
297
234
295
267
297
232
296
273
297
238
295
273
297
240
296
273
297
237
297
273
297
236
298
273
297
239
296
267
296
232
295
267
296
234
295
267
296
232
296
273
299
237
297
273
299
236
298
273
299
238
297
273
299
239
298
269
296
234
295
269
296
234
296
269
296
236
294
265
297
232
295
265
297
234
295
265
297
232
296
270
297
238
295
270
297
239
295
270
297
236
295
263
296
232
295
263
296
234
295
263
296
230
295
264
298
234
296
264
298
232
296
272
296
238
295
272
296
239
295
272
296
241
294
272
296
240
296
272
296
237
297
272
296
239
296
286
143
255
142
286
143
256
142
281
143
251
142
276
143
244
142
286
145
253
143
284
147
252
144
286
151
260
150
284
142
251
142
283
143
253
143
283
143
251
142
285
143
255
142
285
143
256
142
278
269
250
268
278
269
248
268
283
269
250
268
283
269
248
268
283
269
254
268
285
269
254
268
285
269
255
274
275
268
242
269
275
268
243
269
282
269
250
268
282
269
248
268
284
269
250
268
284
269
248
268
284
269
254
268
279
269
250
268
279
269
248
268
285
284
261
284
282
294
245
294
282
294
257
294
275
295
238
295
275
295
239
295
275
295
241
294
284
291
258
291
279
293
255
294
278
294
245
294
278
294
255
294
282
295
257
294
286
295
245
294
286
295
257
294
274
291
242
290
274
291
240
291
274
291
253
292
278
291
246
291
278
291
253
292
285
286
261
286
284
292
257
292
282
293
255
294
281
294
245
294
281
294
255
294
281
294
257
294
284
294
255
294
284
294
257
294
285
295
245
294
285
295
257
294
281
297
254
298
281
297
256
297
275
297
238
295
275
297
240
296
275
297
237
297
275
297
236
298
275
297
238
297
275
297
242
297
275
297
244
296
275
297
239
296
274
296
238
295
274
296
241
294
274
296
240
296
274
296
237
297
274
296
239
296
282
300
259
298
282
300
258
298
282
300
261
299
278
301
245
300
278
301
244
300
278
301
260
300
278
301
248
300
279
302
260
300
279
302
248
301
281
299
258
298
281
299
254
299
285
296
253
296
284
299
258
298
277
296
242
297
277
296
244
296
277
296
253
296
277
296
252
297
275
301
240
300
275
301
245
300
275
301
260
300
275
301
256
300
275
301
248
301
280
296
244
296
280
296
253
296
280
296
252
297
283
301
245
300
283
301
244
300
283
301
260
300
283
301
259
299
283
301
248
300
295
256
265
253
295
256
267
253
293
250
259
249
297
251
269
250
297
251
271
250
298
251
269
250
298
251
271
250
296
256
265
253
296
256
270
253
296
256
267
253
289
252
255
252
290
252
255
252
299
253
269
250
299
253
265
253
299
253
270
253
299
253
271
250
299
253
267
253
299
253
272
253
299
253
275
254
293
255
265
253
293
255
267
253
299
251
269
250
299
251
271
250
298
256
265
253
298
256
270
253
298
256
267
253
292
268
270
268
293
269
273
268
293
269
262
274
295
289
267
289
295
289
268
289
295
293
268
292
295
293
268
293
299
290
273
289
295
285
272
285
295
285
270
285
295
285
267
285
295
285
264
283
295
285
264
285
295
285
265
285
296
293
268
292
296
293
268
293
299
294
269
294
299
294
268
292
299
294
268
293
290
287
266
287
291
287
266
287
296
285
270
285
296
285
267
285
296
285
265
285
297
299
259
298
297
299
267
297
297
299
262
298
297
299
265
297
297
299
264
298
290
301
245
300
290
301
244
300
290
301
260
300
290
301
259
299
295
296
267
295
295
296
264
296
295
296
263
296
290
296
264
296
290
296
263
296
297
297
259
296
297
297
264
296
297
297
263
296
292
300
241
299
292
300
259
298
292
300
259
299
292
300
254
299
292
300
262
298
299
300
270
297
292
299
258
298
292
299
254
299
292
299
262
298
302
152
265
151
308
254
270
253
308
254
272
253
308
254
280
254
308
254
275
254
308
254
277
254
305
253
269
250
305
253
270
253
305
253
271
250
305
253
267
253
305
253
272
253
305
253
280
254
305
253
275
254
305
253
277
254
304
255
270
253
304
255
267
253
304
255
272
253
304
255
280
254
304
255
275
254
304
255
277
254
308
253
269
250
308
253
270
253
308
253
271
250
308
253
272
253
308
253
280
254
308
253
275
254
308
253
277
254
304
254
270
253
304
254
267
253
304
254
272
253
304
254
280
254
304
254
275
254
304
254
277
254
303
256
270
253
303
256
272
253
303
256
275
254
303
256
277
254
307
252
269
250
307
252
271
250
300
253
269
250
300
253
265
253
300
253
270
253
300
253
271
250
300
253
267
253
300
253
272
253
300
253
275
254
300
253
277
254
311
254
280
254
311
254
277
254
304
253
269
250
304
253
270
253
304
253
271
250
304
253
267
253
304
253
272
253
304
253
280
254
304
253
275
254
304
253
277
254
300
256
270
253
300
256
267
253
300
256
272
253
300
256
275
254
304
252
269
250
304
252
270
253
304
252
271
250
304
252
272
253
304
252
275
254
304
256
272
253
304
256
275
254
304
256
277
254
301
289
270
288
310
285
278
285
310
285
281
283
310
285
279
282
310
285
280
285
310
285
279
284
310
285
276
283
310
285
279
285
304
293
272
291
304
293
268
292
304
293
270
292
305
295
272
293
305
295
269
294
305
295
270
293
305
295
270
294
305
295
273
294
305
288
273
287
305
288
270
285
305
288
270
287
305
288
275
286
305
288
274
287
308
284
270
279
308
284
273
281
308
284
272
283
308
284
279
282
308
284
279
284
308
284
276
283
303
289
270
288
303
289
273
287
303
289
270
287
304
284
279
282
304
284
276
283
311
286
278
285
311
286
283
285
311
286
280
285
311
286
279
284
311
286
279
285
302
294
268
292
302
294
270
292
302
294
268
293
305
294
272
293
305
294
268
292
305
294
270
293
305
294
270
292
305
294
268
293
305
284
279
282
305
284
276
283
308
283
281
283
308
283
279
282
308
283
276
283
308
289
273
287
308
289
277
288
308
289
274
287
306
290
270
288
306
290
273
289
306
290
277
288
304
285
276
283
302
284
276
283
312
285
278
285
312
285
283
285
312
285
280
285
312
285
279
284
312
285
279
285
303
292
272
291
303
292
270
291
303
292
274
291
301
294
268
292
301
294
270
292
301
294
268
293
306
294
272
293
306
294
270
293
306
294
270
292
311
287
278
285
311
287
283
285
311
287
280
285
311
287
279
284
311
287
279
285
300
298
270
296
300
298
264
296
300
298
267
297
300
298
267
296
300
298
269
296
300
298
265
297
300
298
263
296
300
296
269
294
300
296
267
295
310
296
278
294
310
296
277
296
303
297
269
294
303
297
267
295
303
297
270
296
303
297
271
296
303
297
267
296
303
297
269
296
303
297
270
297
308
297
272
296
308
297
275
295
308
297
274
296
308
297
277
296
319
255
288
255
313
255
280
254
313
255
282
254
318
253
288
255
322
267
290
268
320
264
290
268
313
280
287
269
314
274
287
269
314
274
288
269
315
292
284
291
313
286
283
285
349
155
311
152
349
155
312
152
349
155
310
152
349
155
314
152
350
155
311
152
350
155
312
152
350
155
310
152
350
155
314
152
403
159
371
160
403
159
369
156
403
159
368
158
403
159
371
158
403
159
373
158
403
159
367
155
406
164
371
160
406
164
372
166
407
161
371
160
407
161
373
157
407
161
371
158
407
161
373
158
407
161
376
161
407
161
376
162
404
154
369
150
403
152
369
150
403
152
369
149
403
152
372
151
411
164
376
161
411
164
376
162
411
164
377
165
411
164
379
166
404
162
371
160
404
162
368
158
407
162
371
160
407
162
373
158
407
162
376
161
407
162
376
162
407
163
376
162
403
155
371
153
403
155
373
157
403
155
367
153
403
155
368
153
403
155
372
154
403
155
372
156
403
158
373
157
403
158
369
156
403
158
372
156
403
158
368
158
403
158
371
158
403
158
373
158
403
158
367
155
403
165
367
162
403
165
368
165
403
165
371
170
403
165
372
166
403
165
372
167
405
153
369
150
405
153
372
151
405
153
374
151
405
153
375
154
411
161
377
159
411
161
376
158
411
161
378
159
404
152
369
149
405
162
371
160
403
163
367
162
403
163
372
166
408
158
377
159
408
158
373
157
408
158
372
154
408
158
372
156
408
158
373
158
408
158
376
158
404
160
371
160
404
160
369
156
404
160
368
158
404
160
371
158
403
164
367
162
403
164
368
165
403
164
372
166
403
164
372
167
405
161
371
160
405
161
371
158
410
164
376
161
410
164
376
162
410
164
377
165
410
164
377
166
403
157
373
157
403
157
368
153
403
157
369
156
403
157
372
156
403
157
371
158
403
157
373
158
403
157
367
155
412
164
377
159
412
164
376
161
412
164
380
164
412
164
379
166
410
161
377
159
410
161
376
158
410
161
376
161
410
161
376
162
410
161
378
159
404
165
372
166
404
165
372
167
405
165
372
166
405
165
372
167
407
165
374
168
408
165
377
165
415
165
382
162
415
165
380
164
410
166
376
162
410
166
377
165
410
166
377
166
416
166
382
162
416
166
383
167
416
171
385
170
416
171
383
167
416
171
383
172
416
171
383
168
405
170
371
170
405
170
369
170
405
170
369
171
405
170
371
171
405
170
372
170
405
170
373
169
405
170
372
166
405
170
370
171
405
170
373
172
405
170
372
167
406
167
372
170
406
167
373
169
406
167
372
166
406
167
374
168
406
167
372
167
409
169
374
168
409
169
377
166
403
170
371
170
403
170
369
170
403
170
369
171
403
170
371
171
403
170
372
170
403
170
372
166
403
170
370
171
403
170
372
167
403
166
368
165
403
166
371
170
403
166
369
170
403
166
371
171
403
166
372
166
403
166
370
171
403
166
372
167
403
171
371
170
403
171
369
170
403
171
369
171
403
171
371
171
403
171
372
170
403
171
370
171
403
171
372
167
404
171
371
170
404
171
369
170
404
171
369
171
404
171
371
171
404
171
372
170
404
171
373
169
404
171
372
166
404
171
370
171
404
171
373
172
404
171
372
167
409
167
377
165
409
167
374
168
409
167
377
166
409
166
377
165
409
166
377
166
428
141
389
140
428
141
389
139
426
140
389
139
423
140
389
139
424
140
389
140
424
140
389
139
425
140
389
139
428
140
389
139
429
140
389
139
416
141
382
139
422
140
389
139
418
162
382
157
418
162
382
159
418
162
384
160
418
162
385
162
418
162
383
159
418
162
383
160
418
162
385
160
418
162
386
160
425
164
390
160
423
161
390
159
423
161
390
160
423
161
389
159
419
165
385
162
419
165
385
160
417
162
382
157
417
162
382
159
417
162
384
160
417
162
385
162
417
162
383
159
417
162
383
160
417
162
385
160
417
165
385
162
417
165
383
160
417
165
382
162
418
165
384
160
418
165
385
162
418
165
383
160
421
165
388
161
421
165
389
165
421
165
386
160
422
165
388
161
422
165
390
164
422
165
389
165
422
165
390
165
423
165
388
161
423
165
390
164
423
165
390
160
423
165
390
165
423
165
389
159
424
165
390
164
424
165
390
160
424
165
389
159
417
160
382
156
417
160
382
157
417
160
382
159
417
160
384
160
417
160
383
159
417
160
383
160
417
160
385
160
417
160
386
160
417
160
381
156
435
156
404
154
435
156
403
152
435
156
403
155
435
156
405
153
435
156
404
152
436
156
404
154
436
156
403
152
436
156
403
155
436
156
405
153
436
156
404
152
437
163
403
159
437
163
404
162
437
163
403
163
437
163
403
164
437
163
405
165
441
162
407
161
441
162
407
162
441
162
405
162
441
162
405
161
442
162
407
161
442
162
407
162
442
162
408
158
442
162
405
161
438
163
403
159
438
163
406
164
438
163
404
162
438
163
405
162
438
163
403
163
438
163
404
160
468
137
431
139
459
138
429
139
459
138
425
139
467
138
429
139
467
138
430
140
467
138
432
141
467
138
431
139
465
139
429
139
465
139
428
140
465
139
429
140
465
139
430
140
465
139
432
141
465
139
431
139
465
139
474
140
462
141
428
141
462
141
426
140
462
141
428
140
462
141
429
140
462
141
430
140
462
141
432
141
462
141
476
141
462
141
477
141
462
141
478
141
462
143
428
141
462
143
433
143
462
143
432
143
464
144
434
144
464
143
428
141
464
143
433
143
464
143
432
143
464
143
434
144
464
143
478
143
466
142
428
141
466
142
433
143
466
142
432
143
466
142
432
141
466
142
434
144
466
142
478
143
466
142
474
142
462
142
428
141
462
142
433
143
462
142
432
143
462
142
474
142
468
140
432
141
464
140
428
141
464
140
425
139
464
140
426
140
464
140
428
140
464
140
429
140
464
140
430
140
464
140
432
141
464
140
431
139
464
140
476
141
464
140
477
141
464
140
478
141
463
144
434
144
461
140
429
139
461
140
428
141
461
140
425
139
461
140
426
140
461
140
428
140
461
140
429
140
461
140
430
140
467
142
433
143
467
142
432
143
467
142
432
141
467
142
478
143
467
142
474
142
463
140
429
139
463
140
428
141
463
140
425
139
463
140
426
140
463
140
428
140
463
140
429
140
463
140
430
140
463
140
432
141
463
140
476
141
463
140
477
141
463
140
478
141
467
143
433
143
467
143
478
143
464
141
428
141
464
141
433
143
464
141
432
143
464
141
432
141
464
141
478
143
464
141
476
141
464
141
474
142
464
141
477
141
464
141
478
141
468
143
478
143
462
140
429
139
462
140
428
141
462
140
425
139
462
140
426
140
462
140
428
140
462
140
429
140
462
140
430
140
462
140
432
141
462
140
476
141
462
140
477
141
462
140
478
141
469
137
431
139
478
146
438
144
478
147
480
145
492
146
455
144
486
150
455
148
486
150
451
148
492
147
455
144
484
151
449
149
484
151
447
149
493
152
458
149
493
152
460
149
492
151
456
149
492
151
458
149
492
151
457
149
483
152
449
149
483
152
447
149
492
152
460
149
491
192
452
193
491
192
450
192
492
192
452
193
492
192
455
191
493
194
452
193
493
194
450
192
493
194
452
195
493
194
453
195
493
194
452
194
490
193
452
193
490
193
450
192
488
201
449
200
490
201
449
200
498
150
464
149
497
197
453
195
520
90
481
93
517
87
482
88
517
87
481
88
514
133
483
132
517
133
483
133
514
134
481
134
514
134
483
133
514
134
482
134
511
136
480
136
512
136
480
136
514
136
483
135
510
137
478
138
515
133
483
132
515
135
483
134
518
198
481
196
520
193
483
191
530
163
494
160
530
163
493
162
530
163
493
163
530
163
492
164
525
164
489
162
526
164
489
162
526
164
490
163
526
164
490
162
533
152
498
151
526
167
490
165
526
167
491
165
525
204
488
201
529
204
491
201
535
150
499
149
535
152
499
149
535
152
498
150
535
152
498
151
533
191
501
192
533
191
498
191
533
191
497
192
533
191
502
192
537
191
499
191
537
191
501
192
537
191
503
192
537
191
502
192
537
191
507
191
542
190
507
191
542
190
508
189
540
191
503
192
540
191
507
191
540
191
508
189
546
184
508
186
546
184
508
184
546
187
511
187
546
187
512
188
546
187
511
189
546
187
510
188
546
187
511
188
546
187
510
189
546
188
512
188
546
188
511
189
546
188
510
188
546
188
511
188
546
188
509
189
546
188
510
189
546
188
512
189
540
190
507
191
540
190
508
189
545
187
508
186
545
187
511
187
545
187
510
188
540
184
508
184
540
184
507
182
541
191
507
191
541
191
508
189
541
191
509
189
541
183
508
184
541
183
507
182
542
183
508
184
542
183
507
182
545
183
508
184
545
189
511
189
545
189
508
189
545
189
509
189
545
189
510
189
546
183
508
184
539
191
503
192
539
191
502
192
539
191
507
191
539
191
508
189
538
183
507
182
545
182
508
184
545
182
507
182
535
192
501
192
535
192
503
192
535
192
498
191
535
192
502
192
533
196
494
192
533
196
493
194
533
196
499
194
533
196
500
194
533
196
500
195
533
196
497
192
535
193
499
194
535
193
499
191
535
193
501
192
535
193
503
192
535
193
498
191
535
193
500
194
535
193
497
192
535
193
502
192
545
192
507
191
545
192
509
192
545
197
509
192
536
194
499
194
536
194
504
195
536
194
499
191
536
194
501
192
536
194
503
195
536
194
503
192
536
194
498
191
536
194
500
194
536
194
500
195
536
194
497
192
536
194
502
192
542
192
507
191
542
192
508
189
542
192
509
189
542
192
509
192
535
196
499
194
535
196
503
195
535
196
500
194
535
196
500
195
535
196
497
192
546
192
509
192
534
193
501
192
534
193
498
191
534
193
497
192
534
193
502
192
534
194
499
194
534
194
499
191
534
194
501
192
534
194
498
191
534
194
500
194
534
194
500
195
534
194
497
192
534
194
502
192
535
194
499
194
535
194
499
191
535
194
501
192
535
194
503
195
535
194
503
192
535
194
498
191
535
194
500
194
535
194
500
195
535
194
497
192
535
194
502
192
543
192
507
191
543
192
508
189
543
192
509
192
541
194
504
195
542
194
503
192
542
194
509
192
540
195
504
195
540
195
503
195
538
193
504
195
538
193
507
191
534
196
493
194
534
196
499
194
534
196
500
194
534
196
500
195
534
196
497
192
533
194
494
192
533
194
498
191
533
194
497
192
557
126
522
125
559
115
523
116
553
118
518
119
553
118
519
118
557
119
521
120
555
116
520
117
555
117
520
117
550
118
515
119
554
120
519
120
556
116
520
117
579
190
540
191
579
190
540
190
579
190
541
191
579
190
539
191
579
190
543
192
578
191
538
193
582
188
542
190
582
188
540
191
582
188
540
190
582
188
541
191
582
188
539
191
577
189
537
191
577
189
540
191
577
189
540
190
577
189
541
191
577
189
539
191
580
190
543
192
577
193
541
194
577
193
542
194
577
193
540
195
598
126
551
131
598
126
552
131
596
127
551
131
596
127
552
131
596
126
551
131
596
126
552
131
602
191
561
193
