Test506.jpg
Test507.jpg
222
164
157
161
222
164
160
159
222
164
157
160
222
164
162
159
222
164
158
160
222
164
161
159
222
164
159
160
307
324
223
331
225
282
166
281
243
334
124
347
246
335
147
344
246
335
153
344
249
334
147
344
249
334
160
341
249
334
158
342
249
334
156
343
219
163
156
159
219
163
160
159
219
163
157
160
219
163
158
158
219
163
158
160
219
163
156
160
217
165
156
162
217
165
157
161
229
165
167
160
233
282
175
280
178
353
82
362
178
353
85
362
188
353
91
362
188
353
90
362
188
353
89
362
281
326
200
332
177
354
84
363
295
325
211
332
295
325
210
332
338
187
280
187
218
165
156
162
218
165
157
161
218
165
157
162
219
164
157
161
219
164
156
159
219
164
157
160
219
164
158
160
219
164
156
160
219
164
159
160
284
327
204
332
195
349
93
359
309
323
224
330
265
330
166
340
265
330
167
340
181
354
86
362
181
354
90
362
181
354
89
362
255
327
143
339
226
165
162
162
226
165
165
160
226
165
164
160
226
165
167
160
220
165
156
162
220
165
161
161
220
165
159
162
220
165
157
161
220
165
158
160
220
165
157
162
220
165
159
160
251
333
160
341
251
333
158
342
251
333
156
343
251
333
158
341
420
287
352
285
214
163
156
159
231
182
168
178
307
323
219
331
278
330
192
337
280
328
199
334
188
350
89
360
224
164
161
161
224
164
164
160
224
164
162
159
182
354
91
362
182
354
86
362
182
354
90
362
182
354
88
363
182
354
89
362
264
329
168
339
264
329
165
339
215
162
156
159
225
165
162
162
225
165
165
160
225
165
161
162
225
165
164
160
225
165
167
160
187
353
91
362
187
353
93
361
187
353
90
362
187
353
89
362
305
322
220
329
429
285
353
285
223
164
161
161
223
164
160
159
223
164
164
160
223
164
162
159
223
164
161
159
223
164
159
160
214
162
156
159
278
329
195
335
218
163
156
159
218
163
157
160
218
163
158
158
218
163
156
160
306
323
219
331
247
335
153
344
215
163
156
159
223
165
161
161
223
165
160
162
223
165
159
162
223
165
165
160
223
165
164
160
264
330
166
340
264
330
167
340
264
330
168
339
188
351
88
361
188
351
89
361
470
282
386
283
428
285
353
285
