bike1.png
bike2.png
58
283
74
267
58
285
74
269
64
374
93
361
61
374
93
361
77
340
93
323
78
340
95
324
78
339
95
324
78
349
96
334
70
377
84
362
70
377
87
362
68
377
83
362
68
377
84
362
76
376
93
361
73
377
87
362
72
377
87
362
67
377
83
362
67
377
84
362
73
376
93
361
69
377
84
362
69
377
87
362
80
350
96
334
79
376
93
361
103
72
119
53
102
72
119
53
107
70
119
53
127
52
143
32
127
52
142
33
128
52
143
33
119
68
134
50
121
69
134
50
118
70
134
50
133
50
148
31
141
319
155
303
142
319
156
303
141
324
155
309
141
329
156
312
140
326
155
309
141
327
156
311
154
367
170
352
169
383
186
368
169
383
188
369
169
383
185
368
169
383
187
368
169
383
191
369
168
382
187
367
168
382
189
368
168
382
188
368
168
382
187
368
168
382
183
367
168
382
184
367
168
382
185
367
168
382
186
367
165
380
181
365
165
380
178
364
165
380
182
365
165
380
180
365
166
381
182
366
166
381
187
367
166
381
184
366
166
381
183
366
164
380
181
365
164
380
182
365
164
380
180
365
167
382
189
368
167
382
188
368
167
382
186
368
167
382
187
368
167
382
183
367
167
382
184
367
167
382
185
367
169
382
182
366
169
382
187
367
169
382
189
368
169
382
188
368
169
382
187
368
169
382
183
367
169
382
184
367
169
382
185
367
169
382
186
367
162
379
178
364
162
379
179
364
162
379
180
364
170
382
182
366
170
382
187
367
170
382
189
368
170
382
188
368
170
382
184
367
170
382
185
367
170
382
186
367
175
384
192
369
175
384
194
370
175
384
191
369
171
384
188
369
171
384
194
370
172
384
188
369
172
384
194
370
178
385
194
370
170
383
188
368
170
383
192
369
170
383
186
368
170
383
188
369
170
383
185
368
170
383
187
368
170
383
191
369
171
383
189
368
171
383
188
368
171
383
192
369
171
383
194
369
171
383
186
368
171
383
188
369
171
383
185
368
171
383
187
368
171
383
191
369
173
384
188
369
173
384
194
370
173
384
191
369
174
384
192
369
174
384
188
369
174
384
194
370
174
384
191
369
179
385
194
370
194
382
208
367
195
381
209
366
297
249
312
230
294
247
309
231
294
248
309
231
294
248
310
231
295
247
311
230
297
248
312
230
296
247
312
230
296
249
311
230
296
249
312
230
296
249
311
231
296
249
312
232
288
281
306
266
288
281
304
266
289
282
306
266
289
279
305
265
289
279
304
265
292
281
309
266
292
281
310
266
292
281
308
267
291
280
306
266
291
280
309
264
288
278
304
265
287
281
304
266
290
279
305
265
290
279
307
263
293
281
309
266
293
281
311
266
293
281
310
266
293
281
308
267
287
280
303
265
287
280
304
266
287
280
304
265
293
282
309
266
293
282
311
266
293
282
310
266
293
282
308
267
292
284
309
269
292
285
309
269
291
283
308
267
292
283
309
269
292
283
310
266
292
283
308
267
297
396
311
380
297
396
312
380
294
395
310
379
294
395
311
380
294
395
312
380
292
394
308
378
292
394
310
379
292
394
311
380
292
394
312
380
290
393
307
377
290
393
306
377
290
393
308
378
290
393
310
379
295
396
311
380
295
396
312
380
296
396
311
380
296
396
312
380
293
395
310
379
293
395
311
380
293
395
312
380
302
265
320
250
302
265
319
250
303
267
320
250
303
267
320
251
303
267
320
252
303
267
320
253
304
269
320
254
304
269
321
254
304
269
320
253
302
264
319
248
303
266
319
251
303
266
320
250
303
266
320
251
303
266
320
252
304
270
320
254
304
270
321
254
313
283
332
268
312
283
332
268
321
383
338
368
321
383
338
367
321
383
337
367
321
383
337
368
321
383
339
367
315
385
334
369
322
382
338
367
322
382
339
366
322
382
339
367
320
383
338
368
320
383
336
368
320
383
338
367
320
383
337
367
320
383
337
368
320
383
339
367
318
384
335
369
318
384
334
369
318
384
336
369
318
384
336
368
318
384
335
368
318
384
337
368
319
384
338
368
319
384
335
369
319
384
336
369
319
384
336
368
319
384
335
368
319
384
337
368
318
382
337
367
316
385
335
369
316
385
334
369
317
385
335
369
317
385
334
369
317
385
336
369
327
301
343
286
327
376
345
360
327
376
345
361
327
377
345
361
334
376
351
360
328
375
345
359
328
375
346
359
328
375
345
360
334
375
351
360
329
373
345
357
350
402
368
386
350
402
367
387
350
402
366
387
348
403
367
387
348
403
366
387
383
243
401
226
385
243
402
226
385
244
402
226
385
244
402
227
384
244
402
226
384
244
401
226
384
244
402
227
386
244
402
227
387
247
405
229
391
234
408
217
400
238
418
221
402
238
419
221
396
239
414
222
396
239
413
222
399
239
416
222
401
238
419
221
401
238
418
221
397
239
414
222
398
239
416
222
391
235
408
217
522
410
538
393
522
410
546
396
522
410
542
394
522
410
543
395
522
410
540
394
522
410
541
394
522
410
544
395
522
411
546
396
522
411
543
395
520
409
538
393
520
409
542
394
520
409
543
395
520
409
540
394
520
409
541
394
520
409
539
393
520
409
540
393
520
409
544
395
523
411
546
396
523
411
543
395
523
411
544
395
521
410
546
396
521
410
542
394
521
410
543
395
521
410
540
394
521
410
541
394
521
410
544
395
524
411
546
396
524
411
543
395
524
411
540
394
524
411
544
395
526
412
546
396
579
241
598
221
