Test65.jpg
Test66.jpg
204
132
299
124
201
129
302
109
201
129
301
111
201
129
301
112
201
129
300
113
200
130
301
111
200
130
301
112
200
130
299
115
200
130
300
113
200
131
301
111
200
131
301
112
200
131
299
115
200
131
300
113
208
109
299
112
208
109
299
111
208
109
299
115
219
99
302
109
219
99
301
111
219
99
303
109
214
105
302
109
214
105
303
109
208
108
299
112
208
108
299
111
215
106
303
109
212
109
301
111
212
109
301
112
212
109
300
113
211
107
302
109
211
107
301
111
211
107
301
112
211
107
299
112
211
107
299
111
211
107
299
115
211
107
300
113
220
100
302
109
220
100
303
109
208
107
299
112
208
107
299
111
209
107
299
112
209
107
299
111
209
107
300
113
210
107
301
111
210
107
301
112
210
107
299
112
210
107
299
111
210
107
300
113
215
121
300
133
215
121
299
136
213
119
302
122
213
119
305
120
213
119
303
123
216
120
299
136
214
115
302
122
212
110
301
112
214
119
306
120
214
119
305
120
214
119
300
129
214
119
303
123
208
112
299
115
208
112
300
113
215
120
300
133
215
120
299
136
211
120
302
122
211
120
301
120
209
122
302
122
209
122
301
120
208
142
300
141
208
143
300
144
208
139
307
123
208
141
300
141
231
92
316
96
231
92
320
96
231
93
320
96
224
96
316
96
223
95
301
111
223
95
316
96
223
95
317
94
230
95
320
96
230
95
321
97
232
92
320
96
224
95
301
111
224
95
301
112
224
95
316
96
224
95
317
94
228
95
320
96
226
105
313
110
225
106
309
117
225
106
313
110
227
103
308
117
227
103
309
117
227
103
313
110
222
108
308
117
226
107
311
115
226
107
314
111
222
109
308
117
222
109
309
117
222
109
313
110
228
104
314
111
227
105
311
115
224
106
308
117
224
106
313
110
227
106
311
115
227
106
314
111
224
107
308
117
224
107
309
117
224
107
313
110
222
110
308
117
222
110
309
117
239
83
330
87
238
83
330
87
235
100
322
105
236
98
325
101
236
98
324
102
244
239
334
239
243
239
329
238
243
241
329
238
243
241
328
239
243
241
330
240
239
245
326
245
239
246
326
245
239
248
326
250
247
260
335
259
247
260
336
257
247
260
334
255
247
260
336
258
247
260
337
258
247
260
337
260
247
260
334
258
247
258
336
257
247
258
334
255
247
258
336
258
247
258
337
258
250
98
336
100
251
100
339
105
257
129
341
130
258
129
342
128
258
129
343
132
258
129
344
133
258
129
345
134
258
129
343
130
257
131
338
129
259
133
343
134
259
134
343
135
256
130
338
129
257
132
338
129
255
128
338
129
257
128
343
132
257
128
341
130
257
128
341
127
257
128
342
132
257
128
343
133
255
125
339
126
257
134
339
134
258
128
342
128
258
128
343
132
258
128
344
133
258
128
345
134
258
128
343
130
254
246
340
249
254
246
340
248
258
251
342
251
257
251
342
251
257
251
342
250
257
252
342
251
257
252
341
250
257
252
342
250
255
251
342
251
255
251
341
250
255
251
342
250
256
251
342
251
256
251
341
250
256
251
342
250
252
249
340
249
252
249
341
250
252
249
342
250
252
249
340
248
256
252
342
251
256
252
341
250
256
252
342
250
258
252
342
251
258
252
342
250
250
272
336
266
250
275
334
269
250
275
336
271
250
275
336
269
250
275
336
270
252
272
338
270
252
272
336
266
249
274
338
270
249
274
334
269
249
274
336
271
249
274
336
269
249
274
336
270
249
274
340
271
251
271
336
264
251
271
336
266
254
269
336
264
254
269
336
266
250
270
336
263
253
274
338
270
253
271
336
264
253
271
336
266
251
272
336
266
253
269
336
264
253
269
336
266
253
272
338
270
253
272
336
266
254
272
336
264
254
272
336
266
252
273
338
270
252
273
336
266
252
270
336
264
252
270
336
263
252
270
336
266
254
270
336
264
254
270
336
266
252
269
336
264
252
269
336
263
252
269
336
266
262
125
350
130
262
125
349
128
262
125
346
125
262
125
350
128
265
127
350
130
265
127
351
129
265
127
350
128
261
127
350
132
262
132
346
132
261
133
346
135
261
133
344
133
261
133
345
134
262
134
346
135
261
135
346
135
261
135
345
134
265
135
357
149
263
129
350
132
270
160
356
159
270
160
354
156
270
160
355
158
272
159
357
159
269
153
353
149
269
153
352
148
264
239
351
239
264
239
349
239
264
239
347
241
275
149
361
152
277
152
363
150
277
152
364
151
276
157
361
152
275
148
361
152
286
209
371
211
285
211
370
206
285
211
370
209
285
211
370
207
285
211
370
208
283
213
369
212
285
209
370
206
285
209
370
207
285
209
371
211
285
209
370
208
284
210
370
209
284
210
369
206
284
210
370
207
284
211
370
209
284
211
369
206
284
211
370
207
283
212
369
212
285
212
370
209
285
212
370
207
285
212
370
208
284
208
369
206
284
208
369
208
286
213
370
206
286
213
371
211
283
216
369
213
283
215
369
213
285
214
369
208
284
216
369
212
286
216
370
209
284
214
369
208
286
214
370
209
285
237
367
238
284
231
370
228
284
231
370
229
281
239
367
238
282
241
368
240
286
242
371
241
283
241
369
240
286
251
374
249
286
251
373
250
283
252
370
249
292
234
376
231
291
227
375
221
291
240
376
238
288
247
372
244
288
247
373
244
288
247
375
245
289
247
375
245
295
245
376
242
295
242
377
240
287
243
371
241
289
251
377
251
287
247
372
244
287
247
373
244
324
269
411
268
324
269
408
266
324
269
410
268
324
269
409
266
324
269
408
267
317
273
403
272
317
273
400
271
317
273
403
271
317
273
405
271
317
273
404
270
317
273
405
270
313
272
400
271
321
271
403
271
321
271
411
268
321
271
410
268
321
271
408
270
321
271
405
271
321
271
404
270
321
271
405
270
321
271
408
267
319
273
403
272
319
273
403
271
319
273
405
273
319
273
408
270
319
273
405
271
319
273
404
270
319
273
405
270
325
273
409
270
325
273
408
270
325
273
416
270
325
273
405
271
325
273
408
271
325
273
405
270
323
272
411
268
323
272
410
268
323
272
408
270
323
272
416
270
323
272
405
271
323
272
404
270
323
272
405
270
321
269
411
268
321
269
408
266
321
269
410
268
321
269
408
265
321
269
409
266
321
269
411
266
321
269
408
267
312
273
400
271
322
271
411
268
322
271
410
268
322
271
416
270
322
271
405
271
322
271
404
270
322
271
405
270
322
271
408
267
320
273
403
272
320
273
403
271
320
273
409
270
320
273
405
273
320
273
408
270
320
273
405
271
320
273
408
271
320
273
404
270
320
273
405
270
314
283
399
279
314
283
399
282
314
283
399
280
315
283
402
280
315
283
399
282
317
283
403
281
312
283
397
279
327
272
409
270
327
272
411
269
328
272
409
270
326
272
409
271
326
272
409
270
326
272
408
270
326
272
411
269
347
224
431
219
347
224
434
217
351
218
440
214
351
218
439
216
351
218
439
215
351
218
435
216
351
218
438
215
351
218
436
214
340
221
430
218
343
223
430
218
343
223
431
218
343
223
431
219
340
222
430
218
342
220
430
218
342
220
431
218
342
220
431
219
350
223
437
218
349
224
437
218
348
213
432
213
348
213
433
215
347
221
433
217
347
221
431
218
347
221
431
219
347
221
433
216
347
221
435
216
347
221
433
215
347
221
434
217
344
216
432
213
346
222
430
218
346
222
433
217
346
222
431
218
346
222
431
219
346
222
433
216
346
222
433
215
346
222
434
217
349
222
433
217
349
222
435
216
349
222
434
217
349
222
436
214
349
222
437
218
345
216
432
213
345
216
433
215
340
224
430
218
341
219
430
218
348
214
432
213
348
214
433
217
348
214
433
216
348
214
433
215
344
220
432
213
344
220
430
218
344
220
431
218
344
220
431
219
349
220
433
217
349
220
433
216
349
220
435
216
349
220
434
217
349
220
436
214
349
220
437
218
342
225
430
218
342
225
431
218
342
225
431
219
349
215
432
213
349
215
433
217
349
215
433
216
349
215
435
216
349
215
433
215
349
215
434
217
349
215
436
214
341
222
430
218
341
222
431
219
344
222
430
218
344
222
431
218
344
222
431
219
344
218
432
213
344
218
430
218
348
218
433
217
348
218
433
216
348
218
435
216
348
218
433
215
348
218
434
217
348
218
436
214
351
222
439
216
351
222
439
215
351
222
438
215
351
222
440
215
351
222
437
218
344
214
432
213
345
223
430
218
345
223
433
217
345
223
431
218
345
223
431
219
348
216
432
213
348
216
433
217
348
216
433
216
348
216
435
216
348
216
433
215
348
216
434
217
348
216
436
214
349
225
437
218
346
224
433
217
346
224
431
218
346
224
431
219
346
224
434
217
350
224
437
218
347
276
436
275
349
276
436
275
349
276
436
274
349
276
438
275
350
269
440
268
350
269
437
266
350
269
436
267
350
269
436
268
350
269
437
268
350
269
437
267
350
269
436
265
350
269
438
267
350
269
438
266
351
269
440
268
351
269
437
266
351
269
436
267
351
269
437
268
351
269
437
267
351
269
436
265
351
269
438
267
351
269
438
266
349
277
435
277
364
217
448
215
364
217
449
215
354
216
440
214
354
216
439
216
354
216
439
215
354
216
438
215
354
216
440
215
358
218
446
215
360
221
446
217
360
221
445
217
360
221
445
218
360
221
446
216
360
221
446
215
360
221
446
219
353
217
440
214
353
217
439
216
353
217
439
215
353
217
438
215
353
217
440
215
354
217
440
214
354
217
441
215
354
217
439
216
354
217
439
215
354
217
438
215
354
217
440
215
356
223
445
217
356
223
443
218
356
223
445
218
356
226
445
218
356
226
446
219
353
222
440
214
353
222
441
215
353
222
439
216
353
222
440
215
357
222
446
217
357
222
445
217
357
222
443
218
357
222
445
218
357
222
446
216
357
222
446
215
360
222
446
217
360
222
445
217
360
222
445
218
360
222
446
216
360
222
446
219
358
223
445
218
358
223
446
219
360
224
446
219
354
225
443
218
354
219
440
214
354
219
441
215
354
219
439
216
354
219
439
215
354
219
440
215
353
216
440
214
353
216
439
216
353
216
439
215
353
216
435
216
353
216
438
215
353
216
436
214
353
216
440
215
352
221
440
214
352
221
441
215
352
221
439
216
352
221
439
215
352
221
438
215
352
221
440
215
352
221
437
218
364
221
451
219
353
215
439
215
353
215
438
215
353
215
436
214
354
222
441
215
354
222
443
218
355
222
443
218
359
222
446
217
359
222
445
217
359
222
445
218
359
222
446
216
359
222
446
215
359
222
446
219
361
222
446
217
361
222
446
219
358
224
445
218
358
224
446
219
354
223
439
219
354
223
443
218
355
223
443
218
352
269
440
268
352
269
437
266
352
269
437
267
352
269
436
265
352
269
438
267
352
269
438
266
357
265
448
265
357
265
445
266
357
265
446
265
356
268
447
270
356
268
445
266
356
268
446
265
356
268
443
266
356
268
444
266
362
272
450
270
353
275
442
274
353
275
438
274
353
275
445
273
353
275
444
273
353
275
444
274
357
266
448
265
357
266
445
266
357
266
446
265
357
266
443
266
357
266
444
266
359
268
448
265
359
268
445
266
359
268
446
265
359
266
448
265
359
266
446
265
361
272
450
270
353
267
441
265
353
267
445
266
353
267
443
266
353
267
444
266
354
267
441
265
354
267
445
266
354
267
446
265
354
267
443
266
354
267
444
266
352
275
442
274
352
275
438
274
352
275
444
273
352
275
444
274
354
266
441
265
354
266
448
265
354
266
445
266
354
266
446
265
354
266
443
266
354
266
444
266
355
275
442
274
355
275
445
273
355
275
444
273
355
275
444
274
359
267
448
265
359
267
445
266
359
267
446
265
355
276
442
274
355
276
445
273
355
276
444
273
355
276
444
274
366
221
451
219
373
226
464
220
377
226
464
220
374
223
459
218
365
222
451
219
376
214
453
216
376
214
454
216
376
214
451
216
376
214
453
214
374
225
458
220
374
225
464
220
371
217
459
214
365
218
450
216
365
218
449
215
373
218
459
214
373
218
462
214
377
214
453
216
377
214
454
216
377
214
451
216
377
214
453
214
375
223
459
218
373
214
453
214
376
226
464
220
375
214
453
214
375
214
456
215
376
223
459
218
376
223
468
219
377
213
453
214
376
213
453
214
373
213
453
214
371
219
459
214
371
219
462
214
376
215
453
216
376
215
454
216
376
215
451
216
376
215
453
214
376
215
456
215
374
224
459
218
374
224
464
220
375
213
453
214
377
215
453
216
377
215
454
216
377
215
453
214
377
215
456
215
366
222
451
219
365
223
451
219
365
225
451
219
369
224
459
218
382
215
453
214
378
216
453
216
378
216
454
216
378
216
456
215
379
224
468
219
379
224
469
219
378
226
468
219
378
213
453
214
379
217
454
216
379
217
455
217
379
217
458
214
379
217
459
214
379
217
456
216
379
217
457
216
379
217
456
215
379
217
462
214
381
214
453
214
380
214
453
214
380
224
468
219
380
224
469
219
381
220
456
216
380
213
453
214
381
216
453
216
381
216
454
216
381
216
453
214
381
216
456
215
394
230
487
223
393
230
487
223
480
205
586
192
