Test21.jpg
Test23.jpg
263
249
177
194
263
249
179
194
268
247
178
193
285
252
206
174
285
252
207
174
285
252
208
182
285
252
209
180
285
252
210
179
285
252
211
179
286
252
205
174
286
252
207
174
286
252
208
180
286
252
208
182
286
252
209
180
285
254
211
179
289
252
206
174
289
252
207
173
289
252
207
174
289
252
212
177
289
252
208
182
289
252
209
180
289
252
210
179
289
252
211
179
288
251
206
174
288
251
205
174
288
251
207
174
288
251
208
180
288
251
208
182
288
251
209
180
288
251
210
179
288
251
211
179
288
252
206
174
288
252
205
174
288
252
207
174
288
252
208
180
288
252
208
182
288
252
209
180
288
252
210
179
288
252
211
179
