cup_tree_1_candidate.jpg
cup_tree_1_reference.jpg
538
145
594
139
364
299
591
299
364
299
589
299
537
143
593
137
497
101
557
96
472
143
525
138
472
143
527
137
472
143
526
137
472
143
524
138
494
99
556
94
472
142
527
137
472
142
525
137
472
142
526
137
472
142
524
137
369
292
546
292
472
145
525
140
472
145
526
140
520
129
580
123
473
142
527
137
473
142
525
137
473
142
526
137
477
129
533
124
536
147
591
141
536
147
592
141
536
147
595
140
536
147
594
141
536
147
593
141
534
143
593
137
536
145
594
139
470
142
527
137
470
142
525
137
470
142
526
137
470
142
524
137
365
291
563
291
365
291
590
291
471
143
525
138
471
143
527
137
471
143
523
138
471
143
526
137
471
143
524
138
469
144
525
138
469
144
523
139
469
144
522
139
469
144
524
138
470
146
525
140
470
146
526
140
471
146
525
140
471
146
526
140
535
143
593
137
537
146
593
140
537
146
595
140
537
146
594
140
537
147
592
141
537
147
594
141
537
147
593
141
470
143
525
138
470
143
527
137
470
143
523
138
470
143
525
137
470
143
526
137
470
143
524
138
519
129
577
123
471
142
527
137
471
142
525
137
471
142
526
137
471
142
524
137
535
146
594
139
535
146
593
140
535
146
595
140
535
146
594
140
519
130
577
124
480
147
538
142
535
145
594
139
535
145
594
138
350
292
575
292
350
292
576
292
472
146
526
140
469
143
525
138
469
143
527
137
469
143
523
138
469
143
525
137
469
143
526
137
469
143
524
137
469
143
524
138
536
146
593
140
536
146
595
140
536
146
594
140
