41_41_l.jpg
41_41_r.jpg
250
358
94
359
250
358
93
359
250
358
95
359
231
366
70
370
257
353
102
354
257
353
102
355
257
353
101
355
257
353
101
354
253
359
99
359
226
364
63
369
226
364
65
369
237
353
75
355
237
353
76
355
237
353
78
355
252
357
99
359
242
355
86
357
228
368
72
372
228
368
73
372
228
368
68
372
248
361
93
363
241
359
87
361
241
359
84
361
243
362
88
365
234
363
76
367
253
358
99
359
249
358
95
361
249
358
94
359
249
358
93
359
249
358
95
359
241
372
79
378
376
353
218
352
234
348
73
350
226
367
68
372
352
349
198
349
227
367
68
372
255
361
101
363
255
361
99
363
255
361
102
363
237
370
76
374
234
353
76
355
234
353
78
355
256
361
101
363
256
361
102
363
363
346
208
345
238
355
76
356
238
355
74
356
238
355
79
357
238
355
82
357
238
355
82
358
238
355
78
356
238
355
83
357
238
355
81
357
238
355
84
357
235
354
76
356
235
354
74
356
235
354
75
355
235
354
60
355
235
354
82
356
235
354
78
356
235
354
80
356
234
356
74
358
234
356
79
358
234
356
81
358
210
350
48
351
233
368
74
372
233
368
73
372
233
368
76
372
217
353
55
355
217
353
55
356
217
353
56
355
237
363
83
365
237
360
82
361
243
358
88
361
239
355
84
357
354
350
202
349
258
353
102
354
258
353
101
354
254
361
101
363
254
361
99
363
254
361
102
363
258
360
104
363
258
360
102
363
251
357
95
359
251
357
95
358
235
353
75
355
235
353
76
355
235
353
78
355
257
356
104
358
234
361
79
364
240
355
86
357
240
355
85
357
252
356
97
357
235
351
77
353
253
352
99
354
253
352
101
354
350
353
196
352
350
353
197
352
350
353
196
353
240
353
87
355
252
361
97
363
252
361
99
363
252
361
95
364
244
360
89
363
350
366
196
364
242
361
86
363
238
353
76
355
238
353
78
355
243
354
88
356
218
356
56
359
251
361
94
364
251
361
97
363
251
361
95
364
237
351
83
353
237
351
72
352
218
353
55
355
218
353
55
356
218
353
56
355
239
354
85
356
216
353
55
355
216
353
55
356
375
357
217
355
353
367
199
365
237
355
76
356
237
355
79
357
237
355
84
358
237
355
56
355
237
355
82
357
237
355
83
357
237
355
81
358
237
355
81
357
237
355
84
357
233
356
79
358
224
363
60
368
259
353
102
354
259
353
101
354
353
350
200
349
243
370
85
375
246
360
89
363
246
360
90
363
222
358
59
360
255
359
102
362
238
356
84
358
238
356
82
358
238
356
79
358
238
356
81
358
238
356
81
357
236
351
83
353
220
357
57
360
220
357
58
360
220
357
56
359
240
356
84
358
218
352
56
354
234
369
76
374
255
353
100
355
255
353
102
354
255
353
102
355
255
353
99
354
255
353
101
355
255
353
101
354
244
358
88
361
354
349
200
349
258
364
104
368
