Test121_rot.png
Test125_rot.png
210
239
195
188
210
239
195
187
210
239
197
187
210
239
198
187
208
239
195
188
208
239
195
187
235
241
216
200
235
241
216
202
257
244
234
213
273
72
319
66
270
82
319
69
293
150
307
144
294
154
308
146
294
154
305
147
294
154
306
145
294
154
307
144
294
154
306
146
294
154
306
147
293
152
306
145
293
152
307
144
294
155
305
148
294
155
305
147
294
155
306
146
294
155
306
147
307
123
336
125
335
124
356
135
335
124
356
136
337
129
349
137
337
129
348
137
337
129
351
137
337
129
350
138
337
129
351
136
337
129
355
140
337
129
355
139
337
129
354
138
337
129
355
137
337
129
352
139
337
129
353
137
336
126
356
137
336
126
355
137
336
126
356
135
336
126
356
136
336
126
353
137
334
127
351
136
334
127
356
136
334
127
353
137
337
127
351
136
337
127
356
137
337
127
357
138
337
127
354
138
337
127
355
137
337
127
356
136
337
127
353
137
334
126
356
135
336
128
349
137
336
128
351
137
336
128
350
138
336
128
351
136
336
128
356
137
336
128
353
139
336
128
354
138
336
128
355
137
336
128
352
139
336
128
353
137
334
129
351
136
334
129
353
137
335
125
356
135
335
125
356
136
335
130
351
137
335
130
350
138
335
130
353
139
335
130
352
139
337
130
351
137
337
130
350
138
337
130
355
139
337
130
354
138
337
130
353
137
339
100
369
113
339
100
371
110
339
100
370
113
339
100
370
112
339
100
371
113
339
100
372
115
339
100
372
116
339
100
372
117
339
100
373
117
345
99
377
119
343
100
375
111
343
100
375
119
343
100
373
117
343
100
375
118
343
100
376
118
343
100
376
119
343
100
377
119
344
101
375
119
344
101
375
118
344
101
376
118
344
101
376
119
344
101
377
119
341
100
375
111
341
100
371
110
341
100
372
109
341
100
370
112
341
100
375
119
341
100
371
113
341
100
372
115
341
100
372
116
341
100
372
117
341
100
373
117
341
100
375
118
341
99
371
110
341
99
372
109
341
99
370
112
341
99
371
113
341
99
372
115
341
99
373
117
341
99
373
109
345
100
376
119
345
100
377
119
344
99
375
118
344
99
376
118
344
99
376
119
344
99
377
119
339
99
371
110
339
99
370
113
339
99
370
112
339
99
371
113
339
99
372
115
339
99
373
117
342
100
375
111
342
100
375
119
342
100
372
117
342
100
373
117
342
100
375
118
342
100
376
118
342
100
376
119
377
98
399
127
377
98
402
131
377
98
400
127
377
98
401
129
377
98
402
130
377
98
400
126
377
98
401
127
377
98
399
128
377
102
401
129
385
186
377
212
385
187
377
212
383
185
377
212
402
184
392
218
400
215
377
246
401
216
377
246
401
216
377
247
400
217
377
246
400
217
377
248
400
217
377
247
390
214
370
241
416
184
402
222
416
184
400
221
416
184
399
222
416
184
399
223
416
184
400
223
416
184
401
223
416
184
404
225
416
187
399
224
416
187
398
224
416
187
399
222
416
187
399
223
416
187
400
223
416
187
401
223
416
187
397
224
416
187
404
225
416
187
404
227
412
185
399
224
412
185
398
224
412
185
399
222
412
185
399
223
412
185
400
223
412
185
401
223
412
185
397
224
412
185
398
220
412
185
404
225
409
186
399
224
409
186
398
224
409
186
399
222
409
186
399
223
409
186
400
223
409
186
397
224
409
186
396
225
409
187
399
224
409
187
398
224
409
187
399
222
409
187
399
223
409
187
397
224
409
187
396
225
409
187
396
226
409
182
394
218
409
182
396
219
409
182
397
219
409
182
394
219
409
182
395
219
416
185
399
224
416
185
398
224
416
185
399
222
416
185
399
223
416
185
400
223
416
185
401
223
416
185
404
225
416
185
404
227
410
185
402
222
410
185
399
224
410
185
398
224
410
185
400
221
410
185
399
222
410
185
399
220
410
185
399
223
410
185
400
223
410
185
401
223
410
185
397
224
410
185
398
220
416
186
398
224
416
186
404
227
411
185
399
224
411
185
398
224
411
185
399
222
411
185
399
223
411
185
400
223
411
185
401
223
411
185
397
224
411
185
398
220
410
184
402
222
410
184
400
221
410
184
399
222
410
184
396
219
410
184
399
220
410
184
397
219
410
184
399
223
410
184
400
223
410
184
398
220
418
186
399
222
418
186
400
223
418
186
401
223
418
186
404
225
418
186
405
226
418
186
404
227
421
184
408
226
418
184
402
222
418
184
404
225
417
185
399
222
417
185
399
223
417
185
400
223
417
185
401
223
417
185
404
225
417
185
405
226
419
185
404
225
419
185
405
226
421
185
407
225
421
185
408
226
421
185
408
228
421
185
408
227
420
186
404
225
420
186
405
226
420
186
404
227
418
187
404
227
420
187
404
225
420
187
405
226
420
187
404
227
421
191
406
233
421
191
404
230
421
191
403
229
421
191
403
230
421
191
403
231
416
188
399
224
416
188
398
224
416
188
399
223
416
188
400
223
416
188
401
223
416
188
397
224
416
188
404
225
416
188
403
229
416
188
404
227
418
189
403
229
418
189
403
230
418
189
403
231
418
189
404
227
421
194
403
232
421
194
404
230
421
194
403
229
421
194
403
230
421
194
403
231
423
191
406
233
417
192
403
232
417
192
403
229
417
192
403
230
417
192
403
231
417
190
399
224
417
190
403
232
417
190
403
229
417
190
403
230
417
190
403
231
417
190
404
227
417
188
398
224
417
188
397
224
417
188
403
229
417
188
403
230
417
188
404
227
422
191
406
233
422
191
404
230
417
189
398
224
417
189
403
229
417
189
403
230
417
189
403
231
417
189
404
227
416
192
403
232
416
192
404
230
416
192
403
229
416
192
403
230
416
192
403
231
418
188
404
230
418
188
403
229
418
188
403
230
418
188
404
227
417
193
403
232
417
193
404
230
417
193
403
229
417
193
403
230
417
193
403
231
421
193
403
232
421
193
404
230
421
193
403
229
416
194
403
232
416
194
404
230
416
194
403
229
416
194
403
230
416
194
403
231
416
189
399
224
416
189
398
224
416
189
397
224
416
189
403
229
416
189
403
230
416
189
403
231
416
189
404
227
417
194
403
232
417
194
404
230
417
194
403
229
417
194
403
230
417
194
403
231
424
289
367
320
424
290
367
320
