Test1031.jpg
Test1032.jpg
113
232
58
233
116
232
59
233
117
233
61
234
112
231
56
232
112
281
56
287
111
281
56
287
127
234
74
233
127
234
76
232
127
230
74
230
129
232
74
233
129
232
77
231
129
232
76
232
120
233
64
234
120
233
65
234
119
233
64
234
119
233
65
234
130
231
78
231
130
231
77
231
130
231
76
230
130
231
76
232
163
152
108
152
163
152
110
152
164
151
113
151
164
151
111
151
160
151
108
152
164
208
113
206
164
208
114
206
167
204
115
204
167
204
114
206
164
204
112
204
162
207
112
204
164
207
113
206
164
207
114
204
165
205
113
206
165
205
114
204
165
205
113
205
158
205
105
206
158
205
106
205
167
205
116
205
167
205
116
204
180
150
125
150
180
150
130
150
180
150
126
151
180
150
127
149
180
150
131
152
180
150
132
152
180
150
133
152
176
151
124
152
176
151
126
151
176
151
127
152
179
151
125
150
179
151
124
152
179
151
126
151
179
151
127
152
179
151
131
152
179
151
132
152
173
152
124
152
175
152
124
152
175
152
127
152
178
152
124
152
178
152
126
151
178
152
127
152
179
152
124
152
179
152
126
151
179
152
127
152
181
152
126
151
181
152
127
152
181
152
131
152
181
152
132
152
180
205
130
207
180
205
131
205
180
205
130
205
182
207
130
207
182
204
131
205
182
204
132
205
182
204
130
205
182
204
136
205
178
207
130
207
181
207
130
207
180
206
130
207
188
150
133
150
188
150
138
150
188
150
135
150
188
150
143
150
188
150
136
150
188
150
137
150
188
150
146
150
186
151
133
151
186
151
132
152
186
151
134
151
186
151
133
152
186
151
134
152
186
151
136
152
186
151
146
152
185
152
131
152
185
152
132
152
185
152
133
152
185
152
134
152
185
152
136
152
193
152
140
152
193
152
141
152
193
152
144
152
193
152
145
152
193
152
146
152
188
151
133
151
188
151
140
152
188
151
134
151
188
151
136
152
188
151
138
152
188
151
141
152
188
151
144
151
188
151
146
151
188
151
147
151
189
151
140
152
189
151
134
151
189
151
138
152
189
151
141
152
189
151
144
151
189
151
146
151
189
151
147
152
193
151
146
151
183
152
126
151
183
152
127
152
183
152
131
152
183
152
132
152
183
152
133
152
183
152
134
152
191
150
138
150
191
150
143
150
191
150
146
150
191
150
147
150
185
206
133
207
185
206
134
207
185
206
137
207
185
206
135
207
185
205
136
206
185
205
134
206
185
205
135
206
185
205
138
206
185
205
134
207
185
205
137
207
185
205
135
207
185
205
137
206
190
205
136
206
190
205
141
207
190
205
138
206
190
205
139
206
190
205
137
206
183
205
136
206
183
205
131
205
183
205
134
206
183
205
135
206
183
205
132
205
183
205
134
207
183
205
137
206
187
204
136
206
187
204
138
206
187
204
139
206
187
204
136
205
187
204
137
206
187
206
140
208
187
206
134
207
187
206
137
207
187
206
135
207
188
205
136
206
188
205
141
207
188
205
134
206
188
205
135
206
188
205
138
206
188
205
139
206
188
205
137
206
191
207
140
208
189
205
136
206
189
205
141
207
189
205
135
206
189
205
138
206
189
205
139
206
189
205
137
206
184
205
136
206
184
205
134
206
184
205
135
206
184
205
138
206
184
205
132
205
184
205
134
207
184
205
137
207
184
205
135
207
184
205
137
206
184
204
136
206
184
204
131
205
184
204
134
206
184
204
135
206
184
204
138
206
184
204
132
205
184
204
136
205
184
204
137
206
206
192
155
196
206
192
156
195
198
195
145
197
198
195
145
198
198
195
147
197
198
195
149
197
198
195
143
197
198
195
146
197
198
195
150
197
198
195
147
198
196
195
145
197
196
195
145
198
196
195
147
197
196
195
149
197
196
195
143
197
196
195
146
197
196
195
150
197
196
195
147
198
196
195
145
196
196
195
149
196
201
204
145
207
199
196
145
198
199
196
149
199
199
196
147
198
199
196
150
199
205
194
155
196
205
194
154
197
205
194
155
197
205
194
156
197
200
192
149
194
200
192
153
193
200
192
145
193
200
192
149
195
200
192
151
193
200
192
145
194
203
193
150
196
203
193
155
196
203
193
156
195
203
193
149
196
206
195
155
198
206
195
155
197
206
195
156
197
206
195
150
199
206
195
155
199
196
194
146
196
196
194
145
197
196
194
147
197
196
194
149
197
196
194
150
196
196
194
143
197
196
194
146
197
196
194
143
195
196
194
150
197
196
194
145
196
196
194
147
196
196
194
149
196
204
197
156
200
204
197
155
199
200
198
155
199
196
203
148
205
201
191
149
194
201
191
153
193
201
191
145
193
201
191
151
193
201
191
154
193
201
191
146
193
200
195
145
197
200
195
145
198
200
195
147
197
200
195
149
197
200
195
149
199
200
195
143
197
200
195
146
197
200
195
150
197
200
195
154
197
200
195
147
198
200
195
150
199
205
195
155
198
205
195
149
199
205
195
154
197
205
195
155
197
205
195
156
197
205
195
150
199
197
193
146
196
197
193
149
195
197
193
150
196
197
193
145
194
197
193
143
195
197
193
145
196
197
193
147
196
197
193
149
196
201
192
149
194
201
192
153
193
201
192
155
193
201
192
149
195
201
192
154
193
201
192
145
194
200
196
145
198
200
196
155
198
200
196
149
199
200
196
147
198
200
196
150
199
205
196
155
198
205
196
150
199
205
196
155
199
205
193
155
196
205
193
154
197
205
193
156
195
205
192
155
196
205
192
156
195
205
197
156
200
205
197
155
199
206
194
155
198
206
194
155
196
206
194
154
197
206
194
155
197
206
194
156
197
205
198
156
200
205
191
153
193
205
191
155
193
205
191
154
193
197
195
145
197
197
195
145
198
197
195
147
197
197
195
149
197
197
195
143
197
197
195
146
197
197
195
150
197
197
195
147
198
197
195
145
196
197
195
149
196
198
204
145
207
195
191
149
194
195
191
145
193
195
191
151
193
195
191
145
194
195
191
146
193
198
205
145
207
232
191
179
193
232
191
183
194
233
192
183
194
225
193
173
195
225
193
172
195
225
195
174
197
225
195
173
197
230
192
176
194
230
191
178
193
230
191
179
193
227
194
178
197
228
195
178
197
228
195
178
198
229
196
178
198
229
196
178
199
221
193
172
195
221
193
169
196
229
191
178
193
229
191
179
193
226
195
174
197
226
195
173
197
222
196
173
199
222
196
172
198
231
191
178
193
231
191
179
193
228
196
178
198
228
196
178
199
221
197
169
200
222
198
173
201
222
198
169
200
225
198
173
201
221
199
170
202
221
199
171
203
221
199
171
202
233
191
183
194
233
191
183
193
227
199
173
201
221
194
173
197
221
194
169
196
221
192
170
194
221
192
173
195
221
192
172
195
221
191
173
193
221
191
170
194
222
195
173
197
222
195
172
198
226
191
173
193
226
191
176
194
241
162
192
164
241
162
189
164
241
162
192
163
241
162
193
164
241
162
195
164
241
162
191
164
247
163
194
165
247
163
195
164
242
160
194
161
242
160
188
162
242
160
189
162
242
160
193
162
242
160
191
161
242
160
195
161
242
160
192
162
243
161
194
163
243
161
193
162
243
161
192
162
243
161
188
163
243
161
192
163
243
161
195
163
238
160
188
162
238
160
189
162
238
160
193
162
238
160
191
161
238
160
192
162
238
160
184
163
239
164
188
165
239
164
191
165
247
160
195
161
239
162
192
164
239
162
189
164
239
162
188
163
239
162
192
163
239
162
193
164
239
162
195
164
239
162
191
164
239
163
192
164
239
163
188
165
239
163
189
164
239
163
191
165
239
163
186
165
239
163
194
165
239
163
191
164
242
163
192
164
242
163
188
165
242
163
191
165
242
163
194
165
242
163
193
164
242
163
195
164
242
163
191
164
240
160
194
161
240
160
188
162
240
160
189
162
240
160
193
162
240
160
191
161
240
160
192
162
247
164
194
165
242
161
194
163
242
161
193
162
242
161
192
162
242
161
188
163
242
161
192
163
242
161
195
163
234
162
185
163
234
162
184
163
234
162
188
163
234
162
184
164
234
162
185
164
237
162
192
164
237
162
189
164
237
162
188
163
237
162
193
164
237
162
185
164
237
162
191
164
242
162
194
163
242
162
192
164
242
162
189
164
242
162
192
163
242
162
193
164
242
162
195
163
242
162
195
164
242
162
191
164
236
163
188
165
236
163
189
164
236
163
186
165
245
157
194
158
245
157
195
158
240
163
192
164
240
163
188
165
240
163
189
164
240
163
191
165
240
163
194
165
240
163
193
164
240
163
191
164
239
160
188
162
239
160
189
162
239
160
193
162
239
160
191
161
239
160
192
162
239
160
184
163
241
164
191
165
241
164
194
165
242
164
191
165
242
164
194
165
243
164
191
165
243
164
194
165
245
164
194
165
238
159
188
160
238
159
191
160
238
159
191
161
240
161
194
163
240
161
188
162
240
161
189
162
240
161
193
162
240
161
192
162
240
161
188
163
240
161
192
163
240
161
195
163
241
159
191
160
241
159
194
161
241
159
193
160
241
159
191
161
241
159
195
161
245
187
197
188
245
187
199
189
241
190
190
193
245
182
197
184
245
182
197
183
245
182
198
183
247
178
198
180
247
178
197
179
247
178
200
180
247
178
198
179
245
180
200
181
245
180
197
183
245
180
202
181
245
180
198
181
245
180
198
183
242
191
190
193
242
191
192
193
242
191
188
194
242
191
189
194
242
191
190
194
242
191
201
192
241
182
197
184
247
183
197
184
243
181
197
183
243
181
198
183
246
188
194
191
246
188
193
191
246
188
202
189
246
188
199
189
243
179
200
181
243
179
198
181
246
182
197
184
246
182
197
183
246
182
198
183
235
189
181
191
235
189
186
192
235
189
185
193
235
189
184
192
235
189
183
191
243
185
196
187
243
185
197
186
243
185
197
188
243
185
195
187
246
178
198
180
246
178
197
179
246
178
200
180
246
178
198
179
236
192
183
194
245
195
208
194
245
195
205
195
245
195
209
194
243
194
205
194
243
194
201
195
247
194
206
194
247
194
201
195
247
194
207
194
247
193
201
194
247
193
210
192
246
195
208
194
246
195
205
195
241
192
188
194
241
192
189
194
241
192
190
194
260
191
208
194
260
191
206
194
260
191
207
194
260
191
217
190
260
191
214
192
260
191
213
192
260
191
209
194
260
191
210
192
252
184
202
185
252
184
204
184
257
182
214
180
255
189
208
191
255
189
203
191
255
189
201
192
255
189
209
189
256
190
208
191
256
190
208
192
256
190
210
191
255
185
206
186
255
185
206
187
255
185
213
184
254
188
205
190
254
188
209
189
255
179
211
178
255
179
212
178
258
191
207
193
258
191
207
194
258
191
208
192
258
191
210
191
258
191
213
192
258
191
210
192
260
184
215
184
260
184
213
184
260
184
217
182
260
184
218
182
260
179
210
181
260
179
214
180
260
179
213
179
258
182
218
179
258
182
216
180
256
187
205
190
252
188
202
189
252
188
205
190
251
182
204
184
251
182
208
182
258
183
218
180
258
183
217
181
258
183
216
181
248
190
190
193
248
190
192
193
248
190
194
193
248
190
193
193
248
190
195
192
248
190
190
194
248
190
200
191
248
190
203
191
248
190
201
192
248
190
196
193
248
190
197
193
253
190
208
191
253
190
203
191
253
190
201
192
253
190
197
193
253
190
209
189
255
182
208
182
255
182
210
181
252
191
208
191
252
191
197
194
252
191
208
192
252
191
210
191
250
179
200
181
250
179
202
181
250
179
198
181
251
185
206
186
251
185
201
187
254
185
206
186
254
185
206
187
260
178
213
179
260
178
214
178
248
186
196
187
248
186
206
186
248
186
197
188
248
186
201
187
255
186
202
189
255
186
206
187
255
186
213
184
259
182
218
180
259
182
216
180
259
182
216
181
256
186
206
187
256
186
213
184
257
180
210
181
257
180
213
179
260
187
209
189
259
178
212
178
259
178
214
178
256
188
205
190
256
188
203
191
256
188
209
189
259
183
216
182
259
183
213
184
259
183
217
181
259
183
217
182
259
183
218
181
259
183
216
181
253
189
205
190
253
189
200
191
253
189
203
191
253
189
209
189
249
190
190
193
249
190
192
193
249
190
194
193
249
190
193
193
249
190
195
192
249
190
205
190
249
190
200
191
249
190
203
191
249
190
201
192
249
190
196
193
249
190
197
193
260
180
208
182
260
180
214
180
255
190
208
191
255
190
208
192
255
190
210
191
260
190
207
193
260
190
208
192
260
190
210
191
260
190
216
189
260
190
217
190
260
190
213
192
260
190
210
192
256
192
208
194
256
192
207
193
256
192
205
194
256
192
206
194
256
192
207
194
256
192
214
192
256
192
213
192
256
192
209
194
256
192
210
192
255
192
207
193
255
192
205
194
255
192
206
194
255
192
207
194
255
192
208
192
255
192
213
192
255
192
210
192
256
196
211
196
248
192
200
194
248
192
208
192
248
192
201
194
253
194
208
194
253
194
205
195
253
194
209
194
256
193
208
194
256
193
206
194
256
193
205
195
256
193
207
194
256
193
214
192
256
193
213
192
256
193
209
194
256
193
212
194
256
195
211
196
256
195
210
195
248
194
208
194
248
194
205
195
249
194
208
194
249
194
205
195
249
194
207
194
249
194
209
194
258
196
211
196
252
194
208
194
252
194
205
195
252
194
209
194
259
192
208
194
259
192
207
194
259
192
214
192
259
192
213
192
259
192
209
194
259
192
212
194
260
195
211
196
260
195
216
194
255
194
209
194
255
194
210
195
255
194
212
194
252
192
207
193
252
192
205
194
252
192
198
195
252
192
200
194
252
192
208
192
252
192
201
194
252
192
210
191
252
192
210
192
255
195
211
196
255
195
210
195
255
195
212
194
266
193
216
194
266
193
221
193
266
193
223
192
272
193
226
194
272
193
226
193
272
193
227
193
261
194
211
196
261
194
216
194
267
197
219
197
267
197
222
197
267
197
224
198
269
193
221
193
269
193
226
194
269
193
226
193
269
193
227
193
265
192
221
191
265
192
216
194
265
192
221
193
265
192
223
192
267
191
221
191
272
194
222
195
272
194
226
194
272
194
224
195
272
194
226
195
272
194
229
194
272
194
229
195
273
194
226
194
273
194
224
195
273
194
226
195
273
194
229
194
273
194
230
194
273
194
229
195
264
192
221
191
264
192
216
194
264
192
212
194
264
192
223
192
261
196
220
195
261
191
208
194
261
191
207
194
261
191
217
190
261
191
214
192
261
191
213
192
261
191
209
194
272
191
228
191
272
191
223
192
272
191
228
192
271
194
220
195
271
194
222
195
271
194
226
194
271
194
224
195
271
194
226
195
271
194
229
194
264
193
216
194
264
193
221
193
273
191
228
191
273
191
223
192
273
191
228
192
273
191
229
192
267
193
216
194
267
193
221
193
267
193
226
193
267
193
223
192
264
195
220
195
264
195
222
195
285
191
239
191
285
191
235
192
285
191
235
191
280
191
231
192
280
191
230
193
280
191
232
193
280
191
232
192
280
191
233
191
280
191
229
192
280
191
235
192
280
191
235
191
278
193
230
193
278
193
231
195
278
193
232
193
278
193
229
194
278
193
230
194
278
193
227
193
283
194
232
195
283
194
233
195
283
194
234
194
283
194
238
194
283
194
236
196
283
194
235
194
275
197
225
196
275
197
229
196
275
197
228
198
275
197
231
198
275
197
231
197
275
197
230
198
282
193
232
195
282
193
233
195
282
193
232
193
282
193
234
194
282
193
235
194
280
192
231
192
280
192
230
193
280
192
232
193
280
192
232
192
280
192
230
194
280
192
235
192
276
192
231
192
276
192
226
193
276
192
230
193
276
192
229
194
276
192
232
192
276
192
228
192
276
192
227
193
276
192
229
192
284
196
240
196
284
196
236
196
284
196
240
197
283
191
232
193
283
191
232
192
283
191
233
191
283
191
235
192
283
191
235
191
279
193
231
192
279
193
230
193
279
193
232
193
279
193
229
194
279
193
230
194
279
193
229
192
285
197
238
199
285
197
239
199
285
197
240
199
285
197
240
197
280
194
232
195
280
194
231
195
280
194
233
195
280
194
232
193
280
194
229
194
280
194
230
194
280
194
234
194
280
194
229
195
280
194
235
194
279
195
232
195
279
195
229
196
279
195
231
195
279
195
233
195
279
195
230
196
279
195
229
194
279
195
231
197
279
195
229
195
275
196
225
196
275
196
229
196
275
196
226
195
275
196
230
196
275
196
231
197
275
196
229
195
275
193
226
194
275
193
226
193
275
193
230
193
275
193
229
194
275
193
230
194
275
193
227
193
275
193
229
195
285
196
240
196
285
196
238
199
285
196
236
196
285
196
240
197
275
191
231
192
275
191
228
191
275
191
223
192
275
191
228
192
275
191
227
193
275
191
229
192
279
197
231
198
279
197
230
196
279
197
231
197
279
197
230
198
283
197
238
199
283
197
236
196
284
197
238
199
284
197
239
199
284
197
236
196
275
192
231
192
275
192
226
193
275
192
230
193
275
192
228
192
275
192
227
193
275
192
229
192
281
193
232
195
281
193
231
195
281
193
233
195
281
193
232
193
281
193
230
194
281
193
234
194
281
193
235
194
276
191
231
192
276
191
228
191
276
191
228
192
276
191
227
193
276
191
229
192
276
195
232
195
276
195
229
196
276
195
226
195
276
195
231
195
276
195
230
196
276
195
231
197
276
195
229
195
277
195
232
195
277
195
229
196
277
195
231
195
277
195
233
195
277
195
230
196
277
195
229
194
277
195
231
197
277
195
229
195
274
193
226
194
274
193
226
193
274
193
230
193
274
193
229
194
274
193
230
194
274
193
227
193
285
229
240
232
284
230
240
232
284
230
237
234
286
230
240
232
286
230
240
234
283
227
236
230
283
226
236
230
280
230
234
233
285
230
240
232
285
230
237
234
285
230
240
234
276
234
229
238
281
233
234
238
283
232
237
234
283
232
240
234
282
237
237
240
282
237
238
240
282
234
234
238
279
231
234
233
279
231
229
235
280
236
237
240
278
236
229
238
283
236
237
240
283
236
238
240
299
194
255
199
299
194
254
196
299
194
256
196
292
204
248
206
290
197
243
197
290
197
244
198
290
197
244
199
290
197
246
199
290
197
245
200
296
195
252
200
296
195
252
197
296
195
250
194
296
195
248
193
295
202
252
206
295
191
250
194
290
191
244
192
293
197
246
195
293
197
246
197
290
199
244
198
290
199
244
199
290
199
243
199
290
199
245
200
290
199
240
197
297
200
252
200
297
200
252
201
297
200
254
204
287
197
244
199
287
197
239
199
287
197
240
199
287
197
243
199
287
197
240
197
293
192
248
192
293
192
250
194
293
192
248
193
292
191
248
192
292
191
248
193
298
204
254
206
298
204
254
205
298
204
252
206
298
204
254
207
293
191
248
192
293
191
250
194
293
191
248
193
291
197
243
197
291
197
244
198
291
197
246
199
291
197
246
197
295
192
248
192
295
192
252
197
295
192
250
194
295
192
248
193
294
191
248
192
294
191
250
194
294
191
248
193
290
200
244
199
290
200
243
199
290
200
245
200
289
196
243
197
289
196
244
198
289
196
244
199
289
196
240
196
289
196
246
199
297
201
252
201
297
201
254
204
297
201
254
205
287
191
239
191
287
191
235
192
293
202
245
200
290
196
243
197
290
196
244
198
290
196
246
199
290
196
246
197
297
202
254
206
297
202
254
205
291
203
248
206
288
197
243
197
288
197
244
198
288
197
244
199
288
197
240
196
288
197
240
199
288
197
243
199
288
197
245
200
288
197
240
197
289
197
243
197
289
197
244
198
289
197
244
199
289
197
243
199
289
197
246
199
289
197
245
200
289
197
240
197
299
204
254
206
299
204
254
205
299
204
254
207
298
208
252
209
298
208
254
210
298
208
254
211
290
216
246
218
299
210
253
212
299
210
256
212
299
210
255
212
296
212
251
214
293
206
248
206
297
216
252
218
297
217
253
219
298
205
252
206
298
205
255
209
298
205
254
207
298
205
253
208
299
207
255
210
299
207
252
206
299
207
252
209
299
207
255
209
299
207
254
210
299
207
253
208
295
212
251
214
295
205
252
209
292
205
248
206
298
209
254
211
298
210
253
212
298
210
255
212
293
221
249
223
293
224
248
226
293
224
249
225
295
230
251
232
297
224
253
226
297
225
251
227
298
222
254
224
298
220
252
223
299
223
253
225
299
223
253
226
291
225
248
226
291
225
249
225
296
225
251
227
296
225
253
226
291
228
246
230
299
222
254
224
296
230
251
232
290
218
246
220
290
218
245
221
291
219
245
223
291
219
246
221
299
224
253
226
289
221
245
223
289
221
246
221
289
218
246
218
291
227
246
230
291
220
245
223
291
220
246
223
298
228
253
231
298
228
251
232
294
223
248
226
294
223
251
224
294
223
249
225
294
223
250
224
299
242
255
242
299
242
256
242
299
242
256
243
291
243
248
243
291
243
247
244
297
233
252
235
296
234
252
235
299
239
253
242
288
236
241
239
288
236
240
240
288
236
241
241
288
237
243
241
288
237
241
241
296
237
251
240
296
237
250
240
293
243
250
243
293
243
248
247
297
234
252
235
298
232
252
235
291
241
245
243
291
241
247
244
295
236
250
238
295
236
249
239
293
231
251
232
288
234
241
239
288
234
244
237
288
234
245
237
288
234
246
236
288
234
245
235
294
243
250
243
294
243
248
247
294
243
251
245
294
243
249
247
292
243
247
244
296
239
252
241
296
239
252
240
296
239
249
242
296
239
249
243
287
235
241
239
287
235
244
237
287
235
245
237
287
235
240
240
291
240
245
243
295
240
252
241
295
240
252
240
295
240
249
242
295
240
249
243
295
240
250
243
297
240
253
242
297
240
254
242
297
240
252
242
297
240
252
243
298
240
253
242
298
240
254
242
298
240
253
243
298
240
252
242
298
240
252
243
299
240
254
242
299
240
255
242
299
240
253
243
297
232
252
235
290
243
248
243
290
243
247
244
292
241
248
243
292
241
247
244
293
241
249
242
293
241
248
243
293
241
249
243
293
241
250
243
293
241
247
244
294
241
249
242
294
241
248
243
294
241
249
243
294
241
250
243
294
241
247
244
289
237
243
241
290
242
248
243
290
242
247
244
293
242
248
243
293
242
249
243
293
242
250
243
293
242
247
244
295
242
250
243
295
242
248
247
299
252
253
256
299
252
254
255
299
252
254
254
299
252
256
255
299
252
251
255
299
252
252
255
299
252
253
255
299
250
255
253
299
250
253
254
299
250
251
253
299
250
252
254
299
250
254
254
299
250
254
252
299
250
256
253
298
249
251
253
298
249
254
252
295
253
249
256
295
253
250
256
295
253
247
255
298
252
253
254
298
252
254
255
298
252
252
254
298
252
250
255
298
252
251
255
298
252
252
255
298
252
253
255
293
252
249
254
293
252
247
255
293
252
250
255
296
244
251
245
296
244
249
247
296
244
251
246
296
244
251
248
299
251
253
254
299
251
254
255
299
251
252
254
299
251
254
254
299
251
252
255
299
251
253
255
296
253
253
256
296
253
249
256
296
253
250
256
296
253
250
255
296
253
251
255
297
250
253
254
297
250
251
253
297
250
252
254
298
250
255
253
298
250
253
254
298
250
251
253
298
250
252
254
298
250
254
254
298
250
254
252
295
251
251
253
295
251
249
254
295
251
252
254
295
251
247
255
295
251
250
255
296
251
253
254
296
251
251
253
296
251
249
254
296
251
252
254
296
251
250
255
296
251
251
255
293
245
248
247
293
245
249
247
294
245
248
247
294
245
249
247
294
245
251
248
303
197
258
199
303
197
256
197
302
204
254
204
302
204
258
208
302
204
258
207
302
204
256
205
305
200
258
201
303
203
255
203
303
203
257
205
303
203
259
206
303
203
258
207
303
203
259
207
305
191
259
192
305
191
259
191
305
191
260
193
300
200
253
201
300
200
254
201
300
200
255
202
300
200
255
203
300
200
257
205
300
200
259
206
302
194
257
197
302
194
256
196
302
194
257
196
302
194
254
193
305
192
259
192
301
195
256
197
301
195
257
197
301
195
254
196
301
195
256
196
301
195
259
202
304
200
258
201
301
202
255
203
301
202
254
204
301
202
257
205
301
202
258
207
301
202
259
207
301
202
256
205
305
202
260
205
304
197
260
201
304
197
257
197
304
197
256
196
304
197
262
202
304
203
255
202
304
203
257
205
304
203
259
206
300
208
255
210
300
208
254
210
303
206
259
208
303
206
258
208
303
206
257
208
303
211
257
214
303
211
258
214
304
209
259
212
302
206
254
206
302
206
254
205
302
206
258
208
302
206
257
208
303
210
257
213
303
210
258
213
301
212
257
214
302
210
257
213
302
210
257
212
302
210
256
212
304
213
258
216
304
214
259
217
300
216
256
218
304
205
259
208
304
205
258
208
304
205
258
207
304
205
259
207
301
208
255
210
301
208
254
210
301
208
257
211
301
205
254
206
301
205
254
205
301
205
254
207
301
205
257
208
304
222
258
224
301
229
256
232
301
229
257
232
305
229
260
232
305
221
260
223
300
218
254
220
303
222
258
224
301
227
256
230
305
219
259
221
301
221
256
223
304
230
258
233
304
230
257
232
304
230
258
232
304
231
259
234
301
233
255
236
300
238
256
239
301
241
256
242
301
241
257
242
301
241
256
243
301
234
255
236
304
236
259
238
303
232
257
235
303
232
258
235
305
241
259
242
303
238
259
240
303
238
258
240
302
232
257
235
305
235
259
237
305
235
259
238
302
239
258
240
302
239
257
242
303
239
259
242
303
239
257
242
304
239
259
242
300
240
255
242
300
240
256
242
304
240
259
242
302
233
257
235
345
281
299
283
339
279
294
282
339
279
295
282
338
281
294
284
338
281
294
285
338
281
293
283
338
281
297
285
343
282
298
285
343
282
299
285
343
282
297
285
338
280
290
282
338
280
294
282
338
280
293
283
354
268
312
273
352
269
312
273
362
280
321
282
354
278
313
280
354
278
313
281
357
275
316
277
357
275
313
277
357
275
313
273
357
275
315
274
355
273
313
277
355
273
313
273
356
279
316
280
356
279
313
280
356
279
313
281
356
279
314
280
356
279
315
282
353
271
312
273
353
271
313
273
361
278
316
280
361
278
318
279
360
274
315
274
359
277
316
277
359
277
313
277
359
277
315
277
355
278
313
280
355
278
313
281
355
278
314
280
354
279
313
281
352
274
313
277
354
280
313
281
353
272
313
277
353
272
312
273
353
272
313
273
355
271
312
273
355
272
312
273
355
272
313
273
464
109
416
121
468
113
419
125
468
113
421
121
468
113
420
122
468
113
421
122
468
108
425
113
468
108
423
115
468
108
423
114
468
108
422
114
468
108
422
115
468
114
419
125
468
114
420
122
468
114
421
122
477
109
430
119
472
108
426
115
478
109
429
120
478
109
430
120
476
106
429
116
471
107
427
112
471
107
425
113
471
107
426
115
474
112
426
121
474
112
426
120
474
112
428
120
474
112
430
119
477
106
429
116
477
106
429
117
472
107
427
112
472
107
425
113
472
107
426
115
479
109
430
120
469
113
419
125
469
113
421
121
469
113
426
120
469
113
420
122
469
113
421
122
475
113
426
121
475
113
426
123
475
113
428
120
475
113
429
120
475
113
430
120
476
113
426
123
475
114
426
123
469
115
419
125
469
115
426
121
469
115
424
123
472
116
426
123
472
116
422
128
470
115
426
121
470
115
426
120
470
115
424
123
470
115
428
120
492
105
441
116
490
108
439
118
490
108
438
116
490
108
440
120
490
108
438
117
490
108
437
116
483
103
434
118
484
103
434
118
482
108
431
121
482
104
417
129
486
104
436
117
489
110
438
121
483
105
434
118
490
112
438
121
489
106
437
116
493
106
441
116
490
107
439
118
490
107
438
116
490
107
440
120
490
107
438
117
488
108
438
121
488
109
438
121
490
109
438
116
490
109
438
117
490
109
437
116
492
109
439
118
492
109
438
113
492
109
440
120
492
109
440
119
492
109
439
116
492
109
440
116
492
109
439
117
486
110
436
123
486
110
435
123
490
104
438
113
490
104
439
116
492
112
439
118
492
112
438
116
492
112
440
120
492
112
438
117
492
112
440
119
492
112
437
116
492
112
439
116
492
112
439
117
489
111
438
121
490
111
438
121
491
111
439
118
491
111
438
117
491
111
437
116
492
118
440
128
494
117
442
127
494
117
443
128
494
124
440
129
494
124
441
131
494
124
440
128
494
124
441
130
494
124
440
130
494
124
439
127
491
118
436
123
491
118
438
126
491
118
435
123
491
118
440
129
491
118
440
128
491
118
439
127
488
116
435
123
490
116
436
123
490
116
438
126
490
116
439
127
494
119
442
127
487
114
435
123
493
118
441
128
492
116
438
121
490
119
438
126
490
119
435
123
491
119
436
123
491
119
438
126
491
119
440
129
491
119
440
130
491
119
439
127
494
116
439
118
494
116
440
120
494
116
438
117
489
114
436
123
489
114
438
126
492
123
440
130
493
120
442
130
493
120
440
128
493
120
441
130
493
120
441
128
493
120
439
127
493
117
438
121
493
117
442
127
507
112
455
119
500
110
448
120
502
112
450
122
499
112
447
121
499
112
446
121
499
112
448
122
499
112
448
120
502
113
451
123
502
113
450
122
498
110
447
121
495
112
442
119
495
112
442
120
495
112
441
116
495
112
444
120
495
112
444
123
498
112
447
121
498
112
445
121
498
112
446
121
496
113
444
120
496
113
444
123
500
113
447
121
500
113
448
122
500
113
448
120
503
113
451
123
503
113
450
122
500
124
446
131
500
124
447
130
503
116
451
123
503
116
452
126
503
116
450
125
503
116
451
124
503
116
452
125
503
121
452
130
503
121
450
129
503
121
451
131
495
124
442
130
495
124
440
129
495
124
441
131
495
124
440
128
495
124
441
130
495
124
440
130
495
124
443
131
495
124
443
133
495
124
443
135
499
116
446
124
499
116
447
123
500
122
446
127
500
122
447
129
500
122
445
128
500
122
448
131
500
122
447
130
500
122
447
128
495
116
439
116
495
116
439
117
495
116
444
125
495
116
443
123
503
124
450
131
503
124
451
131
501
115
450
125
501
115
448
122
503
126
449
133
503
126
450
134
495
121
442
130
495
121
442
127
495
121
441
128
495
121
443
131
495
121
443
128
505
121
454
129
505
121
452
130
505
121
453
130
505
121
453
131
505
121
454
131
500
115
447
121
500
115
448
122
500
115
447
123
506
122
455
131
506
122
454
129
506
122
453
130
506
122
453
131
506
122
454
131
507
117
455
125
507
117
453
124
507
117
455
126
498
115
444
120
498
115
445
121
498
115
446
124
505
118
452
126
505
118
452
125
505
118
453
126
505
118
454
127
504
124
450
131
504
124
451
131
502
125
449
133
502
125
449
134
502
125
449
131
502
125
450
134
506
126
453
133
506
126
453
132
506
119
452
126
506
119
453
126
506
119
454
129
506
119
454
127
502
115
451
123
502
115
450
122
502
115
450
125
502
115
451
124
496
121
442
127
496
121
444
129
496
121
443
128
496
117
444
125
496
117
443
123
496
117
444
124
501
126
449
134
501
126
449
135
501
126
448
135
504
122
452
130
504
122
453
132
504
122
451
131
504
122
453
131
503
117
452
126
503
117
450
125
503
117
450
126
503
117
451
124
503
117
452
125
505
122
452
130
505
122
453
132
505
122
453
130
505
122
453
131
505
122
454
131
505
123
452
130
505
123
453
132
505
123
453
130
505
123
453
131
505
123
454
131
507
123
455
131
507
123
454
129
507
123
454
131
507
123
455
133
500
126
447
135
500
126
448
135
499
124
446
131
495
120
442
127
495
120
443
128
495
126
441
131
495
126
441
130
495
126
440
130
495
126
443
133
495
126
443
135
504
125
451
131
504
125
452
135
505
124
453
133
505
124
453
132
505
124
451
131
505
124
453
131
505
119
452
126
505
119
453
126
505
119
454
127
497
125
443
131
497
125
443
133
504
116
451
123
504
116
452
126
504
116
453
124
504
116
451
124
504
116
452
125
504
116
453
126
497
127
443
131
497
127
443
133
497
127
445
138
497
127
443
135
498
132
445
138
498
132
446
139
504
130
452
138
498
134
445
138
499
131
445
138
499
131
446
139
501
131
449
139
501
127
449
137
501
127
449
135
501
127
448
135
499
127
447
135
500
127
447
135
500
127
448
135
498
128
445
138
498
128
446
139
498
131
445
138
498
131
446
139
500
128
447
135
502
131
449
139
502
131
449
137
506
127
453
133
507
143
455
152
508
144
455
152
516
145
464
152
516
145
465
154
516
145
463
153
518
143
464
152
518
143
466
153
518
143
467
153
508
145
455
152
514
145
463
153
519
145
466
154
519
145
465
154
519
145
467
154
519
145
468
153
519
145
466
153
519
145
466
155
519
145
467
155
519
145
468
152
519
145
467
153
516
146
464
152
516
146
465
154
516
146
463
153
511
148
459
155
511
148
461
156
511
148
460
156
518
142
464
152
516
143
464
152
516
143
465
154
516
143
463
153
518
145
464
152
518
145
466
154
518
145
465
154
518
145
467
154
518
145
466
153
518
145
466
155
518
145
467
155
518
145
467
153
519
148
464
152
519
148
466
154
519
148
465
154
519
148
467
154
519
148
466
153
519
148
468
158
519
148
466
155
519
148
467
155
519
148
467
153
520
146
466
154
520
146
467
154
520
146
468
153
520
146
466
153
520
146
467
155
520
146
468
152
520
146
467
153
515
148
463
153
