Test72.jpg
Test70.jpg
443
53
63
169
443
53
64
171
443
53
63
170
443
53
62
169
436
45
56
179
436
45
68
184
436
45
54
181
436
45
56
181
436
45
55
180
436
45
56
178
436
45
66
184
436
45
63
181
436
45
53
181
436
45
64
182
436
45
54
179
436
45
54
180
436
45
55
182
436
45
65
181
436
45
69
185
436
45
67
181
436
45
61
184
436
45
65
184
436
45
64
184
437
48
56
179
437
48
56
180
437
48
63
181
437
48
69
180
437
48
71
183
437
48
64
182
437
48
65
178
437
48
52
178
437
48
65
181
437
48
67
181
437
48
66
180
437
48
63
180
437
48
64
177
437
48
64
181
434
45
68
184
434
45
66
184
434
45
64
182
434
45
54
180
434
45
55
182
434
45
65
184
434
45
64
181
445
51
63
169
445
51
64
171
445
51
63
170
445
51
62
169
440
47
56
179
440
47
54
181
440
47
56
181
440
47
55
180
440
47
56
180
440
47
56
178
440
47
63
181
440
47
69
180
440
47
53
181
440
47
64
182
440
47
54
179
440
47
54
180
440
47
65
178
440
47
65
181
440
47
67
181
440
47
66
180
440
47
63
180
440
47
64
177
440
47
64
181
312
204
276
165
434
47
56
179
434
47
68
184
434
47
54
181
434
47
56
181
434
47
55
180
434
47
56
180
434
47
56
178
434
47
66
184
434
47
63
181
434
47
53
181
434
47
64
182
434
47
54
179
434
47
54
180
434
47
65
181
434
47
67
181
434
47
64
181
434
47
63
177
432
47
56
180
432
47
65
181
432
47
67
181
432
47
64
181
441
41
68
184
441
41
54
181
441
41
64
185
441
41
63
181
441
41
71
189
441
41
71
190
441
41
60
185
441
41
53
181
441
41
65
181
441
41
61
184
441
41
64
181
436
47
68
184
436
47
56
181
436
47
56
178
436
47
66
184
436
47
63
181
436
47
64
182
436
47
65
178
436
47
65
181
436
47
63
180
436
47
64
177
436
47
65
184
436
47
71
185
436
47
64
181
436
47
64
184
440
35
64
185
406
40
87
216
439
36
64
185
439
36
60
185
439
36
63
185
439
36
61
184
438
48
56
179
438
48
56
181
438
48
56
180
438
48
63
181
438
48
69
180
438
48
71
183
438
48
64
182
438
48
65
178
438
48
52
178
438
48
65
181
438
48
67
181
438
48
66
180
438
48
63
180
438
48
64
177
438
48
64
181
442
33
64
185
442
40
54
181
442
40
68
186
442
40
71
189
442
40
71
190
442
40
60
185
442
40
53
181
442
40
64
182
442
40
52
186
442
40
69
185
442
40
67
189
442
40
61
184
437
43
56
179
437
43
68
184
437
43
55
180
437
43
56
180
437
43
64
185
437
43
66
184
437
43
55
183
437
43
53
181
437
43
64
182
437
43
55
182
437
43
63
185
437
43
65
181
437
43
69
185
437
43
67
181
437
43
66
180
437
43
63
180
437
43
61
184
437
43
65
184
437
43
64
184
441
40
62
186
441
40
63
181
441
40
68
186
441
40
71
189
441
40
71
190
441
40
61
187
441
40
60
185
441
40
52
186
441
40
62
187
441
40
67
190
441
40
67
189
441
40
64
181
432
48
63
181
432
48
65
181
432
48
67
181
432
48
63
180
432
48
64
181
433
47
56
179
433
47
68
184
433
47
56
181
433
47
55
180
433
47
56
180
433
47
56
178
433
47
63
181
433
47
64
182
433
47
54
180
433
47
65
181
433
47
67
181
433
47
64
181
441
48
56
178
441
48
64
176
441
48
63
181
441
48
69
180
441
48
69
179
441
48
65
178
441
48
59
175
441
48
67
181
441
48
66
180
441
48
63
180
441
48
64
177
441
48
62
176
441
48
59
174
441
48
58
174
441
48
64
181
441
48
63
177
433
48
56
179
433
48
56
181
433
48
56
180
433
48
56
178
433
48
63
181
433
48
59
176
433
48
64
182
433
48
54
179
433
48
54
180
433
48
65
181
433
48
67
181
433
48
63
180
433
48
64
181
433
48
63
177
442
51
64
171
442
51
65
176
442
51
60
172
443
51
64
171
443
51
63
170
443
51
62
169
443
54
63
169
443
54
63
170
443
54
62
169
404
40
87
216
435
45
56
179
435
45
68
184
435
45
54
181
435
45
56
181
435
45
55
180
435
45
56
180
435
45
56
178
435
45
66
184
435
45
63
181
435
45
53
181
435
45
64
182
435
45
54
180
435
45
55
182
435
45
69
185
435
45
67
181
435
45
65
184
435
45
64
184
436
44
56
179
436
44
68
184
436
44
55
180
436
44
56
180
436
44
66
184
436
44
55
183
436
44
64
182
436
44
54
179
436
44
54
180
436
44
55
182
436
44
69
185
436
44
66
180
436
44
61
184
436
44
65
184
436
44
64
184
441
46
56
179
441
46
54
181
441
46
56
181
441
46
55
180
441
46
56
180
441
46
63
181
441
46
53
181
441
46
64
182
441
46
54
179
441
46
54
180
441
46
55
182
441
46
65
178
441
46
52
178
441
46
65
181
441
46
67
181
441
46
66
180
441
46
63
180
441
46
64
181
442
39
71
189
442
39
71
190
442
39
64
182
442
39
52
186
442
39
67
190
442
39
67
189
442
39
61
184
434
46
56
179
434
46
68
184
434
46
54
181
434
46
56
181
434
46
56
180
434
46
66
184
434
46
63
181
434
46
64
182
434
46
54
180
434
46
67
181
434
46
66
180
434
46
64
181
435
48
68
184
435
48
56
181
435
48
56
180
435
48
56
178
435
48
63
181
435
48
69
180
435
48
59
176
435
48
71
183
435
48
64
182
435
48
54
179
435
48
54
180
435
48
65
178
435
48
65
181
435
48
64
181
439
48
56
179
439
48
56
181
439
48
56
180
439
48
63
181
439
48
69
180
439
48
64
182
439
48
65
178
439
48
65
181
439
48
67
181
439
48
66
180
439
48
63
180
439
48
64
177
439
48
62
176
439
48
64
181
434
48
56
179
434
48
68
184
434
48
56
181
434
48
56
178
434
48
63
181
434
48
69
180
434
48
53
181
434
48
64
182
434
48
54
179
434
48
54
180
434
48
65
181
434
48
67
181
434
48
63
180
434
48
64
177
434
48
62
176
434
48
64
181
434
48
63
177
439
47
56
179
439
47
54
181
439
47
56
181
439
47
55
180
439
47
56
180
439
47
56
178
439
47
63
181
439
47
69
180
439
47
71
183
439
47
53
181
439
47
64
182
439
47
54
179
439
47
54
180
439
47
65
178
439
47
52
178
439
47
65
181
439
47
67
181
439
47
66
180
439
47
63
180
439
47
64
177
439
47
64
181
439
47
63
177
436
48
68
184
436
48
63
181
436
48
69
180
436
48
71
183
436
48
64
182
436
48
65
178
436
48
52
178
436
48
65
181
436
48
67
181
436
48
63
180
436
48
62
176
436
48
64
181
444
57
64
166
444
57
65
166
