26_26_l.jpg
26_26_r.jpg
188
130
58
118
188
129
57
118
186
200
51
195
220
360
80
370
219
361
80
370
217
363
77
374
221
363
80
370
218
364
77
374
234
109
112
101
238
96
117
86
238
96
117
87
245
95
125
88
245
95
125
87
238
95
117
86
238
95
117
87
247
95
125
88
247
95
125
87
247
96
125
88
247
234
131
247
272
58
157
52
270
58
153
51
270
60
154
54
270
60
155
55
270
60
154
53
283
58
169
54
282
56
169
52
282
56
168
51
283
250
129
246
286
251
131
247
283
366
153
375
283
366
153
376
283
368
151
378
284
367
153
376
297
230
171
240
294
235
166
242
298
367
165
377
295
365
165
374
299
363
166
373
296
369
165
378
297
364
166
373
297
364
165
374
294
369
165
378
293
364
165
373
293
364
165
372
293
364
166
373
297
416
166
427
297
416
173
426
298
416
166
427
298
416
173
426
311
243
182
252
310
266
188
275
310
266
187
274
311
269
188
278
311
278
186
286
311
278
187
286
312
270
188
278
303
367
172
376
313
56
200
56
314
266
188
275
322
280
198
290
313
286
185
296
322
364
193
372
322
364
192
373
321
365
193
372
321
365
192
373
323
368
193
377
319
415
190
424
319
415
187
425
313
417
180
427
313
417
180
426
313
417
183
426
320
416
187
425
320
416
193
425
320
416
187
426
320
416
183
426
313
416
176
426
313
416
180
426
313
416
175
426
313
416
183
426
318
421
185
431
338
249
217
260
333
280
207
289
333
280
208
289
333
280
208
290
333
280
209
290
331
280
207
290
336
286
216
297
328
414
194
424
328
414
197
423
328
414
200
423
328
414
201
423
328
414
197
424
327
415
194
424
327
415
193
425
327
415
197
423
327
415
200
423
327
415
197
424
327
415
198
425
335
418
200
428
335
418
206
426
335
418
203
427
335
418
200
427
334
413
206
422
334
413
204
422
334
413
207
422
334
413
205
422
334
413
200
423
334
413
201
423
328
415
194
424
328
415
197
423
328
415
200
423
328
415
201
423
328
415
197
424
328
415
198
425
336
413
206
422
336
413
204
422
336
413
207
422
336
413
205
422
336
413
201
423
332
418
200
428
332
418
206
426
332
418
203
427
332
418
200
427
326
415
194
424
326
415
193
425
326
415
197
423
326
415
197
424
326
415
198
425
338
413
206
422
338
413
204
422
338
413
207
422
338
413
205
422
332
413
204
422
332
413
205
422
332
413
200
423
332
413
201
423
329
415
197
423
329
415
200
423
329
415
201
423
329
415
197
424
329
415
198
425
329
414
197
423
329
414
200
423
329
414
201
423
329
414
197
424
338
417
206
426
338
417
203
427
332
414
206
422
332
414
204
422
332
414
205
422
332
414
200
423
332
414
201
423
341
182
224
190
346
287
225
296
340
369
208
380
350
410
218
419
350
410
214
421
350
410
220
419
350
410
219
419
350
410
220
418
350
410
216
420
351
410
218
419
351
410
214
421
351
410
220
419
351
410
219
419
351
410
216
421
351
410
220
418
351
410
216
420
351
411
218
419
351
411
214
421
351
411
220
419
351
411
219
419
351
411
216
421
351
411
217
421
351
411
220
418
351
411
216
420
347
412
218
419
347
412
214
421
347
412
220
419
347
412
211
422
347
412
219
419
347
412
216
421
347
412
217
421
347
412
216
420
348
412
218
419
348
412
214
421
348
412
220
419
348
412
211
422
348
412
219
419
348
412
216
421
348
412
217
421
348
412
216
420
342
413
206
422
342
413
207
422
342
413
214
421
342
413
211
422
342
413
216
420
346
416
215
425
364
348
234
355
362
365
233
372
362
366
233
372
357
409
220
419
357
409
219
419
357
409
220
418
357
409
225
418
357
409
223
418
357
409
226
418
355
410
218
419
355
410
220
419
355
410
219
419
355
410
220
418
355
410
225
418
355
410
223
418
353
410
218
419
353
410
220
419
353
410
219
419
353
410
220
418
353
410
216
420
353
410
223
418
354
410
218
419
354
410
220
419
354
410
219
419
354
410
220
418
354
410
223
418
364
409
233
416
364
409
231
417
364
409
234
416
356
410
220
419
356
410
219
419
356
410
220
418
356
410
225
418
356
410
223
418
356
410
226
418
368
365
238
372
365
365
235
373
365
365
235
372
372
408
240
415
372
408
241
415
372
408
241
414
368
408
235
416
368
408
237
415
368
408
237
416
372
407
240
415
372
407
241
414
374
407
241
415
374
407
242
415
367
408
234
416
367
408
235
416
371
407
240
415
390
155
273
175
390
155
273
173
390
155
274
173
388
346
262
351
380
348
252
354
380
348
252
355
380
348
252
353
380
349
252
354
380
349
252
356
380
349
252
355
397
335
270
341
392
346
262
351
392
346
265
353
399
378
270
384
400
378
270
384
402
378
270
385
402
378
273
384
391
377
260
384
391
377
262
383
439
160
324
174
439
160
325
174
439
160
326
173
439
160
328
172
439
160
326
174
439
160
328
173
441
160
325
174
441
160
328
172
441
160
326
174
441
160
328
174
441
160
328
173
441
162
330
174
441
162
330
173
441
162
328
174
441
162
329
174
439
161
324
174
439
161
325
174
439
161
326
173
439
161
328
172
439
161
326
174
439
161
328
174
439
161
328
173
435
160
326
170
437
162
324
174
437
162
325
174
437
162
326
173
437
162
328
172
437
162
326
174
439
162
328
172
439
162
326
174
439
162
328
174
439
162
328
173
440
162
328
174
440
162
329
174
440
162
328
173
440
161
325
174
440
161
326
173
440
161
328
172
440
161
326
174
440
161
328
174
440
161
328
173
442
162
330
174
442
162
330
173
442
162
329
174
442
161
330
174
442
161
330
173
442
161
328
174
442
161
329
174
437
183
325
197
437
183
326
196
437
183
326
197
432
183
325
197
432
183
326
197
438
183
326
197
443
160
330
173
443
160
328
174
443
160
329
174
444
161
330
174
444
161
329
174
445
160
330
174
443
161
330
174
443
161
330
173
443
161
329
174
471
105
350
124
470
106
349
125
470
105
349
124
