Test1500.jpg
Test1502.jpg
92
200
441
26
93
200
441
26
149
217
385
52
159
203
390
61
159
203
388
60
159
203
390
62
162
208
387
65
162
207
387
65
156
211
386
56
156
211
388
60
156
212
386
56
156
212
388
60
156
210
388
60
385
221
220
216
385
218
221
216
383
218
221
216
419
183
221
270
429
225
185
242
425
229
183
237
427
230
182
236
427
230
183
237
427
231
183
235
427
231
182
236
430
229
183
237
480
261
124
252
480
261
124
251
480
261
125
251
480
261
126
250
478
262
121
253
478
262
124
252
478
262
124
251
478
262
122
252
478
261
124
252
478
261
125
251
479
262
121
253
479
262
124
252
479
262
124
251
479
262
122
252
479
262
125
250
471
260
137
239
471
260
138
238
468
259
139
240
468
259
138
239
468
259
139
239
468
259
138
240
468
259
139
238
468
261
137
239
468
261
138
238
468
261
135
241
468
261
133
242
480
262
121
253
480
262
124
252
480
262
124
251
480
262
122
252
480
262
125
250
468
263
134
238
468
263
132
240
478
263
121
253
478
263
122
252
478
263
120
253
482
260
124
252
483
262
121
253
482
262
121
253
482
262
124
252
482
262
124
251
482
262
122
252
483
263
121
253
483
263
119
254
483
263
120
253
505
269
102
260
497
269
102
264
497
269
101
265
500
269
102
264
500
269
103
262
500
269
101
265
506
269
102
258
