paris_invalides_000662_sm_6.jpg
paris_invalides_000663.jpg
294
244
314
198
218
228
174
181
218
228
175
179
290
249
310
203
290
249
310
204
224
227
181
180
287
235
305
185
219
231
177
182
291
250
310
203
290
248
310
203
297
257
320
218
222
233
180
183
292
251
310
203
216
229
175
179
292
249
311
202
298
254
320
213
217
229
174
181
217
229
175
179
297
252
320
212
219
227
175
179
218
227
175
179
288
236
305
185
215
236
172
187
215
236
173
187
223
231
182
181
295
245
314
197
295
245
314
198
223
229
181
180
