Test1027.jpg
Test1029.jpg
351
234
394
256
257
230
304
221
184
126
269
99
273
235
316
230
273
235
317
230
260
256
299
246
150
118
245
84
251
101
345
100
251
101
345
101
299
264
331
268
299
264
331
267
149
117
242
82
134
125
227
85
361
182
422
211
329
253
365
268
273
237
318
232
145
116
239
80
296
256
331
259
170
121
260
92
271
237
315
232
216
186
284
166
196
125
286
107
253
100
348
101
253
100
345
100
253
100
347
102
253
100
345
101
253
100
348
102
289
262
321
260
258
102
348
101
258
102
347
102
258
102
348
102
258
102
349
102
261
251
301
242
261
251
301
243
238
251
282
237
296
263
329
266
132
126
225
85
349
38
460
72
271
234
315
229
297
263
329
266
361
179
422
208
294
256
329
258
242
253
283
238
242
253
284
239
351
223
396
246
351
223
397
244
351
223
397
245
286
262
321
261
286
262
321
260
186
124
276
101
244
163
313
151
279
263
309
258
173
129
258
99
312
189
370
201
279
237
323
235
335
231
379
247
273
264
306
257
273
264
305
257
273
264
309
258
273
264
303
257
131
126
224
85
131
126
225
85
290
264
324
265
290
264
324
264
290
264
321
261
331
247
369
262
242
163
312
152
181
200
246
172
172
129
258
99
244
257
284
244
244
257
284
243
244
257
283
242
244
257
283
243
273
233
318
228
177
121
267
94
226
202
285
187
224
204
284
191
224
204
282
190
277
263
305
257
277
263
309
258
294
265
331
268
294
265
331
267
294
265
329
266
294
265
326
267
292
257
328
258
169
124
260
95
296
264
331
267
296
264
329
266
175
120
265
92
275
264
305
257
275
264
309
258
275
264
303
257
283
266
317
263
344
37
453
62
320
188
377
202
224
202
285
185
224
202
285
187
297
257
332
260
120
205
191
156
254
101
348
101
254
101
345
100
254
101
347
102
254
101
345
101
254
101
348
102
254
101
349
102
265
100
358
100
265
100
356
102
265
100
357
102
265
100
360
102
265
100
360
100
265
100
358
101
265
100
356
103
265
100
355
101
265
100
359
102
265
100
357
100
265
100
356
104
173
125
261
96
173
125
259
95
173
125
263
97
178
122
264
94
155
203
221
166
155
203
220
166
195
126
286
108
154
203
219
165
154
203
220
166
173
128
258
98
299
257
336
261
299
257
335
261
357
178
417
207
360
179
420
208
272
234
316
230
315
186
374
199
315
186
373
199
292
263
326
264
352
221
398
243
170
124
260
95
170
124
261
95
260
242
303
234
259
101
348
101
259
101
347
102
259
101
348
102
259
101
349
102
259
101
354
100
316
186
374
199
179
122
264
94
243
256
283
242
283
243
325
244
244
255
285
242
180
124
269
98
178
125
264
97
178
125
261
96
178
125
263
97
180
122
267
95
180
122
264
94
312
192
369
204
353
208
403
232
187
123
276
99
179
125
264
97
179
125
261
96
179
125
263
97
294
264
331
267
294
264
329
266
244
256
284
243
244
256
284
242
286
265
320
264
260
244
303
234
319
188
377
202
226
204
284
191
226
204
285
187
226
204
285
190
359
179
420
208
317
188
375
202
317
188
374
202
286
240
330
243
159
121
257
90
292
266
324
267
292
266
327
268
292
266
326
267
284
242
327
243
297
264
331
267
297
264
329
266
246
259
284
244
130
126
225
85
289
265
324
265
345
36
455
64
345
36
456
64
258
227
306
219
241
159
314
149
175
125
264
97
175
125
261
96
175
125
259
95
175
125
260
95
175
125
263
97
343
35
455
64
343
35
453
62
186
123
275
99
156
203
221
166
156
203
221
165
298
264
331
268
298
264
331
267
235
243
280
226
185
122
273
97
175
121
260
92
175
122
264
94
190
123
280
102
281
266
314
263
287
262
321
261
287
262
321
260
193
126
281
105
193
126
281
104
193
126
285
108
255
101
348
101
255
101
345
100
255
101
347
102
255
101
345
101
255
101
348
102
255
101
349
102
