Test705.jpg
Test706.jpg
72
304
41
291
73
304
41
291
71
304
41
291
77
305
53
294
78
306
53
294
78
306
53
295
78
312
61
300
78
312
53
302
78
312
62
300
78
312
64
300
78
312
63
300
119
305
89
295
201
236
178
226
201
236
179
227
202
237
179
227
202
237
180
230
201
238
178
229
201
238
179
231
201
238
179
227
201
238
179
229
201
238
181
231
201
238
180
230
201
238
178
231
201
238
178
228
201
238
180
231
201
238
177
229
201
238
179
230
203
238
179
227
203
238
181
231
203
238
182
231
203
238
183
231
203
238
184
231
203
238
185
231
199
237
178
226
199
237
178
229
199
237
179
229
199
237
178
228
199
237
176
230
199
237
177
229
199
237
177
230
199
238
178
229
199
238
179
231
199
238
179
229
199
238
177
231
199
238
178
231
199
238
178
228
199
238
176
230
199
238
177
229
199
238
177
230
199
238
179
230
200
238
178
229
200
238
179
231
200
238
179
227
200
238
179
229
200
238
180
230
200
238
177
231
200
238
178
231
200
238
178
228
200
238
176
230
200
238
177
229
200
238
177
230
200
238
179
230
202
238
178
229
202
238
179
227
202
238
179
229
202
238
181
231
202
238
182
231
202
238
180
230
202
238
178
228
202
238
180
231
202
238
179
230
202
238
183
231
202
238
184
231
200
236
178
226
200
236
178
229
200
236
179
227
200
236
179
229
200
236
178
228
198
240
175
233
198
240
177
231
198
240
176
230
208
241
187
231
208
241
188
231
208
242
187
231
208
242
188
231
315
294
302
291
315
294
301
291
315
294
301
292
319
293
302
291
319
293
301
291
319
293
301
292
318
292
302
291
318
292
301
291
318
292
301
292
318
294
302
291
318
294
301
291
318
294
301
292
318
295
301
291
318
295
301
292
321
293
302
291
321
293
301
291
321
293
301
292
317
292
302
291
317
292
301
291
323
292
302
291
323
292
301
291
323
292
301
292
318
293
302
291
318
293
301
291
318
293
301
292
320
293
302
291
320
293
301
291
320
293
301
292
578
213
547
219
579
213
547
219
584
229
553
230
584
227
553
230
584
227
552
232
584
227
552
234
583
227
552
232
