paris_invalides_000662_pt_7.png
paris_invalides_000663.jpg
316
224
321
219
316
224
320
218
220
211
173
187
316
223
320
216
316
223
320
217
222
212
178
186
302
208
301
192
314
214
316
205
301
209
300
193
313
214
314
203
313
214
315
205
217
213
171
189
314
215
316
206
302
198
301
181
318
221
320
212
228
206
182
181
233
208
185
184
315
222
320
217
222
216
178
190
300
199
301
184
222
211
174
188
222
211
175
187
230
211
183
186
230
211
184
185
317
220
320
212
221
217
178
190
217
212
170
189
234
208
185
185
223
215
178
190
221
210
173
187
313
213
314
202
232
210
185
185
317
223
320
215
317
223
320
216
