Test121_rot.png
Test125_rot.png
206
98
251
58
206
98
252
58
458
151
459
213
458
151
461
212
458
151
459
212
297
202
294
190
453
46
499
113
453
46
497
113
453
46
499
112
453
46
500
112
453
46
498
113
401
220
377
250
445
61
485
126
409
191
398
228
409
191
397
228
409
191
399
227
409
191
399
228
257
263
229
229
293
81
338
81
319
102
354
109
453
43
501
113
453
43
500
110
453
43
499
112
453
43
500
112
453
43
500
109
453
43
502
110
453
43
501
111
455
46
501
113
455
46
499
113
455
46
500
112
455
46
502
112
455
46
502
113
421
195
406
237
337
102
370
116
337
102
371
117
314
256
286
243
436
63
476
123
436
63
478
121
420
30
476
85
431
216
406
258
431
216
405
261
431
216
405
259
431
216
406
257
431
216
407
259
431
216
408
259
431
216
406
261
466
61
505
133
466
61
505
132
466
61
504
133
385
67
428
104
385
67
427
105
301
84
347
86
301
84
346
86
301
84
344
85
301
84
345
86
301
84
339
85
235
252
214
210
457
34
507
106
457
34
507
105
470
57
508
133
195
97
243
54
195
97
242
52
335
225
318
226
335
225
317
227
335
225
316
226
386
178
382
206
266
82
315
69
266
82
314
68
266
82
314
72
386
70
428
107
462
151
464
214
462
151
463
214
477
48
519
127
441
63
481
124
441
63
481
123
481
118
493
192
481
118
494
192
417
192
404
229
417
192
405
230
417
192
404
231
251
283
216
244
251
283
216
245
328
104
360
114
328
104
359
114
422
292
367
324
422
292
367
325
453
41
500
110
453
41
500
109
453
41
499
109
453
41
502
110
453
41
501
111
453
41
501
108
453
41
502
109
446
62
485
126
446
62
486
126
416
191
404
229
416
191
405
230
416
191
404
231
416
191
399
227
416
191
399
226
416
191
400
227
416
191
401
227
382
83
416
118
456
155
456
216
456
155
457
216
475
167
467
235
475
167
468
234
380
76
418
113
380
76
418
112
463
153
462
217
463
153
463
218
245
283
213
243
245
283
210
243
511
162
503
245
429
214
404
258
429
214
405
257
429
214
405
256
429
214
406
258
429
214
405
259
429
214
406
257
429
214
407
259
327
218
314
217
344
105
376
122
387
298
333
315
463
151
464
214
463
151
463
214
416
196
403
236
416
196
403
234
416
196
403
235
320
104
352
110
387
62
432
101
481
113
495
188
367
35
426
68
367
35
425
68
270
82
316
70
421
188
410
229
421
188
409
231
421
188
408
227
416
189
402
226
416
189
404
229
416
189
401
227
268
81
315
69
268
81
316
70
268
81
316
69
268
81
315
68
270
83
316
70
331
218
316
217
331
218
315
220
331
218
316
219
331
218
314
221
331
218
315
219
267
81
315
69
267
81
316
70
267
81
316
69
267
81
315
68
412
189
402
226
412
189
399
227
412
189
400
225
412
189
399
226
412
189
400
227
412
189
401
227
425
294
368
329
208
96
255
58
208
96
254
57
195
279
167
220
195
279
167
221
195
279
167
218
418
186
410
229
418
186
408
227
194
279
167
218
253
282
218
244
450
42
497
109
423
186
414
230
423
186
413
232
423
186
412
229
335
223
317
226
417
194
403
236
417
194
403
233
417
194
404
231
417
194
403
234
417
194
403
235
417
194
404
234
383
78
420
115
418
293
364
323
424
293
368
327
383
85
417
121
457
152
459
213
457
152
459
212
457
152
458
214
244
286
210
243
244
286
208
242
419
293
364
325
419
293
364
323
423
195
408
239
385
62
428
101
389
65
433
104
264
81
313
71
264
81
312
70
264
81
312
71
264
81
312
72
264
81
313
72
390
226
365
252
452
44
500
110
452
44
499
113
452
44
499
112
452
44
500
112
452
44
498
113
417
293
364
323
306
128
331
127
306
128
334
129
421
197
406
237
334
130
355
141
153
117
193
57
153
117
195
54
153
117
195
55
153
117
195
56
377
107
403
138
154
93
208
33
453
42
500
110
453
42
500
109
453
42
499
109
453
42
502
110
453
42
501
111
453
42
502
109
432
208
411
254
395
231
367
258
395
231
368
259
363
180
361
198
336
130
355
141
336
130
356
141
434
64
476
123
252
256
228
221
254
282
221
245
446
42
494
108
198
136
231
88
267
85
314
72
251
282
216
244
251
282
216
245
384
63
429
101
384
63
428
101
446
73
480
133
446
73
482
133
446
73
482
134
446
73
481
134
446
73
481
133
418
190
407
229
418
190
405
230
418
190
408
230
418
190
408
231
332
220
315
220
332
220
316
219
332
220
314
221
332
131
351
140
379
79
417
115
379
79
416
116
379
79
417
114
379
79
416
117
416
193
403
233
416
193
404
231
416
193
403
234
416
193
404
234
245
289
209
248
150
102
200
39
156
108
203
46
156
108
204
45
156
108
205
45
156
108
202
47
156
108
202
46
174
229
168
163
174
229
168
162
418
291
364
323
156
94
208
33
511
123
517
210
425
291
368
327
425
291
369
327
425
291
370
325
300
83
347
86
300
83
341
84
300
83
346
86
300
83
340
84
300
83
344
85
300
83
342
85
300
83
345
86
245
285
213
243
245
285
210
246
245
285
210
243
156
109
205
45
418
292
364
323
302
81
347
86
302
81
346
86
302
81
344
85
302
81
346
84
302
81
348
85
419
189
407
229
419
189
409
231
419
189
408
230
419
189
408
231
419
189
408
232
207
129
242
88
207
129
241
88
375
135
390
161
446
70
482
133
446
70
482
134
446
70
482
130
446
70
481
133
446
70
482
131
329
104
360
114
329
104
362
114
329
104
359
114
245
281
213
243
245
281
210
243
457
154
457
215
457
154
457
216
457
154
458
214
458
154
457
215
458
154
458
214
336
132
354
142
336
132
356
143
152
122
193
59
152
122
193
57
152
122
193
60
152
122
193
58
469
62
506
136
469
62
508
134
469
62
507
135
457
62
496
129
457
62
496
130
458
157
456
216
458
157
457
217
461
155
460
218
418
290
364
323
301
81
347
86
301
81
346
86
301
81
345
83
301
81
344
85
301
81
346
84
301
81
348
85
458
158
456
218
468
64
506
136
452
47
497
113
452
47
498
113
273
76
323
67
273
76
322
66
273
76
323
66
257
256
231
223
385
190
377
216
453
62
492
128
453
62
491
129
200
99
248
56
392
226
368
252
273
75
323
67
273
75
322
66
273
75
323
66
453
37
504
108
194
278
167
218
410
189
399
227
410
189
399
226
410
189
400
227
410
189
401
227
400
219
377
250
234
245
216
204
206
95
253
55
419
291
364
323
416
293
364
323
417
197
403
236
417
197
403
235
458
67
495
133
458
67
495
134
458
67
494
136
305
128
331
127
305
128
329
127
401
233
374
259
401
233
373
260
401
233
373
261
153
115
195
54
245
291
208
250
472
59
510
134
446
40
494
106
189
129
224
79
429
190
416
235
429
190
415
235
257
259
230
226
455
44
501
113
455
44
499
113
455
44
499
112
455
44
500
112
455
44
502
112
455
44
503
111
455
44
501
111
455
44
503
112
455
44
502
113
208
97
255
58
208
97
254
57
256
260
230
226
150
129
189
61
452
74
487
136
452
74
487
137
482
115
494
191
482
115
494
192
256
254
232
221
389
61
433
101
337
104
370
117
195
99
242
54
195
99
243
54
151
125
191
60
455
43
501
113
455
43
500
110
455
43
499
112
455
43
500
112
455
43
502
110
455
43
502
112
455
43
503
111
455
43
501
111
455
43
503
112
455
43
502
113
330
104
362
115
330
104
360
114
330
104
362
114
393
232
366
256
456
62
496
129
155
93
208
33
151
121
193
57
151
121
193
58
151
121
192
56
245
255
221
211
245
255
220
213
417
196
403
236
417
196
403
235
421
189
407
229
421
189
409
232
421
189
410
229
421
189
409
231
421
189
408
230
421
189
408
231
244
280
210
243
151
122
192
61
151
122
192
56
506
136
509
217
497
168
487
244
481
117
493
192
481
117
494
191
481
117
494
192
416
190
404
229
416
190
405
230
416
190
400
227
416
190
401
227
150
126
189
61
188
129
224
79
373
134
390
160
373
134
389
161
373
134
388
161
373
134
389
159
244
284
213
243
244
284
210
243
244
284
208
242
258
267
228
233
464
156
462
219
464
156
462
221
464
156
461
219
464
156
462
220
464
156
462
218
464
156
463
218
244
256
219
215
244
256
220
213
466
60
505
132
264
80
313
71
264
80
312
70
264
80
312
71
264
80
313
72
420
191
407
229
420
191
409
232
420
191
409
231
420
191
408
230
420
191
408
231
420
191
408
232
257
248
234
218
463
156
462
219
463
156
461
219
463
156
461
218
463
156
462
217
463
156
462
220
463
156
462
218
463
156
463
218
401
232
374
259
401
232
373
260
401
232
373
261
155
109
205
45
451
48
497
113
264
84
312
72
423
302
365
332
423
302
364
333
469
49
513
122
469
49
513
123
469
49
511
124
423
290
367
324
391
225
367
251
210
243
197
191
210
243
195
191
210
243
195
192
331
217
316
217
331
217
316
219
331
217
315
219
249
313
201
269
208
243
195
191
208
243
195
192
425
286
372
321
387
67
429
105
417
193
403
233
417
193
404
231
417
193
403
234
417
193
404
234
248
310
201
267
339
104
372
119
339
104
372
120
270
87
317
74
458
156
456
216
458
156
457
215
458
156
457
217
458
156
457
216
431
207
411
254
196
136
230
87
196
136
229
87
386
230
359
254
386
230
359
253
263
80
313
71
263
80
312
70
263
80
312
71
424
185
414
230
423
188
413
232
423
188
410
229
423
188
412
229
205
91
255
51
331
104
364
115
331
104
362
115
331
104
362
114
258
253
233
221
335
128
356
139
335
128
356
140
482
114
496
189
453
38
503
109
453
38
504
108
453
38
501
108
453
38
502
109
335
129
356
141
335
129
356
140
258
269
227
235
258
269
226
236
308
82
347
86
308
82
346
86
308
82
344
85
385
68
427
105
385
68
427
106
404
126
419
167
404
126
419
166
424
294
368
327
196
100
242
54
196
100
243
54
200
133
233
88
200
133
233
87
390
84
424
123
418
188
407
229
418
188
409
231
418
188
408
230
418
188
408
231
272
84
319
73
242
283
207
239
242
283
206
243
242
283
208
239
242
283
208
241
242
283
210
243
242
283
207
238
242
283
208
237
242
283
208
242
424
186
414
230
424
186
413
232
424
186
412
229
454
44
501
113
454
44
499
113
454
44
499
112
454
44
500
112
454
44
502
112
454
44
501
111
454
44
502
113
204
100
251
58
204
100
250
59
204
100
251
59
481
119
493
192
481
119
494
192
337
131
355
141
337
131
357
142
337
131
357
143
263
278
228
246
390
85
424
123
204
99
251
58
204
99
251
59
418
191
407
229
418
191
404
229
418
191
405
230
418
191
404
231
418
191
401
227
447
63
485
126
447
63
486
126
447
63
486
127
377
105
402
135
377
105
401
135
377
105
402
134
410
188
402
226
410
188
398
224
410
188
399
224
410
188
400
225
410
188
399
226
410
188
401
227
421
187
410
229
421
187
408
227
384
86
417
121
463
158
461
221
331
221
315
220
331
221
314
221
331
221
315
219
417
189
407
229
417
189
408
230
417
189
408
231
477
49
519
127
455
41
503
109
455
41
502
110
455
41
502
112
455
41
503
111
455
41
504
112
455
41
503
112
455
41
504
109
455
41
502
109
425
290
369
325
425
290
370
324
425
290
370
325
454
65
491
133
454
65
491
134
454
65
491
131
454
65
491
132
259
254
234
223
150
103
200
39
383
77
420
115
418
306
357
336
268
82
315
69
268
82
316
70
268
82
316
69
336
102
370
116
447
61
486
126
447
61
486
127
425
186
414
230
173
228
167
161
173
228
168
162
296
202
294
190
509
166
499
247
151
126
189
61
151
126
191
60
462
155
462
219
462
155
461
218
462
155
462
217
462
155
461
217
462
155
462
218
462
155
463
218
475
168
467
235
475
168
468
234
454
64
491
131
454
64
492
128
317
104
350
109
254
257
229
224
423
185
414
230
425
188
414
230
425
188
413
232
267
274
234
244
431
215
406
258
431
215
406
257
431
215
407
259
431
215
408
259
265
84
313
71
265
84
312
70
265
84
312
71
265
84
312
72
265
84
313
72
453
44
501
113
453
44
500
110
453
44
499
113
453
44
499
112
453
44
500
112
453
44
501
111
453
44
498
113
460
151
461
214
460
151
461
212
385
65
428
103
337
133
354
142
151
96
204
34
430
215
405
257
430
215
405
256
430
215
406
258
430
215
405
259
430
215
406
257
430
215
407
259
430
215
408
259
205
98
251
58
205
98
252
58
207
97
255
58
207
97
254
57
431
208
411
254
416
188
402
226
416
188
407
229
416
188
408
230
416
188
408
231
336
218
320
222
336
218
323
220
445
68
485
126
445
68
482
130
445
68
482
131
417
306
357
336
449
41
496
108
449
41
497
107
449
41
497
109
193
249
177
190
453
39
500
109
453
39
503
109
453
39
501
108
453
39
502
109
336
224
318
226
336
224
317
226
336
224
319
226
389
62
434
101
389
62
433
102
487
125
496
201
384
83
419
120
384
83
417
121
261
170
273
148
261
170
273
147
400
221
377
252
400
221
377
250
400
221
377
251
497
169
487
245
372
136
387
160
213
244
197
196
213
244
197
195
213
244
198
194
422
300
365
331
423
299
365
331
463
155
462
219
463
155
461
218
463
155
462
217
463
155
462
218
463
155
463
218
332
217
318
219
332
217
315
220
332
217
316
219
332
217
315
219
512
164
502
247
417
198
403
236
476
168
467
235
476
168
468
234
244
285
213
243
244
285
210
243
244
285
208
242
234
246
216
204
457
63
495
133
457
63
496
130
500
114
510
197
500
114
510
196
455
158
454
217
458
61
497
131
458
61
496
129
458
61
496
130
510
125
517
210
267
84
314
72
336
103
370
117
336
103
369
117
422
185
412
229
248
282
213
243
271
84
317
72
430
208
409
252
430
208
409
251
301
85
340
87
301
85
342
87
301
85
339
85
254
264
227
229
244
282
210
243
384
82
419
120
457
156
456
216
457
156
457
217
374
135
390
160
374
135
389
161
374
135
390
161
388
62
432
102
388
62
433
101
151
100
202
36
151
100
200
39
418
193
404
229
418
193
405
230
418
193
404
231
418
193
404
234
314
257
286
243
375
134
390
160
375
134
390
161
447
42
494
108
420
292
364
325
420
292
365
324
242
248
221
208
242
248
221
209
202
98
250
54
202
98
248
56
371
35
428
69
214
250
196
200
214
250
196
199
214
250
195
198
266
81
315
69
266
81
316
70
266
81
314
68
266
81
316
69
266
81
315
68
331
103
365
115
331
103
362
114
385
230
359
253
213
249
195
198
429
207
409
252
429
207
409
251
335
104
367
116
257
255
232
221
383
84
417
121
150
101
202
36
150
101
203
35
150
101
200
39
201
94
250
54
513
162
503
245
513
162
504
246
377
106
402
135
377
106
403
138
242
285
206
243
242
285
208
239
242
285
208
241
242
285
210
243
242
285
205
243
242
285
208
242
248
309
201
267
242
249
221
208
242
249
221
211
242
249
221
209
242
249
220
210
360
205
348
218
360
205
347
219
270
84
317
72
416
192
404
229
416
192
404
231
416
192
399
228
379
77
417
113
379
77
417
114
379
77
417
112
379
77
418
113
379
77
418
112
264
274
231
242
401
234
374
259
401
234
372
264
401
234
372
263
401
234
373
260
401
234
373
261
430
216
405
257
430
216
406
258
430
216
405
261
430
216
405
259
430
216
406
257
430
216
407
259
457
159
455
219
423
303
364
335
509
124
517
210
250
311
201
269
151
99
202
36
151
99
203
35
151
99
204
34
208
129
242
88
208
129
241
88
195
278
168
218
195
278
167
218
332
104
364
115
332
104
362
115
332
104
325
98
332
104
365
115
332
104
362
114
248
313
201
269
445
63
485
126
242
287
206
243
242
287
208
241
242
287
210
243
242
287
205
243
242
287
208
242
513
164
503
247
513
164
502
247
209
244
195
192
394
227
369
254
481
116
493
192
481
116
494
191
481
116
494
192
452
61
492
126
395
226
372
252
151
124
192
61
151
124
191
60
446
63
485
126
446
63
486
126
319
104
352
110
429
217
404
258
429
217
405
257
429
217
403
260
429
217
406
258
429
217
405
261
429
217
405
259
429
217
406
257
254
263
227
228
254
263
227
229
387
68
429
106
360
204
348
218
360
204
347
219
384
191
377
216
455
72
490
137
330
220
314
221
330
220
315
219
307
127
331
127
307
127
332
127
458
65
495
133
458
65
495
134
458
65
494
136
402
188
392
222
258
283
222
247
242
256
218
217
242
256
219
215
242
256
218
215
242
256
219
213
198
134
232
86
386
69
427
106
386
69
428
107
405
127
419
167
446
69
482
133
446
69
482
130
446
69
481
133
446
69
482
131
420
190
407
229
420
190
409
232
420
190
409
231
420
190
408
230
420
190
408
231
420
190
408
232
380
82
416
116
380
82
416
117
380
82
416
118
454
45
501
113
454
45
499
113
454
45
499
112
454
45
500
112
454
45
502
112
454
45
498
113
156
93
208
33
296
87
337
87
154
115
195
54
379
82
416
116
379
82
416
117
379
82
416
118
151
120
193
57
151
120
193
58
151
120
192
56
268
83
316
70
510
165
500
246
510
165
499
246
510
165
498
245
235
245
216
204
385
63
429
101
385
63
428
101
409
190
398
228
409
190
399
227
409
190
399
226
409
190
400
227
409
190
399
228
286
162
300
150
286
162
297
152
286
162
298
151
257
254
232
221
257
254
233
221
452
48
497
113
452
48
498
113
385
188
377
216
151
127
189
61
245
286
210
246
306
126
332
127
306
126
331
126
455
36
507
107
455
36
507
106
455
36
505
106
455
36
507
105
429
216
404
258
429
216
405
257
429
216
405
256
429
216
406
258
429
216
405
259
429
216
406
257
429
216
407
259
457
35
507
107
457
35
507
106
457
35
507
105
309
129
336
131
309
151
314
146
242
281
208
239
242
281
208
241
242
281
208
242
266
85
312
74
266
85
313
72
320
258
289
250
425
295
368
329
444
65
482
127
270
86
317
74
312
127
338
129
312
127
338
130
312
127
336
129
411
189
399
227
411
189
399
226
411
189
400
227
411
189
401
227
270
81
316
70
270
81
316
69
155
91
211
30
510
162
503
245
213
245
197
196
213
245
197
195
213
245
197
197
461
161
457
222
446
61
485
126
446
61
486
126
418
192
404
229
418
192
405
230
418
192
404
231
385
85
419
122
454
43
501
113
454
43
500
110
454
43
499
112
454
43
500
112
454
43
502
110
454
43
502
112
454
43
503
111
454
43
501
111
454
43
502
113
