Test21.jpg
Test23.jpg
336
230
184
246
336
230
189
236
336
230
189
238
336
230
187
241
350
233
174
250
350
233
175
250
350
233
175
249
360
229
175
250
360
229
179
244
360
229
175
249
360
229
178
247
351
228
181
247
351
228
180
247
351
228
180
248
334
231
185
244
334
231
184
246
334
231
187
239
334
231
189
236
334
231
187
241
343
229
183
246
343
229
184
244
343
229
182
247
285
262
205
178
346
233
175
250
346
233
179
244
351
239
177
233
348
230
178
249
348
230
182
243
348
230
180
247
348
230
180
248
348
230
177
252
348
230
179
247
360
231
174
250
360
231
175
250
360
231
175
249
333
234
188
234
332
233
188
234
332
233
190
233
332
233
185
241
332
233
186
239
332
233
187
239
343
231
180
247
358
232
174
250
358
232
171
252
358
232
175
249
347
235
179
239
352
232
174
250
352
232
175
250
352
232
179
244
352
232
175
249
352
232
178
247
353
232
174
250
353
232
175
250
353
232
179
244
353
232
175
249
338
232
188
234
360
230
174
250
360
230
175
250
360
230
175
249
341
230
182
247
344
230
181
247
344
230
180
248
350
231
178
249
350
231
181
243
350
231
179
244
350
231
179
247
350
231
178
247
340
230
182
247
337
232
188
234
355
228
178
249
355
228
180
247
355
228
180
248
355
228
177
252
355
228
175
256
355
228
179
247
327
233
186
243
327
233
189
238
327
233
187
241
341
229
185
244
341
229
186
243
341
229
184
246
341
229
187
241
345
232
178
247
