biker_mural_1_candidate.jpg
biker_mural_1_reference.jpg
200
122
335
144
200
122
334
144
200
122
332
143
200
122
333
144
200
122
333
143
200
122
334
143
198
121
330
142
198
121
331
142
219
164
347
187
219
164
349
183
219
164
349
184
219
164
349
187
219
164
349
186
219
164
350
185
272
140
395
162
214
163
343
182
214
163
344
185
214
163
343
183
214
163
344
184
214
163
343
184
215
164
343
182
215
164
344
185
215
164
346
186
215
164
343
183
215
164
344
184
215
164
346
185
215
164
343
184
218
163
349
183
218
163
346
182
218
163
349
184
196
121
328
141
196
121
328
142
196
121
329
142
196
121
327
142
202
122
334
144
221
163
351
181
221
163
349
183
221
163
349
184
221
163
349
187
221
163
349
186
221
163
350
185
265
138
388
160
265
138
389
157
202
123
334
144
202
123
335
145
202
123
333
144
194
122
328
141
194
122
328
142
194
122
329
142
194
122
327
142
201
122
335
144
201
122
334
144
201
122
332
143
201
122
333
144
201
122
333
143
201
122
334
143
217
162
345
180
217
162
346
182
194
123
329
142
216
159
345
180
265
136
389
156
221
165
349
188
221
165
350
186
221
165
349
183
221
165
349
184
221
165
349
187
221
165
349
186
221
165
350
185
272
136
396
158
215
165
343
182
215
165
344
185
215
165
346
186
215
165
343
183
215
165
344
184
215
165
346
185
215
165
343
184
215
165
344
187
267
134
390
155
267
134
390
157
194
121
328
141
194
121
327
141
220
165
349
188
220
165
347
187
220
165
350
186
220
165
349
183
220
165
349
184
220
165
349
187
220
165
349
186
220
165
350
185
197
121
330
142
197
121
328
142
197
121
329
142
217
161
345
180
199
122
332
143
199
122
333
143
199
122
334
143
209
185
337
202
193
123
328
142
193
123
329
142
193
123
327
142
204
123
334
144
267
135
391
156
267
135
390
157
210
193
337
210
218
164
346
186
218
164
347
187
218
164
349
183
218
164
346
185
218
164
346
182
218
164
349
184
218
164
349
187
218
164
349
186
273
140
396
162
210
194
337
211
203
123
335
145
203
123
333
144
212
196
338
212
272
137
396
158
266
135
390
155
266
135
389
155
266
135
389
157
266
135
389
156
266
134
390
155
266
134
389
155
266
134
389
156
198
122
331
143
198
122
332
143
198
122
333
143
208
196
336
213
267
136
391
156
267
136
390
157
267
136
391
157
