Test1025.jpg
Test1026_2.jpg
311
208
399
206
312
210
395
208
312
210
394
208
309
212
396
204
309
212
397
205
309
212
396
205
320
197
390
215
320
197
393
215
320
197
392
215
325
203
387
216
325
203
385
215
320
198
393
215
320
198
392
214
320
198
392
215
318
194
384
212
318
194
392
217
320
193
387
216
320
193
385
215
320
193
384
214
320
193
387
215
320
193
392
217
320
200
392
214
320
200
397
216
320
200
396
215
322
203
393
215
322
203
392
214
322
203
398
217
322
203
392
215
321
204
397
216
321
204
396
215
324
204
387
215
319
213
393
208
319
211
393
208
314
208
394
208
314
208
393
208
314
208
394
209
318
214
394
208
321
215
390
210
322
211
390
211
322
211
388
210
322
211
390
210
322
211
391
212
322
211
391
211
321
212
390
210
325
205
387
215
323
208
393
215
323
208
392
214
313
209
394
208
313
209
393
208
313
209
394
209
322
212
390
211
322
212
390
210
325
206
387
215
321
209
390
211
321
209
390
210
321
209
391
211
323
209
392
214
313
210
394
208
313
210
393
208
323
228
370
183
337
190
394
237
327
210
385
215
327
210
387
215
327
209
385
215
328
213
385
215
338
229
357
201
338
229
361
203
338
229
356
199
338
229
358
200
338
228
357
201
331
229
365
191
331
229
366
194
338
222
368
211
338
222
367
210
338
227
357
201
338
227
359
202
338
227
355
201
338
227
364
206
338
231
364
203
338
235
356
197
338
235
357
197
338
235
356
199
341
191
391
239
339
188
392
239
340
236
356
199
340
236
358
199
339
230
361
204
342
230
357
201
