Test404.jpg
Test405.jpg
20
297
19
331
218
232
114
230
217
232
113
230
217
232
114
230
217
233
114
230
216
232
113
230
222
234
120
231
223
234
120
231
222
233
120
231
222
233
119
230
253
333
158
334
260
333
164
333
260
333
165
333
260
333
166
333
254
332
161
334
254
332
164
333
254
332
157
334
254
332
158
334
257
333
161
334
257
333
164
333
257
333
165
333
257
333
166
333
255
332
161
334
255
332
164
333
255
332
165
333
255
332
157
334
255
332
158
334
256
332
161
334
256
332
164
333
256
332
165
333
256
332
166
333
254
333
157
334
255
333
161
334
255
333
158
334
257
332
161
334
257
332
164
333
257
332
165
333
257
332
166
333
259
333
161
334
259
333
164
333
259
333
165
333
259
333
166
333
258
332
161
334
258
332
164
333
258
332
165
333
258
332
166
333
274
292
182
292
277
293
185
293
286
293
194
292
285
294
194
292
282
295
189
293
298
291
206
290
289
291
195
290
289
291
196
289
289
291
196
290
289
291
197
290
290
291
196
289
290
291
198
290
290
291
196
290
290
291
197
290
290
289
196
289
292
292
198
290
292
292
199
291
292
292
200
291
288
291
195
290
288
291
196
289
288
291
196
290
287
293
194
292
324
334
230
333
324
334
228
332
324
334
229
332
324
334
232
333
321
324
229
323
325
322
233
321
325
322
234
321
325
322
232
321
321
334
227
334
321
334
228
332
321
334
226
334
320
321
228
321
321
323
230
322
321
323
229
323
321
323
226
322
321
323
229
322
323
323
231
322
323
323
230
322
323
323
229
323
323
323
229
322
322
322
228
321
322
322
229
322
320
333
226
332
320
333
228
332
323
322
228
321
323
322
231
322
323
322
229
322
319
334
224
334
319
334
226
332
319
323
226
322
319
322
226
322
319
322
227
321
320
323
226
322
322
323
230
322
322
323
229
323
322
323
229
322
320
322
228
321
320
322
226
322
320
322
227
321
325
328
233
327
324
322
233
321
324
322
231
322
324
322
230
322
324
322
232
321
319
333
226
332
325
321
233
321
325
321
234
321
325
321
232
321
320
334
227
334
320
334
224
334
320
334
226
332
320
334
226
334
325
334
230
333
325
334
228
332
325
334
229
332
325
334
232
333
327
327
233
327
327
327
233
326
326
332
234
331
326
332
235
331
337
333
246
332
337
333
243
332
337
333
239
331
337
333
244
332
331
334
237
332
331
334
238
331
331
334
240
333
331
334
239
333
331
334
240
332
331
334
237
331
331
334
237
333
331
334
238
333
331
334
238
332
328
332
234
331
328
332
236
331
328
332
235
331
328
332
237
331
329
333
237
332
329
333
238
331
329
333
236
331
329
333
235
331
329
333
237
331
329
333
238
333
329
333
238
332
329
334
237
332
329
334
239
333
329
334
237
333
329
334
238
333
329
334
238
332
337
334
246
332
337
334
243
333
337
334
243
332
337
334
245
333
337
334
240
332
337
334
247
333
337
334
244
332
330
332
238
331
330
332
236
331
330
332
239
331
330
332
237
331
329
322
234
321
330
333
237
332
330
333
238
331
330
333
236
331
330
333
240
332
330
333
239
331
330
333
237
331
330
333
238
332
330
334
237
332
330
334
240
333
330
334
239
333
330
334
237
333
330
334
238
333
330
334
238
332
326
322
233
321
326
322
234
321
326
322
232
321
333
334
237
332
333
334
238
331
333
334
240
332
333
334
239
331
333
334
237
331
333
334
238
332
328
322
233
321
328
322
234
321
338
334
246
332
338
334
243
332
338
334
245
333
338
334
240
332
338
334
247
333
338
334
244
332
338
334
248
332
339
334
246
332
339
334
243
332
339
334
245
333
339
334
247
333
339
334
244
332
339
334
249
333
339
334
250
333
339
334
248
332
340
333
246
332
340
333
251
332
340
333
248
332
341
334
246
332
341
334
247
333
341
334
251
332
341
334
249
333
341
334
250
333
341
334
248
332
343
334
251
332
343
334
249
333
343
334
250
333
343
334
248
332
340
334
246
332
340
334
243
332
340
334
247
333
340
334
244
332
340
334
249
333
340
334
250
333
340
334
248
332
342
334
251
332
342
334
249
333
342
334
250
333
342
334
248
332
407
189
313
188
407
189
315
189
408
189
313
188
408
189
315
189
433
186
350
185
435
190
341
194
435
190
340
194
430
186
340
188
435
184
351
184
435
184
348
185
435
184
349
185
434
185
351
184
434
185
348
185
434
185
346
186
434
185
349
185
432
189
341
192
432
181
348
180
