Test21.jpg
Test22.jpg
351
228
468
223
355
228
469
224
360
229
475
225
360
229
474
225
360
231
474
227
358
232
475
228
358
232
474
227
358
232
472
229
373
319
511
316
376
321
513
318
375
324
512
320
374
323
510
319
374
323
511
319
375
322
513
318
376
324
512
320
381
320
520
317
383
320
520
317
385
320
520
317
379
323
517
320
379
323
521
321
379
325
519
323
379
325
521
323
384
333
525
332
384
333
526
332
382
325
521
323
382
323
520
320
382
323
524
321
382
323
523
321
382
323
521
321
383
333
525
332
413
328
554
328
413
328
556
328
410
331
551
330
413
329
552
328
413
329
556
329
408
333
550
332
408
333
549
332
