0_0_l.jpg
0_0_r.jpg
470
191
190
220
470
191
191
222
470
191
190
224
470
191
191
224
470
191
191
220
470
191
191
221
470
191
190
223
470
186
190
220
470
186
191
222
470
186
190
224
470
186
191
224
470
186
191
220
470
186
191
219
470
186
191
221
470
186
190
223
464
145
190
175
470
184
191
224
470
184
191
220
470
184
191
219
470
184
191
221
462
184
184
221
462
184
184
213
462
184
183
214
470
185
190
220
470
185
191
222
470
185
190
224
470
185
191
224
470
185
191
220
470
185
191
219
470
185
191
221
467
149
191
179
467
149
192
180
467
149
193
180
467
149
191
180
468
163
193
192
468
163
191
193
468
147
193
178
467
138
192
170
468
168
192
197
468
168
191
195
455
125
180
152
470
189
190
220
470
189
191
222
470
189
190
224
470
189
191
224
470
189
191
220
470
189
191
219
470
189
191
221
470
189
190
223
465
136
191
167
465
134
192
167
470
187
190
220
470
187
191
222
470
187
190
224
470
187
191
224
470
187
191
220
470
187
191
219
470
187
191
221
470
187
190
223
466
138
191
169
466
138
192
170
468
153
192
183
469
190
190
220
469
190
190
224
469
190
191
224
469
190
190
223
470
183
191
220
470
183
191
219
467
168
191
195
473
185
193
219
473
185
193
218
464
179
185
213
464
179
184
213
471
183
192
214
471
183
192
216
471
183
192
220
465
150
188
180
465
150
191
179
465
150
191
180
498
304
208
334
466
147
191
178
464
133
192
165
468
192
190
223
473
187
193
217
473
187
193
219
473
187
193
218
467
144
192
176
468
170
192
197
468
170
189
199
469
189
190
220
469
189
191
222
469
189
190
224
469
189
191
220
469
189
190
223
466
137
191
169
462
183
184
221
462
183
184
213
462
183
183
214
464
142
191
172
464
180
185
213
464
180
184
213
464
180
186
213
454
122
179
151
454
122
180
152
469
188
190
220
469
188
191
222
469
188
190
224
469
188
191
220
469
188
191
221
469
188
190
223
472
188
192
220
472
188
192
221
468
140
193
172
465
141
191
172
471
218
189
245
468
151
193
181
468
151
193
182
500
306
210
335
468
169
192
197
467
145
192
176
466
146
191
177
466
149
191
179
466
149
192
180
466
149
191
180
470
188
190
220
470
188
191
222
470
188
190
224
470
188
191
224
470
188
191
220
470
188
191
219
470
188
191
221
470
188
190
223
467
215
189
245
472
184
193
217
469
191
190
220
469
191
191
222
469
191
190
224
469
191
190
223
472
219
192
246
472
219
189
245
466
151
192
180
466
151
191
180
468
190
190
220
468
190
190
224
468
190
190
223
472
186
192
220
473
188
193
219
