paris_invalides_000662_sm_3.jpg
paris_invalides_000663.jpg
291
223
297
188
303
225
307
189
299
222
304
186
305
237
308
201
305
237
310
204
305
237
310
205
305
237
308
200
309
238
315
208
309
238
311
201
309
238
311
202
303
239
305
200
303
235
307
199
303
235
308
200
309
235
314
202
309
235
313
201
309
235
313
200
301
227
306
190
301
227
304
190
301
227
309
194
301
227
307
191
303
238
305
200
300
224
307
189
300
224
304
186
308
232
312
198
308
232
313
198
308
232
314
198
304
231
309
195
304
231
308
195
304
231
311
198
304
231
310
197
307
241
312
210
303
242
305
204
291
219
297
183
196
239
162
209
296
221
302
184
296
221
301
184
308
240
310
204
308
240
317
215
308
240
310
203
196
241
163
210
196
241
164
208
310
240
320
216
310
240
316
211
310
240
315
208
310
240
317
211
310
240
317
212
192
244
159
212
298
234
300
196
298
234
303
198
307
239
310
204
307
239
310
203
307
239
310
205
307
233
312
198
307
233
309
195
307
233
314
202
307
233
313
201
307
233
313
200
307
233
314
203
307
233
311
198
300
222
305
185
291
220
298
186
303
229
309
195
303
229
308
194
303
229
304
190
303
229
309
194
197
240
163
210
197
240
164
208
198
239
163
210
198
239
165
208
198
239
164
208
293
223
298
186
310
239
315
208
310
239
318
211
310
239
320
215
310
239
315
207
310
239
311
200
304
229
310
194
304
229
309
194
308
234
313
201
308
234
313
200
308
234
314
203
202
226
171
189
312
250
321
223
299
236
300
196
308
237
311
201
308
237
311
202
304
232
308
195
304
232
310
198
304
232
310
197
304
235
309
200
303
231
306
193
303
231
306
194
303
231
308
195
303
231
310
198
303
231
310
197
294
218
302
184
303
227
310
193
303
227
307
190
303
227
306
190
303
227
307
191
311
241
315
208
311
241
317
211
311
241
320
215
311
241
315
207
293
216
299
180
293
216
301
181
306
234
308
195
306
234
311
201
306
234
311
199
306
234
310
198
306
234
311
200
306
234
310
197
301
231
306
194
301
231
306
195
301
231
307
196
308
233
312
198
308
233
313
198
308
233
314
202
308
233
313
201
308
233
313
200
308
233
314
201
297
218
305
184
297
218
304
183
289
214
296
180
293
225
298
189
293
225
297
187
300
230
306
194
300
230
306
195
300
230
307
196
300
231
301
192
300
231
306
195
300
231
307
197
292
221
298
186
304
234
307
197
304
234
307
196
298
219
305
184
298
219
304
183
301
237
303
198
301
237
305
200
315
246
320
213
302
231
306
194
302
231
306
195
302
231
307
196
299
220
305
184
299
220
304
183
303
228
306
190
303
228
310
194
303
228
309
194
303
228
307
191
302
227
306
190
302
227
307
191
313
243
318
211
298
229
301
192
295
221
301
186
311
240
315
206
311
240
318
211
311
240
320
215
311
240
315
207
290
215
298
181
290
215
296
180
292
213
299
178
292
213
298
178
308
239
316
212
308
239
314
209
308
239
310
203
308
239
315
211
308
239
317
214
301
229
306
193
301
229
306
194
301
229
308
195
305
228
310
193
305
228
313
196
305
228
307
189
305
228
311
193
291
221
298
186
194
240
161
209
306
233
308
195
306
233
311
199
306
233
311
198
306
233
310
197
314
244
320
213
297
232
300
193
297
232
303
198
294
216
301
181
314
246
320
215
203
223
172
187
303
226
307
189
303
226
307
190
300
239
300
197
197
235
165
202
197
235
165
203
296
223
301
186
296
223
302
187
293
214
299
178
293
214
301
180
293
214
299
179
299
221
305
185
270
237
274
199
270
237
275
199
307
230
313
198
307
230
313
196
307
230
314
198
307
230
310
194
307
230
314
197
301
232
306
195
301
232
307
197
301
232
307
196
305
227
311
192
305
227
307
189
305
229
310
194
297
229
301
192
297
229
303
195
291
214
297
179
291
214
299
180
297
234
300
197
297
234
300
196
304
236
308
201
304
236
308
200
301
236
305
200
305
230
308
194
305
230
309
194
292
218
298
182
304
243
305
204
197
239
165
206
197
239
164
208
304
223
306
185
295
220
301
184
303
230
309
195
303
230
308
194
303
230
308
195
303
230
310
197
196
243
163
212
196
243
162
213
301
223
304
186
307
229
313
196
307
229
314
198
307
229
311
193
307
229
314
197
199
240
167
207
306
231
312
198
306
231
309
195
306
231
313
198
306
231
313
200
306
231
309
194
