paris_invalides_000662.jpg
paris_invalides_000663.jpg
200
201
177
178
238
149
222
116
237
150
220
116
237
150
221
117
258
208
256
186
258
208
255
185
258
208
256
185
263
203
258
180
275
148
259
115
272
218
272
198
274
218
272
198
274
218
273
198
273
218
272
198
280
221
277
202
279
219
276
200
280
219
276
200
275
218
272
198
275
218
273
198
278
219
276
200
290
207
284
187
300
201
292
178
301
199
293
176
302
197
294
175
302
197
296
176
301
201
294
179
303
199
294
176
303
199
296
177
300
200
292
177
300
200
293
178
305
200
298
178
305
200
296
176
303
201
293
176
306
201
296
176
302
202
294
179
303
202
293
178
303
204
294
180
308
213
300
192
310
217
300
193
308
215
298
191
308
215
300
193
314
207
306
186
314
207
307
187
319
212
310
190
319
212
309
190
319
212
307
187
319
212
310
189
318
211
306
186
318
211
310
190
318
211
309
190
318
211
307
187
318
211
310
189
317
211
309
190
319
211
310
190
319
211
310
189
318
212
310
190
318
212
309
190
318
212
307
187
311
204
301
180
318
210
310
190
318
210
307
187
318
210
310
189
319
210
310
189
317
209
307
187
317
209
310
189
318
214
308
191
318
214
308
190
318
214
309
190
318
214
309
191
319
216
308
191
319
216
308
190
319
216
309
191
319
216
310
194
319
216
310
193
319
216
311
195
319
216
311
194
320
219
310
196
320
219
311
198
319
214
308
190
319
214
309
190
319
214
309
191
319
219
307
192
319
219
306
191
319
219
309
196
319
219
310
196
319
219
307
193
319
219
311
198
319
221
308
197
319
221
307
195
319
221
308
196
320
216
308
191
320
216
308
190
320
216
309
190
320
216
309
191
320
216
313
197
320
216
311
194
320
214
310
190
320
214
309
190
318
213
308
190
318
213
309
190
315
219
305
196
315
219
303
194
318
215
306
189
318
215
308
191
318
215
310
193
315
220
305
196
315
220
303
194
320
213
310
190
320
213
310
189
321
216
309
190
321
216
309
191
321
216
312
194
321
216
313
196
321
216
313
197
321
216
313
194
321
216
314
197
321
216
311
194
321
219
308
191
321
219
315
202
321
219
315
203
321
218
308
191
321
218
308
190
321
218
313
197
321
218
311
195
321
218
315
201
321
218
314
199
321
218
311
196
321
218
315
202
323
220
315
201
323
220
316
201
323
220
316
202
323
220
314
199
323
220
315
202
323
220
318
207
322
219
315
201
322
219
316
202
322
219
314
198
322
219
314
199
322
219
315
202
321
220
315
204
322
220
315
201
322
220
315
202
322
220
315
203
321
217
308
190
321
217
309
190
321
217
309
191
321
217
310
193
321
217
313
196
321
217
313
197
321
217
311
194
321
217
314
198
321
217
314
199
322
221
315
202
322
221
315
204
322
221
315
203
322
222
315
204
326
231
320
214
326
231
321
215
326
231
321
216
327
232
320
214
327
232
321
215
327
232
321
216
324
224
318
207
324
224
315
203
327
231
320
213
327
231
320
214
327
231
321
215
325
229
320
214
323
223
315
204
323
223
315
203
327
230
320
212
328
233
321
215
325
234
319
218
327
234
322
219
327
237
321
219
327
235
322
219
327
235
321
219
328
240
320
220
326
236
319
218
