37_37_l.jpg
37_37_r.jpg
412
334
272
339
412
334
272
338
432
295
294
300
396
318
259
321
396
318
259
322
396
318
258
323
359
352
222
359
403
323
265
328
373
336
234
342
386
333
249
339
386
334
249
339
456
340
313
344
456
340
312
342
456
340
313
342
456
340
313
343
456
340
316
344
456
340
314
344
443
318
304
322
404
350
269
355
404
350
265
355
461
343
318
347
461
343
317
345
461
343
316
346
461
343
317
346
461
343
317
347
461
343
318
345
461
343
319
346
461
343
318
346
391
333
253
337
391
333
254
339
409
336
271
340
401
318
264
321
391
336
253
341
409
315
271
318
409
315
272
318
441
352
298
353
441
352
299
355
441
352
298
355
441
352
297
355
394
325
257
330
442
326
302
330
442
326
303
330
591
353
428
352
408
313
271
318
381
317
244
322
455
340
313
344
455
340
312
342
455
340
313
342
455
340
313
343
455
340
316
344
455
340
314
344
442
351
299
355
378
324
242
329
385
334
248
339
385
334
249
339
410
334
272
339
410
334
272
338
428
295
290
300
428
297
291
302
428
297
290
301
435
362
294
365
443
326
303
330
385
317
249
322
385
317
248
322
456
339
312
342
456
339
313
342
456
339
313
343
443
325
304
329
386
317
249
322
386
317
248
322
374
336
234
342
390
335
252
341
390
335
253
341
441
350
298
353
403
350
269
355
403
350
265
355
442
323
303
327
512
300
367
304
401
319
264
322
401
319
264
321
385
324
249
330
385
324
248
329
409
313
272
318
409
313
273
317
413
318
275
321
413
318
276
321
442
324
303
328
441
351
298
353
441
351
299
355
441
351
298
355
439
350
298
353
382
315
244
320
382
315
245
320
535
338
385
339
402
321
264
324
402
321
264
323
438
351
297
355
443
317
304
321
382
319
245
324
390
336
252
341
390
336
253
341
393
326
256
331
442
352
299
355
442
352
298
355
381
325
244
330
461
345
316
347
461
345
317
347
461
345
315
347
425
324
288
328
425
324
287
328
391
330
253
335
381
319
245
324
426
292
287
297
398
339
260
344
395
319
258
324
395
319
257
324
395
319
258
323
380
317
244
322
412
317
275
321
412
317
274
321
592
353
428
352
382
317
244
322
445
324
306
328
440
351
297
353
440
351
298
353
440
351
299
355
440
351
298
355
440
351
297
355
385
325
248
330
385
325
249
330
390
330
253
335
390
330
253
336
401
320
264
322
401
320
264
323
392
327
256
332
392
327
255
332
390
332
253
337
393
327
256
332
393
327
255
332
442
327
303
331
409
335
271
340
445
323
306
327
455
341
313
344
455
341
316
345
455
341
317
345
455
341
316
346
455
341
316
344
455
341
315
346
455
341
313
346
455
341
314
344
455
341
312
346
440
350
298
353
460
345
312
347
460
345
313
347
460
345
316
347
460
345
317
347
460
345
315
347
391
334
253
339
391
334
254
339
415
316
276
321
457
345
312
347
457
345
313
347
457
345
315
347
396
317
259
321
402
322
264
324
431
292
294
296
431
292
291
297
455
342
313
344
455
342
312
347
455
342
316
345
455
342
317
345
455
342
316
346
455
342
313
347
455
342
316
347
455
342
317
346
455
342
316
344
455
342
317
347
455
342
315
347
455
342
315
346
455
342
313
346
455
342
314
344
455
342
312
346
460
343
316
345
460
343
318
347
460
343
317
345
460
343
316
346
460
343
316
347
460
343
317
346
460
343
317
347
460
343
315
346
460
343
318
346
459
344
312
347
459
344
313
347
459
344
316
347
459
344
317
347
459
344
315
347
459
344
315
346
459
344
313
346
459
344
312
346
416
316
278
321
457
342
313
344
457
342
316
345
457
342
318
347
457
342
317
345
457
342
316
346
457
342
316
347
457
342
317
346
457
342
316
344
457
342
315
347
457
342
315
346
457
342
313
346
457
342
314
344
457
342
318
346
457
342
312
346
411
313
273
317
415
298
279
301
425
313
287
317
410
336
272
340
410
336
271
340
