paris_invalides_000662_2.jpg
paris_invalides_000663.jpg
285
198
285
189
285
198
284
188
231
195
202
180
200
200
176
183
273
136
304
186
273
136
302
184
235
196
204
183
283
199
281
189
283
200
281
190
283
200
278
187
283
200
281
189
274
134
305
184
232
199
204
183
202
200
173
187
281
198
253
181
281
202
214
185
312
199
305
184
230
196
202
180
282
202
214
185
282
195
216
178
275
196
251
181
275
196
253
181
282
200
281
190
282
200
278
187
281
194
216
178
272
135
302
184
274
136
305
185
233
198
204
183
