Test81.jpg
Test85.jpg
377
135
378
44
381
150
393
55
370
143
383
59
370
143
384
60
373
127
369
39
360
144
378
67
371
133
370
45
375
166
399
70
375
166
400
69
369
142
383
59
369
142
384
60
376
166
399
70
376
166
400
69
372
127
369
39
366
143
383
63
330
115
329
64
332
113
329
64
374
125
369
39
381
169
407
66
381
169
407
65
381
169
406
65
382
167
407
65
371
143
383
59
371
143
384
60
373
142
383
59
380
163
399
63
380
163
401
65
383
171
408
71
372
143
383
59
379
163
399
63
379
163
401
65
378
164
401
65
374
166
399
70
372
141
383
59
371
131
369
42
371
131
368
42
332
118
331
65
371
126
369
39
384
164
405
61
371
129
369
39
371
130
369
42
372
124
369
39
372
126
369
39
