Test5000_rot.jpg
Test5001_rot.jpg
352
143
371
285
352
143
371
287
300
113
424
255
300
113
425
254
298
114
423
255
298
114
424
255
298
114
424
256
406
103
377
359
301
113
425
254
349
88
417
318
407
101
378
359
300
119
418
255
300
119
417
256
299
114
422
253
299
114
424
255
299
114
424
256
351
142
372
288
351
142
372
286
351
142
371
285
351
142
372
285
351
142
371
287
351
142
372
282
352
84
421
317
351
146
369
284
351
146
369
285
351
146
368
283
55
47
603
75
352
139
374
288
352
139
374
286
112
211
431
48
410
103
378
355
301
117
418
255
415
101
379
349
411
95
384
358
349
87
417
318
117
210
431
48
416
101
379
348
362
144
365
296
362
144
364
296
344
61
445
321
409
104
377
355
413
104
377
352
493
188
262
386
406
100
379
361
