Test1000_rot.jpg
Test1001_rot.jpg
173
177
184
123
173
177
182
122
408
232
381
261
408
232
382
261
408
232
383
260
432
277
381
315
432
277
387
314
432
277
385
312
432
277
384
313
432
277
383
313
432
277
387
311
432
277
383
314
432
277
385
316
432
277
388
308
432
277
388
315
432
277
380
314
432
277
385
310
432
277
382
316
432
277
392
308
432
277
386
316
433
269
389
302
433
269
388
308
433
269
386
307
433
269
383
309
433
269
388
306
401
295
347
320
401
295
353
317
401
295
347
317
401
295
350
320
401
295
352
316
401
295
347
315
401
295
351
315
401
295
350
322
401
295
349
323
401
295
346
316
401
295
352
320
401
295
348
315
401
295
349
312
401
295
349
319
401
295
348
317
400
199
385
228
375
243
346
259
411
297
356
320
411
297
357
321
411
297
357
320
411
297
357
324
411
297
356
322
411
297
358
322
411
297
358
323
393
203
377
229
429
282
381
315
429
282
379
313
429
282
379
317
429
282
387
314
429
282
385
312
429
282
384
313
429
282
383
313
429
282
379
314
429
282
383
314
429
282
385
316
429
282
380
319
429
282
380
314
429
282
380
316
429
282
383
317
429
282
382
316
429
282
380
313
429
282
378
313
174
125
207
72
174
125
206
73
171
207
171
149
426
278
379
313
426
278
380
312
426
278
379
312
426
278
383
313
426
278
383
309
426
278
380
309
426
278
377
310
426
278
380
313
274
183
275
165
172
172
185
117
172
172
184
117
391
258
353
277
391
258
352
276
391
258
354
279
391
258
355
278
391
258
352
277
391
258
355
279
158
250
142
184
158
250
147
186
158
250
143
185
183
238
170
181
183
238
172
181
183
238
168
182
183
238
170
182
183
238
169
183
196
225
187
175
349
240
325
250
349
240
326
250
349
240
327
251
349
240
327
252
139
221
136
152
399
296
347
320
399
296
347
317
399
296
350
320
399
296
347
315
399
296
351
315
399
296
346
316
399
296
348
315
399
296
349
319
399
296
348
317
399
296
346
318
399
296
348
313
418
230
390
263
418
230
391
262
418
230
393
261
404
140
411
174
345
239
320
244
345
239
321
248
395
202
380
228
365
245
338
258
365
245
339
258
365
245
340
259
387
255
353
274
387
255
352
275
338
217
323
223
198
124
226
83
167
243
157
179
151
176
164
113
204
98
243
60
204
98
242
60
355
243
330
253
355
243
328
251
355
243
326
250
355
243
327
251
355
243
330
254
355
243
327
252
184
206
187
152
424
278
380
312
424
278
383
306
424
278
379
312
424
278
377
308
424
278
386
307
424
278
381
307
424
278
380
309
424
278
377
310
407
299
354
323
407
299
353
324
407
299
352
320
407
299
354
318
414
225
389
256
414
225
388
257
411
295
357
321
411
295
357
320
411
295
358
322
411
295
358
323
363
246
337
259
363
246
336
258
135
204
140
130
135
204
138
134
135
204
139
133
453
282
402
321
453
282
406
323
453
282
400
320
453
282
404
323
453
282
403
324
179
114
210
68
172
174
185
118
172
174
185
117
172
174
184
118
339
216
323
221
219
82
261
51
219
82
262
51
386
260
352
279
386
260
351
279
386
260
352
280
167
204
168
144
135
213
135
145
165
201
168
139
165
201
167
141
159
193
164
133
362
240
335
251
396
255
363
277
396
255
361
278
396
255
360
278
396
255
359
277
386
244
356
263
386
244
357
264
158
246
144
181
158
246
144
179
158
246
149
180
160
244
149
179
160
244
152
180
160
244
146
179
160
244
148
178
160
244
149
180
160
244
146
177
127
203
132
127
143
220
139
151
143
220
139
152
403
224
377
251
403
224
381
251
403
224
378
252
403
224
378
251
410
236
379
265
410
236
382
265
133
222
130
150
133
222
129
148
133
222
129
146
191
119
223
74
191
119
221
76
193
103
230
60
193
103
228
62
163
242
154
176
163
242
150
176
163
242
148
178
426
274
381
305
426
274
383
306
426
274
389
302
426
274
377
308
426
274
386
307
426
274
381
307
426
274
383
309
426
274
380
309
426
274
380
306
426
274
377
310
140
224
136
152
140
224
135
152
129
184
138
115
135
169
149
102
388
34
436
69
388
34
436
70
122
192
129
118
122
192
130
117
430
280
381
315
430
280
383
318
430
280
379
313
430
280
387
314
430
280
385
312
430
280
384
313
430
280
383
313
430
280
379
314
430
280
383
314
430
280
385
316
430
280
388
315
430
280
380
314
430
280
380
316
430
280
383
317
430
280
382
316
430
280
386
316
430
280
380
313
430
280
386
317
407
231
378
260
407
231
381
260
406
249
373
276
406
249
372
276
406
249
374
276
285
186
286
172
445
273
399
313
445
273
397
312
445
273
400
314
445
273
397
311
445
273
398
313
445
273
398
312
161
244
149
179
161
244
152
180
161
244
146
179
161
244
148
178
161
244
149
180
161
244
146
177
138
211
138
140
138
211
139
139
138
211
138
141
138
211
139
143
190
117
220
74
390
260
352
279
390
260
354
279
390
260
357
281
408
298
356
320
408
298
357
321
408
298
354
323
408
298
353
324
408
298
356
322
408
298
356
323
299
181
298
172
434
281
381
315
434
281
383
318
434
281
387
314
434
281
390
316
434
281
383
313
434
281
383
314
434
281
385
316
434
281
388
315
434
281
384
319
434
281
380
316
434
281
383
317
434
281
382
316
434
281
386
316
434
281
389
318
434
281
386
317
192
228
185
177
192
228
186
176
192
228
184
177
192
228
185
175
192
228
183
177
192
228
185
176
192
228
183
176
160
168
174
109
160
168
173
110
415
293
360
321
415
293
360
320
415
293
362
321
357
242
333
253
357
242
332
252
357
242
330
251
471
283
399
313
471
283
394
314
471
283
395
315
471
283
398
313
471
283
393
314
431
284
381
315
431
284
383
318
431
284
381
320
431
284
385
320
431
284
383
321
431
284
382
321
431
284
385
316
431
284
380
319
431
284
384
319
431
284
383
320
431
284
383
317
431
284
384
322
431
284
382
316
431
284
386
316
431
284
386
317
358
242
333
253
358
242
332
252
358
242
330
251
162
240
155
174
162
240
156
174
162
240
150
174
162
240
154
176
162
240
153
174
162
240
150
176
162
240
155
175
409
214
388
245
220
81
264
50
220
81
263
50
220
81
262
51
339
233
317
237
431
292
382
324
431
292
380
324
431
292
379
324
136
207
139
135
136
207
139
134
136
207
139
133
168
236
156
174
168
236
155
175
170
152
189
99
148
243
134
170
148
243
135
172
132
214
131
140
452
282
402
321
452
282
406
323
452
282
404
323
452
282
403
324
208
94
247
58
208
94
249
57
208
94
248
57
173
172
185
118
173
172
185
117
173
172
184
118
177
209
175
153
370
244
340
257
370
244
341
258
173
207
173
150
169
162
183
108
155
171
165
112
196
226
186
176
196
226
185
176
196
226
187
175
126
202
132
127
356
243
330
253
356
243
328
251
356
243
327
251
356
243
330
254
414
226
388
257
225
61
270
37
159
237
148
172
159
237
150
174
159
237
149
172
159
237
153
174
159
237
152
171
159
237
148
171
136
202
140
132
136
202
139
133
429
290
376
321
429
290
381
320
429
290
380
320
429
290
375
321
429
290
380
319
429
290
378
322
429
290
379
319
429
290
376
322
246
43
295
28
200
84
245
45
200
84
243
46
419
228
395
259
419
228
393
261
412
298
357
321
412
298
357
324
412
298
358
322
412
298
356
323
412
298
358
323
355
237
334
249
402
277
362
306
402
277
362
304
402
277
361
303
402
277
363
305
183
240
166
185
183
240
167
184
183
240
168
185
183
240
169
184
183
240
172
182
183
240
169
185
183
240
171
185
183
240
170
182
183
240
169
183
183
240
170
184
142
243
131
171
142
243
131
172
142
243
130
171
142
243
130
170
398
201
383
228
409
298
356
320
409
298
357
321
409
298
354
323
409
298
356
322
409
298
356
323
213
89
254
55
471
282
399
313
471
282
397
312
471
282
394
314
471
282
395
315
471
282
398
313
471
282
398
312
157
238
147
174
157
238
148
172
157
238
150
174
157
238
150
176
157
238
147
173
431
280
381
315
431
280
383
318
431
280
387
314
431
280
385
312
431
280
384
313
431
280
383
313
431
280
379
314
431
280
383
314
431
280
385
316
431
280
388
315
431
280
380
314
431
280
380
316
431
280
383
317
431
280
382
316
431
280
386
316
431
280
386
317
185
224
175
170
185
224
173
170
185
224
176
169
280
195
278
179
385
256
350
274
385
256
352
275
202
94
240
57
295
184
294
174
172
244
157
182
169
210
169
151
172
159
189
105
172
159
193
102
409
281
363
307
401
296
350
323
401
296
347
320
401
296
347
317
401
296
351
324
401
296
350
320
401
296
352
316
401
296
351
323
401
296
351
315
401
296
350
322
401
296
349
323
401
296
346
316
401
296
352
320
401
296
348
315
401
296
349
312
401
296
349
319
401
296
348
317
401
296
346
318
220
69
263
42
396
291
344
311
396
291
346
309
396
291
345
313
396
291
349
312
396
291
348
313
169
180
179
123
159
148
181
90
421
227
394
261
190
142
212
96
156
170
171
109
156
170
173
107
156
170
170
110
169
164
189
105
169
164
183
110
169
164
184
109
426
279
377
313
426
279
379
313
426
279
380
312
426
279
379
312
426
279
383
313
426
279
379
314
426
279
383
314
426
279
386
307
426
279
383
309
426
279
380
314
426
279
380
309
426
279
385
310
426
279
377
310
426
279
380
313
426
279
378
313
170
208
170
149
170
208
171
149
423
271
381
301
423
271
379
300
423
271
380
303
423
271
380
299
423
271
378
303
423
271
380
300
423
271
377
306
333
232
309
229
212
88
251
56
164
230
156
168
164
230
155
168
164
230
154
167
426
277
380
312
426
277
379
312
426
277
386
307
426
277
381
307
426
277
383
309
426
277
380
309
426
277
377
310
408
249
373
277
408
249
373
276
408
249
371
278
408
249
376
276
408
249
372
276
408
249
375
277
408
249
374
276
335
198
326
203
429
292
376
321
429
292
379
324
429
292
378
322
429
292
376
324
429
292
376
322
429
292
375
323
192
108
229
64
192
108
227
65
441
282
395
321
441
282
392
320
441
282
388
319
441
282
389
319
441
282
393
321
441
282
391
321
441
282
389
318
208
87
250
51
428
274
383
306
428
274
389
302
428
274
386
307
428
274
381
307
428
274
383
309
428
274
380
309
428
274
388
306
428
274
380
306
349
238
325
246
349
238
325
247
349
238
324
245
408
247
373
276
408
247
375
275
408
247
372
276
408
247
376
275
408
247
374
276
142
215
139
145
142
215
141
146
142
215
140
145
361
239
333
248
361
239
334
249
361
239
335
251
289
185
287
172
390
259
353
277
390
259
354
279
390
259
352
277
390
259
355
279
165
233
154
172
165
233
155
171
207
80
251
45
277
189
276
172
367
246
338
259
420
295
370
323
420
295
370
324
192
121
222
77
356
234
332
244
164
204
165
144
337
203
325
206
136
230
129
159
136
230
130
154
136
230
130
155
416
285
369
314
159
167
173
108
468
283
394
314
468
283
393
314
401
279
361
307
401
279
359
306
328
232
307
232
410
290
360
319
410
290
360
321
410
290
361
319
410
290
358
322
410
290
359
319
410
290
360
320
410
290
358
323
140
209
141
140
140
209
140
140
150
248
136
179
150
248
136
180
150
248
135
178
138
218
135
145
138
218
138
152
409
296
356
320
409
296
357
321
409
296
357
320
409
296
357
324
409
296
356
318
409
296
356
322
409
296
358
322
409
296
356
323
364
236
338
248
126
183
137
110
338
220
320
224
410
212
389
243
410
212
388
245
244
46
294
29
244
46
295
28
391
44
435
80
215
78
260
45
177
153
197
100
177
153
193
104
177
153
196
101
400
253
365
276
400
253
364
277
409
217
386
247
411
299
357
321
411
299
357
324
411
299
356
322
411
299
356
323
411
299
358
323
194
178
202
130
194
178
203
130
407
248
373
276
407
248
375
275
407
248
372
276
407
248
374
276
470
285
395
315
470
285
398
313
161
247
145
182
408
294
356
320
408
294
353
317
408
294
357
321
408
294
357
320
408
294
356
318
408
294
356
322
408
294
356
323
408
294
354
318
196
102
231
63
196
102
235
60
163
244
149
179
163
244
152
180
163
244
153
181
163
244
149
180
186
235
176
179
186
235
170
181
186
235
175
179
186
235
172
181
186
235
175
180
186
235
170
182
352
240
328
251
352
240
325
246
352
240
330
251
352
240
325
247
403
298
350
323
403
298
347
320
403
298
347
323
403
298
353
317
403
298
353
324
403
298
351
324
403
298
350
320
403
298
352
316
403
298
351
323
403
298
350
322
403
298
349
323
403
298
352
320
403
298
349
319
403
298
354
318
396
290
346
309
396
290
349
312
396
290
348
313
449
281
399
320
449
281
402
321
449
281
397
321
449
281
398
319
449
281
399
321
449
281
398
321
449
281
400
321
449
281
400
320
449
281
404
323
449
281
403
324
201
101
238
62
447
282
399
320
447
282
402
321
447
282
395
321
447
282
397
321
447
282
398
319
447
282
396
321
447
282
399
321
447
282
398
321
447
282
400
321
447
282
393
321
227
82
269
54
173
201
174
144
407
241
375
269
433
285
383
318
433
285
381
320
433
285
385
320
433
285
383
321
433
285
382
321
433
285
385
316
433
285
388
319
433
285
384
319
433
285
389
319
433
285
383
320
433
285
383
317
433
285
384
322
433
285
389
318
433
285
385
322
157
242
149
179
157
242
146
179
157
242
148
178
157
242
146
177
189
142
212
96
158
170
174
109
158
170
173
110
139
220
138
152
195
99
230
60
129
220
127
145
142
210
143
142
165
164
185
104
124
195
134
117
124
195
129
124
432
273
389
302
432
273
385
312
432
273
384
313
432
273
383
313
432
273
387
311
432
273
388
308
432
273
386
307
432
273
383
309
432
273
388
306
432
273
385
310
432
273
392
308
232
53
283
30
231
57
280
33
231
57
278
34
231
57
284
32
231
57
282
32
218
82
260
52
218
82
261
50
218
82
262
50
218
82
261
51
386
184
378
208
423
268
381
301
423
268
379
300
423
268
380
303
423
268
380
299
423
268
378
303
423
268
380
300
207
95
246
59
207
95
247
58
207
95
245
59
207
95
248
57
207
95
246
58
139
211
141
140
139
211
139
139
139
211
139
143
139
211
139
145
139
211
140
138
139
211
140
140
419
227
395
259
143
221
139
151
143
221
139
152
387
176
382
201
299
180
299
172
395
254
359
277
404
281
361
307
404
281
362
307
404
281
359
306
190
225
179
174
190
225
177
173
190
225
179
173
185
231
177
176
170
188
178
132
170
188
180
129
170
188
177
130
170
188
179
130
170
188
176
131
170
188
180
130
205
97
245
59
406
300
350
323
406
300
353
324
406
300
351
324
406
300
350
320
406
300
351
323
406
300
350
322
406
300
352
320
402
295
350
323
402
295
353
317
402
295
353
324
402
295
351
324
402
295
350
320
402
295
352
316
402
295
351
323
402
295
351
315
402
295
350
322
402
295
349
323
402
295
352
320
402
295
349
319
402
295
348
317
402
295
354
318
431
278
381
315
431
278
380
312
431
278
387
314
431
278
385
312
431
278
384
313
431
278
383
313
431
278
379
314
431
278
387
311
431
278
383
314
431
278
385
316
431
278
388
308
431
278
388
315
431
278
380
314
431
278
380
316
431
278
385
310
431
278
382
316
431
278
386
316
431
278
380
313
416
226
389
259
386
258
349
275
386
258
348
274
386
258
353
277
386
258
354
279
386
258
355
278
386
258
352
277
386
258
355
279
212
79
256
46
174
239
162
180
174
239
163
179
174
239
161
180
356
244
325
250
356
244
330
253
356
244
326
250
356
244
327
251
356
244
330
254
356
244
327
252
436
271
387
311
436
271
388
308
436
271
394
308
436
271
392
308
127
196
132
127
164
197
168
135
178
237
165
179
178
237
166
178
178
237
166
179
196
109
233
66
196
89
236
50
137
201
141
131
165
198
169
139
165
198
171
138
393
259
354
279
393
259
352
277
393
259
355
279
192
103
230
60
233
55
288
30
233
55
284
32
233
55
282
32
159
233
150
169
159
233
154
168
159
233
153
169
159
233
152
167
159
233
152
171
429
287
381
320
429
287
380
320
429
287
380
319
429
287
379
319
417
230
390
262
233
53
286
29
233
53
283
30
233
53
282
31
233
53
285
30
393
155
395
184
431
285
383
318
431
285
381
320
431
285
380
320
431
285
385
320
431
285
383
321
431
285
382
321
431
285
385
316
431
285
380
319
431
285
384
319
431
285
379
319
431
285
383
320
431
285
383
317
431
285
384
322
431
285
386
317
350
239
325
246
350
239
325
247
350
239
324
245
158
166
173
107
158
166
172
107
158
166
175
105
408
283
364
308
408
283
364
309
389
246
358
266
167
235
155
173
167
235
155
174
167
235
156
174
184
234
172
179
162
186
170
127
329
188
325
191
329
188
324
191
343
231
319
234
138
209
138
140
138
209
139
139
138
209
138
141
138
209
140
138
447
280
399
320
447
280
402
321
447
280
397
321
447
280
398
319
447
280
399
321
447
280
398
321
447
280
400
321
447
280
400
320
180
211
177
156
363
238
338
250
395
243
363
266
395
243
361
266
395
243
364
266
395
243
362
266
130
192
137
121
130
192
136
123
425
268
381
301
425
268
379
300
425
268
380
303
425
268
380
299
425
268
378
303
425
268
380
300
133
226
128
152
133
226
127
152
133
226
130
154
133
226
128
153
194
115
226
72
161
163
178
104
161
163
175
106
472
284
397
312
472
284
398
313
472
284
398
312
441
283
395
321
441
283
396
321
441
283
388
319
441
283
389
319
441
283
393
321
441
283
391
321
405
278
362
304
405
278
363
305
443
282
395
321
443
282
392
320
443
282
397
321
443
282
396
321
443
282
393
321
443
282
391
321
455
280
402
321
455
280
406
323
434
271
387
311
434
271
388
308
434
271
394
308
434
271
388
306
434
271
385
310
434
271
392
308
416
225
389
258
140
215
139
145
140
215
140
145
160
230
151
166
160
230
152
166
160
230
154
168
160
230
156
168
160
230
153
167
160
230
155
168
160
230
152
167
160
230
154
167
411
244
379
273
411
244
378
273
187
107
223
62
337
204
325
208
193
157
211
110
411
294
357
321
411
294
360
321
411
294
357
320
411
294
358
322
411
294
359
319
411
294
360
320
411
294
358
323
132
213
131
140
272
182
275
164
400
295
347
320
400
295
347
317
400
295
350
320
400
295
352
316
400
295
347
315
400
295
351
315
400
295
346
316
400
295
348
315
400
295
349
312
400
295
349
319
400
295
348
317
400
295
346
318
400
295
348
313
162
244
149
179
162
244
152
180
162
244
148
178
162
244
149
180
378
256
342
270
378
256
345
272
409
242
376
271
389
47
432
83
389
47
432
82
243
48
294
29
445
281
399
320
445
281
402
321
445
281
395
321
445
281
392
320
445
281
397
321
445
281
398
319
445
281
396
321
445
281
399
321
445
281
398
321
445
281
400
321
445
281
400
320
445
281
393
321
135
195
144
122
450
279
399
320
450
279
402
321
450
279
398
319
450
279
399
321
450
279
400
316
450
279
398
321
450
279
400
321
450
279
400
320
450
279
404
323
450
279
403
324
131
211
131
140
131
211
132
139
131
211
132
137
139
224
135
152
173
245
157
184
363
235
338
247
138
212
138
141
138
212
139
143
429
285
381
320
429
285
380
320
429
285
379
317
429
285
382
321
429
285
380
319
429
285
380
316
429
285
379
319
429
285
382
316
422
275
381
305
422
275
377
308
422
275
380
303
422
275
378
303
422
275
380
306
422
275
377
306
157
173
170
113
157
173
170
112
456
282
406
323
456
282
404
323
406
253
371
278
406
253
373
279
406
253
369
282
406
253
370
280
406
253
372
279
333
233
311
234
223
79
267
49
183
205
180
151
183
205
189
149
183
205
183
151
183
205
188
150
245
48
296
30
245
48
295
31
245
48
298
30
245
48
294
31
245
48
297
30
202
97
241
58
415
288
370
317
415
288
368
317
415
288
370
320
415
288
366
316
415
288
371
317
415
288
368
318
415
288
370
316
415
288
367
317
415
288
369
318
415
288
369
320
415
288
367
316
415
288
367
318
205
90
246
53
205
90
244
54
163
243
149
179
163
243
152
180
163
243
148
178
163
243
149
180
224
75
269
47
175
155
197
100
175
155
196
101
175
155
193
102
400
293
353
312
400
293
353
317
400
293
347
317
400
293
350
320
400
293
352
316
400
293
347
315
400
293
351
315
400
293
350
322
400
293
352
320
400
293
348
315
400
293
349
312
400
293
349
319
400
293
348
317
400
293
354
318
408
240
375
269
162
230
152
166
162
230
154
168
162
230
156
168
162
230
153
167
162
230
155
168
162
230
154
167
140
216
139
151
140
216
139
145
431
286
383
318
431
286
381
320
431
286
380
320
431
286
385
320
431
286
383
321
431
286
382
321
431
286
380
319
431
286
384
319
431
286
379
319
431
286
383
320
431
286
383
317
431
286
384
322
190
189
196
139
190
189
195
140
181
160
197
109
214
84
257
51
341
216
325
222
156
240
147
174
156
240
145
176
156
240
150
176
156
240
146
177
141
223
136
152
181
157
195
109
405
241
373
269
160
239
148
172
160
239
155
174
160
239
156
174
160
239
150
174
160
239
154
176
160
239
149
172
160
239
153
174
160
239
150
176
160
239
147
173
160
239
155
175
424
271
381
305
424
271
381
301
424
271
379
300
424
271
380
303
424
271
380
299
424
271
378
303
424
271
380
300
424
271
377
306
408
279
363
305
178
157
195
106
178
157
200
101
178
157
196
106
178
157
191
108
178
157
198
104
390
239
361
261
149
243
135
170
149
243
136
173
470
284
395
315
470
284
398
313
179
234
166
178
184
237
170
181
184
237
172
181
184
237
172
182
184
237
168
182
184
237
170
182
184
237
169
183
179
157
195
106
179
157
196
106
179
157
198
104
196
104
231
64
406
302
350
323
406
302
351
324
406
302
351
323
406
302
350
322
406
302
349
323
187
141
208
95
371
244
340
257
141
226
135
152
424
270
381
305
424
270
381
301
424
270
379
300
424
270
380
303
424
270
380
299
424
270
378
303
424
270
380
300
424
270
377
306
407
294
356
320
407
294
353
312
407
294
353
317
407
294
354
323
407
294
352
316
407
294
356
318
407
294
356
322
407
294
356
323
407
294
354
318
202
100
238
62
433
271
389
302
433
271
387
311
433
271
388
308
433
271
386
307
433
271
388
306
433
271
385
310
191
230
185
177
191
230
186
176
191
230
184
177
191
230
175
179
191
230
183
177
191
230
176
178
191
230
185
176
448
280
399
320
448
280
402
321
448
280
397
321
448
280
398
319
448
280
399
321
448
280
398
321
448
280
400
321
448
280
400
320
203
84
246
47
387
260
352
279
387
260
351
279
387
260
352
280
359
237
336
249
406
278
362
304
406
278
363
305
326
177
325
180
296
184
294
174
336
202
325
206
123
197
129
124
189
156
206
108
168
152
193
93
168
152
188
97
370
245
340
258
194
110
229
67
140
220
138
152
209
78
254
44
132
212
131
140
143
223
138
152
410
297
356
320
410
297
357
321
410
297
357
320
410
297
357
324
410
297
356
322
410
297
358
322
410
297
356
323
410
297
358
323
413
298
358
322
335
199
325
204
400
302
350
323
400
302
347
320
400
302
347
323
400
302
350
322
400
302
349
323
412
229
385
260
446
277
399
320
446
277
398
319
446
277
399
321
446
277
399
317
446
277
400
316
446
277
398
321
192
187
196
139
192
187
192
139
181
158
195
109
181
158
197
109
404
301
350
323
404
301
347
323
404
301
351
324
404
301
350
320
404
301
351
323
404
301
350
322
404
301
349
323
463
282
393
314
176
208
174
152
333
195
325
199
193
181
200
134
193
181
201
133
392
204
376
229
183
220
176
166
183
220
176
165
183
220
173
166
183
220
175
165
183
220
179
166
404
300
350
323
404
300
347
323
404
300
353
324
404
300
351
324
404
300
350
320
404
300
351
323
404
300
350
322
404
300
349
323
404
300
352
320
404
300
349
319
408
296
356
320
408
296
357
321
408
296
354
323
408
296
357
320
408
296
356
318
408
296
356
322
408
296
356
323
427
274
381
305
427
274
383
306
427
274
389
302
427
274
386
307
427
274
381
307
427
274
383
309
427
274
380
309
427
274
380
306
405
280
362
306
405
280
363
307
405
280
362
307
405
280
361
304
405
280
363
305
131
210
131
140
131
210
132
137
185
154
203
106
347
236
324
245
157
171
170
111
348
232
325
239
404
295
353
312
404
295
353
317
404
295
354
323
404
295
353
324
404
295
350
320
404
295
352
316
404
295
351
323
404
295
351
315
404
295
352
320
404
295
349
319
404
295
354
318
334
196
325
199
334
196
326
201
162
177
172
118
162
177
171
119
175
239
162
180
175
239
163
179
175
239
161
180
408
213
386
244
157
174
170
113
193
227
186
176
193
227
185
175
193
227
185
176
193
227
187
175
193
227
183
176
449
279
399
320
449
279
402
321
449
279
398
319
449
279
399
321
449
279
399
317
449
279
400
316
449
279
398
321
449
279
400
321
449
279
400
320
171
206
172
147
171
206
173
147
180
200
181
146
203
95
243
57
195
176
202
130
195
176
205
129
195
176
208
129
195
176
203
130
195
176
206
128
354
242
330
253
354
242
328
251
142
224
136
152
167
201
170
143
164
244
152
180
164
244
153
181
164
244
149
180
407
250
373
277
407
250
373
276
407
250
371
278
407
250
376
276
407
250
372
276
407
250
375
277
407
250
374
276
229
57
282
31
395
245
360
268
159
235
154
172
159
235
150
169
159
235
153
169
159
235
149
172
159
235
148
169
159
235
152
171
159
235
155
171
165
239
155
174
165
239
156
174
165
239
154
176
165
239
153
174
165
239
155
175
192
168
207
120
166
243
152
180
134
178
144
111
134
178
145
110
394
51
435
86
398
255
363
277
398
255
364
277
398
255
365
278
182
150
202
100
182
150
200
101
182
150
201
100
182
150
202
101
163
163
182
103
163
163
177
107
163
163
183
102
135
223
130
150
135
223
131
147
192
232
177
180
192
232
179
180
192
232
178
180
192
232
183
180
192
232
179
181
192
232
181
180
192
232
178
181
177
131
202
82
177
131
207
79
200
171
210
126
187
233
176
179
187
233
175
179
187
233
176
178
187
233
172
179
157
169
173
108
157
169
171
109
157
169
170
110
129
218
127
145
129
218
128
144
167
237
155
174
167
237
156
174
167
237
155
175
183
150
203
101
183
150
202
101
185
229
179
174
185
229
171
175
182
236
170
180
182
236
168
180
182
236
172
179
394
202
379
228
124
197
129
124
192
139
216
93
385
259
352
279
385
259
354
279
349
239
325
247
398
298
347
320
398
298
347
317
398
298
347
315
398
298
346
316
398
298
348
315
398
298
349
319
398
298
348
317
398
298
346
318
405
238
379
265
159
246
152
180
159
246
153
181
159
246
144
179
159
246
146
179
159
246
149
180
402
301
350
323
402
301
347
323
402
301
351
324
402
301
350
320
402
301
351
323
402
301
350
322
402
301
349
323
402
301
349
319
428
277
380
312
428
277
379
312
428
277
385
312
428
277
384
313
428
277
383
313
428
277
387
311
428
277
383
314
428
277
388
308
428
277
386
307
428
277
383
309
428
277
380
309
428
277
385
310
428
277
380
313
185
236
170
181
185
236
172
181
185
236
175
180
185
236
170
182
404
294
353
312
404
294
353
317
404
294
354
323
404
294
353
324
404
294
350
320
404
294
352
316
404
294
351
323
404
294
351
315
404
294
352
320
404
294
349
319
404
294
354
318
187
204
187
152
173
239
161
178
143
222
139
151
143
222
138
152
143
222
139
152
404
277
362
304
404
277
363
305
357
252
326
260
401
293
353
312
401
293
353
317
401
293
354
323
401
293
353
324
401
293
351
324
401
293
350
320
401
293
352
316
401
293
351
323
401
293
351
315
401
293
356
318
401
293
352
320
401
293
349
319
401
293
354
318
397
296
344
311
397
296
347
317
397
296
342
312
397
296
347
315
397
296
344
314
397
296
346
316
397
296
348
315
397
296
345
313
397
296
349
319
397
296
348
317
397
296
346
318
397
296
348
313
423
269
381
301
423
269
379
300
423
269
380
303
423
269
380
299
423
269
378
303
423
269
380
300
186
208
181
156
186
208
186
154
402
250
365
276
402
250
370
274
164
202
167
141
335
197
326
201
165
200
169
139
165
200
168
139
339
209
325
213
132
219
129
146
132
219
131
147
425
281
381
315
425
281
377
313
425
281
379
313
425
281
380
312
425
281
379
312
425
281
385
312
425
281
384
313
425
281
383
313
425
281
379
314
425
281
383
314
425
281
380
314
425
281
380
316
425
281
385
310
425
281
382
316
425
281
380
313
425
281
378
313
175
162
195
106
175
162
191
108
366
244
337
256
366
244
340
258
366
244
336
255
430
292
380
324
430
292
379
324
430
292
378
322
430
292
376
322
409
283
364
308
409
283
364
309
171
193
178
136
171
193
176
134
167
163
181
108
167
163
183
108
347
242
319
246
347
242
321
248
397
290
351
323
397
290
346
309
397
290
349
312
397
290
348
313
160
243
149
179
160
243
148
178
160
243
146
177
159
238
148
172
159
238
150
174
159
238
149
172
159
238
153
174
159
238
150
176
159
238
148
171
238
47
290
27
416
289
370
317
416
289
371
319
416
289
368
317
416
289
372
318
416
289
370
318
416
289
370
320
416
289
371
317
416
289
368
318
416
289
370
316
416
289
367
317
416
289
369
318
416
289
369
320
416
289
367
318
415
227
389
259
415
227
389
258
166
158
186
100
166
158
182
103
166
158
185
101
166
158
183
102
469
289
392
320
469
289
390
316
469
289
388
319
469
289
389
319
469
289
391
321
469
289
389
318
468
289
392
320
468
289
390
316
468
289
388
319
468
289
389
319
468
289
389
318
435
282
383
318
435
282
385
320
435
282
390
316
435
282
385
316
435
282
388
319
435
282
388
315
435
282
384
319
435
282
389
319
435
282
383
317
435
282
382
316
435
282
386
316
435
282
389
318
435
282
386
317
440
277
390
316
440
277
388
315
440
277
394
314
440
277
395
315
440
277
393
314
417
237
390
268
197
101
235
60
233
60
272
41
385
258
349
275
385
258
348
274
385
258
353
277
385
258
354
279
385
258
352
277
385
258
355
279
433
273
385
312
433
273
384
313
433
273
383
313
433
273
387
311
433
273
388
308
433
273
386
307
433
273
388
306
433
273
385
310
433
273
392
308
157
233
150
169
157
233
147
166
157
233
153
169
157
233
148
169
157
233
152
171
184
207
187
152
180
240
170
181
180
240
166
183
180
240
165
182
180
240
168
182
174
209
173
152
167
146
189
91
162
193
168
132
293
186
291
175
444
274
399
313
444
274
397
312
444
274
400
314
444
274
394
314
444
274
395
315
444
274
397
311
444
274
398
313
444
274
398
312
444
274
393
314
410
299
357
321
410
299
356
322
410
299
356
323
158
179
169
118
424
277
383
306
424
277
377
308
424
277
381
307
424
277
380
309
424
277
380
306
424
277
377
310
157
172
170
112
393
49
435
86
211
76
254
44
405
294
353
312
405
294
353
317
405
294
354
323
405
294
353
324
405
294
350
320
405
294
352
316
405
294
356
318
405
294
352
320
405
294
356
323
405
294
354
311
405
294
354
318
408
217
386
247
405
234
377
261
217
73
261
43
421
270
381
301
421
270
379
300
421
270
380
299
421
270
378
303
421
270
380
300
448
282
399
320
448
282
402
321
448
282
395
321
448
282
397
321
448
282
398
319
448
282
396
321
448
282
399
321
448
282
398
321
448
282
400
321
448
282
404
323
217
75
260
45
427
272
381
305
427
272
383
306
427
272
381
307
427
272
380
309
427
272
380
303
427
272
380
306
397
288
353
312
397
288
353
317
397
288
351
324
397
288
351
323
397
288
348
305
397
288
351
315
397
288
354
318
407
298
354
323
407
298
353
324
407
298
356
322
407
298
352
320
407
298
354
318
412
224
387
255
401
300
350
323
401
300
347
320
401
300
347
323
401
300
350
320
401
300
351
315
401
300
350
322
401
300
349
323
401
300
348
315
401
300
349
319
401
300
348
317
180
241
166
183
180
241
166
185
180
241
167
184
180
241
168
182
180
241
169
183
444
282
399
320
444
282
395
321
444
282
392
320
444
282
397
321
444
282
398
319
444
282
396
321
444
282
399
321
444
282
398
321
444
282
393
321
444
282
391
321
191
234
179
181
191
234
178
181
191
234
175
182
169
168
183
112
333
221
317
226
184
158
203
106
139
213
138
141
139
213
139
143
139
213
139
145
430
281
381
315
430
281
383
318
430
281
379
313
430
281
387
314
430
281
385
312
430
281
384
313
430
281
383
313
430
281
379
314
430
281
383
314
430
281
385
316
430
281
388
315
430
281
380
314
430
281
380
316
430
281
383
317
430
281
382
316
430
281
386
316
430
281
380
313
430
281
386
317
346
235
321
240
415
231
388
262
196
120
226
78
271
190
269
171
244
48
296
30
244
48
295
30
244
48
293
31
355
244
325
250
355
244
327
251
355
244
330
254
355
244
327
252
183
223
173
168
183
223
178
168
183
223
171
169
183
223
176
169
423
270
381
301
423
270
379
300
423
270
380
303
423
270
380
299
423
270
378
303
423
270
380
300
355
242
330
253
355
242
328
251
355
242
330
251
363
237
339
250
363
237
338
250
363
237
341
251
453
281
402
321
453
281
406
323
453
281
404
323
453
281
403
324
409
305
353
324
449
282
399
320
449
282
402
321
449
282
397
321
449
282
398
319
449
282
396
321
449
282
399
321
449
282
398
321
449
282
400
321
449
282
404
323
449
282
403
324
438
279
390
316
438
279
385
316
438
279
388
319
438
279
388
315
438
279
394
314
438
279
389
319
438
279
395
315
438
279
386
316
438
279
389
318
438
279
386
317
438
279
393
314
392
249
358
270
402
254
366
278
416
231
390
262
162
164
176
107
162
164
177
107
417
235
390
266
330
197
322
200
187
116
220
71
134
193
141
124
471
287
395
315
433
281
381
315
433
281
383
318
433
281
385
320
433
281
387
314
433
281
384
313
433
281
383
313
433
281
383
314
433
281
385
316
433
281
388
315
433
281
384
319
433
281
380
316
433
281
383
320
433
281
383
317
433
281
382
316
433
281
386
316
433
281
389
318
433
281
386
317
430
279
381
315
430
279
379
313
430
279
380
312
430
279
387
314
430
279
385
312
430
279
384
313
430
279
383
313
430
279
379
314
430
279
387
311
430
279
383
314
430
279
385
316
430
279
388
308
430
279
388
315
430
279
380
314
430
279
380
316
430
279
385
310
430
279
382
316
430
279
386
316
430
279
380
313
430
279
378
313
160
236
155
173
160
236
154
172
160
236
150
169
160
236
149
172
160
236
153
174
160
236
148
169
160
236
152
171
160
236
148
171
160
236
155
171
412
228
386
258
412
228
388
257
386
255
353
274
386
255
352
275
126
187
134
117
401
250
365
276
407
297
356
320
407
297
353
317
407
297
354
323
407
297
353
324
407
297
356
318
407
297
356
322
407
297
352
320
407
297
354
318
403
301
350
323
403
301
347
323
403
301
351
324
403
301
350
320
403
301
351
323
403
301
350
322
403
301
349
323
362
255
331
265
160
181
170
120
160
181
171
119
434
284
383
318
434
284
385
320
434
284
383
321
434
284
382
321
434
284
385
316
434
284
388
319
434
284
384
319
434
284
389
319
434
284
383
320
434
284
383
317
434
284
384
322
434
284
389
318
434
284
385
322
141
221
138
152
177
121
207
73
177
121
206
73
177
121
205
74
142
222
138
152
333
191
326
195
421
268
380
295
421
268
381
301
421
268
379
300
421
268
379
296
421
268
380
299
421
268
378
303
421
268
380
300
405
223
381
251
405
223
378
252
227
60
281
32
227
60
282
32
227
60
277
34
127
201
132
127
127
201
136
123
182
149
202
100
182
149
200
101
182
149
201
100
182
149
202
101
163
230
156
168
163
230
153
167
163
230
155
168
163
230
154
167
228
61
272
38
228
61
278
35
156
168
173
106
156
168
170
108
156
168
171
107
156
168
172
107
176
237
162
180
176
237
163
179
176
237
165
179
176
237
166
178
142
216
139
145
142
216
141
146
142
216
140
145
424
275
381
305
424
275
383
306
424
275
377
308
424
275
381
307
424
275
380
309
424
275
380
306
424
275
377
310
424
275
377
306
132
188
141
117
402
252
366
278
402
252
365
278
162
200
166
139
137
222
135
152
137
222
132
146
234
52
286
29
234
52
282
31
234
52
285
30
398
285
352
307
398
285
350
303
398
285
354
311
170
157
192
99
142
226
135
152
139
222
136
152
139
222
135
152
135
219
132
146
431
276
381
315
431
276
387
314
431
276
385
312
431
276
384
313
431
276
383
313
431
276
387
311
431
276
383
314
431
276
388
308
431
276
386
307
431
276
383
309
431
276
388
315
431
276
388
306
431
276
385
310
431
276
392
308
431
276
380
313
423
275
381
305
423
275
377
308
423
275
381
307
423
275
380
306
423
275
377
306
208
93
248
57
348
235
324
242
158
245
144
178
158
245
152
180
158
245
144
179
158
245
146
179
158
245
149
180
331
197
322
200
162
196
168
135
193
180
201
133
173
170
184
117
437
280
387
314
437
280
390
316
437
280
385
316
437
280
388
319
437
280
388
315
437
280
394
314
437
280
389
319
437
280
395
315
437
280
386
316
437
280
389
318
437
280
386
317
437
280
393
314
140
161
160
94
130
231
122
158
130
231
124
157
130
231
123
156
130
231
127
155
130
231
123
155
247
46
298
30
247
46
297
30
375
257
340
270
375
257
337
269
375
257
340
271
375
257
338
269
444
273
399
313
444
273
397
312
444
273
400
314
444
273
395
315
444
273
397
311
444
273
398
313
444
273
398
312
223
78
266
49
223
78
267
49
169
207
170
148
169
207
169
149
404
282
361
309
168
235
156
174
198
175
205
129
198
175
208
129
198
175
203
130
132
225
128
152
132
225
128
148
132
225
127
152
132
225
128
153
275
194
275
177
275
194
276
177
286
185
287
172
286
185
286
172
286
185
285
171
122
199
129
124
358
245
327
251
358
245
330
254
358
245
327
252
405
277
362
304
132
220
129
148
132
220
129
146
246
47
296
30
246
47
295
31
246
47
298
30
246
47
297
30
172
188
178
132
172
188
179
130
172
188
180
130
175
157
190
107
175
157
197
100
175
157
193
104
175
157
196
101
144
243
132
169
144
243
133
172
144
243
131
171
144
243
133
171
137
188
145
121
137
188
146
119
177
126
205
77
177
126
203
79
328
183
324
185
130
193
137
121
130
193
136
123
135
222
131
147
366
243
340
257
366
243
337
254
185
218
179
165
166
231
156
168
395
54
435
91
395
54
435
88
398
253
363
276
188
119
220
74
272
187
271
168
346
233
322
238
392
49
434
86
333
228
313
230
383
255
350
274
171
191
178
132
171
191
176
134
423
280
379
313
423
280
380
312
423
280
379
312
423
280
386
307
423
280
377
310
423
280
378
313
199
105
233
66
339
208
325
213
393
204
378
229
393
204
377
229
393
204
379
228
128
181
137
112
403
252
366
278
404
279
362
306
404
279
361
304
404
279
362
304
404
279
361
303
404
279
363
305
199
94
238
55
204
85
248
48
197
173
210
126
197
173
206
128
188
104
223
61
369
243
339
255
369
243
337
254
130
194
137
121
130
194
136
123
305
175
306
169
349
243
321
248
362
246
337
259
362
246
330
254
362
246
336
258
187
232
175
179
187
232
176
178
187
232
172
179
406
241
373
269
406
241
375
269
406
241
374
269
157
166
173
106
157
166
171
107
157
166
172
107
160
164
173
108
160
164
175
106
164
233
154
172
164
233
153
169
164
233
155
171
210
91
249
57
210
91
251
56
434
279
381
315
434
279
383
318
434
279
387
314
434
279
390
316
434
279
385
312
434
279
384
313
434
279
383
313
434
279
387
311
434
279
383
314
434
279
385
316
434
279
388
315
434
279
383
317
434
279
382
316
434
279
386
316
434
279
389
318
434
279
386
317
143
193
150
125
143
193
149
126
172
171
184
117
187
215
183
162
339
210
325
216
339
210
325
215
140
221
138
152
469
284
395
315
229
58
281
32
229
58
282
32
229
58
277
34
390
49
432
83
406
304
350
323
406
304
351
324
406
304
351
323
406
304
349
323
470
283
397
312
470
283
394
314
470
283
395
315
470
283
398
313
470
283
398
312
470
283
393
314
180
232
171
175
153
174
165
112
153
174
164
113
408
231
382
260
408
231
384
259
408
231
381
260
328
186
323
188
201
82
246
44
130
227
128
152
130
227
127
152
197
226
186
176
197
226
186
177
178
153
190
107
178
153
197
102
178
153
193
104
159
165
173
107
159
165
175
106
224
76
266
49
224
76
267
49
224
76
271
46
224
76
269
47
152
247
136
174
200
101
237
62
187
139
210
92
450
281
399
320
450
281
402
321
450
281
398
319
450
281
399
321
450
281
398
321
450
281
400
321
450
281
400
320
450
281
404
323
450
281
403
324
472
285
397
312
472
285
398
313
196
132
221
90
138
201
142
131
130
190
140
116
130
190
137
121
130
190
136
123
196
227
185
177
196
227
186
176
196
227
184
177
196
227
186
177
196
227
185
176
167
168
182
110
167
168
183
110
167
168
184
109
172
179
182
122
178
241
165
182
388
259
349
275
388
259
354
279
388
259
352
277
388
259
355
279
396
294
344
311
396
294
342
312
396
294
347
315
396
294
344
314
396
294
348
315
396
294
345
313
396
294
348
313
174
208
173
151
169
197
173
139
133
229
127
155
133
229
128
153
133
229
130
155
300
179
300
171
193
231
177
180
193
231
179
180
193
231
178
180
193
231
186
179
193
231
183
180
193
231
184
179
193
231
185
178
193
231
181
180
288
185
287
172
288
185
286
172
170
177
179
123
170
177
184
118
172
186
180
129
172
186
179
130
172
186
180
130
152
175
165
112
152
175
164
113
135
203
140
130
198
122
227
81
381
244
354
263
409
295
356
320
409
295
357
321
409
295
357
320
409
295
357
324
409
295
356
318
409
295
356
322
409
295
358
322
409
295
356
323
409
295
358
323
234
63
286
38
331
230
309
229
472
283
399
313
472
283
397
312
472
283
398
313
190
105
225
62
401
251
365
276
401
251
364
277
162
162
181
103
162
162
178
104
423
277
383
306
423
277
377
308
423
277
381
307
423
277
380
309
423
277
380
306
423
277
377
310
336
201
325
206
336
201
325
205
336
201
325
204
135
201
140
130
440
281
395
321
440
281
392
320
440
281
390
316
440
281
388
319
440
281
389
319
440
281
393
321
440
281
391
321
440
281
389
318
440
281
386
317
174
183
180
129
174
183
182
128
134
225
130
150
134
225
130
154
134
225
129
148
406
251
373
277
406
251
373
276
406
251
371
278
406
251
372
276
406
251
374
276
431
291
382
324
152
176
164
113
156
244
144
178
156
244
144
179
156
244
146
179
156
244
149
180
343
234
319
238
343
234
320
239
408
246
375
274
236
61
287
37
236
61
286
38
133
205
136
133
133
205
135
134
404
222
378
251
141
206
143
138
429
279
381
315
429
279
379
313
429
279
380
312
429
279
379
312
429
279
387
314
429
279
385
312
429
279
384
313
429
279
383
313
429
279
379
314
429
279
383
314
429
279
388
315
429
279
380
314
429
279
380
316
429
279
382
316
429
279
380
313
429
279
378
313
198
106
233
66
166
203
168
144
166
203
170
143
409
246
375
275
409
246
375
274
176
124
207
73
176
124
207
74
166
166
180
110
166
166
183
108
166
199
169
139
166
199
171
138
166
199
171
140
188
116
218
73
188
116
220
71
188
116
219
72
400
252
365
276
400
252
364
277
396
204
381
229
158
240
147
174
158
240
150
174
158
240
150
176
158
240
147
173
394
243
363
266
394
243
361
266
394
243
362
266
196
228
185
177
196
228
186
177
196
228
185
178
196
228
183
178
403
277
361
304
403
277
362
304
403
277
361
303
403
277
363
305
172
238
161
178
172
238
159
178
161
180
171
121
208
86
251
50
208
86
250
51
356
242
330
253
356
242
328
251
356
242
330
251
410
213
388
245
174
127
207
73
190
104
225
62
430
276
380
312
430
276
385
312
430
276
384
313
430
276
383
313
430
276
387
311
430
276
383
314
430
276
388
308
430
276
386
307
430
276
383
309
430
276
388
306
430
276
385
310
430
276
380
313
333
192
327
197
158
249
146
183
158
249
145
182
180
113
216
64
179
160
195
109
396
57
435
91
396
57
435
88
159
180
170
119
274
189
276
172
137
198
141
131
339
212
324
216
339
212
325
218
361
245
330
253
361
245
336
258
191
227
185
175
191
227
179
175
191
227
184
174
191
227
185
174
182
151
202
100
182
151
203
101
182
151
202
101
182
151
198
104
219
69
270
37
184
222
173
168
184
222
178
168
184
222
176
169
432
275
387
314
432
275
385
312
432
275
384
313
432
275
383
313
432
275
387
311
432
275
383
314
432
275
388
308
432
275
386
307
432
275
383
309
432
275
388
306
432
275
385
310
432
275
392
308
367
243
339
255
367
243
337
254
188
227
179
174
188
227
177
173
188
227
179
173
183
148
202
100
183
148
200
101
183
148
201
100
183
148
202
101
165
230
154
168
165
230
156
168
165
230
155
168
184
229
177
173
184
229
171
175
177
138
202
87
177
138
203
87
169
176
184
117
234
54
288
30
234
54
280
33
234
54
278
34
234
54
284
32
234
54
282
32
122
202
129
124
405
242
375
269
405
242
374
269
210
78
255
44
401
280
359
305
401
280
359
306
182
240
166
185
182
240
167
184
182
240
168
185
182
240
169
184
182
240
172
182
182
240
170
182
182
240
169
183
182
240
170
184
383
257
349
275
383
257
348
274
383
257
353
277
383
257
352
276
383
257
355
278
383
257
352
277
426
270
381
305
426
270
381
301
426
270
380
303
426
270
380
306
132
224
128
152
132
224
128
148
132
224
129
148
132
224
129
146
350
241
325
250
350
241
327
251
350
241
330
254
350
241
327
252
151
245
137
173
151
245
136
174
151
245
136
173
151
245
139
179
151
245
137
175
151
245
139
178
179
159
195
109
341
240
317
245
404
293
356
320
404
293
353
312
404
293
353
317
404
293
354
323
404
293
353
324
404
293
350
320
404
293
352
316
404
293
351
315
404
293
356
322
404
293
352
320
404
293
356
323
404
293
354
311
404
293
354
318
188
202
188
150
136
213
135
145
401
278
362
306
382
255
346
271
382
255
350
274
382
255
347
272
161
234
154
172
161
234
150
169
161
234
153
169
161
234
152
171
161
234
155
171
399
254
363
277
399
254
364
277
364
238
339
250
364
238
338
250
326
178
325
180
137
219
136
152
135
205
140
130
135
205
138
134
135
205
139
133
155
245
141
178
190
190
195
140
190
190
193
141
185
235
170
180
185
235
170
181
185
235
175
179
185
235
172
181
185
235
172
179
140
160
159
94
177
211
174
155
198
107
233
66
159
169
174
109
159
169
173
110
406
279
362
306
406
279
362
304
406
279
361
303
406
279
363
305
410
282
364
308
470
287
392
320
470
287
390
316
470
287
389
319
470
287
395
315
470
287
393
321
470
287
389
318
404
242
373
269
404
242
374
269
195
112
230
69
195
112
228
70
195
112
231
68
178
155
200
101
178
155
197
102
178
155
191
107
178
155
193
106
427
282
381
315
427
282
377
313
427
282
379
313
427
282
379
317
427
282
385
312
427
282
384
313
427
282
383
313
427
282
379
314
427
282
383
314
427
282
380
319
427
282
380
314
427
282
380
316
427
282
382
316
427
282
380
313
427
282
378
313
143
217
141
146
214
86
257
52
140
222
136
152
246
48
296
31
246
48
298
30
246
48
299
30
443
273
399
313
443
273
397
312
443
273
400
314
443
273
394
314
443
273
395
315
443
273
397
311
443
273
398
313
443
273
398
312
352
242
325
250
352
242
330
253
352
242
328
251
352
242
327
251
352
242
330
254
352
242
327
252
181
239
170
181
181
239
166
183
181
239
168
182
181
239
170
182
246
44
294
29
246
44
295
28
326
186
322
187
404
280
361
307
404
280
362
306
404
280
363
307
404
280
362
307
402
288
354
311
394
203
378
229
394
203
379
228
195
228
185
177
195
228
186
176
195
228
184
177
195
228
183
177
195
228
186
177
195
228
185
178
195
228
185
176
195
228
183
178
407
282
361
307
407
282
362
307
407
282
364
308
407
282
364
309
449
278
399
320
449
278
402
321
449
278
398
319
449
278
399
321
449
278
399
317
449
278
400
316
449
278
398
321
449
278
400
321
449
278
400
320
136
222
132
146
136
222
131
147
176
159
195
106
176
159
191
108
176
159
191
107
176
159
193
106
125
196
131
125
424
274
381
305
424
274
383
306
424
274
377
308
424
274
381
307
424
274
380
303
424
274
380
306
424
274
377
306
172
201
174
144
394
204
379
229
394
204
378
230
394
204
380
228
364
244
338
258
364
244
333
253
364
244
339
258
364
244
337
256
364
244
340
258
364
244
336
255
152
246
137
173
152
246
139
179
447
278
399
320
447
278
397
321
447
278
398
319
447
278
399
321
447
278
399
317
447
278
400
316
447
278
398
321
447
278
400
320
141
212
139
145
141
212
141
146
141
212
140
145
160
165
173
108
422
268
381
301
422
268
379
300
422
268
380
303
422
268
380
299
422
268
378
303
422
268
380
300
435
271
387
311
435
271
388
308
435
271
394
308
435
271
392
308
405
237
377
264
402
279
361
307
402
279
362
306
402
279
359
304
402
279
362
307
164
236
155
173
164
236
154
172
164
236
155
174
164
236
155
171
165
159
186
100
165
159
182
103
165
159
185
101
165
159
183
102
468
286
390
316
468
286
388
319
468
286
389
319
468
286
389
318
292
188
289
176
292
188
290
177
223
77
266
49
223
77
269
47
163
158
180
102
128
207
130
133
351
239
333
253
351
239
325
246
351
239
332
252
351
239
330
251
351
239
325
247
351
239
324
245
412
230
384
261
412
230
385
260
189
234
177
180
189
234
179
180
189
234
178
180
189
234
175
180
189
234
178
181
171
184
180
129
171
184
178
127
193
182
200
134
193
182
201
133
404
299
350
323
404
299
353
317
404
299
353
324
404
299
351
324
404
299
350
320
404
299
352
316
404
299
351
323
404
299
351
315
404
299
350
322
404
299
349
323
404
299
352
320
404
299
349
319
175
178
184
123
402
289
357
321
402
289
354
311
414
286
366
314
414
286
370
314
414
286
369
314
414
286
371
315
218
81
261
50
162
234
154
172
162
234
150
169
162
234
153
169
162
234
152
171
162
234
155
171
450
280
399
320
450
280
402
321
450
280
398
319
450
280
399
321
450
280
398
321
450
280
400
321
450
280
400
320
450
280
404
323
178
122
205
76
178
122
207
74
387
256
357
277
387
256
352
276
387
256
352
275
234
84
274
59
164
168
180
110
189
226
179
174
189
226
177
173
189
226
179
173
194
228
185
177
194
228
186
176
194
228
184
177
194
228
183
177
194
228
186
177
194
228
185
178
194
228
185
176
194
228
183
176
412
289
366
316
412
289
367
317
412
289
367
316
433
276
381
315
433
276
387
314
433
276
385
312
433
276
384
313
433
276
383
313
433
276
387
311
433
276
383
314
433
276
388
308
433
276
388
315
433
276
385
310
433
276
392
308
178
240
165
182
469
283
394
314
469
283
393
314
422
271
381
301
422
271
379
300
422
271
380
303
422
271
380
299
422
271
378
303
422
271
380
300
137
206
139
135
137
206
141
133
162
204
164
142
159
179
170
119
126
182
137
110
125
191
134
117
125
191
129
124
453
278
402
321
453
278
406
323
437
271
387
311
437
271
388
308
437
271
394
308
437
271
392
308
215
82
257
51
133
228
128
152
133
228
127
152
133
228
127
155
133
228
128
153
133
228
130
155
273
194
275
177
180
206
180
151
186
139
210
92
182
218
174
163
338
209
325
216
338
209
325
215
229
59
280
33
229
59
278
34
229
59
284
32
182
134
208
85
182
134
208
86
192
171
203
124
160
199
164
135
156
230
151
166
156
230
152
166
156
230
153
167
156
230
152
167
159
174
172
114
126
207
132
127
157
170
173
108
424
269
381
301
424
269
379
300
424
269
380
303
424
269
380
299
424
269
378
303
424
269
380
300
412
295
360
321
412
295
357
320
412
295
358
322
412
295
359
319
412
295
360
324
412
295
360
320
412
295
358
323
396
203
381
229
403
223
377
251
403
223
378
251
167
161
187
102
167
161
190
99
167
161
185
104
126
208
130
133
188
201
188
150
425
279
377
313
425
279
379
313
425
279
380
312
425
279
379
312
425
279
386
307
425
279
383
309
425
279
380
309
425
279
385
310
425
279
377
310
425
279
380
313
425
279
378
313
298
183
297
174
353
243
325
250
353
243
326
250
353
243
327
251
353
243
330
254
353
243
327
252
139
210
141
140
139
210
139
143
139
210
140
138
139
210
140
140
161
242
149
179
161
242
154
176
161
242
150
176
161
242
148
178
469
287
392
320
469
287
390
316
469
287
388
319
469
287
389
319
469
287
395
315
469
287
391
321
469
287
389
318
180
152
202
100
180
152
200
101
180
152
201
100
176
238
162
180
176
238
163
179
176
238
165
179
176
238
166
178
412
243
379
272
412
243
378
273
355
240
333
253
355
240
328
248
355
240
332
252
355
240
330
251
430
291
376
321
430
291
380
324
430
291
379
324
430
291
378
322
430
291
376
322
165
168
180
110
288
193
285
180
171
152
187
102
171
152
189
99
171
152
193
96
171
152
192
97
171
152
190
99
170
178
179
123
163
161
181
103
285
182
285
168
285
182
284
168
176
209
175
153
413
243
379
273
440
276
397
312
440
276
390
316
440
276
394
314
440
276
395
315
440
276
393
314
138
203
141
133
403
281
361
307
403
281
359
305
403
281
359
306
403
300
350
323
403
300
347
323
403
300
351
324
403
300
350
320
403
300
352
316
403
300
351
323
403
300
350
322
403
300
349
323
403
300
352
320
403
300
349
319
407
280
362
306
407
280
363
307
407
280
361
304
407
280
363
305
130
224
127
152
189
120
221
75
392
38
438
73
211
77
255
44
211
77
257
43
390
245
358
266
470
282
397
312
470
282
394
314
244
45
292
29
244
45
295
28
190
111
222
69
224
77
269
48
224
77
267
49
399
252
365
276
399
252
363
276
186
236
172
181
186
236
172
182
186
236
175
180
186
236
170
182
410
294
356
320
410
294
357
321
410
294
357
320
410
294
356
318
410
294
358
322
410
294
359
319
410
294
358
323
191
105
230
60
191
105
228
62
192
225
179
174
192
225
184
174
192
225
185
174
386
256
357
277
386
256
352
276
386
256
350
274
386
256
352
275
193
185
198
137
193
185
199
136
154
245
141
178
337
207
324
211
337
207
325
213
141
225
135
152
181
205
180
151
430
286
381
320
430
286
380
320
430
286
383
321
430
286
382
321
430
286
380
319
430
286
379
319
430
286
383
320
436
280
387
314
436
280
390
316
436
280
385
316
436
280
388
319
436
280
388
315
436
280
394
314
436
280
389
319
436
280
386
316
436
280
389
318
436
280
386
317
436
280
393
314
206
96
244
59
206
96
247
58
206
96
245
59
206
96
246
58
174
178
184
123
186
145
203
101
186
145
208
97
196
111
230
69
412
227
386
258
412
227
389
256
412
227
388
257
434
282
383
318
434
282
385
320
434
282
387
314
434
282
390
316
434
282
385
316
434
282
388
319
434
282
388
315
434
282
384
319
434
282
389
319
434
282
383
320
434
282
383
317
434
282
382
316
434
282
386
316
434
282
389
318
434
282
386
317
389
35
436
69
389
35
436
70
427
277
379
313
427
277
380
312
427
277
379
312
427
277
383
313
427
277
388
308
427
277
386
307
427
277
383
309
427
277
380
309
427
277
388
306
427
277
385
310
427
277
377
310
427
277
380
313
362
248
334
260
286
190
281
176
385
243
356
263
409
231
382
260
409
231
381
260
409
231
381
261
409
231
383
260
162
195
168
132
162
195
168
135
403
225
378
252
405
225
380
253
405
225
379
253
405
225
383
252
127
216
127
139
415
286
366
316
415
286
366
314
415
286
370
314
415
286
369
314
415
286
371
315
432
279
381
315
432
279
387
314
432
279
385
312
432
279
384
313
432
279
383
313
432
279
387
311
432
279
383
314
432
279
385
316
432
279
388
315
432
279
380
316
432
279
383
317
432
279
382
316
432
279
386
316
432
279
386
317
396
245
360
268
157
168
173
107
157
239
147
174
157
239
150
174
157
239
150
176
157
239
147
173
143
216
141
146
143
216
140
145
405
230
378
258
188
146
209
99
188
146
208
99
188
146
208
100
186
107
223
61
403
280
361
307
403
280
359
304
403
280
362
307
182
153
203
101
182
153
202
101
184
204
180
151
184
204
189
149
184
204
183
151
184
204
188
150
392
260
352
279
392
260
354
279
392
260
357
281
392
260
355
279
400
155
401
187
191
120
221
76
167
233
155
173
