Test81.jpg
Test82_2.jpg
451
48
573
221
451
48
574
222
451
48
579
230
447
46
578
226
447
46
578
227
447
46
579
229
455
47
578
225
455
47
578
226
455
47
577
223
448
47
574
222
454
47
578
225
454
47
578
226
454
47
577
223
454
47
579
229
449
48
574
223
446
46
578
227
453
46
578
225
449
47
574
222
449
47
578
227
449
47
579
229
449
47
579
230
450
48
574
223
454
51
576
230
454
51
575
227
444
166
481
315
449
170
480
315
449
170
478
312
447
169
478
311
447
169
480
315
442
166
480
314
442
166
481
315
456
48
578
225
456
48
578
226
456
48
578
227
456
48
579
229
456
52
576
230
