Test1027.jpg
Test1028_3.jpg
100
126
124
274
104
126
126
272
228
194
257
240
228
194
260
240
228
194
258
239
224
192
252
241
230
197
260
240
230
195
260
240
230
195
258
239
223
197
255
243
228
198
259
243
225
196
255
243
225
196
259
243
225
196
256
243
228
196
257
240
228
196
259
243
228
196
260
240
225
192
255
241
231
195
258
239
223
193
252
241
226
196
259
243
226
196
256
243
229
193
260
240
231
199
260
240
231
193
258
237
226
198
259
243
231
197
260
240
225
194
255
241
225
194
255
243
225
194
256
243
225
194
254
242
226
194
255
241
292
263
346
243
