Test47_rot.jpg
Test48_rot.jpg
82
359
39
246
82
359
40
248
82
359
41
248
82
360
40
248
84
360
44
243
84
360
44
244
84
360
43
245
84
360
44
245
135
387
286
386
135
387
285
386
134
387
286
386
134
387
286
387
134
387
285
386
195
331
159
274
195
331
160
274
195
331
164
274
196
330
159
274
196
330
160
274
196
330
164
274
229
138
269
112
237
172
247
242
237
172
247
240
237
173
247
240
359
372
289
372
359
372
288
371
360
372
289
372
360
372
288
371
357
372
289
372
357
372
287
372
357
372
288
371
355
373
289
372
360
370
292
369
360
370
288
371
358
390
283
389
377
286
340
298
377
286
339
299
377
286
343
299
377
286
340
300
377
286
342
298
377
286
338
299
377
286
341
298
375
286
340
298
375
286
339
299
375
286
338
295
375
286
339
295
375
286
338
299
375
286
340
295
375
286
341
298
377
284
340
298
377
284
339
299
377
284
342
298
377
284
338
299
377
284
341
298
377
285
340
298
377
285
339
299
377
285
342
298
377
285
338
299
377
285
341
298
381
386
305
388
377
387
305
388
377
387
305
389
380
386
305
388
379
387
305
389
380
387
305
389
399
269
357
295
399
269
366
295
399
269
367
295
403
273
366
295
403
273
367
295
403
269
366
295
403
269
367
295
394
278
353
293
394
278
357
295
395
278
357
295
403
274
366
295
403
274
367
295
403
277
366
295
403
277
367
295
403
278
366
295
403
272
366
295
403
272
367
295
397
269
357
293
397
269
357
295
397
269
366
295
397
269
367
295
424
262
394
280
424
262
394
281
424
262
394
282
427
262
394
281
423
257
394
280
423
257
395
281
423
257
394
281
423
257
394
282
423
257
395
282
424
256
394
280
424
256
395
281
424
256
394
281
424
256
394
282
424
256
395
282
425
262
395
281
425
262
394
281
425
262
394
282
425
262
395
282
421
261
394
280
422
261
394
280
425
261
395
281
425
261
395
282
438
223
417
260
438
223
416
261
438
223
417
262
438
226
416
268
438
226
417
262
481
295
442
329
505
267
468
331
501
259
471
322
507
260
468
324
507
260
469
325
504
267
468
331
519
220
497
293
519
220
499
296
518
220
499
296
520
220
497
293
520
220
499
296
515
267
470
333
526
217
502
293
529
217
507
293
527
217
502
293
521
220
497
293
521
220
499
296
530
217
507
293
522
222
499
296
522
222
499
298
524
243
494
317
524
243
494
318
524
243
492
315
524
243
491
315
524
243
492
316
524
243
494
316
524
243
492
318
524
243
487
314
524
243
496
316
524
243
496
317
524
243
495
318
524
243
497
318
533
238
501
316
533
238
506
316
533
238
502
318
533
238
504
318
524
241
494
317
524
241
496
317
533
236
501
316
533
236
502
312
533
236
502
311
533
236
497
312
533
236
506
316
533
236
509
315
527
242
494
317
527
242
494
318
527
242
492
315
527
242
491
315
527
242
492
316
527
242
494
316
527
242
492
318
527
242
496
316
527
242
496
317
527
242
495
318
527
242
497
318
533
239
501
316
533
239
500
317
533
239
506
316
533
239
502
318
533
239
504
318
523
245
494
317
523
245
494
318
523
245
492
318
523
245
495
318
523
244
494
317
523
244
494
318
523
244
492
315
523
244
491
315
523
244
492
316
523
244
494
316
523
244
485
313
523
244
492
318
523
244
487
314
523
244
495
318
523
244
497
318
528
244
494
317
528
244
494
318
528
244
492
316
528
244
494
316
528
244
492
318
528
244
496
316
528
244
496
317
528
244
495
318
528
244
497
318
523
268
470
334
535
237
501
316
535
237
502
312
535
237
506
316
535
237
504
318
543
239
506
316
534
239
501
316
534
239
500
317
534
239
506
316
534
239
502
318
534
239
504
318
536
237
501
316
536
237
506
316
536
237
504
318
544
239
506
318
544
236
506
316
544
236
509
318
544
236
509
317
544
236
509
316
544
236
509
315
544
236
510
315
545
238
506
318
545
238
509
318
545
238
509
317
545
238
509
316
535
239
501
316
535
239
500
317
535
239
506
316
535
239
502
318
535
239
504
318
573
178
256
239
576
178
243
241
595
242
559
345
594
253
552
349
594
244
559
345
595
253
550
351
595
253
550
350
599
241
564
344
603
241
564
344
603
241
567
344
