7_7_l.jpg
7_7_r.jpg
456
341
223
350
456
341
222
350
414
332
175
343
457
343
219
352
457
343
223
352
457
343
222
352
462
340
225
349
461
344
223
352
457
185
233
204
404
334
166
346
457
342
224
351
457
342
220
351
457
342
221
351
482
190
252
213
415
332
175
343
460
341
223
350
460
341
226
350
460
341
222
350
446
347
212
356
483
192
252
213
458
340
225
349
461
341
226
350
410
333
169
345
453
343
219
352
456
343
219
352
456
343
223
352
456
343
222
352
412
333
173
344
459
341
223
350
459
341
226
350
459
341
222
350
459
342
224
351
459
342
221
351
459
342
225
351
411
333
169
345
458
342
224
351
458
342
220
351
458
342
221
351
458
342
225
351
