Test240.jpg
Test241.jpg
580
224
482
232
565
222
466
229
565
222
465
229
564
208
468
215
564
208
469
216
513
156
420
166
513
156
419
165
561
223
461
230
561
209
467
216
561
209
466
216
565
224
467
230
565
224
468
230
565
207
469
215
559
208
464
215
559
208
465
215
559
223
461
230
528
146
434
160
528
146
435
160
560
208
465
215
569
207
474
214
569
207
473
214
564
222
465
229
569
208
473
215
569
208
472
215
448
156
363
167
577
220
478
228
442
178
356
188
442
178
355
188
514
157
420
166
514
157
420
167
570
208
473
215
570
208
472
215
517
169
423
179
562
209
467
216
562
209
467
217
563
222
465
229
572
206
477
213
449
172
362
182
443
156
359
167
566
208
471
216
566
208
470
216
513
157
420
167
567
207
472
215
424
176
328
185
571
207
474
214
571
207
473
214
575
207
478
215
567
208
472
216
563
221
463
228
514
169
423
179
560
224
461
230
561
221
463
228
561
221
462
228
559
220
463
228
559
220
462
228
526
148
435
160
578
225
482
232
515
158
420
168
560
223
461
230
562
208
467
215
