4_4_l.jpg
4_4_r.jpg
185
175
48
152
194
174
56
152
261
268
132
259
261
268
130
259
247
313
118
305
179
171
40
148
179
171
40
147
274
276
149
267
274
276
149
265
274
276
147
267
231
274
100
263
242
280
113
271
242
280
114
270
242
280
114
272
242
280
112
272
260
252
133
245
311
284
187
271
311
284
188
273
311
284
187
272
311
284
188
272
311
284
187
273
310
281
187
270
310
281
187
271
310
283
187
270
310
283
187
271
310
283
188
273
310
283
187
272
310
283
188
272
310
283
186
271
310
283
187
273
309
282
187
270
309
282
187
271
309
282
188
273
309
282
187
272
309
282
188
272
309
282
186
271
309
282
187
273
217
169
85
147
217
169
85
146
245
277
114
267
245
277
114
272
353
336
231
327
177
171
40
148
177
171
40
147
281
275
158
266
281
275
156
265
281
275
155
265
281
275
157
265
281
275
157
266
212
173
80
150
307
280
183
268
307
280
184
268
307
280
187
270
307
280
186
269
307
280
185
268
280
260
150
250
211
172
80
150
232
151
105
133
232
151
104
132
232
151
105
132
232
151
104
131
240
153
109
132
240
153
111
134
240
153
110
133
240
153
113
135
274
277
149
267
274
277
147
267
231
271
100
263
328
171
210
159
307
277
185
267
234
145
105
126
234
145
105
125
234
145
107
126
239
285
110
269
239
285
112
272
239
285
109
276
249
274
114
267
249
274
116
268
233
150
105
130
233
150
104
131
259
275
128
262
259
275
131
266
259
275
131
265
259
275
133
265
244
160
117
143
329
157
210
145
234
151
104
132
234
151
105
132
234
151
104
131
234
151
108
133
306
295
182
286
308
281
187
270
308
281
187
271
308
281
186
269
308
281
185
271
308
281
186
271
247
299
119
291
247
299
117
293
247
299
118
292
247
299
117
291
247
299
118
290
247
299
118
291
312
285
190
275
312
285
191
276
312
285
188
273
312
285
187
272
312
285
188
272
312
285
189
276
312
285
188
275
312
285
187
273
313
290
188
280
313
290
190
281
313
290
189
279
313
290
189
280
247
319
117
311
248
300
119
291
248
300
118
292
300
279
177
270
300
279
176
270
300
279
176
269
308
280
187
270
308
280
186
269
308
280
185
268
247
300
119
291
247
300
117
293
247
300
118
292
247
300
118
291
179
172
40
148
179
172
39
149
179
172
40
149
179
172
38
149
249
299
119
291
302
280
177
270
302
280
180
270
302
280
181
270
302
280
183
271
302
280
176
270
302
280
181
271
302
280
180
271
302
280
179
271
302
280
183
270
302
280
182
271
310
284
190
275
310
284
187
271
310
284
188
273
310
284
187
272
310
284
188
272
310
284
188
275
310
284
187
273
213
157
79
133
247
296
119
291
247
296
117
291
247
296
118
290
247
296
118
291
309
280
187
270
309
280
186
269
302
279
183
268
302
279
180
270
302
279
181
270
302
279
176
269
302
279
183
270
178
169
39
146
178
169
40
145
178
169
40
147
312
289
188
279
312
289
188
280
312
289
189
278
312
289
189
279
312
289
189
280
312
289
188
278
176
167
41
144
176
167
40
145
176
167
37
144
304
280
183
268
304
280
184
268
304
280
180
270
304
280
181
270
304
280
183
271
304
280
185
271
304
280
183
270
311
287
187
275
311
287
188
276
311
287
189
278
311
287
189
276
311
287
188
275
311
287
188
278
282
275
158
266
282
275
156
265
282
275
158
265
282
275
157
265
282
275
157
266
245
278
113
271
245
278
114
270
245
278
114
272
303
280
183
268
303
280
177
270
303
280
180
270
303
280
181
270
303
280
183
271
303
280
181
271
303
280
180
271
303
280
184
271
303
280
179
271
303
280
183
270
303
280
182
271
248
321
118
313
277
257
147
247
277
257
148
248
180
167
41
144
186
174
49
152
186
174
48
152
237
155
106
134
237
155
108
136
237
155
105
133
237
155
110
137
237
155
107
135
234
158
104
139
234
158
105
139
234
158
104
138
234
158
106
139
234
158
105
138
240
156
113
139
240
156
110
137
312
287
187
275
312
287
191
276
312
287
188
276
312
287
189
278
312
287
189
276
312
287
188
275
177
173
39
149
177
173
40
149
177
173
38
149
239
150
111
131
235
154
106
134
235
154
108
136
235
154
105
133
235
154
107
135
190
169
51
146
179
168
40
145
312
316
187
308
312
316
188
308
305
279
183
268
305
279
185
267
305
279
184
268
305
279
185
268
305
279
183
270
310
285
190
275
310
285
187
275
310
285
188
273
310
285
188
276
310
285
189
276
310
285
188
275
310
285
187
273
238
152
109
132
238
152
110
134
238
152
109
133
238
152
111
134
238
152
108
132
238
152
110
133
238
152
108
133
243
161
116
144
325
158
209
146
185
167
49
145
278
274
152
265
278
274
149
265
314
311
190
303
314
311
188
304
308
279
185
267
308
279
186
269
308
279
185
268
276
277
149
267
276
277
149
265
276
277
147
267
313
287
192
276
313
287
190
275
313
287
191
276
313
287
189
276
234
150
105
130
234
150
108
132
234
150
104
131
298
276
174
267
298
276
173
267
218
174
84
151
218
174
85
152
312
315
187
308
271
254
142
245
271
254
142
244
258
269
128
262
258
269
128
261
258
269
130
259
312
312
190
303
312
312
189
304
312
312
188
304
312
312
186
304
233
144
106
125
233
144
105
125
233
144
107
126
312
286
192
276
312
286
190
275
312
286
187
275
312
286
191
276
312
286
188
273
312
286
188
276
312
286
189
276
312
286
188
275
312
286
187
273
237
152
110
134
237
152
109
133
237
152
108
132
237
152
108
133
243
330
114
325
276
161
153
145
236
151
105
130
236
151
109
132
236
151
109
133
236
151
108
132
236
151
110
133
313
289
188
279
313
289
189
278
313
289
189
279
235
160
104
139
324
159
206
146
324
159
206
147
219
157
87
133
255
280
124
269
329
158
210
146
329
158
209
146
329
158
211
146
329
158
210
145
305
280
183
268
305
280
184
268
305
280
181
270
305
280
183
271
305
280
185
268
305
280
185
271
305
280
184
271
305
280
183
270
238
148
111
129
238
148
111
130
238
148
112
130
238
150
107
130
238
151
107
130
238
151
109
132
238
151
108
132
238
151
111
133
238
151
110
133
216
171
84
149
313
288
189
278
313
288
189
276
313
288
188
278
238
287
109
281
238
287
109
280
238
287
109
276
230
149
104
131
245
290
118
286
245
290
118
283
245
290
119
282
245
290
118
284
245
290
118
282
247
302
119
295
247
302
117
294
256
272
128
262
306
276
185
267
258
267
130
259
307
281
187
270
307
281
187
271
307
281
186
269
307
281
185
268
307
281
185
271
307
281
184
271
307
281
183
270
307
281
186
271
315
285
192
276
219
175
84
151
219
175
85
152
234
161
104
142
310
290
188
280
310
290
190
281
310
290
189
281
310
290
189
280
356
336
231
327
356
336
233
327
181
173
40
149
187
173
49
150
239
149
111
130
239
149
111
131
190
177
50
153
309
288
188
279
309
288
189
278
309
288
189
279
309
288
188
278
355
335
231
327
355
335
233
327
222
170
91
148
301
278
176
269
239
153
111
135
239
153
110
134
239
153
109
133
239
153
108
132
239
153
108
133
262
319
134
311
262
319
133
311
262
319
132
312
233
148
107
130
277
250
149
241
308
308
184
300
187
169
50
147
187
169
51
146
187
169
48
146
248
304
119
295
185
168
48
146
185
168
46
145
178
171
40
148
178
171
40
147
276
162
153
147
266
250
140
241
266
250
139
241
306
280
183
268
306
280
185
267
306
280
184
268
306
280
186
269
306
280
185
268
306
280
183
270
306
280
186
271
181
180
45
157
231
150
104
132
231
150
104
131
235
156
107
137
245
160
117
143
194
175
55
152
236
146
106
125
236
146
105
125
236
146
107
126
270
259
140
249
233
152
106
134
233
152
105
133
233
152
104
132
233
152
105
132
233
152
104
131
310
282
187
270
310
282
187
271
310
282
187
272
310
282
188
272
312
288
189
278
312
288
189
276
312
288
189
279
312
288
188
278
239
290
109
281
239
290
109
280
275
162
153
147
275
273
149
265
283
275
158
266
283
275
158
265
283
275
157
265
283
275
157
266
178
170
39
146
178
170
40
147
277
256
151
248
233
151
104
132
233
151
105
132
233
151
104
131
232
152
105
133
232
152
104
132
277
258
150
250
277
258
148
248
277
274
152
265
277
274
149
265
240
154
113
137
240
154
114
137
244
280
113
271
244
280
114
270
244
280
114
272
244
280
112
272
276
258
150
250
277
275
149
267
277
275
152
265
277
275
149
265
294
336
168
329
244
159
117
142
301
279
177
270
301
279
180
270
301
279
181
270
301
279
176
270
301
279
176
269
300
278
176
269
236
150
107
130
236
150
109
132
237
156
108
136
237
156
107
137
237
156
107
135
243
160
117
143
328
158
210
146
328
158
207
145
328
158
209
146
328
158
211
146
179
167
41
144
327
158
210
146
327
158
207
145
327
158
209
146
312
313
190
303
312
313
189
304
312
313
188
304
312
313
187
306
312
313
188
305
239
289
109
281
239
289
109
280
244
279
113
271
244
279
114
270
244
279
114
272
244
279
112
272
233
146
105
126
190
171
50
147
190
171
51
147
190
171
51
148
248
326
118
319
248
326
118
320
237
153
110
135
237
153
108
133
188
173
49
150
188
173
51
150
354
336
231
327
354
336
233
327
275
275
149
267
275
275
149
265
275
275
147
267
