Test65.jpg
Test66.jpg
221
125
309
131
221
125
313
126
221
125
309
133
484
204
590
193
484
204
592
192
359
270
448
269
277
188
362
186
212
147
304
148
212
147
303
149
347
271
437
271
347
271
436
271
347
271
438
271
347
271
436
269
347
271
437
270
347
284
436
283
347
284
435
281
353
221
440
218
353
221
439
219
353
221
439
220
353
221
438
219
353
221
440
219
352
273
440
272
264
153
347
154
264
153
348
156
264
153
350
158
264
153
348
154
338
197
425
194
338
197
427
194
338
197
425
195
349
281
436
278
349
281
436
279
349
281
438
279
339
278
427
277
223
123
313
126
223
123
314
125
223
123
309
133
284
218
369
212
284
218
369
210
212
139
300
145
212
139
303
139
212
139
304
139
212
139
301
145
212
139
303
138
376
230
466
226
321
275
408
274
321
275
409
274
346
270
436
269
346
270
437
270
371
221
453
218
215
135
306
134
215
135
304
139
215
135
305
139
222
127
311
134
285
213
369
212
285
213
369
210
285
213
370
210
286
252
372
248
286
252
373
248
312
277
398
275
269
152
355
155
269
152
357
161
269
152
353
153
269
152
352
152
269
152
353
152
275
167
360
166
275
167
362
171
275
167
360
168
291
299
378
296
214
143
305
143
214
143
308
138
214
143
307
139
207
167
297
172
319
277
405
275
319
277
405
274
319
277
403
275
320
203
404
200
331
284
419
282
335
283
419
282
335
283
423
281
340
275
427
273
340
275
428
272
340
275
428
273
340
275
429
274
272
155
355
155
272
155
356
156
272
155
357
153
272
155
357
155
279
285
365
282
279
285
366
282
279
285
364
282
279
285
364
283
279
285
365
283
354
220
440
218
354
220
440
219
349
273
437
271
349
273
436
271
349
273
436
272
349
273
437
272
349
273
438
271
347
228
433
224
347
228
432
226
347
228
434
225
347
228
432
227
214
119
303
127
214
119
304
123
223
126
311
134
318
287
403
285
318
287
402
284
318
287
406
284
318
287
408
285
364
260
456
260
364
260
458
257
264
159
350
160
333
201
421
198
333
201
421
197
333
201
421
199
333
201
422
198
282
286
368
283
282
286
366
282
282
286
370
283
282
286
367
282
320
204
404
200
353
269
446
269
353
269
441
269
335
202
425
198
335
202
421
198
335
202
421
199
335
202
422
198
292
298
378
296
247
264
334
259
356
230
443
226
283
220
368
215
347
269
436
269
358
227
445
222
338
201
425
198
338
201
427
197
338
201
424
197
348
272
437
271
348
272
436
271
348
272
437
272
348
272
438
271
348
272
437
270
233
103
320
108
275
152
361
156
275
152
360
152
342
224
430
222
345
227
433
224
345
227
431
222
345
227
431
223
345
227
429
226
210
155
302
156
349
269
441
269
274
156
360
156
274
156
360
158
274
156
359
159
274
156
357
153
274
156
358
155
274
156
357
155
281
217
365
214
393
234
489
228
323
276
408
274
323
276
409
275
323
276
409
274
323
276
408
275
340
279
427
277
334
200
421
198
334
200
421
197
334
200
422
198
283
227
368
218
214
123
305
124
214
123
303
131
214
123
302
132
214
123
302
133
214
123
305
126
214
123
300
137
214
123
303
127
214
123
303
129
212
137
307
127
212
137
301
142
212
137
306
129
212
137
304
132
212
137
305
132
212
137
303
139
212
137
303
138
212
137
302
138
212
137
304
133
287
254
373
252
287
254
374
252
287
254
373
251
216
136
309
131
216
136
307
138
216
136
306
140
216
136
305
140
216
136
308
132
216
136
306
138
216
136
303
144
216
136
305
139
216
136
303
145
216
136
309
133
280
153
364
152
353
279
444
278
353
279
442
278
289
255
374
253
289
255
376
253
289
255
373
252
289
255
375
252
289
255
376
252
289
255
375
253
289
255
374
252
289
255
375
251
218
135
307
138
218
135
308
138
218
135
307
139
218
135
309
133
223
87
312
89
362
225
449
220
362
225
448
222
362
225
448
221
324
273
411
272
324
273
410
272
324
273
411
270
339
279
427
278
339
279
427
277
279
286
365
282
279
286
366
282
279
286
364
282
279
286
364
283
279
286
365
283
213
138
306
134
213
138
303
139
213
138
304
139
213
138
301
145
213
138
308
128
267
139
351
138
359
226
446
221
359
226
445
222
359
226
446
223
351
226
437
222
351
226
438
223
351
226
437
223
344
224
431
222
344
224
431
223
344
224
430
222
349
229
434
225
349
229
436
227
280
217
365
214
277
157
361
156
353
219
439
219
364
278
452
276
266
160
350
160
266
160
350
158
266
160
353
163
210
111
299
116
335
201
421
198
335
201
421
197
335
201
422
198
335
201
424
197
335
200
423
196
335
200
421
197
335
200
422
198
335
200
424
197
486
204
592
192
347
230
432
226
347
230
434
225
347
230
431
227
347
230
433
227
347
230
434
227
347
230
433
228
347
230
432
227
211
147
303
149
211
147
301
149
274
160
360
160
274
160
359
162
274
160
359
159
274
160
359
160
274
160
358
155
274
160
357
155
327
276
419
275
327
276
416
274
357
269
446
269
357
269
448
269
353
226
439
220
353
226
439
223
353
226
439
222
210
156
302
156
363
276
452
274
208
162
299
164
277
191
362
195
349
286
437
284
349
286
436
284
349
286
436
283
349
286
439
284
349
286
435
284
349
286
434
284
395
234
491
228
355
279
444
277
355
279
445
277
355
279
444
278
355
279
442
278
354
221
440
218
354
221
440
219
354
221
441
219
365
270
458
268
364
221
449
219
336
199
423
196
336
199
425
195
336
199
424
197
197
165
287
170
349
228
434
225
273
165
356
163
273
165
359
168
273
165
358
165
273
165
356
162
273
165
357
163
271
157
355
155
271
157
356
156
271
157
357
161
271
157
353
153
271
157
353
152
211
146
305
143
211
146
301
149
211
146
303
146
287
252
372
248
287
252
373
248
334
203
421
198
334
203
423
200
334
203
421
199
334
203
422
198
347
225
433
224
347
225
433
221
347
225
434
221
222
126
309
133
335
203
421
198
335
203
423
200
335
203
421
199
335
203
422
198
280
211
364
211
275
153
360
156
275
153
361
156
275
153
360
155
275
153
360
152
396
235
491
228
222
129
308
141
222
129
311
134
222
129
309
140
280
213
364
211
267
163
353
163
341
226
430
222
334
201
421
198
334
201
421
197
334
201
421
199
334
201
422
198
351
222
437
222
351
222
438
219
265
153
349
152
265
153
348
156
265
153
350
158
265
153
348
154
292
300
378
296
320
277
410
276
320
277
405
275
320
277
409
276
320
277
409
275
320
277
408
275
360
225
446
220
360
225
446
221
360
225
446
223
470
214
569
205
216
125
307
127
216
125
306
129
216
125
304
132
216
125
305
132
216
125
304
133
277
172
362
172
239
249
326
249
239
249
326
248
318
203
403
199
278
187
362
186
283
256
369
253
344
283
432
281
313
276
400
275
209
154
300
156
219
126
309
131
219
126
306
134
219
126
308
132
278
288
364
285
278
288
364
282
278
288
364
283
278
288
365
283
346
273
436
272
346
273
434
271
346
273
434
272
283
219
368
215
239
250
326
249
239
250
326
248
288
301
373
297
280
202
365
201
279
287
365
282
279
287
366
282
279
287
364
282
279
287
364
283
279
287
365
283
286
251
372
248
286
251
373
248
354
269
446
269
359
271
448
269
323
203
406
200
323
203
407
201
348
270
438
270
348
270
436
269
348
270
437
270
324
272
409
270
324
272
411
269
324
272
411
270
285
216
369
212
285
216
370
212
285
216
370
213
280
154
364
152
363
271
454
271
289
231
374
223
291
231
376
223
470
212
568
205
470
212
569
205
354
270
443
270
354
270
446
269
354
270
445
270
354
270
444
270
354
270
441
269
314
287
399
284
314
287
403
285
314
287
402
284
314
287
402
285
280
219
365
216
280
219
365
214
280
219
365
217
321
273
408
270
321
273
408
271
317
202
403
199
352
279
442
278
339
282
430
281
284
215
369
212
284
215
368
215
284
215
369
210
344
222
430
222
289
253
375
249
289
253
373
251
289
253
375
251
213
148
304
149
213
148
301
154
214
136
306
134
214
136
303
139
214
136
304
139
214
136
301
145
214
136
308
128
330
203
419
200
266
138
351
138
346
226
433
224
346
226
433
221
346
226
431
223
346
226
433
220
354
223
440
219
354
223
441
219
472
217
571
211
266
154
353
158
266
154
352
159
266
154
349
152
266
154
352
154
331
277
420
275
331
277
419
275
274
170
360
172
274
170
357
168
276
161
360
160
276
161
360
158
276
161
361
160
332
200
421
197
348
222
433
221
348
222
435
220
348
222
433
220
348
222
433
219
348
222
434
221
343
285
431
283
293
234
377
227
339
275
427
273
339
275
428
273
339
275
429
274
336
203
423
200
345
220
432
217
373
222
459
218
373
222
453
218
373
222
460
219
373
222
456
220
373
222
456
219
373
222
453
220
373
222
458
218
373
222
454
220
471
214
570
207
215
145
304
149
365
222
450
220
276
163
360
160
332
277
421
275
350
227
437
222
350
227
437
223
283
225
368
218
360
230
447
226
360
230
447
228
349
280
436
278
349
280
438
278
349
280
436
279
349
280
438
279
283
226
368
218
368
263
458
265
284
220
369
217
284
220
369
212
284
220
369
216
338
271
427
269
338
271
426
269
337
197
425
194
340
284
428
282
340
284
427
282
284
226
369
217
284
226
369
218
279
203
364
201
351
273
438
271
351
273
440
272
277
156
361
156
348
229
434
225
348
229
433
227
348
229
434
227
346
284
436
283
346
284
435
281
269
157
353
158
269
157
356
163
269
157
353
153
269
157
354
160
269
157
356
162
269
157
352
152
269
157
352
154
269
157
353
152
358
228
445
222
328
281
416
280
328
281
420
280
328
281
415
279
216
129
306
134
216
129
306
129
216
129
305
132
216
129
303
139
216
129
303
138
216
129
308
128
361
276
452
274
361
276
450
274
361
276
452
276
361
276
447
274
361
276
453
274
349
224
435
220
349
224
434
221
286
249
371
245
353
271
443
270
353
271
444
270
353
271
441
269
357
270
446
269
357
270
448
269
338
279
426
277
338
279
427
278
338
279
427
277
338
279
426
278
277
173
363
177
277
173
363
175
330
277
419
275
321
203
406
200
317
287
403
285
317
287
402
284
317
287
406
284
317
287
408
285
282
248
368
245
262
155
348
156
342
229
429
226
282
251
369
249
215
142
305
143
215
142
308
138
215
142
307
139
275
161
360
160
275
161
359
162
275
161
359
159
275
161
359
160
275
161
358
155
270
166
353
163
209
149
297
155
209
149
299
154
213
115
303
120
286
213
370
212
286
213
370
213
286
213
370
210
286
213
370
211
360
226
446
223
349
226
434
225
349
226
437
223
340
277
428
275
262
152
347
154
262
152
348
156
318
288
403
285
318
288
405
286
318
288
402
285
352
225
439
224
352
225
439
223
352
225
438
223
352
225
439
222
448
217
548
210
448
217
547
210
275
169
362
171
275
169
362
172
366
266
458
265
265
137
351
138
470
215
570
207
347
280
436
278
347
280
436
279
326
276
413
276
326
276
416
274
339
284
428
282
339
284
427
282
362
226
448
222
265
139
349
138
220
128
309
131
220
128
307
138
220
128
308
138
220
128
307
139
220
128
309
133
348
286
437
284
348
286
436
284
348
286
436
283
348
286
435
284
348
286
434
284
333
204
423
201
333
204
420
201
333
204
423
200
333
204
421
199
333
204
419
200
273
156
356
156
273
156
359
159
273
156
357
153
273
156
359
160
273
156
358
155
273
156
357
155
336
198
425
195
289
251
376
246
289
251
375
249
289
251
373
248
278
172
364
173
266
153
353
158
266
153
352
159
266
153
349
152
266
153
352
152
266
153
352
154
365
263
457
263
365
263
457
262
349
272
437
271
349
272
436
271
349
272
438
271
349
272
440
272
349
272
438
270
349
272
437
270
317
277
405
275
317
277
404
274
317
277
403
276
317
277
403
275
288
254
373
252
288
254
375
252
288
254
374
252
288
254
373
251
288
254
375
251
343
227
431
222
343
227
431
223
343
227
430
222
278
286
365
282
278
286
364
282
278
286
364
283
278
286
365
283
291
244
376
242
217
139
308
141
217
139
308
138
287
251
372
248
287
251
373
248
272
163
357
161
272
163
356
163
272
163
358
165
272
163
356
162
272
163
357
163
282
224
367
217
325
277
410
276
325
277
413
276
325
277
409
275
325
277
408
275
340
283
428
282
340
283
427
282
340
283
430
281
362
276
452
274
362
276
450
274
362
276
453
274
348
273
437
271
348
273
436
271
348
273
436
272
348
273
437
272
371
223
455
221
371
223
456
220
371
223
457
220
371
223
453
220
371
223
454
220
284
225
369
217
284
225
369
218
281
219
366
215
223
127
311
134
266
161
350
160
266
161
353
163
213
143
307
138
213
143
306
140
213
143
305
143
213
143
301
149
213
143
303
146
213
143
307
139
213
143
303
145
267
156
353
158
267
156
352
159
267
156
354
160
267
156
352
154
267
156
353
161
208
150
299
154
354
218
440
218
272
154
355
155
272
154
356
156
272
154
357
153
272
154
359
160
272
154
358
155
272
154
357
155
339
280
427
278
346
228
433
224
346
228
432
226
346
228
434
225
346
228
431
227
285
292
372
289
281
204
365
201
394
234
491
228
285
215
369
212
285
215
369
210
285
215
370
211
286
255
372
253
286
255
373
252
286
255
371
252
286
255
371
251
286
255
372
252
288
251
372
248
288
251
373
248
345
273
434
271
345
273
434
272
364
262
457
260
364
262
456
260
210
147
301
149
210
147
303
146
286
250
372
248
221
129
311
134
221
129
308
138
221
129
309
133
212
149
304
149
212
149
301
154
284
212
369
210
277
287
364
283
217
134
309
131
217
134
307
138
217
134
306
140
217
134
305
140
217
134
308
132
217
134
306
138
217
134
309
133
266
156
352
159
266
156
350
158
266
156
353
161
368
222
453
218
368
222
451
220
214
145
304
148
214
145
308
141
214
145
303
149
214
145
304
149
209
157
302
156
280
204
364
201
280
204
365
201
350
273
437
271
350
273
437
272
350
273
438
271
350
273
440
272
335
199
423
196
337
284
428
282
337
284
427
282
273
169
357
168
361
226
448
222
361
226
448
221
343
230
432
226
343
230
431
227
343
230
429
226
276
166
362
166
276
166
362
167
280
218
365
214
280
286
365
282
280
286
366
282
280
286
364
282
280
286
364
283
280
286
367
282
280
286
365
283
322
275
408
274
322
275
410
272
322
275
409
274
322
275
411
273
214
144
304
148
214
144
303
149
214
144
308
138
346
286
436
284
346
286
435
284
346
286
434
284
397
235
491
228
350
269
441
269
278
205
363
203
278
205
363
202
335
204
423
201
335
204
423
200
335
204
421
199
335
204
426
200
335
204
424
201
319
203
403
199
319
203
404
200
364
264
457
263
364
264
457
262
208
145
296
152
288
299
373
297
363
224
449
220
363
224
450
220
220
131
308
138
220
131
307
139
265
160
350
160
344
226
431
222
344
226
431
223
344
226
430
222
315
287
399
284
315
287
403
285
315
287
402
284
315
287
402
285
353
220
440
218
353
220
439
219
353
220
439
220
353
220
440
219
349
270
438
270
239
252
326
249
208
146
301
146
208
146
296
152
208
146
300
148
208
146
299
150
318
202
403
199
318
202
404
200
270
164
353
163
270
164
353
161
208
147
301
147
208
147
300
149
208
147
300
148
208
147
299
150
348
220
433
221
348
220
433
220
348
220
433
219
348
220
434
221
333
282
416
280
333
282
420
280
333
282
423
281
336
201
425
198
336
201
422
198
336
201
424
197
472
211
570
204
472
211
569
205
469
213
567
208
469
213
568
205
196
169
287
172
196
169
287
170
196
169
287
173
196
169
287
174
321
286
406
284
215
144
304
148
215
144
308
141
215
144
303
149
215
144
309
140
215
144
304
149
213
147
304
148
213
147
303
149
213
147
304
149
328
276
420
275
328
276
419
275
328
276
416
274
287
247
371
245
215
143
304
148
215
143
308
141
215
143
303
149
354
271
443
270
354
271
445
270
354
271
444
270
354
271
441
269
332
204
420
201
332
204
423
200
332
204
421
199
332
204
419
200
337
201
425
198
337
201
424
197
289
254
375
252
289
254
375
249
289
254
376
252
289
254
374
252
289
254
373
251
289
254
375
251
364
280
451
278
332
203
420
201
332
203
423
200
332
203
421
199
332
203
419
200
330
204
419
200
330
204
417
201
330
204
416
201
356
227
443
226
356
227
443
222
366
262
457
263
366
262
457
262
287
250
372
248
287
250
373
248
355
280
444
277
355
280
444
278
355
280
442
278
209
111
299
116
209
111
299
115
264
135
350
136
264
135
351
137
265
136
350
136
265
136
351
138
265
136
351
137
219
124
306
134
219
124
308
128
284
214
368
215
284
214
369
210
278
287
365
282
278
287
364
282
278
287
364
283
278
287
365
283
291
256
376
253
291
256
375
252
291
256
375
253
210
148
301
149
210
148
299
154
263
153
347
154
263
153
348
156
263
153
350
158
312
287
399
284
312
287
403
285
312
287
402
285
350
228
437
223
283
253
369
249
283
253
370
251
356
272
443
270
356
272
445
270
356
272
444
270
276
168
360
166
