paris_invalides_000662_1.jpg
paris_invalides_000663.jpg
275
195
271
178
310
201
304
183
108
357
107
341
319
216
308
195
319
216
308
194
315
211
309
194
110
358
110
342
317
213
309
195
317
213
308
194
306
197
299
178
274
196
270
179
318
214
309
195
318
214
309
194
283
195
279
179
312
207
307
189
318
215
308
194
297
191
287
169
297
191
288
170
320
217
308
195
320
217
308
194
317
214
306
193
317
214
308
195
317
214
308
194
110
359
109
343
320
218
308
195
109
359
109
343
275
196
272
180
275
196
273
180
111
358
110
342
313
203
304
183
111
359
111
343
308
203
301
184
308
203
304
186
