5_5_l.jpg
5_5_r.jpg
454
104
325
119
454
104
322
119
454
104
316
120
454
104
325
120
454
104
326
119
454
104
315
120
454
104
321
120
502
103
363
122
381
88
252
97
381
88
254
96
381
88
254
97
471
65
336
82
483
225
348
233
483
225
347
235
308
285
173
295
382
104
255
113
396
196
270
206
406
73
278
85
447
170
315
181
484
121
354
136
484
121
347
136
217
242
69
250
335
227
206
234
392
199
267
207
392
199
266
207
392
199
266
208
392
199
265
208
392
199
265
209
392
199
263
209
385
85
257
94
385
85
254
96
385
85
256
94
311
285
177
295
425
171
294
182
425
171
295
182
425
171
293
182
472
102
334
119
472
102
335
120
472
102
337
120
472
102
339
119
472
102
336
119
472
102
334
120
472
102
337
119
472
102
338
120
396
199
270
206
396
199
271
207
396
199
270
207
396
199
270
209
396
199
270
208
409
72
280
84
409
72
281
84
409
72
281
83
409
72
282
83
453
106
298
121
453
106
326
121
453
106
299
121
396
74
269
84
396
74
266
85
396
74
268
85
409
227
277
235
402
228
271
235
503
219
365
229
424
108
296
121
424
108
298
121
424
108
299
121
424
108
284
118
424
108
288
120
424
108
295
120
395
211
267
219
328
253
197
261
489
200
351
210
455
106
326
121
367
217
239
224
413
69
283
82
413
69
285
81
322
285
190
294
368
269
238
276
368
269
237
276
368
269
239
275
368
269
236
276
244
224
99
232
497
197
359
207
497
197
358
207
371
226
242
234
301
286
165
295
301
286
164
295
301
286
165
296
310
286
176
295
310
286
177
295
310
286
178
295
258
212
109
218
453
105
298
120
453
105
316
120
453
105
325
120
453
105
326
120
453
105
305
120
453
105
318
120
453
105
315
120
453
105
321
120
305
285
169
295
305
285
170
295
390
200
265
209
390
200
263
209
338
221
209
229
338
221
208
229
306
286
171
295
306
286
170
295
405
110
277
121
419
125
285
137
416
109
284
121
416
109
283
121
416
109
282
120
416
109
287
121
416
109
286
120
416
109
285
120
423
172
293
182
418
92
291
104
373
88
245
97
424
106
325
119
424
106
296
118
424
106
289
118
424
106
322
119
424
106
298
120
424
106
325
120
424
106
305
120
424
106
295
120
424
106
315
120
424
106
321
120
303
286
166
296
303
286
167
296
303
286
167
295
303
286
168
295
303
286
168
296
477
120
338
136
477
120
347
136
489
222
354
230
489
222
353
231
489
222
354
231
462
88
325
104
399
247
270
253
399
247
269
253
411
109
284
121
411
109
283
121
411
109
282
120
370
186
242
195
405
75
278
85
405
75
279
85
405
75
275
87
405
75
277
86
405
75
276
87
226
240
78
248
410
71
283
82
410
71
281
83
410
71
282
83
371
95
243
103
451
106
296
121
451
106
298
121
451
106
326
121
451
106
299
121
491
199
355
208
491
199
354
208
484
228
349
237
186
187
38
189
186
187
35
187
186
187
36
188
404
110
277
121
258
224
112
231
403
241
274
247
252
219
109
225
380
88
252
97
380
88
254
96
380
88
249
98
188
232
41
241
397
218
268
228
397
218
268
227
397
218
268
226
474
121
338
136
464
88
325
104
490
222
354
231
463
105
334
119
463
105
335
120
463
105
326
121
463
105
326
120
463
105
336
119
463
105
332
120
463
105
334
120
463
105
337
119
330
254
199
262
379
204
251
212
402
127
273
137
453
103
323
118
453
103
322
119
453
103
326
118
483
230
347
238
394
201
267
210
394
201
267
209
353
230
223
236
353
230
224
237
368
90
240
98
368
90
241
98
396
211
267
219
414
126
285
137
430
91
300
104
434
124
310
136
434
124
301
137
429
106
322
119
429
106
298
120
429
106
316
120
429
106
305
120
429
106
295
120
429
106
318
120
429
106
315
120
429
106
321
120
391
200
266
208
391
200
265
209
391
200
263
209
391
200
263
210
370
216
239
224
370
216
242
224
332
227
202
234
332
227
200
234
416
110
284
121
416
110
283
121
416
110
282
120
416
110
287
121
416
110
285
120
493
226
356
235
426
60
296
74
354
226
225
233
417
65
289
78
403
235
272
242
181
189
31
190
473
104
340
120
473
104
337
120
473
104
338
120
458
103
325
119
458
103
323
118
458
103
322
119
458
103
334
117
458
103
326
118
458
103
326
119
418
65
289
78
402
243
274
249
466
62
332
79
466
62
331
79
304
285
169
295
304
285
167
295
304
285
168
295
490
220
354
230
490
220
353
229
490
220
354
231
323
287
190
294
484
222
348
233
481
227
345
235
436
124
322
136
436
124
310
136
436
124
301
137
436
124
308
137
270
273
133
282
482
120
347
136
246
213
99
220
302
286
165
295
302
286
166
296
302
286
167
295
302
286
165
296
374
187
247
195
378
89
252
97
378
89
247
98
378
89
248
98
378
89
249
98
408
110
277
121
343
231
213
238
404
228
273
236
399
66
271
77
408
73
280
84
408
73
281
84
408
73
279
85
403
76
273
88
403
76
274
88
403
76
275
87
403
76
277
86
403
76
275
86
403
76
276
87
195
183
44
183
195
183
42
182
404
76
274
88
404
76
275
87
404
76
277
86
404
76
276
87
412
70
283
82
412
70
284
82
412
70
285
81
412
70
282
83
275
278
138
288
395
198
270
206
395
198
270
207
395
198
270
208
414
69
286
81
414
69
284
82
414
69
285
81
362
231
234
239
251
214
102
221
388
264
258
272
388
264
261
272
388
264
258
271
388
264
259
272
388
264
259
271
383
87
252
97
383
87
254
96
383
87
255
97
383
87
258
96
383
87
257
96
383
87
254
97
404
255
275
261
415
78
286
91
415
78
287
89
428
107
296
121
428
107
298
121
428
107
299
121
428
107
298
120
428
107
316
120
428
107
305
120
428
107
295
120
428
107
318
120
428
107
315
120
503
218
365
228
503
218
366
228
503
218
365
229
411
107
288
120
411
107
281
118
411
107
287
121
411
107
286
120
411
107
285
120
423
171
293
182
408
227
277
235
365
253
235
259
365
253
235
261
365
253
234
260
365
253
236
260
365
253
235
260
426
109
296
121
426
109
298
121
426
109
299
121
406
93
277
104
467
104
334
119
467
104
335
120
467
104
326
121
467
104
340
120
467
104
337
120
467
104
339
119
467
104
336
119
467
104
339
118
467
104
332
120
467
104
334
120
467
104
337
119
467
104
338
120
416
107
284
118
416
107
288
120
416
107
281
118
416
107
286
120
396
73
269
84
396
73
266
84
384
85
257
94
384
85
254
96
384
85
256
94
404
242
274
248
408
93
282
104
454
105
326
121
454
105
298
120
454
105
316
120
454
105
325
120
454
105
326
120
454
105
318
120
454
105
315
120
454
105
321
120
272
217
123
223
480
227
344
236
480
227
345
235
492
228
356
236
223
218
79
224
389
103
261
113
375
89
245
98
375
89
242
100
375
89
247
98
375
89
246
98
375
89
246
97
375
89
248
98
375
89
242
101
350
216
220
225
491
197
353
207
426
58
296
72
426
58
297
72
400
228
271
235
371
89
241
98
371
89
241
99
374
89
245
98
374
89
245
97
374
89
242
100
374
89
247
98
374
89
246
98
374
89
246
97
385
104
259
112
385
104
257
113
410
109
284
121
410
109
276
120
410
109
283
121
410
109
282
120
470
104
335
120
470
104
340
120
470
104
337
120
470
104
339
119
470
104
336
119
470
104
334
120
470
104
337
119
470
104
338
120
394
198
270
206
394
198
267
207
394
198
266
207
310
285
176
295
310
285
177
295
367
254
237
262
367
254
237
261
447
90
314
105
408
109
276
120
408
109
277
121
192
183
45
190
192
183
45
189
192
183
42
182
491
196
352
206
391
264
262
271
235
221
92
227
396
197
270
206
396
197
271
207
396
197
270
207
369
245
240
252
417
66
288
79
407
74
278
85
407
74
279
85
316
226
188
235
452
106
296
121
452
106
298
121
452
106
326
121
452
106
299
121
397
73
269
84
397
73
266
84
386
232
258
240
492
120
354
136
370
204
242
212
364
272
234
279
364
272
235
280
364
272
234
280
488
221
351
231
488
221
353
231
385
242
257
250
376
89
247
98
376
89
246
98
376
89
248
98
376
89
242
101
376
89
249
98
503
104
364
123
483
226
348
233
491
220
354
230
387
86
259
96
387
86
258
96
387
86
257
96
387
86
260
96
446
102
315
116
390
199
265
208
390
199
263
209
429
171
298
182
490
219
354
230
490
219
354
228
490
219
353
229
490
219
354
231
370
90
241
99
324
287
190
294
399
258
269
264
420
106
289
118
420
106
298
120
420
106
295
120
391
201
265
209
391
201
263
210
369
91
241
99
397
210
267
219
468
63
333
80
465
62
331
79
388
86
259
96
388
86
258
96
388
86
257
96
388
86
260
96
434
107
296
121
434
107
298
121
434
107
299
121
434
107
298
120
434
107
305
120
496
196
359
206
348
243
221
252
395
73
268
83
395
73
269
84
395
73
266
84
388
265
258
272
388
265
261
272
388
265
258
271
388
265
259
272
388
265
259
271
395
199
270
206
395
199
270
207
395
199
270
208
329
297
197
306
299
286
161
296
311
286
176
295
311
286
177
295
311
286
178
295
421
109
288
120
421
109
287
121
421
109
286
120
421
109
285
120
396
201
267
210
396
201
270
210
396
201
270
209
431
124
301
137
431
124
294
137
326
287
193
296
326
287
192
296
457
105
326
121
457
105
316
120
457
105
325
120
457
105
326
120
457
105
332
120
457
105
315
120
457
105
321
120
415
108
288
120
415
108
282
120
415
108
287
121
415
108
286
120
415
108
285
120
376
186
247
195
376
186
250
193
376
186
250
194
469
87
332
104
360
234
231
240
417
126
285
137
428
58
298
72
428
58
297
72
409
125
277
136
409
125
275
136
486
223
351
231
485
228
350
237
485
228
349
237
413
108
284
121
413
108
282
120
413
108
287
121
413
108
286
120
413
108
285
120
397
246
269
253
395
227
266
235
395
227
266
236
409
126
277
136
370
91
242
100
491
222
354
230
491
222
354
231
403
229
273
236
496
197
359
207
496
197
358
207
496
197
359
206
188
177
42
182
491
198
351
208
487
120
354
136
487
120
347
136
377
89
247
98
377
89
248
98
377
89
249
98
276
215
128
221
403
222
272
229
403
222
272
230
396
229
267
237
383
88
252
97
383
88
255
97
383
88
254
97
429
56
299
70
394
217
266
226
394
217
265
226
364
249
235
257
483
222
348
229
385
87
259
96
385
87
255
97
385
87
258
96
385
87
257
96
385
87
254
97
385
87
260
96
450
106
296
121
450
106
298
121
450
106
326
121
450
106
299
121
366
254
235
261
366
254
237
262
366
254
236
260
366
254
237
261
414
105
289
118
485
229
350
238
485
229
350
237
485
229
349
238
358
222
229
230
334
256
203
264
425
106
325
119
425
106
296
118
425
106
289
118
425
106
322
119
425
106
298
120
425
106
316
120
425
106
325
120
425
106
305
120
425
106
295
120
425
106
318
120
425
106
315
120
425
106
321
120
424
61
293
75
418
66
289
79
418
66
288
79
411
93
284
104
495
199
359
209
495
199
358
208
495
199
358
209
495
199
355
209
495
199
359
208
225
218
79
224
399
245
271
252
399
245
270
252
421
108
296
121
421
108
298
121
421
108
299
121
421
108
284
118
421
108
288
120
421
108
286
120
407
228
275
236
407
228
277
235
376
104
248
113
394
228
266
235
394
228
266
236
386
87
259
96
386
87
255
97
386
87
258
96
386
87
257
96
386
87
260
96
323
285
190
294
373
89
245
98
373
89
245
97
373
89
242
100
373
89
246
98
373
89
246
97
486
229
351
238
486
229
350
238
500
221
362
231
429
125
301
137
429
125
294
137
379
247
250
255
412
110
284
121
412
110
283
121
412
110
277
121
457
89
321
104
395
200
270
207
395
200
267
209
395
200
270
209
395
200
270
208
333
256
202
264
339
222
209
229
339
222
208
229
470
102
334
119
470
102
339
119
470
102
336
119
470
102
339
118
470
102
332
120
470
102
334
120
470
102
337
119
470
102
335
118
470
102
334
118
423
92
293
104
420
72
291
85
420
72
292
85
398
257
269
263
404
236
273
243
419
126
294
137
419
126
285
137
394
197
267
206
446
106
296
121
446
106
298
121
446
106
299
121
446
106
305
120
377
191
249
199
387
113
262
121
358
223
229
230
396
223
268
229
502
219
366
228
502
219
364
229
502
219
365
229
364
253
235
259
364
253
235
261
364
253
234
260
364
253
236
260
364
253
235
260
364
253
234
259
358
217
230
224
496
198
359
207
496
198
358
208
496
198
359
208
398
199
271
207
458
106
335
120
458
106
326
121
458
106
334
120
424
125
294
137
391
199
266
207
391
199
266
208
391
199
265
208
391
199
263
209
364
271
234
279
379
248
250
255
423
108
296
121
423
108
298
121
423
108
299
121
423
108
284
118
423
108
288
120
423
108
295
120
394
219
266
226
394
219
265
226
360
233
231
240
373
242
244
249
402
246
273
252
402
246
271
252
402
246
270
252
452
89
316
104
372
186
242
195
372
186
244
194
227
240
78
248
428
108
296
121
428
108
298
121
428
108
299
121
428
108
298
120
485
223
351
231
469
104
334
119
469
104
335
120
469
104
340
120
469
104
337
120
469
104
339
119
469
104
336
119
469
104
332
120
469
104
334
120
469
104
337
119
469
104
338
120
402
247
273
253
402
247
270
253
398
201
270
210
392
202
267
210
309
286
176
295
309
286
177
295
339
233
209
240
339
233
213
238
339
233
214
240
344
234
214
240
374
186
247
195
374
186
246
194
403
75
274
86
403
75
275
87
403
75
273
87
403
75
275
86
242
221
99
228
415
109
284
121
415
109
283
121
415
109
282
120
415
109
287
121
415
109
286
120
415
109
285
120
397
198
271
207
397
198
270
207
426
59
296
73
304
286
169
295
304
286
167
296
304
286
167
295
304
286
168
295
304
286
168
296
470
105
340
120
470
105
337
120
470
105
338
120
390
85
259
96
390
85
260
96
397
221
268
229
397
221
268
228
397
221
268
227
382
87
252
97
382
87
254
96
382
87
254
97
471
103
335
120
471
103
340
120
471
103
337
120
471
103
339
119
471
103
336
119
471
103
334
120
471
103
337
119
471
103
338
120
254
222
111
230
394
199
266
208
394
199
270
208
452
103
323
118
387
264
258
272
387
264
258
271
387
264
259
272
387
264
259
271
382
88
252
97
382
88
255
97
382
88
257
96
382
88
254
97
426
106
325
119
426
106
322
119
426
106
298
120
426
106
316
120
426
106
305
120
426
106
295
120
426
106
318
120
426
106
326
119
426
106
315
120
426
106
321
120
504
218
366
228
396
208
267
217
425
109
296
121
425
109
298
121
425
109
299
121
376
204
251
212
411
71
283
82
411
71
284
82
411
71
283
83
411
71
282
83
364
252
235
259
364
252
234
260
364
252
235
260
364
252
234
259
365
256
236
264
365
256
234
265
406
74
278
85
406
74
279
85
406
74
277
86
402
235
272
242
228
215
82
222
370
92
245
98
370
92
242
100
370
92
242
101
452
104
325
119
452
104
322
119
452
104
316
120
452
104
318
120
452
104
326
119
452
104
315
120
452
104
321
120
429
105
296
118
429
105
299
118
429
105
323
118
429
105
322
119
424
60
294
74
482
227
347
235
303
285
167
295
413
107
284
118
413
107
288
120
413
107
281
118
413
107
287
121
413
107
286
120
413
107
285
120
429
108
296
121
429
108
298
121
429
108
299
121
248
208
99
214
382
217
251
224
395
201
267
210
395
201
267
209
395
201
270
210
395
201
270
209
395
201
270
208
403
245
273
251
425
60
295
74
452
90
316
104
352
229
223
236
352
229
224
237
457
106
335
120
457
106
326
121
457
106
332
120
457
106
334
120
494
196
358
206
462
105
334
119
462
105
335
120
462
105
326
121
462
105
325
120
462
105
326
120
462
105
336
119
462
105
332
120
462
105
334
120
462
105
337
119
415
68
287
80
