Test5000_rot.jpg
Test5001_rot.jpg
60
47
598
79
74
180
477
33
74
180
476
34
82
181
474
32
79
181
471
34
79
181
471
35
79
181
474
32
79
181
474
33
80
182
474
32
82
182
474
32
86
195
456
34
94
41
588
113
94
40
590
112
97
41
588
113
148
65
535
165
152
281
351
46
166
294
332
52
166
295
332
52
166
297
332
52
169
311
316
48
169
311
317
49
169
323
301
42
169
323
304
47
182
312
312
53
175
314
307
44
178
319
302
41
180
316
304
47
176
314
304
47
176
314
307
44
176
315
304
47
174
316
304
47
182
310
312
53
172
317
304
47
172
317
314
48
180
317
304
47
178
314
304
47
174
310
315
49
174
310
315
50
174
310
316
48
174
310
317
49
174
310
316
52
174
310
314
48
180
312
312
53
171
311
315
49
171
311
315
50
171
311
316
48
171
311
317
49
171
311
316
52
171
311
314
48
171
311
312
51
173
316
304
47
172
311
315
49
172
311
315
50
172
311
316
48
172
311
317
49
172
311
316
52
172
311
314
48
172
311
312
51
171
317
304
47
171
317
314
48
182
311
312
53
179
317
304
47
176
309
315
49
176
309
315
50
176
309
316
48
176
309
317
49
176
309
316
52
176
309
312
51
181
311
312
53
180
318
304
47
177
314
304
47
177
314
307
44
180
311
312
53
175
315
304
47
185
309
312
61
203
69
507
198
203
69
507
200
199
66
507
200
201
64
511
197
201
64
511
198
195
392
229
30
196
393
229
30
207
397
222
37
199
394
229
30
209
397
222
37
233
407
197
60
232
402
201
62
246
399
202
65
239
399
202
65
237
399
202
65
237
399
201
65
241
399
202
65
245
399
202
65
244
401
199
66
244
401
201
62
244
401
202
65
244
401
198
68
244
401
198
70
244
401
201
63
244
401
201
64
244
401
200
65
244
401
198
69
244
401
201
65
237
409
195
60
241
400
202
65
241
400
201
64
241
400
200
65
241
400
201
65
243
404
200
61
243
404
201
59
243
404
202
58
243
404
200
60
243
404
201
60
243
404
202
60
243
404
201
62
243
404
200
62
245
406
199
60
245
406
199
58
245
406
201
56
245
406
201
57
245
406
196
63
237
407
199
58
237
407
197
60
237
407
196
62
239
400
202
65
239
400
201
63
239
400
201
64
239
400
200
65
239
400
201
65
242
407
199
58
242
407
199
56
242
407
197
60
242
407
196
61
242
407
196
62
242
407
196
63
237
406
199
60
237
406
199
58
237
406
201
56
237
406
201
57
246
409
195
60
238
403
201
59
238
403
202
58
238
403
201
60
238
403
202
60
238
403
201
62
238
403
201
63
238
403
200
62
238
406
199
60
238
406
199
58
238
406
201
56
238
406
201
57
238
406
196
63
244
403
200
61
244
403
202
58
244
403
201
60
244
403
202
60
244
403
199
66
244
403
201
62
244
403
198
68
244
403
197
68
244
403
201
63
244
403
200
62
244
403
201
64
244
403
200
65
246
406
199
60
246
406
199
58
246
406
201
56
246
406
201
57
246
406
196
63
246
401
199
66
246
401
202
65
246
401
198
68
246
401
198
70
246
401
201
63
246
401
201
64
246
401
200
65
246
401
198
69
246
401
201
65
240
407
199
58
240
407
199
56
240
407
197
60
240
407
196
61
240
407
196
62
245
404
200
61
245
404
201
59
245
404
202
58
245
404
200
60
245
404
201
60
245
404
202
60
245
404
201
62
245
404
197
68
245
404
201
63
245
404
200
62
244
408
200
53
244
408
201
52
244
408
196
60
244
408
196
61
237
402
202
58
237
402
202
60
237
402
199
66
237
402
201
62
237
402
201
63
237
402
201
64
237
402
200
65
245
405
199
60
245
405
200
61
245
405
201
59
245
405
201
56
245
405
201
57
245
405
202
58
245
405
200
59
245
405
200
60
252
180
385
183
255
187
382
183
255
180
385
183
255
180
385
182
253
183
387
182
253
183
385
183
253
183
382
185
253
183
386
181
253
183
382
183
253
183
387
183
253
183
385
182
253
183
382
184
253
183
384
183
248
399
202
65
248
400
202
65
248
400
201
65
249
403
202
60
249
403
199
66
249
403
201
62
249
403
197
68
249
403
201
63
249
403
200
62
249
403
200
65
248
401
199
66
248
401
202
65
248
401
198
68
248
401
198
70
248
401
201
64
248
401
200
65
248
401
198
69
248
401
201
65
248
410
197
55
250
401
202
65
250
401
198
70
250
401
201
64
250
401
201
65
289
117
424
264
295
119
419
259
295
119
418
261
295
119
418
260
295
113
422
259
295
113
422
260
295
113
422
261
295
113
421
260
295
113
421
259
295
113
423
259
298
119
417
261
298
119
419
259
298
119
418
261
298
119
418
260
294
118
419
259
294
118
418
260
296
119
417
261
296
119
419
259
296
119
418
261
296
119
418
260
292
113
422
261
297
114
422
259
297
114
422
260
297
114
420
259
297
114
422
261
297
114
421
260
297
114
420
261
297
114
421
259
297
114
420
258
297
114
423
259
297
114
420
260
297
119
417
261
297
119
419
259
297
119
418
261
297
119
418
260
298
114
422
259
298
114
420
259
298
114
421
260
298
114
420
261
298
114
421
259
298
114
420
258
298
114
423
259
289
116
424
262
289
116
425
262
289
116
424
264
289
116
426
264
304
71
456
280
304
71
458
281
304
71
459
281
302
72
456
280
300
63
464
282
301
69
458
281
301
69
459
281
301
69
459
283
304
72
456
280
304
72
458
281
299
64
464
282
299
64
463
282
299
64
465
284
299
64
464
285
303
72
456
280
303
72
458
281
304
116
420
256
304
116
417
261
304
116
416
260
304
116
422
256
304
116
418
261
304
116
420
261
304
116
418
260
304
116
417
259
305
117
417
261
305
117
416
260
305
117
418
261
305
117
420
261
305
117
418
260
305
117
417
259
300
113
423
258
300
113
422
257
308
114
420
263
308
114
419
263
310
114
420
263
310
114
420
261
310
114
419
263
311
114
411
272
311
114
412
272
311
114
420
263
311
114
419
263
305
114
422
256
301
117
416
260
301
117
417
259
310
119
410
269
307
114
420
263
307
114
419
263
304
117
420
256
304
117
417
261
304
117
416
260
304
117
419
259
304
117
418
261
304
117
420
261
304
117
420
258
304
117
420
260
304
117
418
260
304
117
417
259
305
118
417
261
305
118
416
260
305
118
418
261
305
118
418
260
305
118
417
259
301
113
423
258
301
113
422
257
309
114
420
263
309
114
420
261
309
114
419
263
301
119
416
260
301
119
417
259
332
111
404
287
332
111
407
285
332
111
407
284
332
111
405
286
332
111
405
287
332
102
418
293
333
100
418
293
337
112
401
293
337
112
400
295
333
102
418
293
338
113
401
293
338
113
402
291
338
113
399
295
338
113
401
292
338
113
398
293
338
113
399
294
338
113
400
295
342
61
446
318
345
60
446
318
340
61
446
318
347
60
446
320
341
61
446
318
344
61
446
318
346
61
446
318
349
89
418
315
345
267
265
225
347
268
263
222
347
268
265
225
348
267
265
225
348
267
262
226
345
268
263
222
348
266
265
225
351
266
265
225
351
266
262
226
355
87
416
316
355
87
418
315
355
87
419
314
355
87
419
313
356
88
416
316
356
88
415
315
356
88
418
315
356
88
419
313
357
96
412
312
356
89
416
316
356
89
415
315
358
92
412
312
357
91
412
312
357
91
415
311
351
178
344
266
351
179
344
266
354
273
259
224
354
273
257
221
353
272
259
224
353
272
257
221
390
230
273
287
389
232
273
287
387
232
273
287
389
230
273
287
390
232
273
287
387
231
273
287
389
231
273
287
398
231
273
273
393
233
273
273
398
233
273
273
396
239
263
276
400
231
273
273
397
241
263
276
394
230
273
287
392
230
273
287
395
230
273
287
399
231
273
273
393
230
273
287
395
241
263
276
395
241
261
277
395
241
262
278
397
253
255
267
390
257
247
270
390
257
248
267
390
257
251
268
390
257
249
269
392
257
249
265
392
257
248
267
392
257
249
269
394
268
237
270
398
269
238
270
398
269
237
270
400
265
240
269
401
267
240
269
393
257
249
265
393
257
248
267
393
257
251
268
393
257
249
269
394
257
251
268
394
257
249
269
397
274
234
264
396
273
234
264
397
292
218
261
401
293
216
257
401
293
217
257
401
293
216
258
402
290
218
261
402
290
218
262
403
287
219
262
403
287
218
261
403
287
218
262
402
291
217
260
398
292
220
256
401
292
217
257
397
293
220
256
403
290
218
261
403
290
218
262
401
288
221
257
401
288
218
262
401
288
220
256
401
288
223
259
399
296
214
256
406
100
380
356
416
98
382
346
416
98
383
346
416
98
383
348
415
94
379
371
411
98
380
356
411
98
381
353
411
99
380
356
411
99
381
353
411
100
380
356
411
100
381
353
407
101
380
356
407
106
375
354
407
106
371
362
416
101
378
349
409
105
375
354
409
105
371
362
403
104
373
363
403
104
373
365
408
112
370
352
408
112
371
352
408
112
368
353
408
112
365
355
408
112
372
351
408
112
369
353
403
105
373
363
403
105
373
365
407
105
375
354
407
105
371
362
407
105
373
363
406
104
371
362
406
104
373
363
407
104
371
362
407
104
373
363
404
112
370
352
404
112
371
352
404
112
368
353
404
112
372
351
404
112
369
353
405
112
370
352
405
112
371
352
405
112
368
353
405
112
366
354
405
112
372
351
405
112
369
353
410
103
377
353
410
103
378
349
413
112
362
358
413
112
363
360
413
112
366
360
413
112
370
352
413
112
371
352
407
113
364
355
407
113
370
352
407
113
371
352
407
113
372
351
405
105
371
362
405
105
373
363
416
102
377
353
416
102
378
349
408
105
375
354
408
105
371
362
415
101
378
349
414
105
377
353
414
105
375
354
406
103
373
363
409
104
377
353
409
104
375
354
409
104
371
362
416
111
366
360
416
111
367
363
413
104
377
353
413
104
375
354
406
112
370
352
406
112
371
352
406
112
368
353
406
112
372
351
406
112
369
353
416
104
377
353
416
104
371
362
416
104
378
349
410
112
370
352
410
112
371
352
410
112
368
353
410
112
366
354
410
112
372
351
410
112
369
353
412
112
364
355
412
112
362
358
412
112
363
360
412
112
366
360
412
112
370
352
412
112
371
352
412
112
365
355
412
112
369
353
412
112
367
355
415
103
377
353
415
103
378
349
416
112
362
358
416
112
363
360
416
112
366
360
416
112
367
363
404
105
373
363
404
105
373
365
416
276
224
274
416
276
223
275
416
276
223
277
416
276
225
274
413
277
224
274
413
277
223
275
413
277
223
277
414
275
227
276
414
275
225
274
413
272
228
276
406
290
217
259
406
290
216
260
406
290
216
261
406
290
216
262
406
290
217
260
406
290
216
257
406
290
218
261
406
290
217
257
406
290
218
262
406
290
217
264
406
290
216
258
412
341
168
251
412
341
169
237
421
47
420
393
421
47
417
397
428
91
376
384
428
91
376
376
428
91
378
374
424
92
379
371
424
92
378
374
428
99
368
378
429
95
368
378
429
95
376
384
429
95
376
376
429
95
375
375
428
96
368
378
428
96
376
384
428
96
376
376
428
96
375
375
417
174
309
325
417
174
310
326
417
273
227
276
417
273
225
274
418
273
225
274
454
178
289
356
448
184
287
349
453
187
284
355
448
185
284
351
448
185
287
349
450
185
284
355
450
185
286
355
453
184
284
355
447
184
287
349
450
184
284
355
450
184
286
355
452
184
284
355
452
184
286
355
455
180
286
355
453
348
142
276
464
361
126
275
468
346
144
280
494
152
291
408
494
152
288
412
493
153
288
412
484
274
187
343
493
273
184
351
483
274
188
343
493
290
174
335
490
288
181
331
493
291
174
335
486
292
174
335
484
290
174
335
487
291
174
335
492
292
175
327
492
292
173
328
492
292
177
326
492
292
174
335
493
292
175
327
493
292
173
328
493
292
177
326
493
292
174
335
489
293
175
327
489
293
173
328
489
293
177
326
488
294
175
327
488
294
173
328
488
295
169
335
492
303
160
328
493
297
169
329
493
297
167
330
490
297
169
329
490
297
167
330
487
406
75
268
484
410
72
269
483
411
72
269
496
291
174
335
507
308
150
340
498
301
163
333
498
299
163
335
504
308
150
340
504
307
150
340
501
302
158
337
501
302
160
336
505
308
150
340
497
405
71
282
518
173
262
415
508
172
268
405
508
172
268
409
508
172
267
404
508
173
268
405
507
173
268
405
507
173
267
404
520
198
238
406
520
198
240
407
513
195
245
406
513
195
244
403
513
195
246
406
513
195
245
404
513
195
245
405
517
197
242
410
520
195
238
406
520
195
244
403
513
196
244
403
513
196
246
406
513
196
245
404
516
196
245
404
516
196
244
408
516
196
242
410
516
196
251
399
520
201
237
407
520
201
237
406
516
192
249
403
516
192
250
401
520
196
238
406
520
196
240
407
518
303
149
353
518
303
151
352
514
302
150
350
514
302
150
349
508
307
150
340
510
308
150
340
521
282
169
362
546
299
142
376
540
297
142
376
539
297
142
376
545
298
139
378
545
298
142
376
551
299
139
378
551
299
137
387
559
303
130
389
559
303
131
383
553
301
134
386
553
301
133
383
553
301
134
383
553
301
133
388
556
300
134
386
556
300
133
383
556
300
134
383
556
300
133
388
551
306
133
378
551
306
132
380
550
299
139
378
550
299
137
387
553
305
133
378
553
305
132
380
553
305
131
383
555
300
134
386
565
302
130
389
564
302
130
389
580
305
114
404
580
305
115
409
581
305
114
404
581
305
115
409
581
305
111
414
576
304
114
404
586
306
109
414
586
306
111
414
591
307
109
414
591
307
111
414
