3_3_l.jpg
3_3_r.jpg
328
135
135
120
329
140
138
125
382
107
196
102
365
103
179
97
365
103
181
98
365
103
180
98
369
106
184
100
333
133
146
120
333
133
143
119
333
133
145
120
333
133
142
119
425
120
238
120
428
125
241
126
330
131
141
117
345
130
155
119
338
128
148
115
338
128
150
115
329
127
137
113
329
127
138
113
428
126
241
126
429
120
242
121
437
125
249
127
284
120
84
95
342
130
151
117
342
130
154
119
342
130
153
118
322
138
129
122
347
130
156
118
392
108
206
104
392
109
205
105
428
119
240
120
428
119
239
120
272
122
73
97
319
143
127
127
436
125
249
127
338
134
146
120
438
126
250
128
324
132
129
115
333
130
142
116
333
130
145
117
333
130
143
116
331
140
142
126
429
125
241
126
366
104
179
97
366
104
180
98
382
111
196
106
333
134
141
120
333
134
145
120
337
134
148
120
337
134
146
120
337
134
148
121
337
134
145
120
334
132
141
117
334
132
147
119
369
105
181
98
369
105
180
98
368
105
181
98
368
105
180
98
438
123
250
125
339
127
149
114
339
127
150
115
365
99
178
92
399
109
213
106
425
121
237
121
330
129
142
116
330
129
137
113
330
129
138
113
330
129
138
115
344
129
154
117
344
129
150
116
376
106
188
100
376
106
189
100
340
128
148
115
340
128
150
115
340
128
150
116
426
121
237
121
336
129
150
116
336
129
149
116
325
131
131
114
325
131
133
117
325
131
132
115
364
102
179
97
364
102
179
96
339
132
147
119
328
126
137
113
328
126
138
113
343
130
151
117
343
130
153
118
327
138
137
124
338
131
145
117
338
131
150
118
344
128
154
116
438
125
249
127
391
110
205
106
430
125
241
126
391
107
205
103
386
113
197
107
