Test1025.jpg
Test1026_3.jpg
322
212
295
164
322
212
291
171
322
212
293
166
322
212
294
167
322
212
294
166
322
212
294
165
322
212
293
167
546
234
429
342
313
214
280
159
313
214
283
160
313
214
282
160
313
214
285
160
320
226
282
173
320
226
282
172
320
226
282
164
320
226
280
168
320
226
280
175
320
226
287
162
320
226
281
167
320
226
281
163
320
226
279
175
320
226
283
171
320
226
280
174
320
226
284
166
320
226
281
165
320
226
282
167
320
226
282
168
320
226
284
173
320
226
287
165
317
213
282
176
317
213
289
159
317
213
291
163
317
213
286
173
317
213
287
162
317
213
291
162
317
213
292
160
317
213
283
171
317
213
293
162
317
213
284
166
317
213
283
175
317
213
290
165
317
213
292
163
317
213
292
161
317
213
284
173
317
213
293
161
317
213
292
162
317
213
289
157
317
213
287
165
323
150
338
122
325
229
295
164
325
229
288
174
325
229
291
171
325
229
291
164
325
229
293
166
325
229
293
162
325
229
291
166
325
229
294
167
325
229
290
165
325
229
294
161
325
229
286
174
325
229
287
175
325
229
294
166
325
229
294
165
325
229
293
167
553
232
429
340
320
213
297
158
320
213
291
161
320
213
291
163
320
213
286
173
320
213
293
160
320
213
287
162
320
213
291
164
320
213
293
166
320
213
291
162
320
213
296
157
320
213
292
160
320
213
293
162
320
213
290
162
320
213
291
166
320
213
290
165
320
213
294
161
320
213
286
174
320
213
292
163
320
213
292
161
320
213
293
161
320
213
297
157
320
213
292
162
317
208
291
161
317
208
289
159
317
208
291
163
317
208
286
173
317
208
291
159
317
208
293
160
317
208
287
162
317
208
291
164
317
208
291
162
317
208
293
162
317
208
290
162
317
208
291
166
317
208
290
165
317
208
294
161
317
208
286
174
317
208
292
163
317
208
293
161
317
208
292
162
337
234
281
200
337
234
281
197
337
234
281
198
337
234
282
198
337
234
279
196
317
210
291
161
317
210
291
163
317
210
286
173
317
210
293
160
317
210
287
162
317
210
291
164
317
210
291
162
317
210
283
171
317
210
293
162
317
210
290
162
317
210
291
166
317
210
283
175
317
210
286
174
317
210
284
173
317
210
293
161
317
210
292
162
316
209
291
163
316
209
286
173
316
209
291
159
316
209
291
162
316
209
284
166
316
209
283
160
316
209
292
163
337
236
279
196
318
148
338
118
318
148
338
117
321
209
295
164
321
209
291
171
321
209
293
166
321
209
294
167
321
209
294
166
321
209
294
165
321
209
293
167
286
227
279
152
286
227
280
152
332
227
276
195
332
227
276
194
332
227
276
193
319
228
278
167
319
228
282
172
319
228
282
164
319
228
280
168
319
228
280
175
319
228
281
167
319
228
281
163
319
228
279
175
319
228
283
171
319
228
280
164
319
228
280
174
319
228
284
166
319
228
281
165
319
228
282
167
319
228
282
168
261
261
214
158
261
261
215
158
261
261
215
157
305
251
253
177
318
224
282
172
318
224
282
164
318
224
280
168
318
224
280
175
318
224
281
167
318
224
281
163
318
224
279
175
318
224
283
171
318
224
280
174
318
224
284
166
318
224
281
165
318
224
282
167
318
224
282
168
316
204
291
164
316
204
291
162
316
204
296
157
316
204
293
162
316
204
291
166
316
204
290
165
316
204
294
161
316
204
283
160
316
204
292
163
316
204
297
157
316
204
292
162
317
209
291
161
317
209
291
163
317
209
286
173
317
209
291
159
317
209
287
162
317
209
293
162
317
209
290
162
317
209
291
166
317
209
286
174
317
209
292
163
317
209
292
161
317
209
284
173
317
209
293
161
317
209
292
162
319
213
291
163
319
213
286
173
319
213
293
160
319
213
287
162
319
213
291
164
319
213
291
162
319
213
296
157
319
213
292
160
319
213
293
162
319
213
290
162
319
213
291
166
319
213
283
175
319
213
290
165
319
213
294
161
319
213
286
174
319
213
292
163
319
213
292
161
319
213
284
173
319
213
293
161
319
213
292
162
319
213
287
165
316
214
282
173
316
214
289
158
316
214
289
159
316
214
287
162
316
214
283
171
316
214
284
166
316
214
282
167
316
214
283
160
316
214
282
168
316
214
282
160
316
214
284
173
316
214
285
160
313
221
279
162
313
221
280
164
313
221
282
167
261
259
215
158
261
259
215
157
338
240
278
199
321
215
297
158
321
215
288
174
321
215
291
163
321
215
293
160
321
215
291
164
321
215
293
166
321
215
296
157
321
215
293
162
321
215
290
162
321
215
291
166
321
215
290
165
321
215
294
161
321
215
286
174
321
215
287
175
321
215
292
163
321
215
293
161
321
215
294
165
321
215
293
167
321
215
297
157
321
215
292
162
343
238
282
201
343
238
285
200
334
227
279
196
260
260
215
155
260
260
215
158
260
260
215
157
260
260
214
154
260
260
215
154
323
149
340
121
315
251
241
173
323
222
297
158
323
222
288
174
323
222
291
163
323
222
286
173
323
222
287
162
323
222
291
164
323
222
293
166
323
222
293
162
323
222
290
162
323
222
291
166
323
222
290
165
323
222
286
174
323
222
287
175
323
222
292
163
323
222
292
161
319
211
291
161
319
211
291
163
319
211
286
173
319
211
293
160
319
211
291
164
319
211
291
162
319
211
296
157
319
211
293
162
319
211
290
162
319
211
291
166
319
211
283
175
319
211
290
165
319
211
294
161
319
211
286
174
319
211
292
163
319
211
292
161
319
211
284
173
319
211
293
161
319
211
292
162
319
211
287
165
316
215
282
173
316
215
282
172
316
215
282
176
316
215
283
171
316
215
284
166
316
215
282
168
316
215
282
160
316
215
284
173
316
215
285
160
331
227
276
194
331
227
276
193
320
208
297
158
320
208
295
164
320
208
291
163
320
208
291
164
320
208
293
166
320
208
293
162
320
208
291
166
320
208
290
165
320
208
294
161
320
208
286
174
320
208
292
163
320
208
292
161
320
208
294
166
320
208
293
161
320
208
294
165
320
208
293
167
320
208
292
162
340
236
281
200
340
236
281
198
340
236
282
198
340
236
283
199
340
236
283
197
323
224
297
158
323
224
291
161
323
224
289
159
323
224
291
163
323
224
286
173
323
224
287
162
323
224
291
164
323
224
291
162
323
224
293
162
323
224
290
162
323
224
291
166
323
224
290
165
323
224
294
161
323
224
286
174
323
224
292
163
323
224
292
161
323
224
297
157
323
224
292
162
323
224
287
165
320
207
297
158
320
207
295
164
320
207
293
166
320
207
293
162
320
207
290
165
320
207
292
163
320
207
294
166
320
207
294
165
320
207
293
167
343
239
282
201
318
227
278
167
318
227
282
164
318
227
280
168
318
227
281
167
318
227
281
163
318
227
279
175
318
227
280
164
318
227
280
174
318
227
284
166
318
227
281
165
318
227
282
167
318
227
282
168
260
259
216
154
260
259
214
154
311
214
283
160
311
214
285
160
338
236
281
197
338
236
281
198
338
236
278
199
338
235
281
197
338
235
281
198
324
216
294
168
325
149
340
122
335
235
279
196
335
235
279
195
318
207
291
161
318
207
291
163
318
207
286
173
318
207
293
160
318
207
287
162
318
207
291
164
318
207
291
162
318
207
296
157
318
207
292
160
318
207
293
162
318
207
290
162
318
207
291
166
318
207
283
175
318
207
290
165
318
207
294
161
318
207
286
174
318
207
292
163
318
207
292
161
318
207
284
173
318
207
293
161
318
207
283
178
318
207
292
162
318
204
297
158
318
204
291
163
318
204
293
160
318
204
291
164
318
204
296
157
318
204
293
162
318
204
291
166
318
204
290
165
318
204
294
161
318
204
292
163
318
204
293
161
318
204
297
157
318
204
292
162
323
228
291
163
323
228
286
173
323
228
287
162
323
228
291
164
323
228
291
162
323
228
290
162
323
228
291
166
323
228
284
166
323
228
290
165
323
228
286
174
323
228
292
163
323
228
284
173
323
228
287
165
550
233
429
340
318
214
291
161
318
214
291
163
318
214
286
173
318
214
291
159
318
214
293
160
318
214
287
162
318
214
291
164
318
214
291
162
318
214
292
160
318
214
283
171
318
214
293
162
318
214
290
162
318
214
284
166
318
214
283
175
318
214
290
165
318
214
292
163
318
214
292
161
318
214
284
173
318
214
293
161
318
214
292
162
318
214
287
165
322
150
340
123
324
148
340
121
324
148
340
120
324
148
341
120
314
213
289
159
314
213
280
159
314
213
283
160
314
213
282
160
314
213
285
160
321
212
297
158
321
212
295
164
321
212
288
174
321
212
293
166
321
212
293
162
321
212
291
166
321
212
292
163
321
212
294
166
321
212
294
165
321
212
293
167
329
229
273
189
322
211
295
164
322
211
293
166
322
211
294
167
322
211
294
166
322
211
294
165
322
211
293
167
320
223
282
172
320
223
287
162
320
223
283
171
320
223
284
166
320
223
284
173
320
223
287
165
135
286
81
61
338
231
281
198
338
231
282
198
338
231
283
199
310
245
259
177
310
245
259
176
312
218
280
161
312
218
278
161
331
229
276
195
321
150
338
122
321
232
282
173
321
232
282
172
321
232
282
176
321
232
286
173
321
232
280
175
321
232
287
162
321
232
279
175
321
232
283
171
321
232
280
174
321
232
284
166
321
232
283
175
321
232
290
165
321
232
284
173
321
232
287
165
319
225
282
173
319
225
282
172
319
225
280
161
319
225
282
164
319
225
280
168
319
225
280
175
319
225
281
167
319
225
281
163
319
225
279
175
319
225
283
171
319
225
280
164
319
225
280
174
319
225
284
166
319
225
281
165
319
225
282
167
319
225
282
168
282
229
282
153
282
229
281
153
312
220
279
162
312
220
281
167
312
220
281
163
312
220
280
164
326
148
340
121
260
261
214
158
260
261
215
157
260
261
213
157
