Test123_rot.jpg
Test127_rot.jpg
76
143
114
43
77
148
114
49
72
144
110
44
72
144
110
43
74
143
112
43
74
143
112
44
76
146
113
47
76
146
114
48
72
145
110
44
73
144
111
44
78
145
115
48
77
146
114
48
71
144
110
44
76
147
114
49
78
147
114
48
78
165
107
65
98
157
128
66
117
149
149
66
116
155
145
71
116
155
146
71
116
149
148
66
116
156
145
72
115
155
144
71
119
151
150
69
119
151
145
71
119
152
150
70
119
152
150
69
119
153
150
70
119
153
148
71
118
152
148
70
119
149
152
67
119
149
151
67
118
153
150
70
118
153
148
71
118
153
148
70
118
153
146
71
119
150
152
67
119
150
145
71
118
154
148
71
118
155
148
71
117
158
145
75
130
169
151
91
118
157
146
73
118
157
146
74
119
159
146
76
119
159
146
77
118
158
146
76
118
158
145
75
118
164
143
80
118
164
143
81
130
187
145
107
140
102
190
34
140
102
189
34
143
98
194
31
142
97
194
30
140
112
185
43
139
107
187
38
132
137
169
58
132
137
167
63
132
138
167
63
131
142
164
67
131
143
164
67
134
157
161
81
132
161
158
83
133
161
159
83
137
158
163
83
136
163
161
86
136
163
160
88
136
163
160
87
134
159
160
83
134
159
160
82
137
166
160
90
134
160
160
83
132
157
159
80
135
161
161
84
135
161
160
85
132
162
157
85
132
162
158
84
132
162
158
83
131
159
157
82
136
164
160
88
133
160
159
83
138
174
157
98
143
174
162
100
132
173
153
95
133
189
147
110
134
188
148
109
135
188
149
110
136
189
149
111
137
189
150
111
133
187
147
108
145
100
195
34
145
102
194
36
145
102
195
35
151
102
200
38
151
102
199
39
151
100
201
36
146
97
197
32
156
97
206
36
148
143
180
73
150
147
180
78
152
204
158
131
153
202
159
130
160
231
153
159
165
233
157
163
160
232
153
160
165
231
158
162
310
288
265
274
311
309
257
293
311
311
256
295
317
287
272
276
318
311
263
298
320
306
266
295
320
306
267
294
320
308
266
296
321
304
268
293
319
315
262
302
327
306
273
297
327
306
273
296
329
306
275
297
364
296
311
304
416
171
410
213
410
192
396
229
410
192
396
228
410
193
396
229
410
193
397
230
411
193
396
229
411
193
398
230
409
194
395
230
409
194
396
230
416
194
401
233
409
195
394
231
418
192
404
231
429
194
413
239
417
195
401
234
424
189
410
232
421
192
406
234
423
192
408
234
417
193
402
232
421
193
406
234
421
193
406
235
424
190
410
232
425
190
411
233
420
195
404
235
417
196
401
234
423
199
405
241
416
251
377
284
421
252
381
288
422
277
371
312
422
278
371
312
422
285
369
317
417
299
359
328
440
208
416
256
440
208
416
255
442
201
422
251
439
207
416
255
439
208
416
256
439
208
416
255
438
210
414
257
439
209
415
256
439
209
416
257
438
209
414
256
440
209
416
256
440
209
416
257
435
259
391
300
431
268
383
307
430
270
383
307
430
270
381
308
440
291
382
331
457
121
469
184
456
140
460
201
459
204
436
260
463
203
440
261
462
201
440
259
459
202
437
259
462
203
439
261
457
201
435
257
462
204
438
261
462
204
439
262
472
105
489
176
475
193
455
257
472
225
439
285
471
224
439
285
473
227
439
285
482
119
492
193
489
127
495
203
482
118
493
192
495
185
477
258
557
69
581
179
557
70
581
180
558
72
581
182
555
115
560
220
553
116
558
220
562
71
585
183
562
71
584
183
589
72
609
195
