Test300.jpg
Test310.jpg
89
117
33
113
89
117
32
113
90
117
33
113
90
117
32
113
88
122
36
118
90
115
33
113
90
115
32
113
89
116
33
113
89
116
32
113
91
122
36
118
87
116
33
113
87
116
32
113
88
116
33
113
88
116
32
113
90
116
33
113
90
116
32
113
91
117
33
113
91
117
32
113
116
150
63
146
117
150
63
146
116
149
65
146
116
149
63
146
115
150
60
144
115
150
62
146
130
151
77
146
130
151
78
146
130
151
80
147
122
151
69
147
126
149
77
146
120
150
65
145
120
150
68
147
121
149
69
145
121
149
69
146
129
151
77
146
118
150
64
145
118
150
65
146
119
151
64
145
119
151
65
146
119
151
66
147
121
151
65
145
121
151
68
147
121
151
66
147
123
150
69
145
123
150
69
146
123
150
72
146
123
150
73
147
123
150
72
147
125
151
69
145
125
151
72
146
125
151
73
147
125
151
72
147
126
151
75
147
128
150
77
146
128
150
78
146
127
154
69
146
127
154
69
147
129
153
76
147
129
153
75
147
124
155
66
147
132
154
76
147
132
154
75
147
145
122
91
117
146
124
91
120
144
123
91
120
144
124
91
120
144
124
91
122
145
125
91
120
145
125
91
122
152
155
95
149
152
155
96
149
150
154
95
149
150
154
96
149
150
154
95
148
153
160
101
158
159
164
108
161
162
165
108
161
162
165
108
162
162
165
116
163
166
155
110
150
166
155
116
150
166
155
109
150
166
155
112
150
166
155
113
150
166
155
115
150
166
155
119
151
159
165
108
161
159
165
108
162
159
165
116
163
162
168
116
165
159
166
108
162
159
166
116
163
192
136
137
132
192
136
136
132
182
143
142
139
182
143
140
139
186
143
140
139
184
143
133
139
184
143
140
139
200
157
152
155
208
157
166
155
204
164
153
160
196
158
152
155
196
158
150
154
206
173
159
170
203
172
156
169
205
169
162
168
221
150
190
148
221
150
185
148
221
150
182
148
221
150
189
148
221
150
183
148
221
150
184
148
221
150
186
148
221
150
182
147
216
150
182
147
219
152
192
149
219
152
186
149
219
152
187
149
219
151
191
149
219
151
192
149
219
151
183
148
219
151
190
149
219
151
189
149
220
152
191
149
220
152
192
149
220
152
189
149
214
155
171
152
221
157
195
153
211
157
166
155
216
158
168
156
216
158
166
155
216
158
170
157
213
160
165
156
213
160
163
157
213
160
168
156
213
160
169
158
213
160
167
159
213
160
168
157
215
154
171
152
212
161
163
157
212
161
167
159
212
161
168
157
209
157
165
156
209
157
166
155
213
173
165
171
213
173
167
172
209
172
163
170
233
139
192
136
234
139
192
136
230
146
182
143
230
146
186
143
230
146
184
143
226
151
185
148
226
151
182
148
226
151
183
148
226
151
184
148
226
151
186
148
231
151
191
149
231
151
190
148
231
151
192
149
231
151
189
150
231
151
191
150
231
151
189
148
231
151
187
149
231
151
190
149
231
151
189
149
231
151
190
150
231
151
192
150
232
151
191
149
232
151
190
148
232
151
192
149
232
151
185
148
232
151
182
148
232
151
189
150
232
151
191
150
232
151
189
148
232
151
187
149
232
151
183
148
232
151
190
149
232
151
184
148
232
151
189
149
232
151
190
150
232
151
186
148
232
151
192
150
232
151
182
147
231
145
182
143
231
145
186
143
231
145
184
143
227
151
185
148
227
151
182
148
227
151
183
148
227
151
184
148
227
151
186
148
231
147
186
143
231
147
184
143
223
152
191
149
223
152
192
149
223
152
185
148
223
152
189
150
223
152
191
150
223
152
186
149
223
152
187
149
223
152
183
148
223
152
190
149
223
152
189
149
223
152
190
150
223
152
186
148
223
152
192
150
230
152
189
150
230
152
186
149
230
152
187
149
232
152
191
149
232
152
192
149
232
152
189
150
232
152
191
150
232
152
189
149
232
152
190
150
232
152
192
150
229
146
182
143
229
146
186
143
229
146
184
143
229
151
191
149
229
151
190
148
229
151
192
149
229
151
185
148
229
151
182
148
229
151
189
150
229
151
191
150
229
151
189
148
229
151
186
149
229
151
187
149
229
151
183
148
229
151
190
149
229
151
184
148
229
151
189
149
229
151
190
150
229
151
186
148
229
151
192
150
230
151
191
149
230
151
190
148
230
151
189
150
230
151
189
148
230
151
187
149
230
151
190
149
230
151
189
149
234
146
186
143
228
145
182
143
228
145
186
143
228
145
184
143
234
151
190
148
234
151
189
148
234
151
190
149
234
151
189
149
232
147
182
143
232
147
186
143
232
147
184
143
232
147
184
146
224
152
192
149
224
152
185
148
224
152
189
150
224
152
191
150
224
152
186
149
224
152
187
149
224
152
183
148
224
152
190
150
224
152
192
150
226
152
185
148
226
152
189
150
226
152
186
149
226
152
187
149
226
152
183
148
226
152
184
148
228
152
192
149
228
152
185
148
228
152
189
150
228
152
191
150
228
152
186
149
228
152
187
149
228
152
183
148
228
152
184
148
228
152
190
150
228
152
192
150
223
151
190
148
223
151
185
148
223
151
182
148
223
151
189
148
223
151
186
149
223
151
187
149
223
151
183
148
223
151
190
149
223
151
184
148
223
151
189
149
223
151
186
148
231
152
191
149
231
152
192
149
231
152
189
150
231
152
191
150
231
152
192
151
231
152
187
149
231
152
190
149
231
152
189
149
231
152
190
150
231
152
192
150
231
152
191
151
225
151
185
148
225
151
182
148
225
151
186
149
225
151
187
149
225
151
183
148
225
151
190
149
225
151
184
148
225
151
189
149
225
151
186
148
234
152
191
149
234
152
192
149
234
152
189
150
234
152
191
150
234
152
186
149
234
152
187
149
234
152
190
149
234
152
189
149
234
152
190
150
234
152
192
150
233
153
192
149
233
153
189
150
233
153
191
150
233
153
192
151
233
153
190
150
233
153
192
150
233
153
191
151
233
153
195
151
233
153
199
150
234
155
194
152
234
155
195
153
234
155
198
152
234
155
196
152
234
155
196
153
234
155
197
153
234
155
198
153
230
165
179
161
230
165
187
160
230
165
185
160
227
159
197
155
229
159
197
155
230
161
179
160
230
161
187
160
230
161
185
160
230
161
184
160
234
157
195
153
234
157
196
153
234
157
197
153
234
157
197
155
232
155
192
151
232
155
191
151
232
155
195
151
232
155
194
152
232
155
195
153
232
155
198
152
232
155
196
152
232
155
196
151
232
155
196
153
232
155
197
153
228
159
197
155
226
153
191
150
226
153
192
150
234
154
192
151
234
154
191
151
234
154
195
151
234
154
198
151
234
154
196
151
229
158
197
155
237
139
192
136
238
152
191
150
238
152
192
151
238
152
192
150
238
152
191
151
238
152
195
151
238
152
199
149
240
152
195
151
240
152
199
149
240
152
199
150
242
153
195
151
242
153
194
152
242
153
198
152
242
153
200
151
242
153
198
151
242
153
196
152
242
153
196
151
236
154
192
151
236
154
191
151
236
154
195
151
236
154
194
152
237
153
192
151
237
153
191
151
237
153
195
151
237
153
194
152
237
153
199
150
239
152
191
150
239
152
192
151
239
152
192
150
239
152
195
151
239
152
199
149
244
153
192
151
244
153
191
151
244
153
195
151
244
153
198
152
244
153
200
151
244
153
199
149
244
153
200
150
244
153
198
151
244
153
201
149
244
153
196
152
244
153
196
151
244
153
199
150
235
156
195
153
235
156
196
153
235
156
197
153
235
156
199
153
235
156
198
153
245
153
192
151
245
153
191
151
245
153
195
151
245
153
198
152
245
153
200
151
245
153
199
149
245
153
200
150
245
153
198
151
245
153
201
149
245
153
204
149
245
153
196
152
245
153
196
151
245
153
199
150
238
154
192
151
238
154
191
151
238
154
195
151
238
154
194
152
238
154
195
153
239
154
195
151
239
154
194
152
239
154
195
153
242
154
194
152
242
154
195
153
242
154
198
152
242
154
200
151
242
154
201
152
242
154
198
151
242
154
196
152
242
154
196
153
242
154
197
153
242
154
199
153
242
154
198
153
243
154
194
152
243
154
198
152
243
154
200
151
243
154
201
152
243
154
198
151
243
154
196
152
243
154
196
153
243
154
197
153
243
154
199
153
243
154
198
153
237
155
194
152
237
155
195
153
243
155
195
153
243
155
198
152
243
155
200
151
243
155
201
152
243
155
198
151
243
155
196
153
243
155
202
153
243
155
197
153
243
155
199
153
243
155
198
153
247
155
195
153
247
155
198
152
247
155
201
152
247
155
203
152
247
155
196
153
247
155
202
153
247
155
203
153
247
155
197
153
247
155
199
153
247
155
198
153
236
152
191
149
236
152
192
149
236
152
189
150
236
152
191
150
236
152
192
151
236
152
186
149
236
152
187
149
236
152
190
149
236
152
189
149
236
152
190
150
236
152
192
150
236
152
191
151
236
156
195
153
236
156
196
153
236
156
197
153
236
156
199
153
236
156
198
153
237
156
195
153
237
156
196
153
237
156
197
153
237
156
199
153
237
156
198
153
239
156
195
153
245
156
201
152
245
156
203
152
245
156
205
152
245
156
202
153
245
156
203
153
245
156
199
153
245
156
198
153
245
156
206
153
237
169
188
165
237
169
196
165
245
172
199
170
253
161
195
159
253
161
202
159
253
161
204
159
253
161
215
156
253
161
209
157
251
163
195
161
251
163
204
159
251
163
199
161
251
163
216
158
251
163
213
160
250
154
198
152
250
154
201
152
250
154
203
152
250
154
205
152
250
154
202
153
250
154
203
153
250
154
197
153
250
154
199
153
250
154
198
153
250
154
206
153
250
154
209
151
248
164
189
163
248
164
195
161
248
164
199
161
259
153
211
151
259
153
214
152
259
153
216
150
259
153
209
151
259
153
211
152
259
153
215
152
251
155
201
152
251
155
203
152
251
155
205
152
251
155
206
154
251
155
202
153
251
155
207
153
251
155
203
153
251
155
199
153
251
155
198
153
251
155
206
153
249
164
189
163
249
164
195
161
249
164
199
161
248
155
201
152
248
155
203
152
248
155
205
152
248
155
202
153
248
155
207
153
248
155
203
153
248
155
199
153
248
155
198
153
248
155
206
153
256
152
208
152
256
152
207
150
256
152
208
151
256
152
207
151
256
152
205
152
256
152
211
151
256
152
209
151
253
155
203
152
253
155
205
152
253
155
206
154
253
155
202
153
253
155
207
153
253
155
207
154
253
155
203
153
253
155
199
153
253
155
206
153
248
153
198
152
248
153
207
150
248
153
200
151
248
153
201
152
248
153
200
150
248
153
198
151
248
153
204
149
248
153
196
152
248
153
203
152
248
153
199
150
255
162
204
159
255
162
216
158
255
162
213
160
251
154
198
152
251
154
201
152
251
154
203
152
251
154
205
152
251
154
202
153
251
154
207
153
251
154
203
153
251
154
199
153
251
154
198
153
251
154
206
153
251
154
209
151
253
154
208
152
253
154
207
150
253
154
208
151
253
154
201
152
253
154
207
151
253
154
203
152
253
154
205
152
253
154
202
153
253
154
207
153
253
154
203
153
253
154
199
153
253
154
198
153
253
154
206
153
253
154
209
151
253
154
211
152
258
152
207
150
258
152
211
151
258
152
216
150
258
152
209
151
258
152
211
152
249
155
201
152
249
155
203
152
249
155
205
152
249
155
202
153
249
155
207
153
249
155
203
153
249
155
199
153
249
155
198
153
249
155
206
153
259
152
207
150
259
152
211
151
259
152
216
150
259
152
209
151
259
152
211
152
252
155
201
152
252
155
203
152
252
155
205
152
252
155
206
154
252
155
202
153
252
155
207
153
252
155
203
153
252
155
199
153
252
155
198
153
252
155
206
153
257
153
208
152
257
153
207
150
257
153
208
151
257
153
207
151
257
153
205
152
257
153
211
151
257
153
216
150
257
153
209
151
257
153
211
152
254
155
203
152
254
155
205
152
254
155
206
154
254
155
202
153
254
155
207
153
254
155
207
154
254
155
203
153
254
155
206
153
254
155
209
151
254
155
211
152
260
152
211
151
260
152
214
152
260
152
216
150
260
152
209
151
260
152
211
152
249
156
201
152
249
156
203
152
249
156
205
152
249
156
206
154
249
156
202
153
249
156
207
153
249
156
207
154
249
156
203
153
249
156
201
155
249
156
199
153
249
156
198
155
249
156
198
153
249
156
202
155
249
156
206
153
260
153
211
151
260
153
214
152
260
153
216
150
260
153
209
151
260
153
211
152
260
153
215
152
260
153
216
152
253
162
202
159
253
162
204
159
253
162
216
158
257
152
207
150
257
152
211
151
257
152
209
151
252
154
201
152
252
154
203
152
252
154
205
152
252
154
202
153
252
154
207
153
252
154
203
153
252
154
199
153
252
154
198
153
252
154
206
153
252
154
209
151
251
153
198
152
251
153
207
150
251
153
208
151
251
153
200
151
251
153
201
152
251
153
207
151
251
153
203
152
251
153
205
152
251
153
209
151
256
172
205
169
248
172
205
169
253
168
208
164
253
168
204
164
258
175
213
173
258
175
210
173
260
170
205
169
257
176
207
174
249
172
205
169
250
176
204
174
250
176
206
174
250
176
207
174
251
176
207
174
252
176
207
174
268
131
221
130
268
131
222
130
270
135
226
133
270
135
224
131
270
135
226
134
270
131
221
130
270
131
222
130
270
137
228
133
270
137
227
135
270
137
226
133
270
137
226
134
272
136
228
133
272
136
227
135
272
136
228
135
272
136
226
133
272
136
230
133
272
136
226
134
269
132
221
130
269
132
222
130
269
132
223
131
269
132
224
131
273
134
228
133
273
134
233
131
273
134
226
133
273
134
223
131
273
134
224
131
273
134
230
133
271
133
221
130
271
133
228
130
271
133
222
130
271
133
223
131
271
133
224
131
271
133
229
130
272
133
228
130
272
133
222
130
272
133
223
131
272
133
224
131
272
133
229
130
272
134
228
133
272
134
226
133
272
134
223
131
272
134
224
131
272
134
229
130
271
138
230
135
271
138
227
135
271
138
228
135
271
138
229
136
271
137
228
133
271
137
227
135
271
137
228
135
271
137
226
134
272
131
221
130
272
131
228
130
272
131
222
130
272
132
221
130
272
132
228
130
272
132
222
130
272
132
223
131
272
132
224
131
272
132
229
130
270
136
228
133
270
136
226
133
270
136
226
134
271
135
228
133
271
135
226
133
271
135
226
134
271
136
228
133
271
136
227
135
271
136
226
133
271
136
230
133
271
136
226
134
272
135
228
133
272
135
226
133
272
135
230
133
272
135
226
134
271
134
228
130
271
134
226
133
271
134
223
131
271
134
224
131
271
134
229
130
273
139
230
135
273
139
227
135
273
139
228
135
273
139
233
135
273
139
229
136
273
139
231
136
273
139
232
135
273
139
230
136
273
139
232
137
263
153
211
151
263
153
214
152
263
153
216
150
263
153
219
152
263
153
211
152
263
153
215
152
263
153
216
152
263
153
214
153
271
154
221
150
271
154
219
152
271
154
219
151
271
154
220
152
271
154
226
151
271
154
231
151
271
154
232
151
271
154
227
151
271
154
223
152
271
154
230
149
271
154
230
152
271
154
229
151
271
154
230
151
271
154
224
152
271
154
226
152
271
154
228
152
271
154
223
151
271
154
231
152
271
154
225
151
271
154
226
153
269
152
221
150
269
152
216
150
269
152
219
152
269
152
219
151
269
152
220
152
269
152
226
151
269
152
227
151
269
152
231
147
269
152
223
152
269
152
230
149
269
152
224
152
269
152
226
152
269
152
223
151
269
152
225
151
268
154
221
150
268
154
219
152
268
154
219
151
268
154
216
152
268
154
220
152
268
154
226
151
268
154
227
151
268
154
223
152
268
154
230
149
268
154
229
151
268
154
230
151
268
154
224
152
268
154
226
152
268
154
228
152
268
154
223
151
268
154
225
151
268
154
226
153
263
155
214
152
263
155
219
152
263
155
215
152
263
155
216
152
263
155
214
155
263
155
214
153
263
155
215
154
272
155
219
152
272
155
219
151
272
155
220
152
272
155
226
151
272
155
231
151
272
155
232
151
272
155
227
151
272
155
223
152
272
155
230
152
272
155
232
152
272
155
229
151
272
155
230
151
272
155
224
152
272
155
226
152
272
155
228
152
272
155
223
151
272
155
231
152
272
155
225
151
272
155
226
153
272
152
221
150
272
152
219
152
272
152
219
151
272
152
220
152
272
152
226
151
272
152
231
151
272
152
227
151
272
152
231
147
272
152
223
152
272
152
230
149
272
152
230
152
272
152
229
151
272
152
230
151
272
152
224
152
272
152
226
152
272
152
228
152
272
152
223
151
272
152
225
151
262
152
211
151
262
152
214
152
262
152
216
150
262
152
209
151
262
152
219
151
262
152
215
152
262
152
216
152
272
154
221
150
272
154
219
152
272
154
219
151
272
154
220
152
272
154
226
151
272
154
231
151
272
154
232
151
272
154
227
151
272
154
223
152
272
154
230
149
272
154
230
152
272
154
232
152
272
154
229
151
272
154
230
151
272
154
224
152
272
154
226
152
272
154
228
152
272
154
223
151
272
154
231
152
272
154
225
151
272
154
226
153
267
155
214
152
267
155
219
152
267
155
219
151
267
155
215
152
267
155
216
152
267
155
220
152
271
155
219
152
271
155
219
151
271
155
220
152
271
155
226
151
271
155
231
151
271
155
232
151
271
155
227
151
271
155
223
152
271
155
230
152
271
155
232
152
271
155
229
151
271
155
230
151
271
155
224
152
271
155
226
152
271
155
228
152
271
155
223
151
271
155
231
152
271
155
225
151
271
155
226
153
272
153
221
150
272
153
219
152
272
153
219
151
272
153
220
152
272
153
226
151
272
153
231
151
272
153
232
151
272
153
227
151
272
153
223
152
272
153
230
149
272
153
230
152
272
153
229
151
272
153
230
151
272
153
224
152
272
153
226
152
272
153
228
152
272
153
223
151
272
153
231
152
272
153
225
151
272
153
226
153
265
152
221
150
265
152
216
150
265
152
219
152
265
152
219
151
265
152
223
151
262
175
210
173
264
175
213
173
264
175
210
173
283
154
232
152
283
154
231
152
283
154
237
153
279
156
230
152
279
156
232
152
279
156
231
152
279
156
226
153
279
156
237
153
279
156
237
156
284
152
232
151
284
152
232
152
284
152
231
152
284
152
237
153
285
154
242
153
285
154
237
153
285
154
237
156
279
155
231
151
279
155
232
151
279
155
230
152
279
155
232
152
279
155
229
151
279
155
230
151
279
155
228
152
279
155
231
152
279
155
226
153
279
155
237
153
283
156
242
153
283
156
237
153
283
156
237
156
280
159
237
156
283
152
231
151
283
152
232
151
283
152
230
152
283
152
232
152
283
152
231
152
283
152
237
153
286
154
242
153
286
154
237
153
286
154
244
153
286
154
237
156
281
152
231
151
281
152
232
151
281
152
230
149
281
152
230
152
281
152
232
152
281
152
229
151
281
152
230
151
281
152
228
152
281
152
231
152
281
152
226
153
281
152
237
153
284
153
232
152
284
153
231
152
284
153
237
153
286
155
242
153
286
155
237
153
286
155
244
153
286
155
245
153
286
155
237
156
275
154
219
152
275
154
220
152
275
154
226
151
275
154
231
151
275
154
232
151
275
154
227
151
275
154
223
152
275
154
230
152
275
154
232
152
275
154
229
151
275
154
230
151
275
154
224
152
275
154
226
152
275
154
228
152
275
154
223
151
275
154
231
152
275
154
225
151
275
154
226
153
284
156
242
153
284
156
237
153
284
156
237
156
279
152
226
151
279
152
231
151
279
152
232
151
279
152
227
151
279
152
223
152
279
152
230
149
279
152
230
152
279
152
232
152
279
152
229
151
279
152
230
151
279
152
224
152
279
152
226
152
279
152
228
152
279
152
231
152
279
152
225
151
279
152
226
153
279
153
226
151
279
153
231
151
279
153
232
151
279
153
227
151
279
153
230
149
279
153
230
152
279
153
232
152
279
153
229
151
279
153
230
151
279
153
224
152
279
153
226
152
279
153
228
152
279
153
231
152
279
153
226
153
279
153
237
153
280
153
231
151
280
153
232
151
280
153
227
151
280
153
230
149
280
153
230
152
280
153
232
152
280
153
229
151
280
153
230
151
280
153
226
152
280
153
228
152
280
153
231
152
280
153
226
153
280
153
237
153
284
154
242
153
284
154
237
153
281
153
231
151
281
153
232
151
281
153
230
152
281
153
232
152
281
153
229
151
281
153
230
151
281
153
228
152
281
153
231
152
281
153
226
153
281
153
237
153
276
155
226
151
276
155
231
151
276
155
232
151
276
155
227
151
276
155
223
152
276
155
230
152
276
155
232
152
276
155
229
151
276
155
230
151
276
155
224
152
276
155
226
152
276
155
228
152
276
155
231
152
276
155
225
151
276
155
226
153
278
155
231
151
278
155
232
151
278
155
230
152
278
155
232
152
278
155
229
151
278
155
230
151
278
155
226
152
278
155
228
152
278
155
231
152
278
155
226
153
278
155
237
153
283
153
231
151
283
153
232
151
283
153
230
152
283
153
232
152
283
153
231
152
283
153
237
153
284
155
242
153
284
155
237
153
284
155
237
156
285
155
242
153
285
155
237
153
285
155
244
153
285
155
237
156
286
152
237
153
276
156
230
152
276
156
232
152
276
156
226
152
276
156
228
152
276
156
231
152
276
156
226
153
276
156
237
153
285
153
242
153
285
153
237
153
276
153
219
152
276
153
220
152
276
153
226
151
276
153
231
151
276
153
232
151
276
153
227
151
276
153
223
152
276
153
230
149
276
153
230
152
276
153
232
152
276
153
229
151
276
153
230
151
276
153
224
152
276
153
226
152
276
153
228
152
276
153
223
151
276
153
231
152
276
153
225
151
276
153
226
153
286
158
242
153
286
158
244
153
286
158
237
156
286
158
245
156
280
154
231
151
280
154
232
151
280
154
230
152
280
154
232
152
280
154
229
151
280
154
230
151
280
154
228
152
280
154
231
152
280
154
226
153
280
154
237
153
276
154
220
152
276
154
226
151
276
154
231
151
276
154
232
151
276
154
227
151
276
154
223
152
276
154
230
152
276
154
232
152
276
154
229
151
276
154
230
151
276
154
224
152
276
154
226
152
276
154
228
152
276
154
223
151
276
154
231
152
276
154
225
151
276
154
226
153
282
154
232
151
282
154
230
152
282
154
232
152
282
154
231
152
282
154
237
153
276
152
219
152
276
152
220
152
276
152
226
151
276
152
231
151
276
152
232
151
276
152
227
151
276
152
231
147
276
152
223
152
276
152
230
149
276
152
230
152
276
152
232
152
276
152
229
151
276
152
230
151
276
152
224
152
276
152
226
152
276
152
228
152
276
152
223
151
276
152
231
152
276
152
225
151
277
171
237
169
297
152
256
152
297
152
258
152
297
152
255
153
297
152
257
153
297
152
257
152
297
152
254
152
297
152
255
152
288
154
242
153
288
154
244
153
288
154
245
153
293
153
242
153
293
153
244
153
293
153
245
153
293
153
248
153
293
153
253
153
293
153
254
152
293
153
251
153
287
153
242
153
287
153
237
153
287
153
244
153
293
155
244
153
293
155
245
153
293
155
247
155
293
155
245
156
293
155
250
154
293
155
251
155
293
155
248
155
293
155
248
153
293
155
251
154
293
155
253
154
293
155
254
154
293
155
253
153
293
155
249
155
293
155
252
155
293
155
249
156
293
155
252
154
293
155
251
153
299
153
256
152
299
153
258
152
299
153
255
153
299
153
257
153
299
153
257
152
299
153
254
152
299
153
255
152
296
156
247
155
296
156
245
156
296
156
250
154
296
156
251
155
296
156
248
155
296
156
248
153
296
156
251
154
296
156
253
154
296
156
254
154
296
156
253
153
296
156
249
155
296
156
252
155
296
156
249
156
296
156
252
154
296
156
251
153
290
154
242
153
290
154
244
153
290
154
245
153
290
154
248
153
292
153
242
153
292
153
244
153
292
153
245
153
292
153
248
153
294
152
245
153
294
152
254
152
289
155
242
153
289
155
244
153
289
155
245
153
289
155
248
153
292
155
242
153
292
155
244
153
292
155
245
153
292
155
247
155
292
155
245
156
292
155
250
154
292
155
251
155
292
155
248
155
292
155
248
153
292
155
251
154
292
155
253
154
292
155
254
154
292
155
253
153
292
155
249
155
292
155
252
154
292
155
251
153
299
155
251
154
299
155
253
154
299
155
254
154
299
155
253
153
299
155
255
153
299
155
252
155
299
155
257
153
299
155
254
152
299
155
252
154
299
155
251
153
299
155
255
152
287
156
242
153
287
156
244
153
287
156
245
153
287
156
237
156
290
156
242
153
290
156
244
153
290
156
245
153
290
156
247
155
290
156
245
156
290
156
250
154
290
156
248
155
290
156
248
153
290
156
249
155
290
156
251
153
292
154
242
153
292
154
244
153
292
154
245
153
292
154
247
155
292
154
250
154
292
154
248
153
292
154
253
153
292
154
251
153
297
156
247
155
297
156
250
154
297
156
251
155
297
156
248
155
297
156
248
153
297
156
251
154
297
156
253
154
297
156
254
154
297
156
253
153
297
156
249
155
297
156
252
155
297
156
249
156
297
156
252
154
297
156
251
153
299
156
250
154
299
156
251
155
299
156
251
154
299
156
253
154
299
156
254
154
299
156
253
153
299
156
255
153
299
156
252
155
299
156
254
152
299
156
252
154
299
156
251
153
299
156
255
152
297
157
247
155
297
157
250
154
297
157
251
155
297
157
248
155
297
157
248
153
297
157
251
154
297
157
253
154
297
157
254
154
297
157
253
153
297
157
249
155
297
157
252
155
297
157
249
156
297
157
252
154
297
157
251
153
291
157
244
153
291
157
245
153
291
157
247
155
291
157
245
156
291
157
250
154
291
157
251
155
291
157
248
155
291
157
248
153
291
157
251
154
291
157
253
154
291
157
249
155
291
157
252
155
291
157
249
156
291
157
252
154
291
157
251
153
296
154
245
153
296
154
250
154
296
154
251
155
296
154
248
153
296
154
251
154
296
154
253
154
296
154
254
154
296
154
253
153
296
154
255
153
296
154
252
155
296
154
254
152
296
154
252
154
296
154
251
153
296
154
255
152
297
154
250
154
297
154
251
155
297
154
248
153
297
154
251
154
297
154
253
154
297
154
254
154
297
154
253
153
297
154
255
153
297
154
252
155
297
154
257
153
297
154
254
152
297
154
252
154
297
154
251
153
297
154
255
152
298
152
256
152
298
152
258
152
298
152
255
153
298
152
257
153
298
152
257
152
298
152
254
152
298
152
255
152
293
157
245
153
293
157
247
155
293
157
245
156
293
157
250
154
293
157
251
155
293
157
248
155
293
157
248
153
293
157
251
154
293
157
253
154
293
157
249
155
293
157
252
155
293
157
249
156
293
157
252
154
293
157
251
153
296
158
247
155
296
158
250
154
296
158
251
155
296
158
248
155
296
158
248
153
296
158
251
154
296
158
253
154
296
158
249
155
296
158
252
155
296
158
249
156
296
158
252
154
296
158
251
153
294
153
244
153
294
153
245
153
294
153
248
153
294
153
251
154
294
153
253
154
294
153
254
154
294
153
253
153
294
153
255
153
294
153
254
152
294
153
252
154
294
153
251
153
294
153
255
152
295
155
244
153
295
155
245
153
295
155
247
155
295
155
245
156
295
155
250
154
295
155
251
155
295
155
248
155
295
155
248
153
295
155
251
154
295
155
253
154
295
155
254
154
295
155
253
153
295
155
249
155
295
155
252
155
295
155
249
156
295
155
252
154
295
155
251
153
296
153
256
152
296
153
253
154
296
153
254
154
296
153
253
153
296
153
255
153
296
153
254
152
296
153
252
154
296
153
251
153
296
153
255
152
298
157
247
155
298
157
250
154
298
157
251
155
298
157
248
155
298
157
248
153
298
157
251
154
298
157
253
154
298
157
254
154
298
157
253
153
298
157
249
155
298
157
252
155
298
157
249
156
298
157
252
154
298
157
251
153
288
156
242
153
288
156
244
153
288
156
245
153
288
156
247
155
288
156
245
156
288
156
248
153
288
152
242
153
292
156
244
153
292
156
245
153
292
156
247
155
292
156
245
156
292
156
250
154
292
156
251
155
292
156
248
155
292
156
248
153
292
156
251
154
292
156
253
154
292
156
253
153
292
156
249
155
292
156
252
155
292
156
249
156
292
156
252
154
292
156
251
153
289
154
242
153
289
154
244
153
289
154
245
153
289
153
242
153
289
153
244
153
289
153
245
153
298
156
247
155
298
156
250
154
298
156
251
155
298
156
248
155
298
156
248
153
298
156
251
154
298
156
253
154
298
156
254
154
298
156
253
153
298
156
255
153
298
156
249
155
298
156
252
155
298
156
249
156
298
156
254
152
298
156
252
154
298
156
251
153
291
154
242
153
291
154
244
153
291
154
245
153
291
154
248
153
290
157
242
153
290
157
244
153
290
157
245
153
290
157
247
155
290
157
245
156
290
157
250
154
290
157
251
155
290
157
248
155
290
157
248
153
290
157
251
154
290
157
249
155
290
157
249
156
290
153
242
153
290
153
244
153
290
153
245
153
295
175
245
172
298
166
253
161
298
166
251
163
325
179
272
177
335
174
294
174
337
168
298
166
337
174
294
174
335
176
294
174
335
176
295
175
338
167
298
166
338
168
298
166
333
165
298
166
334
167
298
166
333
179
293
177
340
151
298
152
338
152
297
152
338
152
299
153
338
152
294
152
338
152
298
152
338
152
296
153
341
166
298
166
347
172
306
170
340
168
298
166
343
171
306
170
348
174
306
173
350
174
306
173
343
170
306
170
342
171
306
170
350
171
306
170
341
167
298
166
341
169
306
170
350
172
306
170
343
167
298
166
351
172
306
170
344
166
298
166
339
168
298
166
353
178
313
176
373
170
323
168
371
177
328
177
387
144
339
144
390
174
348
174
395
142
348
141
397
141
348
141
403
149
354
150
403
149
354
149
403
150
354
150
403
150
354
149
398
172
350
171
398
172
351
171
398
172
350
172
398
172
351
172
395
174
348
174
395
174
350
174
395
174
351
174
393
175
350
174
392
172
332
171
392
172
333
172
392
172
334
172
392
172
350
172
403
172
351
172
395
171
343
171
395
171
342
171
395
171
350
171
395
171
351
171
397
174
348
174
397
174
350
174
397
174
350
172
397
174
351
174
400
172
350
171
400
172
351
171
400
172
350
172
400
172
351
172
400
171
350
171
400
171
351
171
400
171
351
172
398
173
347
172
398
173
350
171
398
173
351
171
398
173
350
172
398
173
351
172
395
172
333
172
395
172
334
172
395
172
347
172
395
172
343
171
395
172
350
171
395
172
351
171
395
172
350
172
395
172
351
172
394
174
329
173
394
174
348
174
394
174
350
174
396
172
347
172
396
172
350
171
396
172
351
171
396
172
350
172
396
172
351
172
396
174
348
174
396
174
350
174
396
174
351
174
398
174
350
174
398
174
351
172
398
174
351
174
398
171
350
171
398
171
351
171
395
175
350
174
400
173
350
172
400
173
351
172
393
172
332
171
393
172
333
172
401
173
350
172
401
173
351
172
402
173
351
172
396
171
337
171
396
171
348
169
396
171
343
171
396
171
342
171
396
171
350
171
396
171
351
171
416
170
365
168
404
166
343
168
404
166
367
165
405
170
365
168
427
147
377
146
427
147
378
146
427
147
379
146
427
146
377
146
427
146
378
146
427
146
379
146
427
146
381
145
427
146
383
145
419
150
369
148
419
150
370
148
419
150
371
148
424
150
370
148
424
150
371
148
423
148
374
147
423
148
377
146
423
148
375
147
424
148
374
147
424
148
377
146
424
148
375
147
424
148
378
146
419
149
374
147
419
149
369
148
419
149
370
148
419
149
371
148
424
149
374
147
424
149
371
148
424
149
375
147
424
147
374
147
424
147
377
146
424
147
375
147
424
147
378
146
424
147
379
146
424
142
387
144
424
142
384
144
424
142
385
144
420
151
369
148
420
151
370
148
429
147
377
146
429
147
378
146
429
147
379
146
429
147
381
145
422
171
365
168
419
170
365
168
421
170
365
168
429
168
345
169
417
170
365
168
432
147
378
146
432
147
379
146
432
145
387
144
432
145
384
144
432
145
381
145
432
145
383
145
432
145
385
144
433
144
387
144
449
150
403
149
447
147
403
146
447
147
403
147
449
149
403
147
448
151
403
149
448
151
403
152
448
151
403
150
462
151
419
150
465
149
419
149
465
151
419
150
465
151
419
149
468
146
417
146
466
151
419
150
465
152
419
150
474
178
430
178
508
152
466
148
508
152
462
151
508
152
465
149
508
152
467
145
508
152
468
145
508
152
466
146
508
152
465
146
514
152
465
150
511
154
465
150
544
156
496
152
544
156
495
155
541
161
497
154
541
161
496
154
541
161
496
155
543
154
494
154
542
160
497
154
542
160
496
154
550
131
502
107
550
131
503
112
550
133
503
112
550
133
502
109
550
133
502
112
546
134
498
113
546
134
497
113
546
134
498
111
547
135
500
112
550
135
503
112
550
151
498
153
550
151
499
153
550
151
500
152
547
152
497
152
547
152
496
154
548
154
497
156
548
154
499
153
548
153
497
154
549
153
499
153
569
71
514
77
569
71
516
77
569
71
514
76
571
74
516
79
571
74
519
80
567
67
513
76
569
70
514
77
569
70
514
76
571
72
516
79
570
69
514
76
567
70
513
76
567
70
514
76
559
79
507
86
563
76
510
80
559
89
507
96
585
28
529
34
585
28
530
34
585
28
530
32
585
28
533
31
585
28
532
31
585
28
528
34
585
28
531
33
585
28
528
33
585
28
533
32
585
28
530
35
580
32
530
35
576
34
520
42
583
29
529
34
583
29
530
34
583
29
530
32
583
29
528
34
583
29
531
33
583
29
528
33
583
29
530
35
580
30
524
35
580
30
530
34
580
30
527
33
580
30
531
33
580
30
528
33
581
30
529
34
581
30
530
34
581
30
528
34
581
30
531
33
581
30
528
33
585
31
533
35
585
31
530
35
575
75
520
80
575
75
519
80
606
120
553
128
607
126
553
128
607
126
553
129
607
123
553
127
604
124
549
128
604
124
550
131
604
124
549
126
605
126
552
132
605
126
551
130
605
126
553
133
605
126
549
126
606
124
554
130
606
124
553
129
607
124
553
128
607
124
553
127
606
125
551
126
606
125
552
128
606
125
553
129
608
125
553
127
607
120
553
127
609
140
548
137
609
140
554
143
