Test81.jpg
Test83.jpg
260
113
360
104
265
117
363
109
311
114
408
123
321
85
428
105
321
85
428
104
325
89
428
110
321
89
428
110
319
98
420
116
319
98
421
114
319
98
420
117
319
98
420
118
319
98
419
119
319
98
421
115
322
98
425
117
320
93
421
113
320
93
425
111
320
93
426
113
320
93
421
114
320
90
425
111
320
92
423
110
320
92
425
111
320
92
422
111
320
92
426
113
319
97
420
116
319
97
421
114
319
97
420
117
319
97
420
118
319
97
421
115
324
89
428
110
324
97
425
117
323
90
425
111
323
90
426
113
320
98
420
116
320
98
424
117
320
98
420
117
320
98
420
118
320
98
421
115
324
98
425
117
320
108
418
127
319
122
413
135
320
114
416
126
320
114
418
127
319
123
414
133
323
137
406
157
323
138
407
160
323
139
407
161
323
139
407
160
338
82
445
107
335
83
441
108
335
97
435
122
335
89
439
115
331
105
427
129
331
105
428
129
331
105
429
128
331
105
430
128
336
105
432
130
331
106
429
130
331
106
427
129
331
106
428
129
331
106
429
128
331
106
430
128
334
105
429
130
334
105
428
129
334
105
429
128
334
105
431
129
334
105
430
128
350
54
464
85
339
82
445
107
371
49
491
87
371
49
489
87
371
49
490
87
370
50
489
87
370
50
490
88
373
66
487
106
370
74
482
111
367
76
476
113
367
76
475
113
367
76
477
113
365
75
476
113
365
75
475
113
365
75
477
113
368
76
475
113
377
109
471
149
376
110
471
149
375
111
468
149
375
111
469
149
375
111
470
149
375
111
471
149
375
111
470
148
377
111
475
135
377
111
476
135
377
111
471
149
375
110
475
135
375
110
470
148
376
111
475
135
376
111
470
149
376
111
471
149
376
111
470
148
377
126
467
165
372
127
460
164
372
127
462
164
371
130
459
161
371
130
460
161
371
130
460
162
371
130
460
164
371
129
462
161
371
129
460
161
371
129
460
164
371
129
462
164
370
133
460
163
370
133
460
164
370
133
460
165
370
133
459
166
370
133
459
167
371
133
460
163
371
133
460
164
371
133
460
165
373
127
460
164
368
134
459
166
372
143
453
181
372
143
453
182
377
150
455
188
371
147
449
185
371
147
451
186
374
151
453
187
374
151
454
187
374
151
455
188
371
148
449
185
371
148
451
186
375
150
453
187
375
150
454
187
375
150
455
188
371
143
453
179
371
143
453
181
371
143
453
182
371
146
449
185
371
146
453
182
371
146
451
186
377
162
453
201
373
171
445
207
372
172
445
207
372
172
444
207
384
65
494
107
384
65
495
106
384
65
496
107
385
65
494
107
385
65
495
106
385
65
496
107
383
64
494
107
383
64
495
106
383
65
494
107
383
65
495
106
383
65
496
107
382
63
495
106
380
66
494
107
381
127
469
166
381
135
466
175
381
152
461
190
381
152
460
191
382
153
461
192
382
153
462
192
383
161
458
201
383
161
460
201
383
161
461
200
383
161
462
201
383
161
459
201
384
165
461
202
384
165
462
203
384
165
461
203
384
165
460
203
383
165
461
202
383
165
461
203
383
165
460
203
384
162
460
201
384
162
459
201
385
159
462
201
385
159
461
199
379
160
461
199
382
160
461
202
384
164
461
202
384
164
462
203
384
164
461
203
378
161
453
201
383
166
461
203
383
166
460
203
380
166
454
203
380
166
460
203
380
168
451
203
380
168
455
208
380
168
455
205
380
168
453
206
390
185
458
230
384
186
454
226
389
186
457
230
389
186
458
230
383
187
454
226
388
188
455
229
388
188
457
230
388
188
458
230
388
188
457
231
386
189
455
229
386
189
453
231
386
189
457
230
390
186
457
230
390
186
458
230
387
181
454
226
390
187
457
230
390
187
458
230
390
187
457
231
390
188
457
230
390
188
456
232
390
188
458
230
390
188
457
231
389
191
454
234
389
191
455
236
389
191
455
234
389
191
454
236
389
191
453
235
389
191
454
235
389
191
455
235
389
191
456
232
389
191
456
233
389
191
457
231
389
192
452
237
389
192
452
236
389
192
454
234
389
192
455
236
389
192
455
237
389
192
455
234
389
192
454
236
389
192
453
235
389
192
454
237
389
192
454
235
389
192
455
235
389
192
456
232
389
192
456
233
389
194
452
237
389
194
452
236
389
194
454
238
389
194
454
234
389
194
455
236
389
194
455
237
389
194
454
239
389
194
455
234
389
194
454
236
389
194
453
235
389
194
454
237
389
194
454
235
389
194
455
235
389
194
452
238
389
194
456
233
388
197
454
242
403
46
523
94
403
45
523
94
400
58
515
105
401
62
513
107
409
44
526
95
409
44
529
95
409
44
528
94
408
60
520
108
411
56
526
105
415
54
526
105
413
54
526
105
405
59
515
105
415
55
526
106
415
55
526
105
415
51
535
105
415
51
536
106
404
58
515
105
404
58
512
103
414
54
526
105
410
60
520
108
415
53
528
103
415
53
536
106
415
139
503
190
412
139
501
190
413
131
501
190
413
131
502
189
415
137
503
190
405
170
477
217
405
170
478
217
405
170
475
218
405
170
478
218
405
170
479
218
405
170
480
219
405
170
477
218
403
169
475
218
403
169
478
218
403
169
474
217
403
169
479
218
403
169
477
218
403
168
475
218
403
168
478
218
403
168
477
218
403
170
473
217
403
170
474
217
405
171
475
218
405
171
478
218
405
171
474
217
405
171
477
218
406
171
475
218
406
171
478
218
406
171
477
218
406
169
478
217
406
169
478
218
406
169
479
218
406
169
480
219
406
169
477
218
404
181
474
230
404
181
471
227
404
181
474
227
404
181
472
229
404
181
473
227
404
181
472
228
404
181
473
229
404
181
472
232
404
181
472
233
404
181
473
234
403
182
469
229
403
182
470
230
403
182
471
227
403
182
472
229
403
182
473
227
403
182
472
228
403
182
473
229
403
182
469
230
403
182
472
232
403
182
472
233
405
185
470
230
405
185
471
227
405
185
472
229
405
185
472
228
405
185
473
229
405
185
472
232
405
185
470
233
405
185
472
233
405
185
473
234
403
186
467
234
403
186
467
230
403
186
468
235
403
186
469
229
403
186
470
230
403
186
472
229
403
186
469
230
403
186
472
232
403
186
469
234
403
186
470
233
403
186
469
235
406
187
472
229
406
187
472
232
406
187
470
233
406
187
472
233
406
187
473
234
407
183
474
230
407
183
474
227
407
183
476
229
407
183
473
227
407
183
475
228
407
183
473
229
407
183
475
229
407
183
475
231
407
183
474
234
407
183
476
231
407
183
476
232
407
183
475
234
403
184
467
230
403
184
469
229
403
184
470
230
403
184
471
227
403
184
472
229
403
184
472
228
403
184
469
230
403
184
472
232
403
184
469
234
403
184
470
233
403
184
469
235
404
184
469
229
404
184
470
230
404
184
471
227
404
184
472
229
404
184
472
228
404
184
473
229
404
184
469
230
404
184
472
232
404
184
470
233
404
184
472
233
405
183
474
230
405
183
471
227
405
183
474
227
405
183
472
229
405
183
473
227
405
183
472
228
405
183
473
229
405
183
472
232
405
183
472
233
405
183
473
234
404
185
469
229
404
185
470
230
404
185
471
227
404
185
472
229
404
185
472
228
404
185
469
230
404
185
472
232
404
185
469
234
404
185
470
233
404
185
472
233
404
185
469
235
407
182
474
230
407
182
474
227
407
182
476
229
407
182
473
227
407
182
475
228
407
182
473
229
407
182
475
229
407
182
475
231
407
182
474
234
407
182
476
231
407
182
473
234
407
182
476
232
407
182
475
234
406
186
472
229
406
186
472
228
406
186
473
229
406
186
472
232
406
186
472
233
406
186
473
234
404
187
468
235
404
187
469
229
404
187
470
230
404
187
469
230
404
187
472
232
404
187
469
234
404
187
470
233
404
187
472
233
404
187
469
235
405
182
474
230
405
182
471
227
405
182
474
227
405
182
472
229
405
182
473
227
405
182
472
228
405
182
473
229
405
182
472
232
405
182
472
233
405
182
473
234
416
198
481
248
405
199
465
242
405
199
465
243
405
199
466
242
417
51
536
106
417
52
528
103
417
52
536
106
425
67
539
122
423
87
531
138
422
87
529
143
422
87
522
156
424
97
527
154
424
97
528
154
424
97
528
153
425
98
528
154
425
98
529
154
426
98
529
154
420
90
521
153
424
88
526
154
425
103
528
154
426
139
514
193
417
137
505
192
417
138
505
192
426
148
511
203
428
148
513
204
425
152
507
208
425
152
510
204
426
147
511
203
426
149
510
204
428
150
513
204
422
154
506
206
422
154
505
208
422
154
506
208
423
153
507
205
423
183
488
239
422
186
488
237
422
186
487
237
422
186
488
238
422
186
488
239
422
186
487
239
418
186
487
239
419
187
488
239
419
187
487
239
419
183
485
237
419
183
487
237
419
183
486
237
419
183
485
235
419
183
486
236
419
183
484
234
419
183
487
239
419
186
488
239
419
186
487
239
418
187
487
239
418
185
487
239
420
203
485
251
420
203
481
254
421
199
483
251
421
199
482
252
421
199
485
251
421
201
485
251
419
202
483
251
419
202
485
251
418
203
485
251
419
203
485
251
417
196
481
248
417
196
483
247
417
196
482
247
417
196
482
248
417
196
481
249
420
196
483
251
420
196
483
248
420
196
483
249
420
196
483
247
420
196
482
252
420
196
484
248
420
196
485
251
420
196
482
248
420
196
485
249
420
196
481
254
420
196
485
248
420
196
481
251
420
196
486
248
420
204
480
257
420
204
480
256
420
204
485
251
419
197
481
248
419
197
483
251
419
197
483
248
419
197
483
249
419
197
483
247
419
197
482
252
419
197
484
248
419
197
485
251
419
197
482
248
419
197
481
249
419
197
485
249
419
197
481
254
419
197
485
248
419
197
481
251
419
197
486
248
420
195
483
251
420
195
483
248
420
195
483
249
420
195
483
247
420
195
482
252
420
195
484
248
420
195
485
251
420
195
482
248
420
195
481
249
420
195
485
249
420
195
481
254
420
195
485
248
420
195
481
251
420
195
486
248
441
47
564
109
441
47
572
114
441
47
573
114
439
48
556
106
442
47
570
112
442
47
568
111
442
47
564
109
442
47
565
109
442
47
572
114
442
47
573
114
436
120
530
179
436
120
529
179
436
136
524
196
435
137
522
195
436
137
524
196
441
165
518
227
441
165
518
228
442
165
518
227
442
165
518
228
441
164
519
226
451
48
570
112
451
48
570
111
451
48
565
109
451
48
573
114
447
46
568
109
447
46
567
109
447
46
575
112
455
47
575
112
455
47
577
114
448
47
568
109
448
47
567
109
448
47
569
110
448
47
570
111
448
47
565
109
448
47
574
111
448
47
575
112
454
47
567
109
454
47
569
110
454
47
575
112
454
47
576
114
454
47
577
114
449
48
570
112
449
48
568
111
449
48
567
109
449
48
569
110
449
48
564
109
449
48
570
111
449
48
565
109
449
48
573
114
446
46
567
109
446
46
570
111
446
46
575
112
453
46
575
112
444
47
570
112
444
47
568
111
444
47
567
109
444
47
570
111
449
47
568
109
449
47
567
109
449
47
569
110
449
47
570
111
449
47
573
110
449
47
574
111
449
47
575
112
449
47
576
114
450
48
568
109
450
48
570
112
450
48
568
111
450
48
567
109
450
48
569
110
450
48
564
109
450
48
570
111
450
48
565
109
450
48
573
114
444
53
566
115
447
53
566
115
454
50
570
112
454
50
568
111
454
50
570
111
454
50
565
109
454
50
572
114
454
50
573
114
454
50
573
115
451
49
570
112
451
49
568
111
451
49
564
109
451
49
570
111
451
49
568
112
451
49
572
114
451
49
573
114
452
49
570
112
452
49
568
111
452
49
564
109
452
49
570
111
452
49
572
114
452
49
573
114
454
51
570
112
454
51
568
111
454
51
568
112
454
51
572
114
454
51
574
116
454
51
575
117
454
51
573
114
454
51
573
115
453
50
570
112
453
50
568
111
453
50
564
109
453
50
565
109
453
50
568
112
453
50
572
114
453
50
573
114
453
50
573
115
455
51
568
112
455
51
572
114
455
51
574
116
455
51
573
114
455
51
573
115
445
53
566
115
452
72
558
144
449
70
556
143
452
79
558
144
452
79
559
145
452
79
562
144
447
86
546
158
452
82
559
145
454
83
562
148
454
83
561
147
447
85
546
158
445
86
544
157
453
82
562
144
453
82
562
148
453
82
561
147
455
83
562
148
455
83
563
149
455
83
565
151
453
79
559
145
453
79
562
144
444
86
544
157
455
80
565
146
455
80
565
147
455
80
562
148
455
80
561
147
454
96
548
178
446
111
540
173
446
111
540
174
446
111
541
174
446
111
539
181
446
112
540
173
446
112
540
174
446
112
541
174
450
113
545
177
447
116
541
174
447
116
537
191
447
115
541
174
447
135
533
209
451
138
536
209
451
138
536
211
444
136
530
198
449
137
534
210
447
131
534
190
452
138
538
211
452
138
538
210
444
167
520
230
442
169
519
231
455
171
533
238
455
171
531
237
455
171
529
236
455
171
531
239
455
171
534
239
444
166
520
230
453
178
523
238
453
178
527
244
453
178
528
244
453
178
527
245
453
178
526
244
443
169
519
231
443
169
521
232
444
169
519
231
444
169
521
232
449
170
524
233
449
170
523
233
449
170
521
232
449
170
522
232
449
170
524
234
449
170
524
235
446
167
520
230
449
171
519
231
449
171
523
233
449
171
521
232
449
171
524
234
449
171
524
235
448
178
523
243
445
168
520
230
445
168
521
231
454
178
530
247
454
178
527
244
454
178
528
244
454
178
527
245
454
178
526
244
442
167
518
228
443
167
520
230
445
169
519
231
445
169
521
231
445
169
521
232
445
169
522
232
447
169
519
231
447
169
524
233
447
169
521
231
447
169
523
233
447
169
521
232
447
169
522
232
447
169
524
234
447
169
524
235
442
166
518
227
442
166
518
228
445
167
520
230
444
170
518
233
448
171
521
232
448
171
524
235
444
168
520
230
444
168
518
230
444
168
521
231
450
172
519
231
450
172
521
232
450
172
523
238
450
172
524
235
446
168
520
230
446
168
521
231
449
178
523
243
455
178
530
246
455
178
530
247
455
178
527
244
455
178
528
244
455
178
527
245
455
178
529
244
455
178
530
244
455
178
526
244
451
179
523
243
448
180
522
244
450
179
523
243
454
179
525
245
454
179
527
244
454
179
528
244
454
179
527
245
454
179
526
244
447
179
523
243
447
179
522
244
449
179
523
243
447
180
522
244
448
179
523
243
456
48
568
109
456
48
567
109
456
48
575
112
456
51
574
116
456
51
573
115
458
50
570
111
458
50
576
114
458
50
581
119
458
50
578
116
458
50
579
117
459
53
574
116
459
53
577
119
459
53
575
117
459
53
573
115
459
53
576
118
457
52
574
116
457
52
575
117
457
52
576
118
456
52
574
116
456
52
575
117
456
52
573
115
456
52
576
118
458
53
574
116
458
53
577
119
458
53
578
120
458
53
575
117
458
53
575
118
458
53
573
115
458
53
576
118
461
51
582
120
461
51
581
119
461
51
578
116
461
51
579
117
459
50
576
114
459
50
577
114
459
50
581
119
459
50
578
116
459
50
579
117
459
54
574
116
459
54
577
119
459
54
578
120
459
54
575
117
459
54
575
118
459
54
577
120
459
54
573
115
459
54
576
118
458
81
565
147
457
81
565
146
457
81
565
147
460
133
547
216
461
133
547
216
458
163
536
231
458
163
537
232
459
173
533
238
459
173
531
237
459
173
529
236
459
173
531
239
459
173
535
241
459
173
535
242
459
173
534
239
459
173
534
243
459
173
535
243
459
177
531
243
459
177
532
243
459
177
534
243
463
173
538
241
463
173
537
242
461
176
535
241
461
176
535
242
461
176
534
243
461
176
535
243
465
173
540
242
461
175
535
241
461
175
535
242
461
175
534
243
461
175
537
242
461
175
535
243
466
172
542
243
468
173
544
243
460
177
532
243
460
177
534
243
460
177
535
243
458
178
530
246
458
178
532
247
458
178
530
247
458
178
533
247
458
178
531
246
458
178
532
248
460
172
533
238
460
172
535
241
460
172
535
242
460
172
534
239
460
172
538
241
460
172
537
242
462
175
535
241
462
175
535
242
462
175
537
242
462
175
535
243
467
175
542
243
467
173
543
243
456
177
530
246
456
177
532
247
456
177
530
247
456
177
531
246
456
177
528
244
456
177
529
244
456
177
530
244
465
174
540
242
457
177
530
246
457
177
532
247
457
177
530
247
457
177
531
246
457
177
529
244
457
177
530
244
466
174
542
243
467
174
542
243
459
175
531
239
459
175
535
241
459
175
535
242
459
175
534
243
459
175
535
243
471
96
576
170
477
94
585
170
470
111
576
170
475
108
577
182
475
108
589
154
470
112
576
170
470
126
576
170
470
128
576
170
470
127
576
170
470
127
577
167
469
134
572
176
469
134
572
177
469
134
572
180
486
178
562
256
