S18_01.png
S18_02.png
102
123
305
94
102
123
302
94
102
123
306
94
102
129
306
99
167
231
366
189
104
184
312
147
158
238
356
196
160
232
358
190
170
235
367
194
170
235
366
194
103
177
312
142
102
125
302
96
102
125
302
95
106
171
311
135
106
171
313
136
103
138
304
108
91
66
296
34
91
66
288
35
91
66
300
34
91
66
297
34
91
66
295
34
91
66
287
35
103
178
312
143
103
178
312
142
101
123
305
94
101
123
302
94
101
123
306
94
96
69
306
38
96
69
300
37
96
69
303
37
96
69
301
37
96
69
305
38
96
69
302
37
96
69
307
38
96
69
302
38
96
69
305
37
138
223
338
183
103
179
312
143
91
69
300
38
91
69
293
38
91
69
301
38
91
65
281
36
91
65
296
34
91
65
283
36
91
65
288
35
91
65
301
33
91
65
300
34
91
65
282
36
91
65
297
34
91
65
295
34
91
65
300
33
91
65
287
35
97
123
305
94
97
123
302
94
97
123
306
94
111
161
315
127
165
231
362
190
165
231
361
190
95
65
301
33
95
65
300
34
95
65
297
34
95
65
300
33
166
231
362
190
92
69
300
38
92
69
300
37
92
69
301
38
92
69
294
38
92
69
301
37
92
69
302
37
92
69
302
38
165
236
361
195
171
230
367
189
171
230
369
189
171
230
368
189
157
233
355
191
92
70
300
38
92
70
301
38
94
70
300
38
94
70
301
38
94
70
302
38
101
125
302
96
101
125
302
95
101
124
305
94
101
124
302
94
101
124
306
94
101
124
302
95
102
172
308
137
