29_29_l.jpg
29_29_r.jpg
420
279
234
299
420
279
234
301
420
279
233
301
420
279
233
299
409
295
221
316
431
302
244
322
431
302
245
323
419
274
232
293
419
274
233
294
419
274
231
293
419
274
233
295
419
274
234
295
419
274
230
293
419
274
233
296
419
274
232
296
419
274
232
295
429
303
244
322
429
303
245
323
418
277
232
298
418
277
233
299
418
277
233
297
418
277
233
298
418
277
232
297
348
288
168
309
431
303
245
323
418
274
232
293
418
274
233
294
418
274
231
293
418
274
233
295
418
274
234
295
418
274
230
293
418
274
232
296
418
274
232
295
408
295
216
314
408
295
221
316
418
278
232
298
418
278
234
299
418
278
233
299
418
278
233
298
419
278
232
298
419
278
234
299
419
278
233
299
419
278
233
298
417
275
233
295
417
275
233
296
417
275
232
296
417
275
232
295
428
275
243
295
417
277
232
298
417
277
233
297
417
277
233
298
417
277
232
297
422
278
234
299
422
278
233
299
416
272
231
293
416
272
230
293
421
279
234
299
421
279
234
301
421
279
233
301
421
279
233
299
421
278
234
299
421
278
233
299
421
278
233
298
416
273
232
293
416
273
231
293
416
273
230
293
409
296
221
316
421
281
234
302
421
281
234
301
418
275
233
294
418
275
233
295
418
275
234
295
418
275
233
297
418
275
233
296
418
275
232
296
418
275
232
295
418
275
232
297
418
276
232
298
418
276
233
297
418
276
233
296
418
276
232
296
418
276
232
295
418
276
233
298
418
276
232
297
417
276
232
298
417
276
233
297
417
276
233
296
417
276
232
296
417
276
232
295
417
276
232
297
417
272
232
293
417
272
231
293
417
272
230
293
418
273
232
293
418
273
233
294
418
273
231
293
418
273
230
293
419
281
234
302
419
281
234
301
416
276
227
297
416
276
233
297
416
276
227
296
416
276
232
296
416
276
232
297
