Test120_rot.jpeg
Test124_rot.jpeg
503
120
509
201
420
191
404
231
420
191
404
230
420
191
403
231
420
191
402
228
420
191
405
231
420
191
406
231
452
44
494
112
452
44
496
113
452
44
495
112
452
44
496
112
447
42
492
107
447
42
490
107
447
42
491
108
316
91
356
100
273
220
258
194
452
48
493
113
452
48
494
115
452
48
494
113
301
87
337
87
301
87
338
88
328
240
300
237
328
240
299
238
346
105
374
123
346
105
375
119
346
105
374
121
416
190
401
229
416
190
397
225
416
190
401
228
416
190
402
228
416
190
396
226
416
190
398
226
416
190
397
226
427
29
480
87
337
221
317
224
337
221
319
222
463
159
456
220
511
165
497
245
511
165
499
246
235
251
211
209
235
251
211
208
343
128
361
142
497
168
484
244
497
168
484
243
490
122
496
198
446
42
490
107
446
42
490
106
393
72
431
112
389
61
431
100
431
207
408
249
431
207
407
252
509
141
508
223
509
141
507
223
457
48
498
118
457
48
496
118
457
48
499
116
457
48
497
115
457
48
497
116
457
48
498
117
457
48
496
116
457
48
496
117
457
48
498
116
457
48
497
118
457
48
496
115
457
48
499
115
457
48
497
117
315
98
352
103
315
98
345
102
315
98
348
103
269
217
256
192
269
217
257
191
258
62
312
47
382
191
370
215
389
65
428
104
389
65
429
104
349
105
377
120
349
105
377
118
359
199
345
213
359
199
346
216
359
199
346
212
359
199
345
215
359
199
345
214
359
199
345
211
359
199
346
211
359
199
347
213
462
159
456
220
299
219
285
208
284
161
295
149
284
161
294
146
284
161
299
150
284
161
295
148
284
161
296
147
284
161
299
148
284
161
294
148
284
161
297
149
252
256
224
222
256
260
226
226
276
162
288
145
276
162
286
145
385
67
424
103
385
67
424
104
385
67
425
103
204
100
247
58
204
100
248
58
337
240
308
241
328
243
300
239
328
243
299
240
328
243
299
238
235
252
211
209
445
41
489
105
445
41
489
106
445
41
490
106
242
281
206
235
242
281
207
239
242
281
206
236
242
281
208
239
242
281
207
241
242
281
205
238
242
281
206
241
242
281
207
238
257
263
226
228
385
191
374
216
346
103
375
119
317
93
352
100
334
102
364
115
334
102
364
114
377
186
368
211
377
186
368
210
377
186
367
211
377
186
369
211
377
186
368
213
377
186
367
210
292
164
301
152
292
164
299
152
259
254
231
222
394
29
450
74
309
81
349
86
309
81
352
87
309
81
350
87
309
81
343
83
330
233
305
232
429
216
402
260
429
216
403
256
429
216
403
258
429
216
402
256
429
216
402
258
429
216
401
258
429
216
404
258
429
216
404
257
429
216
402
259
385
65
426
102
153
117
193
53
153
117
193
52
153
117
190
56
153
117
192
53
153
117
192
55
153
117
192
54
153
117
191
54
387
66
427
104
453
46
494
112
453
46
496
113
453
46
495
112
453
46
494
115
453
46
496
112
453
46
494
113
477
165
466
231
477
165
467
230
477
165
468
230
325
241
300
237
325
241
301
235
338
103
367
117
387
68
425
106
410
189
397
227
410
189
397
225
410
189
396
226
410
189
398
226
410
189
397
226
410
189
396
227
401
234
370
259
401
234
370
258
401
234
370
260
401
234
369
261
411
189
397
227
411
189
397
225
411
189
396
226
411
189
398
226
411
189
397
226
359
196
346
216
359
196
347
208
359
196
346
212
359
196
347
212
359
196
348
210
359
196
347
209
359
196
348
209
359
196
346
211
359
196
347
210
359
196
347
213
325
98
357
107
325
98
348
103
457
35
504
107
457
35
505
104
457
35
505
105
457
35
504
105
457
35
504
106
507
136
507
218
507
136
506
217
507
136
508
218
385
63
426
101
477
168
467
235
477
168
468
233
477
168
466
234
477
168
468
235
481
167
467
235
481
167
468
235
257
248
231
217
257
248
231
218
475
118
485
191
475
118
485
189
308
82
344
85
308
82
342
85
308
82
341
85
308
82
343
86
308
82
350
87
308
82
344
86
313
79
355
85
313
79
355
86
313
79
356
85
313
79
343
82
341
103
370
119
341
103
371
120
385
68
424
105
385
68
424
104
385
68
425
105
345
103
375
119
455
51
494
117
455
51
495
118
455
51
496
118
455
51
494
119
455
51
496
119
455
51
496
117
455
51
495
119
344
103
373
121
308
84
345
87
308
84
340
86
308
84
341
87
308
84
344
87
308
84
343
86
308
84
340
87
308
84
344
86
424
185
412
228
424
185
411
229
424
185
410
228
377
114
397
143
336
218
317
221
336
218
320
220
312
129
333
130
312
129
334
130
253
65
305
47
236
248
213
206
309
84
344
87
360
204
345
217
360
204
345
215
360
204
345
214
454
43
498
110
454
43
500
110
454
43
497
113
454
43
499
109
454
43
497
109
454
43
498
111
454
43
498
109
454
43
498
112
454
43
499
112
344
105
373
121
344
105
372
122
344
105
371
121
344
105
372
120
344
105
371
120
344
105
374
121
344
105
373
122
270
217
258
191
270
217
258
192
270
217
257
191
270
217
258
194
387
65
428
103
347
104
375
122
347
104
374
123
347
104
375
121
347
104
375
119
482
115
490
189
482
115
491
190
375
134
388
161
375
134
387
161
260
219
247
192
260
219
248
192
455
40
501
108
455
40
500
110
455
40
499
109
455
40
500
111
455
40
501
109
455
40
500
109
455
40
500
107
455
40
498
108
455
40
499
108
455
40
498
109
455
40
502
110
455
40
501
111
381
190
369
215
381
190
370
215
319
104
348
110
319
104
349
110
319
104
346
109
319
104
349
109
271
219
258
194
360
205
345
217
360
205
345
215
360
205
345
214
423
186
410
228
242
247
218
207
242
247
219
207
242
247
218
208
242
247
219
205
242
247
219
206
510
165
497
245
199
142
225
94
303
140
318
135
361
198
349
212
361
198
348
213
361
198
349
213
361
198
349
211
361
198
347
213
361
198
348
215
361
198
348
214
332
222
312
223
332
131
350
140
381
191
369
217
381
191
369
215
381
191
370
215
401
233
370
259
401
233
370
258
401
233
370
260
401
233
369
261
356
105
382
127
356
105
381
128
356
105
383
127
356
105
382
128
481
116
490
191
481
116
491
190
154
115
194
51
154
115
193
53
154
115
193
52
154
115
193
51
364
135
378
156
453
40
498
110
453
40
499
106
453
40
499
109
453
40
497
109
453
40
497
107
453
40
498
108
453
40
499
108
453
40
498
109
461
155
457
217
386
190
374
216
258
253
231
219
462
151
460
212
462
151
460
213
462
151
460
214
500
114
507
196
500
114
509
196
291
164
301
152
291
164
299
152
336
217
317
221
336
217
315
222
336
217
320
220
348
104
376
122
348
104
375
121
348
104
376
120
453
44
498
110
453
44
494
112
453
44
496
113
453
44
497
113
453
44
495
112
453
44
498
111
453
44
496
112
409
190
397
227
409
190
394
227
409
190
396
226
409
190
396
227
247
313
197
269
306
127
329
126
306
127
331
128
306
127
328
126
306
127
330
128
379
187
370
211
361
199
346
216
361
199
348
213
361
199
349
213
361
199
347
213
361
199
348
215
361
199
348
214
277
161
288
145
277
161
290
146
277
161
289
145
481
119
490
191
481
119
490
192
453
43
498
110
453
43
496
113
453
43
497
113
453
43
497
109
453
43
498
111
453
43
496
112
453
43
498
109
453
43
498
112
461
158
456
220
380
70
419
106
331
104
358
114
331
104
361
115
331
104
357
113
331
104
360
115
377
185
368
211
377
185
368
210
377
185
368
209
248
283
211
244
248
283
209
243
335
227
313
228
326
243
300
237
326
243
299
238
202
100
247
58
286
194
282
178
417
192
401
229
417
192
397
227
417
192
401
228
417
192
396
227
207
97
251
57
207
97
251
56
207
97
250
56
207
97
249
57
326
103
356
112
335
129
353
140
513
162
498
243
513
162
499
244
199
144
225
94
201
94
249
55
201
94
247
54
512
164
497
245
512
164
500
246
512
164
499
246
513
164
500
246
513
164
499
246
193
130
222
80
193
130
223
81
449
41
492
107
449
41
494
107
314
104
344
108
314
104
343
107
314
104
344
107
314
104
341
106
314
104
346
109
317
104
343
107
317
104
344
107
317
104
349
109
301
81
344
85
301
81
346
84
301
81
343
83
301
81
348
85
360
200
345
213
360
200
346
216
360
200
345
215
360
200
345
214
360
200
347
213
360
200
346
217
339
103
369
119
303
84
345
87
303
84
344
85
303
84
339
86
303
84
340
86
303
84
341
87
303
84
342
85
303
84
341
85
303
84
344
87
303
84
343
86
303
84
340
87
303
84
344
86
259
253
232
220
206
95
251
55
330
104
358
114
330
104
356
112
330
104
357
113
257
259
227
225
402
63
442
108
402
63
441
109
402
63
442
107
402
63
442
109
402
63
441
107
320
104
348
110
320
104
349
110
320
104
347
110
320
104
349
109
205
99
249
58
205
99
248
57
205
99
247
58
205
99
248
58
205
99
249
57
338
223
318
225
338
223
319
225
431
216
402
260
431
216
403
258
431
216
402
258
431
216
404
258
431
216
404
257
431
216
402
259
431
216
403
260
453
45
494
112
453
45
496
113
453
45
497
113
453
45
495
112
453
45
494
115
453
45
496
112
453
45
494
113
374
135
386
160
374
135
387
161
403
67
441
112
403
67
442
109
403
67
441
111
403
67
440
112
403
67
441
113
421
189
404
227
421
189
405
231
421
189
406
231
348
101
377
118
204
99
248
57
204
99
247
58
204
99
248
58
394
73
431
114
394
73
431
113
260
281
221
246
403
35
455
83
274
161
286
145
198
98
245
55
467
57
503
130
467
57
502
131
402
62
442
108
402
62
442
107
402
62
441
107
363
104
389
128
363
104
388
128
363
104
390
128
363
104
388
127
363
104
390
127
363
104
389
127
272
218
258
192
272
218
258
194
402
35
454
82
402
35
455
82
359
103
386
126
311
82
342
85
311
82
341
85
311
82
343
86
311
82
344
86
348
132
364
148
360
202
345
213
360
202
346
216
360
202
345
217
360
202
345
215
360
202
345
214
205
98
249
58
205
98
248
57
205
98
249
57
478
165
468
230
478
165
468
233
338
221
317
224
360
207
345
217
248
313
197
269
320
97
355
104
320
97
358
104
320
97
354
104
259
298
213
262
316
92
356
100
328
104
358
114
328
104
356
112
328
104
357
113
374
116
393
145
464
156
459
218
464
156
458
217
464
156
458
219
464
156
458
218
464
156
459
217
341
131
358
144
248
314
197
269
299
223
282
210
390
75
426
113
395
29
452
75
395
29
450
74
306
126
329
126
306
126
328
126
193
131
224
82
193
131
222
80
193
131
223
81
469
57
504
131
466
60
501
132
466
60
502
131
466
60
502
132
359
194
347
208
359
194
347
212
359
194
348
210
359
194
348
207
359
194
347
209
359
194
348
209
359
194
346
211
359
194
347
210
359
194
347
213
338
222
318
225
313
81
344
85
313
81
352
87
313
81
350
87
330
220
312
219
457
158
451
216
457
158
451
217
314
98
348
103
446
38
491
104
275
163
286
145
327
240
300
237
327
240
299
238
345
104
373
121
345
104
375
119
345
104
374
121
345
104
373
122
455
159
450
217
481
117
490
191
481
117
490
192
324
98
357
107
324
98
348
103
324
98
352
105
463
151
460
214
359
217
338
229
270
219
256
193
257
280
220
245
303
87
338
88
321
104
348
110
321
104
353
112
321
104
349
110
321
104
350
111
323
99
360
109
323
99
355
107
323
99
357
107
323
99
357
108
430
215
403
256
430
215
403
258
430
215
402
256
430
215
402
258
430
215
401
258
430
215
404
258
430
215
404
257
430
215
402
259
391
69
429
108
453
39
499
106
453
39
499
109
453
39
500
107
453
39
497
107
453
39
498
108
453
39
499
108
453
39
498
109
194
132
224
82
194
132
223
81
468
57
503
130
468
57
504
131
468
57
504
130
328
238
301
235
416
278
364
309
327
242
300
237
327
242
299
238
339
101
368
115
429
217
402
260
429
217
400
259
429
217
402
256
429
217
402
258
429
217
401
258
429
217
402
259
390
67
430
106
390
67
430
105
334
231
310
232
372
136
384
161
333
101
364
114
257
256
228
222
242
273
208
230
306
128
328
126
306
128
330
128
306
128
325
126
386
64
427
101
386
64
426
102
455
41
501
108
455
41
498
110
455
41
500
110
455
41
499
109
455
41
500
111
455
41
501
109
455
41
500
109
455
41
497
109
455
41
498
111
455
41
498
108
455
41
499
108
455
41
498
109
455
41
499
112
455
41
502
110
455
41
501
111
328
242
300
237
328
242
299
238
335
223
313
225
335
223
314
225
318
96
356
102
318
96
355
104
318
96
358
104
318
96
353
103
318
96
352
103
318
96
354
104
380
76
417
111
380
76
416
111
380
76
416
110
416
280
364
309
416
280
364
310
337
104
366
118
337
104
367
117
337
104
366
117
481
166
467
235
481
166
468
235
475
167
464
233
475
167
466
231
475
167
468
233
475
167
466
234
337
222
317
224
337
222
316
225
336
239
306
241
362
198
349
212
362
198
350
211
362
198
348
213
362
198
351
214
362
198
349
213
362
198
350
210
362
198
349
211
362
198
348
215
362
198
348
214
412
188
397
225
412
188
395
223
412
188
398
226
412
188
394
223
412
188
397
226
412
188
396
224
384
62
425
100
511
162
498
243
511
162
499
244
154
111
193
51
300
221
282
208
377
136
388
163
242
279
207
239
242
279
206
236
242
279
208
239
242
279
208
236
242
279
207
238
333
231
305
232
333
231
307
231
296
87
337
87
296
87
335
87
296
87
338
88
456
156
453
216
511
123
513
208
489
123
495
198
244
245
221
204
244
245
220
205
476
125
481
194
157
126
193
60
320
94
356
102
320
94
358
104
388
65
428
103
417
295
358
323
417
295
360
323
417
295
359
323
417
295
359
324
316
103
346
107
316
103
349
109
316
103
348
108
481
118
490
191
481
118
490
192
387
62
429
100
387
62
429
101
387
62
428
101
453
37
499
106
453
37
501
107
453
37
500
107
453
37
501
106
431
215
403
256
431
215
403
258
431
215
404
258
431
215
404
257
431
215
402
259
431
215
403
260
341
139
354
150
430
216
402
260
430
216
403
256
430
216
403
258
430
216
402
256
430
216
402
258
430
216
401
258
430
216
404
258
430
216
404
257
430
216
402
259
202
98
248
57
202
98
245
55
319
98
351
104
319
98
355
104
319
98
353
103
319
98
352
103
319
98
354
104
319
98
348
103
319
98
352
105
462
155
459
218
462
155
458
217
462
155
458
216
462
155
459
215
462
155
457
217
462
155
458
218
462
155
459
217
259
280
220
245
329
241
300
239
329
241
299
238
297
262
263
244
333
221
312
223
333
221
315
222
367
35
423
66
367
35
423
67
367
35
421
67
463
155
459
218
463
155
458
217
463
155
458
216
463
155
458
218
463
155
459
217
325
243
300
237
325
243
299
238
200
141
225
94
378
186
370
211
378
186
369
211
378
186
368
213
378
186
369
210
244
256
217
213
244
256
216
214
244
256
217
212
244
256
216
215
244
256
217
217
315
97
353
103
315
97
352
103
315
97
354
104
293
160
302
152
293
160
301
152
293
160
303
150
293
160
304
150
293
160
302
151
420
190
404
231
420
190
404
230
420
190
404
227
420
190
402
228
420
190
405
231
420
190
406
231
336
224
314
226
336
224
316
225
444
40
489
105
444
40
489
104
507
165
496
246
332
220
313
218
332
220
312
219
332
220
312
223
319
96
356
102
319
96
355
104
319
96
358
104
319
96
353
103
319
96
354
104
453
41
498
110
453
41
499
109
453
41
497
109
453
41
498
111
453
41
497
107
453
41
498
108
453
41
499
108
453
41
498
109
196
100
239
53
327
241
300
237
327
241
299
238
367
139
378
162
409
191
394
228
409
191
394
227
409
191
393
228
409
191
396
227
506
136
506
217
388
297
331
314
309
129
334
130
448
47
490
113
259
299
213
262
356
106
382
127
356
106
381
128
356
106
382
128
509
166
496
246
244
281
207
239
244
281
208
239
244
281
207
241
244
281
206
241
244
281
207
238
363
107
388
128
363
107
388
133
363
107
387
132
452
46
494
112
452
46
495
112
452
46
493
113
452
46
494
115
452
46
496
112
452
46
494
113
331
217
313
218
331
217
312
219
361
192
349
210
361
192
351
208
361
192
350
210
361
192
350
209
361
192
352
208
361
192
349
211
458
151
455
212
458
151
457
212
458
151
456
212
458
151
457
213
327
238
299
234
327
238
301
235
327
238
301
234
319
92
356
100
443
39
489
103
443
39
487
104
443
39
486
104
443
39
488
103
403
68
441
119
403
68
441
112
403
68
440
112
403
68
441
113
429
207
407
252
429
207
406
252
499
139
498
217
499
139
498
216
331
233
305
232
377
137
388
163
320
93
356
102
320
93
356
100
360
193
349
212
360
193
350
211
360
193
349
210
360
193
348
210
360
193
348
207
360
193
347
209
360
193
348
209
360
193
350
210
360
193
350
209
360
193
347
210
360
193
349
211
362
103
388
128
362
103
388
127
362
103
390
127
362
103
389
127
245
281
207
239
245
281
208
239
245
281
207
241
245
281
207
238
243
243
221
204
373
136
385
160
373
136
384
161
373
136
386
160
373
136
384
162
277
162
288
145
277
162
290
146
277
162
289
145
357
193
348
206
357
193
347
207
360
198
346
212
360
198
347
212
360
198
348
213
360
198
346
211
360
198
347
213
326
233
301
231
450
48
493
113
421
188
404
227
200
99
245
55
307
127
329
126
307
127
331
128
307
127
328
126
307
127
330
128
476
168
467
235
476
168
468
233
476
168
466
234
476
168
468
235
287
204
278
188
360
194
349
212
360
194
350
211
360
194
349
210
360
194
347
212
360
194
348
210
360
194
348
213
360
194
348
207
360
194
347
209
360
194
351
208
360
194
349
213
360
194
348
209
360
194
350
210
360
194
350
209
360
194
347
210
360
194
349
211
360
194
348
214
242
251
218
214
242
251
217
210
242
251
217
213
242
251
218
212
242
251
216
211
242
251
217
212
242
251
217
209
242
251
216
212
295
87
337
87
295
87
335
87
295
87
338
88
443
40
488
104
443
40
486
105
153
115
194
51
153
115
193
53
153
115
193
52
153
115
193
51
153
115
191
53
153
115
192
53
378
187
369
211
378
187
368
213
310
104
341
106
502
138
501
217
370
40
420
73
382
190
370
215
455
36
504
107
455
36
502
106
455
36
501
107
455
36
504
105
455
36
504
106
455
36
501
106
310
83
345
87
310
83
342
85
310
83
344
87
310
83
343
86
310
83
344
86
502
139
501
217
347
133
363
149
362
108
386
132
362
108
386
131
362
108
387
132
302
87
338
88
153
114
194
51
153
114
193
52
153
114
193
51
469
62
504
134
425
188
411
234
425
188
411
229
455
43
498
110
455
43
500
110
455
43
497
113
455
43
499
109
455
43
499
114
455
43
500
111
455
43
500
109
455
43
497
109
455
43
498
111
455
43
498
114
455
43
498
112
455
43
499
112
455
43
501
111
386
69
424
105
386
69
425
105
386
69
424
106
386
69
425
106
480
167
467
235
480
167
468
235
242
275
207
232
258
281
220
245
195
97
239
53
195
97
240
52
255
259
226
224
423
185
411
229
423
185
410
228
318
103
346
107
318
103
349
109
318
103
348
108
397
113
416
146
470
57
506
131
470
57
505
132
456
49
495
118
456
49
496
118
456
49
497
115
456
49
497
116
456
49
498
117
456
49
496
119
456
49
496
116
456
49
496
117
456
49
498
116
456
49
495
119
456
49
497
118
456
49
496
115
456
49
497
117
451
48
493
113
451
48
494
113
376
135
388
161
376
135
388
163
376
135
387
164
453
38
499
106
453
38
500
107
453
38
497
107
453
38
498
108
453
38
499
108
374
118
393
146
374
118
392
146
258
280
220
245
495
173
480
247
344
130
361
144
360
197
349
212
360
197
349
210
360
197
347
212
360
197
348
210
360
197
348
213
360
197
347
209
360
197
347
213
360
197
348
214
339
104
369
119
339
104
368
119
339
104
369
120
273
217
259
191
273
217
260
192
312
223
295
215
359
193
347
208
359
193
348
210
359
193
348
207
359
193
347
209
359
193
348
209
359
193
348
206
359
193
347
210
402
64
442
108
402
64
441
109
402
64
442
107
402
64
442
109
402
64
441
111
361
200
346
216
361
200
348
213
361
200
347
213
361
200
346
217
361
200
348
215
361
200
348
214
415
190
401
229
415
190
397
227
415
190
397
225
415
190
401
228
415
190
396
226
415
190
398
226
415
190
397
226
294
163
301
152
456
155
452
214
456
155
453
216
456
155
453
215
312
127
331
128
312
127
334
129
312
127
335
129
312
127
335
128
336
102
366
116
254
264
223
228
386
178
379
206
394
74
431
114
394
74
430
114
394
74
430
115
318
98
351
104
318
98
355
104
318
98
353
103
318
98
352
103
318
98
354
104
318
98
348
103
445
40
490
104
445
40
489
105
445
40
489
106
457
156
452
214
457
156
453
216
457
156
453
215
457
156
454
216
304
84
345
87
304
84
344
85
304
84
339
86
304
84
340
86
304
84
341
87
304
84
342
85
304
84
341
85
304
84
344
87
304
84
343
86
304
84
340
87
304
84
344
86
320
100
352
107
361
195
349
212
361
195
350
211
361
195
349
210
361
195
348
213
361
195
351
208
361
195
349
213
361
195
350
210
361
195
350
209
361
195
352
208
361
195
349
211
361
195
348
214
337
133
350
142
242
250
217
210
242
250
218
208
242
250
218
212
242
250
216
211
242
250
217
209
457
159
451
217
335
224
313
225
335
224
314
226
335
224
314
225
335
224
316
225
455
46
496
113
455
46
497
113
455
46
497
115
455
46
497
116
455
46
499
114
455
46
496
116
455
46
496
112
455
46
498
114
455
46
498
112
455
46
496
115
455
46
499
112
303
85
345
87
303
85
339
86
303
85
340
86
303
85
341
87
303
85
341
85
303
85
344
87
303
85
343
86
303
85
340
87
303
85
344
86
361
107
386
131
458
157
453
216
510
139
508
223
510
139
509
222
386
70
425
107
386
70
424
106
386
70
424
107
386
70
425
106
328
236
301
234
421
31
473
87
335
220
317
221
335
220
315
222
272
217
258
191
272
217
259
191
272
217
258
192
254
263
223
228
254
263
224
228
424
186
411
229
424
186
410
228
334
218
315
219
419
189
404
230
419
189
404
227
419
189
405
231
419
189
406
231
291
161
302
152
291
161
299
150
291
161
301
152
291
161
302
151
291
161
299
152
431
208
407
252
248
282
211
244
248
282
209
243
362
191
349
210
362
191
351
208
362
191
350
210
362
191
350
209
362
191
352
208
362
191
349
211
444
41
489
105
335
128
353
140
348
102
376
120
301
139
317
135
301
139
318
135
384
63
425
100
385
190
374
216
330
230
306
230
342
104
370
119
342
104
370
120
342
104
371
121
342
104
372
120
342
104
371
120
324
90
360
100
335
104
365
117
335
104
364
117
260
247
234
218
423
195
405
239
423
195
406
237
423
195
406
239
325
232
301
231
429
206
407
252
429
206
406
252
255
262
225
226
255
262
224
228
423
29
475
84
316
102
348
108
409
186
397
223
371
35
424
69
206
94
253
53
455
158
451
217
429
215
403
256
429
215
403
258
429
215
402
256
429
215
402
258
429
215
401
258
429
215
404
258
429
215
404
257
429
215
402
259
359
195
347
208
359
195
346
212
359
195
347
212
359
195
348
210
359
195
348
207
359
195
347
209
359
195
348
209
359
195
346
211
359
195
347
210
359
195
347
213
458
156
453
216
458
156
453
215
458
156
454
216
203
96
247
54
416
189
397
225
416
189
401
228
416
189
402
228
416
189
398
226
416
189
396
224
417
193
401
229
293
87
333
87
376
136
388
163
376
136
387
164
329
104
358
114
329
104
356
112
329
104
357
113
509
167
497
248
378
185
369
211
378
185
369
210
446
40
491
105
446
40
489
106
446
40
490
106
446
40
492
105
401
62
441
107
362
200
349
212
362
200
348
213
362
200
349
213
362
200
348
215
362
200
348
214
480
165
468
233
453
149
452
208
482
114
493
188
334
223
313
225
286
193
282
178
348
105
376
120
359
198
345
213
359
198
346
216
359
198
346
212
359
198
345
215
359
198
347
212
359
198
345
214
359
198
345
211
359
198
346
211
359
198
347
210
359
198
347
213
205
91
252
50
294
159
302
152
294
159
303
150
294
159
304
150
294
159
302
151
294
159
303
149
261
217
250
191
336
103
366
116
336
103
366
117
358
168
358
185
299
220
285
208
299
220
282
207
336
230
310
232
257
247
231
217
247
61
302
40
247
61
303
37
247
61
302
41
247
61
301
41
358
170
357
187
358
170
357
186
450
42
494
107
450
42
495
108
425
186
412
228
425
186
411
229
425
186
410
228
303
138
320
134
422
195
404
238
420
30
472
86
249
313
197
269
479
165
468
233
385
62
425
100
383
63
425
100
457
34
505
104
457
34
505
105
457
34
504
105
457
34
504
106
457
34
505
103
507
135
507
218
507
135
508
218
422
185
410
228
430
208
407
252
430
208
406
252
317
97
355
104
317
97
358
104
317
97
353
103
317
97
352
103
317
97
354
104
488
122
495
198
380
71
419
106
388
64
428
103
391
71
428
111
276
160
288
145
207
88
254
49
200
143
225
94
327
235
301
232
348
106
375
124
348
106
376
120
430
190
413
235
390
68
430
106
417
189
404
230
417
189
401
228
417
189
402
228
417
189
398
226
317
92
356
100
151
120
190
57
151
120
190
56
151
120
191
54
363
108
388
133
363
108
387
132
302
81
344
85
302
81
346
84
302
81
343
83
302
81
348
85
251
283
211
244
251
283
213
244
316
94
352
100
316
94
356
102
316
94
358
104
363
196
352
212
363
196
351
214
363
196
349
213
358
106
383
127
151
122
190
56
244
277
208
236
315
91
356
100
487
125
493
200
330
217
313
218
152
122
190
57
389
71
428
109
472
59
507
133
300
87
333
87
300
87
336
88
300
87
337
87
300
87
335
87
300
87
338
88
291
159
299
150
291
159
302
148
291
159
302
151
291
159
301
149
331
218
313
218
331
218
312
219
244
282
207
239
244
282
208
239
244
282
207
241
244
282
206
241
244
282
207
238
455
49
494
117
455
49
495
118
455
49
496
118
455
49
496
119
455
49
496
116
455
49
496
117
455
49
495
119
455
49
496
115
304
87
338
88
313
103
344
107
313
103
346
107
208
96
253
57
208
96
251
57
208
96
251
56
208
96
250
56
208
96
254
56
337
101
368
115
337
101
368
116
335
225
314
226
335
225
313
227
335
225
316
225
469
56
504
131
325
242
300
237
325
242
301
235
325
242
299
238
244
280
207
239
244
280
208
239
244
280
207
241
244
280
208
236
244
280
207
238
311
85
338
88
380
191
369
217
380
191
369
215
380
191
370
215
348
100
377
118
475
168
464
233
475
168
467
235
475
168
468
233
475
168
466
234
475
168
468
235
470
56
505
132
470
56
504
131
470
56
506
130
341
104
370
119
341
104
369
119
341
104
370
120
341
104
371
120
242
248
218
207
242
248
219
207
242
248
218
208
242
248
219
209
242
248
217
209
242
248
219
206
293
163
301
152
293
163
299
152
322
98
357
107
322
98
355
104
322
98
354
104
479
167
467
235
479
167
468
233
479
167
466
234
479
167
468
235
469
61
504
134
458
61
493
130
458
61
493
129
259
252
232
220
460
151
457
212
460
151
456
212
460
151
457
213
460
151
458
213
305
228
285
217
305
228
284
217
401
63
442
107
401
63
441
107
310
82
344
85
310
82
342
85
310
82
341
85
310
82
343
86
310
82
344
86
418
192
401
229
418
192
401
228
418
192
403
231
418
192
402
228
349
102
377
120
417
191
401
229
417
191
397
227
417
191
401
228
417
191
403
231
417
191
402
228
417
191
398
226
417
191
397
226
324
94
358
104
360
206
345
217
301
85
345
87
301
85
339
86
301
85
340
86
301
85
341
87
301
85
342
85
301
85
341
85
301
85
344
87
301
85
343
86
301
85
340
87
301
85
344
86
379
191
367
217
379
191
368
213
379
191
369
215
456
158
451
217
154
112
194
51
154
112
193
52
154
112
193
51
343
104
371
121
343
104
372
120
343
104
371
120
325
236
301
231
325
236
301
232
384
67
424
103
384
67
425
103
375
135
388
161
375
135
387
161
361
196
349
212
361
196
350
211
361
196
349
210
361
196
348
213
361
196
349
213
361
196
350
210
361
196
350
209
361
196
349
211
361
196
348
215
361
196
348
214
396
29
452
75
396
29
450
74
396
29
453
75
357
109
382
130
357
109
381
132
503
118
509
201
302
140
317
135
302
140
318
135
403
66
441
112
403
66
442
109
403
66
441
111
403
66
440
112
403
66
441
113
292
159
299
150
292
159
303
150
292
159
302
151
292
159
301
149
292
159
303
149
333
219
312
223
333
219
315
218
333
219
315
219
311
81
352
87
311
81
350
87
258
283
219
247
329
242
300
239
329
242
299
240
332
104
361
115
332
104
360
115
503
136
503
216
208
97
253
57
208
97
251
57
208
97
251
56
257
254
230
219
301
84
345
87
301
84
344
85
301
84
339
86
301
84
340
86
301
84
342
85
301
84
341
85
301
84
344
87
301
84
343
86
301
84
344
86
