paris_invalides_000662_lt_7.jpg
paris_invalides_000663.jpg
321
356
289
213
280
224
256
170
280
224
230
169
280
224
230
170
279
223
241
146
279
223
240
146
279
223
242
146
276
218
240
141
105
359
173
194
105
359
170
198
277
222
240
144
278
223
240
146
106
361
172
199
106
361
172
200
278
219
226
165
278
219
257
167
278
219
226
167
278
219
240
142
278
219
225
167
278
219
240
141
275
222
240
144
104
358
173
194
104
358
173
193
104
358
173
192
280
226
230
171
280
226
230
170
279
226
230
171
279
226
230
169
279
226
230
170
280
225
230
171
280
225
231
169
280
225
230
170
280
223
241
146
280
223
240
146
280
223
242
147
280
223
242
146
280
223
230
169
280
223
255
169
279
224
240
146
279
224
230
169
279
224
230
170
278
225
231
169
278
225
230
169
278
225
230
170
