Test200_rot.jpg
Test201_rot.jpg
36
226
82
134
38
227
84
134
32
358
34
257
39
367
37
268
32
356
34
257
32
357
34
257
33
358
34
257
48
148
121
64
49
150
122
66
49
150
118
66
49
150
122
67
49
150
124
67
52
150
124
69
48
149
122
65
48
149
120
65
40
160
108
76
40
160
106
77
40
160
107
77
52
160
117
80
52
160
116
79
52
160
117
79
52
160
114
80
52
160
115
81
52
160
114
82
52
160
116
78
51
155
116
72
48
156
116
72
49
156
116
72
52
149
124
67
43
160
109
77
43
160
109
76
43
160
108
76
43
160
107
77
43
160
110
75
43
160
111
75
50
155
116
72
44
370
41
271
52
374
48
278
52
389
42
294
52
389
41
295
52
390
39
300
52
390
39
299
52
393
39
300
52
393
39
299
52
393
39
301
52
393
39
302
52
393
40
299
52
393
40
298
52
394
39
300
52
394
38
302
52
394
39
299
52
394
39
301
52
394
39
302
52
394
39
303
52
394
40
299
52
394
40
298
52
399
38
302
52
399
38
303
52
399
39
302
52
399
39
303
52
399
38
304
52
399
37
306
52
399
38
306
52
399
37
305
52
401
38
303
52
401
39
303
52
401
38
304
52
401
37
307
52
401
36
308
52
401
37
306
52
401
38
306
52
401
37
305
51
398
39
300
51
398
38
302
51
398
39
301
51
398
38
303
51
398
39
302
51
398
39
303
51
398
38
304
51
398
37
305
52
396
39
300
52
396
38
302
52
396
39
301
52
396
38
303
52
396
39
302
52
396
39
303
52
396
38
304
52
396
40
299
60
146
130
67
59
147
127
66
59
147
130
67
58
148
130
67
58
148
129
69
65
200
123
122
65
200
123
121
65
200
120
121
65
200
121
121
65
200
122
121
65
199
121
121
64
200
120
121
64
200
119
121
60
316
73
230
64
314
79
224
64
314
79
226
64
314
79
228
54
313
69
227
54
313
69
228
58
312
71
227
58
312
72
226
58
312
70
226
58
312
69
229
55
313
70
231
55
313
69
227
55
313
71
227
55
313
72
226
55
313
70
226
55
313
69
228
55
313
69
229
55
313
68
230
55
314
70
231
55
314
69
227
55
314
71
227
55
314
72
226
55
314
70
226
55
314
69
228
55
314
69
229
55
314
68
230
53
372
49
278
53
373
49
278
59
380
48
291
59
382
48
291
53
390
43
295
53
390
41
296
53
395
39
301
53
395
39
302
53
395
39
303
53
391
39
301
53
391
40
299
53
391
40
298
53
394
39
300
53
394
39
301
53
394
39
302
53
394
40
299
70
175
135
96
70
195
127
116
68
199
123
122
76
196
134
120
70
191
128
113
70
191
128
114
66
199
123
122
67
199
123
122
68
200
123
122
68
200
123
121
69
202
122
123
69
202
123
123
67
201
123
122
67
201
122
123
70
203
123
123
67
202
123
122
67
202
122
123
67
202
123
123
67
202
121
123
66
201
123
122
66
201
122
123
73
469
35
374
88
366
84
281
88
366
84
283
91
365
85
288
89
363
86
282
90
363
86
282
90
363
89
283
90
363
87
284
86
367
80
285
88
372
82
289
88
372
81
290
88
372
81
291
89
373
82
289
89
373
81
290
89
373
81
291
86
381
75
298
90
371
82
289
90
371
87
290
90
371
87
289
90
371
81
290
88
373
82
289
88
373
81
290
88
373
81
291
89
372
82
289
89
372
81
290
89
372
81
291
87
380
77
297
90
455
56
368
86
456
49
366
86
456
50
367
91
454
57
368
91
455
57
369
90
448
58
362
91
448
58
361
88
498
38
408
88
496
39
405
101
107
181
43
97
367
90
289
104
358
101
281
104
358
102
282
100
362
95
287
100
362
98
283
100
362
93
287
100
362
96
285
100
362
94
286
100
362
97
283
99
365
93
287
99
365
96
285
93
367
85
288
93
367
84
288
97
368
90
289
97
368
89
290
93
369
87
290
93
369
87
291
95
364
91
288
95
364
92
287
98
366
90
289
98
366
91
288
98
366
93
287
98
366
96
285
99
364
95
287
99
364
92
287
99
364
93
287
99
364
92
288
99
364
96
285
99
364
94
286
104
360
101
282
104
360
101
283
92
365
85
288
104
359
101
282
104
359
102
282
104
359
101
283
96
456
60
370
93
453
59
367
94
454
60
370
103
473
60
389
97
464
60
379
96
464
60
379
104
473
61
390
104
473
60
389
92
502
41
413
93
502
41
413
93
502
41
414
92
499
42
410
92
505
40
415
92
505
40
416
93
503
40
414
93
503
41
414
93
503
40
415
105
166
169
105
115
173
175
109
107
169
169
105
116
170
177
109
115
172
175
109
105
162
169
98
106
166
169
105
117
176
175
109
114
199
166
135
112
193
167
127
112
193
168
127
113
200
166
135
115
197
168
134
124
458
87
382
126
459
87
382
123
458
87
382
126
458
87
382
129
462
88
387
129
462
89
387
129
462
89
388
123
462
86
387
123
462
84
386
123
462
85
386
123
462
86
386
137
161
197
109
131
169
195
109
130
163
196
107
130
167
196
107
130
167
195
109
130
167
196
110
131
167
195
109
131
167
196
110
131
165
196
107
131
165
195
109
131
165
196
110
134
165
196
107
130
162
196
107
133
166
196
107
133
166
195
109
133
166
196
110
133
551
64
473
165
532
100
465
166
552
93
483
166
552
93
481
169
553
95
486
160
564
85
493
160
564
82
493
160
564
83
493
160
564
81
494
166
558
90
487
159
564
82
493
159
564
83
493
159
564
81
494
181
252
207
212
181
252
208
212
182
408
156
356
182
408
156
357
182
408
155
358
180
417
150
363
179
415
151
361
179
415
155
358
179
415
154
360
179
421
148
370
180
416
151
361
180
416
150
362
180
416
154
360
178
417
150
362
178
417
149
364
178
417
150
363
178
418
149
364
178
418
149
365
178
418
148
366
178
419
149
364
178
419
149
365
178
419
148
366
180
414
156
357
180
414
155
358
180
414
154
360
181
411
156
356
181
411
156
357
181
411
155
358
181
411
154
360
181
410
156
356
181
410
156
357
181
410
155
358
181
410
154
360
179
417
151
361
179
417
150
362
179
417
149
364
179
417
150
364
179
417
150
363
181
412
156
357
181
412
155
358
181
412
154
360
179
418
149
364
179
418
150
364
179
418
149
365
179
418
150
363
179
416
151
361
179
416
150
362
179
416
150
363
180
415
151
361
180
415
154
360
179
422
148
370
179
424
148
370
179
423
148
370
187
234
221
194
187
234
223
193
187
235
223
193
186
233
221
193
194
409
169
361
194
409
169
359
194
409
168
358
194
409
169
358
194
409
168
359
193
408
167
358
193
408
168
358
193
408
168
359
193
408
167
357
193
408
166
357
195
410
169
361
194
408
169
359
194
408
168
358
194
408
169
358
194
408
168
359
206
219
245
185
208
218
245
185
208
218
246
185
205
218
244
184
205
218
243
185
207
218
245
185
207
218
246
185
207
219
245
185
207
219
246
185
207
219
243
188
196
410
169
361
197
408
169
361
196
411
169
364
196
412
169
364
197
412
169
364
205
415
176
370
220
209
259
180
220
209
258
179
218
212
257
180
218
212
257
179
218
212
258
186
218
212
259
184
218
212
258
179
218
212
257
185
217
213
257
180
217
213
257
186
217
213
256
185
217
213
257
185
219
213
257
180
219
213
258
186
219
213
259
184
219
213
260
185
219
213
257
185
221
211
257
179
221
211
259
180
221
211
258
179
219
208
259
180
221
212
257
180
221
212
257
179
221
212
259
180
221
212
259
184
221
212
258
179
221
212
260
185
220
213
257
180
220
213
258
186
220
213
259
180
220
213
259
184
220
213
260
185
221
213
257
180
221
213
259
180
221
213
259
184
221
213
258
179
221
213
260
185
215
355
208
317
216
355
208
317
208
443
170
395
230
213
270
188
230
213
268
189
230
213
267
187
231
214
270
188
231
214
268
189
231
214
267
187
230
215
267
187
228
213
268
189
228
213
267
187
233
215
270
188
233
215
270
194
230
214
267
187
232
213
270
188
231
213
270
188
233
216
270
194
233
285
245
258
233
285
245
257
233
285
246
257
233
285
247
257
233
285
247
256
234
284
247
257
234
284
247
256
231
289
243
260
231
289
245
259
233
284
246
257
233
284
247
257
233
284
247
256
233
286
245
259
233
286
245
258
233
286
246
257
233
286
247
257
232
288
245
259
232
288
244
258
232
288
245
258
234
286
247
257
232
287
245
259
232
287
244
258
232
287
245
258
232
287
245
257
232
287
246
257
232
287
247
257
233
287
245
259
233
287
245
258
234
291
246
263
279
223
309
220
279
223
308
221
279
223
312
216
292
211
330
208
296
204
333
203
307
143
366
147
307
143
366
148
308
146
364
150
305
147
364
150
311
147
368
154
311
147
374
156
311
147
374
157
311
147
373
156
311
147
368
153
311
147
375
156
311
147
374
155
306
141
366
146
311
146
374
156
311
146
368
153
311
146
375
156
311
146
374
155
308
161
360
165
308
161
360
166
308
155
363
161
310
153
366
159
310
153
364
160
310
153
365
159
310
153
367
159
312
152
366
159
312
152
364
160
312
152
365
159
312
152
367
159
312
152
368
159
312
152
369
157
310
154
364
160
309
155
363
161
312
150
372
157
312
150
374
158
312
150
371
157
312
150
373
157
312
150
368
159
312
150
369
157
309
154
364
160
303
168
355
169
303
165
358
167
302
168
352
171
304
173
353
177
305
174
353
177
307
162
360
166
303
178
353
179
305
177
353
179
307
205
345
207
307
205
344
207
312
209
350
212
312
209
348
213
307
206
343
208
307
206
345
207
307
206
344
207
312
593
216
572
311
593
216
572
318
147
368
154
318
147
372
157
318
147
374
158
318
147
374
156
318
147
375
158
318
147
371
157
318
147
373
157
318
147
374
157
318
147
373
156
318
147
368
153
318
147
375
156
318
147
374
155
321
140
377
150
318
146
368
154
318
146
372
157
318
146
374
158
318
146
374
156
318
146
375
158
318
146
373
157
318
146
374
157
318
146
373
156
318
146
368
153
318
146
375
156
318
146
374
155
322
146
374
156
322
146
373
157
322
146
374
157
322
146
373
156
322
146
375
156
318
140
377
150
325
147
374
158
325
147
375
158
325
147
374
157
325
147
375
156
320
140
377
150
321
146
374
156
321
146
373
157
321
146
374
157
321
146
373
156
321
146
375
156
321
147
372
157
321
147
374
158
321
147
374
156
321
147
375
158
321
147
373
157
321
147
374
157
321
147
373
156
321
147
375
156
323
147
374
158
323
147
375
158
323
147
373
157
323
147
374
157
317
148
368
154
317
148
372
157
317
148
374
158
317
148
374
156
317
148
371
157
317
148
373
157
317
148
374
157
317
148
373
156
317
148
369
157
318
148
368
154
318
148
372
157
318
148
374
158
318
148
374
156
318
148
375
158
318
148
371
157
318
148
373
157
318
148
374
157
318
148
373
156
318
148
369
157
319
148
368
154
319
148
372
157
319
148
374
158
319
148
374
156
319
148
375
158
319
148
371
157
319
148
373
157
319
148
374
157
319
148
373
156
319
148
375
156
319
148
369
157
319
148
374
160
325
148
375
160
325
148
374
158
325
148
375
158
325
148
373
157
325
148
374
157
328
215
360
226
330
221
360
226
328
583
239
571
328
583
238
571
348
34
441
58
348
34
440
59
348
34
441
59
348
34
440
62
348
34
440
61
348
34
437
58
351
42
441
70
351
42
438
69
351
42
437
70
351
42
440
68
347
35
437
60
347
35
440
59
347
35
441
59
347
35
440
62
347
35
440
61
347
35
437
58
343
34
438
57
343
34
437
57
343
34
436
59
343
34
437
58
343
34
436
58
349
31
442
58
344
40
438
64
344
40
437
66
344
40
436
61
344
40
435
64
344
40
440
64
344
40
435
62
344
40
435
60
344
40
435
63
344
40
435
61
344
40
439
64
344
40
439
65
344
40
440
68
344
40
438
67
344
40
436
62
348
32
441
57
348
32
441
58
348
32
440
59
348
32
441
59
348
32
442
58
344
42
437
66
344
42
435
68
344
42
434
66
344
42
438
69
344
42
437
70
344
42
434
65
344
42
438
67
343
37
437
60
343
37
436
60
343
37
438
64
343
37
436
61
343
37
435
62
343
37
435
60
343
37
436
59
343
37
435
61
343
37
439
64
343
37
436
62
348
44
441
70
348
44
438
69
348
44
437
70
344
34
440
59
344
34
437
58
344
34
436
58
347
40
436
61
346
41
437
66
346
41
438
69
346
41
440
68
346
41
438
67
350
41
437
66
350
41
441
70
350
41
438
69
350
41
440
68
350
41
438
67
343
42
433
65
343
42
437
66
343
42
435
68
343
42
435
64
343
42
434
66
343
42
434
64
343
42
434
65
343
42
433
66
343
42
433
67
347
32
441
57
347
32
438
57
347
32
441
58
347
32
440
59
347
32
441
59
346
31
441
58
346
31
441
59
349
36
440
62
349
36
440
61
344
39
437
60
344
39
436
60
344
39
438
64
344
39
437
66
344
39
440
62
344
39
436
61
344
39
440
64
344
39
435
62
344
39
435
60
344
39
435
61
344
39
439
64
344
39
439
65
344
39
438
67
344
39
436
62
348
38
440
62
347
39
437
60
347
39
436
60
347
39
440
62
348
39
440
62
347
31
441
57
347
31
441
58
347
31
442
58
346
35
437
60
346
35
440
59
346
35
441
59
346
35
440
62
346
35
440
61
346
35
436
59
346
35
437
58
350
34
440
62
347
41
437
66
347
41
441
70
347
41
438
69
347
41
439
65
347
41
440
68
347
41
438
67
345
33
440
59
345
33
441
59
345
33
437
58
351
41
441
70
351
41
438
69
351
41
440
68
343
36
437
60
343
36
436
60
343
36
436
61
343
36
435
60
343
36
436
59
343
36
435
61
343
36
437
58
343
36
436
58
346
42
437
66
346
42
438
69
346
42
440
68
346
42
438
67
347
36
437
60
347
36
440
62
347
36
440
61
348
42
437
66
348
42
441
70
348
42
438
69
348
42
437
70
348
42
440
68
348
42
438
67
343
43
433
65
343
43
435
68
343
43
434
66
343
43
434
65
343
43
433
66
343
43
433
67
343
43
432
68
343
43
433
68
346
43
438
69
346
43
437
70
347
43
441
70
347
43
438
69
347
43
437
70
347
43
440
68
348
43
441
70
348
43
438
69
348
43
437
70
348
43
440
68
351
43
441
70
351
43
438
69
351
43
437
70
343
47
432
69
343
47
432
70
347
45
437
70
349
45
441
70
349
45
437
70
344
47
432
70
346
59
427
84
346
64
424
90
347
64
424
90
347
65
424
90
351
216
383
233
351
216
383
232
340
228
366
240
340
227
366
240
340
227
368
239
348
564
260
558
348
564
260
557
364
185
403
208
364
185
404
207
363
185
401
207
361
187
401
207
363
200
399
229
362
188
403
208
362
188
401
210
362
189
403
209
362
189
403
208
362
189
401
210
362
189
401
211
362
190
403
209
362
190
403
208
362
190
401
210
362
190
401
211
362
191
403
209
362
191
401
210
362
191
401
211
361
189
403
208
361
189
401
210
355
214
387
231
355
214
386
232
356
214
387
231
354
216
386
232
353
214
383
233
353
214
384
235
353
214
383
232
353
214
384
232
353
214
384
233
352
216
383
233
352
216
383
232
352
215
383
233
352
215
384
235
352
215
383
232
352
215
384
232
352
215
384
233
353
215
383
233
353
215
384
235
353
215
383
232
353
215
384
232
353
215
384
233
354
215
386
232
376
59
461
96
376
59
460
96
377
60
461
98
377
60
461
96
377
60
460
97
377
60
460
96
376
58
462
96
376
58
460
96
377
61
460
98
377
61
461
98
377
61
461
96
377
61
460
97
377
61
460
96
374
161
421
189
374
161
421
190
365
159
418
179
365
159
416
179
365
159
418
180
368
153
420
176
368
153
416
179
368
153
421
175
367
158
418
179
367
158
418
182
367
158
418
180
367
158
416
184
367
158
419
181
367
158
417
184
368
159
418
182
368
159
416
184
368
159
417
184
368
154
420
176
368
154
418
178
368
154
418
179
368
154
416
179
368
154
418
180
368
155
418
178
368
155
418
179
368
155
416
179
368
155
418
180
368
155
420
177
371
148
425
176
371
148
425
175
371
148
424
174
371
148
425
174
371
148
424
175
371
148
427
174
371
150
425
176
371
150
425
175
371
150
424
174
371
150
425
174
371
150
424
175
365
149
418
175
368
157
418
179
368
157
418
182
368
157
418
180
368
157
419
181
368
157
417
184
366
157
418
178
366
157
418
179
366
157
416
179
366
157
418
180
365
152
416
175
365
152
416
176
365
152
416
179
365
152
418
175
367
159
418
182
367
159
418
180
367
159
416
184
367
159
417
184
367
160
416
184
367
160
417
184
367
160
416
185
371
152
425
176
371
152
424
177
371
152
425
175
371
152
424
174
371
152
425
174
371
152
423
175
371
152
424
175
371
152
423
174
371
152
420
174
371
152
420
175
371
152
421
175
364
153
416
175
364
153
416
176
364
153
418
175
370
149
425
176
370
149
425
175
370
149
424
174
370
149
425
174
370
149
424
175
370
153
420
176
370
153
420
174
370
153
420
175
370
153
421
175
364
151
416
175
364
151
418
175
370
154
420
176
370
154
421
177
370
154
420
174
370
154
420
175
370
154
420
177
370
154
421
175
369
155
418
178
369
155
418
179
369
155
418
182
369
155
416
179
369
155
418
180
369
155
421
177
369
155
421
178
369
155
421
179
369
155
419
181
369
155
420
181
369
155
420
177
371
149
425
176
371
149
425
175
371
149
424
174
371
149
425
174
371
149
424
175
367
156
418
178
367
156
418
179
367
156
416
179
367
156
418
180
365
150
418
175
370
151
425
176
370
151
425
175
370
151
424
174
370
151
425
174
370
151
424
175
372
148
425
176
372
148
425
175
372
148
424
174
372
148
425
174
372
148
424
175
372
148
427
174
371
151
425
176
371
151
425
175
371
151
424
174
371
151
425
174
371
151
424
175
366
159
418
179
366
159
418
180
366
159
416
184
367
162
416
186
365
163
416
184
365
163
416
185
373
162
421
190
373
167
421
192
373
163
421
189
373
163
421
190
374
162
421
189
374
162
421
190
365
162
416
185
366
163
416
186
365
185
403
209
365
185
403
208
365
185
404
207
376
180
415
211
365
182
409
212
376
187
418
212
370
215
401
238
370
215
400
239
370
215
401
242
370
215
401
241
370
215
400
240
369
213
401
238
369
213
400
239
369
213
400
240
375
217
403
236
375
217
403
238
370
216
401
238
370
216
400
239
370
216
401
242
370
216
401
241
370
216
400
240
373
215
403
236
373
215
403
238
375
218
403
236
375
218
403
238
375
218
402
238
371
220
399
242
371
220
400
243
374
214
403
236
374
214
403
238
375
216
403
236
375
216
403
238
371
214
402
239
371
214
403
236
371
214
401
238
371
214
403
238
371
214
402
238
371
214
400
239
371
214
402
240
370
217
400
239
370
217
400
240
373
213
403
236
373
213
403
238
372
215
403
236
372
215
403
238
376
215
403
236
376
215
403
238
374
213
403
236
374
213
403
238
375
214
403
236
375
214
403
238
376
213
403
238
371
217
401
238
371
217
400
239
371
217
401
242
371
217
401
241
371
217
400
240
372
217
402
238
374
546
292
551
374
546
291
551
387
286
391
311
386
287
391
311
394
195
431
226
394
195
430
227
398
193
435
226
398
193
431
226
398
193
431
227
398
193
432
227
398
193
435
227
399
197
435
226
399
197
432
230
399
197
435
229
399
197
431
233
399
197
435
227
399
197
434
230
399
197
436
227
395
198
431
226
395
198
430
227
395
198
431
227
397
200
432
230
397
200
431
233
393
555
304
566
393
555
305
566
393
555
306
566
393
555
306
565
393
555
307
564
390
560
301
569
390
560
300
569
390
560
302
565
390
560
302
566
391
557
304
566
391
557
302
565
391
557
302
566
393
559
305
570
393
559
304
569
393
559
304
566
393
559
305
569
393
559
305
566
393
559
306
566
393
559
306
565
393
559
304
568
391
556
302
565
391
556
302
566
394
552
307
564
395
560
306
570
395
560
306
571
394
554
307
565
394
554
306
566
394
554
306
565
394
554
307
564
393
558
304
569
393
558
304
566
393
558
305
569
393
558
305
566
393
558
306
566
393
558
306
565
393
558
304
568
390
556
302
565
391
559
304
566
391
559
303
568
391
559
302
566
395
559
306
570
395
559
306
571
392
556
304
566
392
556
305
566
396
561
306
572
396
561
306
571
393
556
304
566
393
556
305
566
393
556
306
566
393
556
306
565
393
556
307
564
396
569
304
580
396
569
301
582
396
569
304
581
394
573
301
582
396
571
304
580
413
144
465
186
410
148
460
187
406
147
455
185
406
147
455
186
408
147
455
185
408
147
455
186
413
145
461
186
404
174
443
213
410
163
457
202
408
161
456
194
408
161
456
193
408
161
456
199
408
161
456
196
408
161
455
201
409
161
456
194
409
161
456
199
409
161
457
199
409
161
456
196
409
161
455
201
411
161
457
202
405
177
445
217
405
177
443
217
415
181
453
221
415
181
452
222
415
181
454
221
406
181
442
230
405
180
442
224
405
180
442
226
405
180
441
228
405
180
442
229
405
180
446
219
412
183
451
222
412
183
453
221
412
183
452
222
412
183
454
221
412
183
450
223
412
185
451
222
412
185
453
221
412
185
452
222
412
185
450
223
405
181
442
224
405
181
442
226
405
181
441
228
405
181
442
229
405
181
442
230
405
181
446
219
407
181
442
230
404
175
442
215
404
175
442
214
404
175
443
213
415
180
453
221
415
180
454
221
411
184
451
222
411
184
453
221
411
184
452
222
411
184
450
223
406
189
442
224
406
189
442
226
406
189
441
228
406
189
442
229
406
189
442
230
416
193
451
232
416
193
450
236
404
200
436
237
415
188
452
228
415
188
451
232
406
190
442
226
406
190
441
228
406
190
442
229
406
190
442
230
413
200
446
238
403
202
436
237
403
210
432
246
403
206
433
242
403
207
433
242
403
205
433
242
408
224
431
260
408
224
432
260
405
223
431
259
404
223
431
259
406
224
431
260
406
223
431
260
406
223
431
259
409
224
431
260
409
224
432
260
408
267
419
301
408
267
418
301
410
271
417
304
408
266
419
301
408
266
419
298
408
266
418
298
408
266
418
301
409
268
419
301
409
268
418
301
408
265
420
297
408
265
419
301
408
265
419
298
408
265
418
298
408
271
417
304
409
271
417
304
409
267
419
301
409
267
418
301
428
74
502
126
426
74
501
126
426
74
502
127
424
142
475
188
423
148
472
193
422
145
471
191
424
143
473
190
424
143
473
189
424
143
475
188
421
144
471
191
423
144
471
191
420
147
471
191
422
148
471
191
421
161
465
204
421
161
466
205
421
161
466
206
421
161
468
205
427
154
471
199
427
154
472
199
420
156
467
200
420
156
466
202
420
156
467
201
420
156
467
202
420
156
469
199
420
156
469
198
422
154
467
200
422
154
467
201
422
154
469
199
422
154
469
198
422
154
470
199
423
158
468
204
423
158
468
205
423
158
471
199
423
158
470
199
425
149
471
199
425
149
470
199
425
154
469
199
425
154
469
198
425
154
471
199
425
154
470
199
425
154
472
199
421
155
467
200
421
155
466
202
421
155
467
201
421
155
467
202
421
155
469
199
421
155
469
198
421
155
470
199
421
156
467
200
421
156
466
202
421
156
467
201
421
156
467
202
421
156
469
199
421
156
469
198
421
156
470
199
416
150
465
192
423
154
469
199
423
154
469
198
423
154
471
199
423
154
470
199
420
157
467
200
420
157
465
204
420
157
466
205
420
157
466
202
420
157
467
201
420
157
467
202
420
157
469
198
429
152
473
199
429
152
474
199
423
164
467
208
423
164
466
209
421
163
465
207
421
163
466
206
421
163
466
209
422
167
466
213
420
163
465
204
420
163
464
206
420
163
466
205
420
163
466
206
422
163
466
206
422
163
467
208
422
163
466
209
420
164
465
207
420
164
464
206
420
164
466
206
420
164
466
209
422
164
466
209
421
162
465
204
421
162
466
205
421
162
466
206
421
162
468
205
417
197
450
236
417
197
450
241
426
213
453
250
427
213
453
249
426
207
454
247
426
207
453
246
426
207
453
247
426
207
453
248
425
208
453
249
425
208
453
248
428
211
454
247
428
211
453
248
416
325
405
358
432
140
484
189
432
140
484
188
432
140
485
189
441
139
492
192
438
147
487
197
438
147
485
196
438
147
485
200
442
139
492
192
438
143
490
193
434
140
484
189
434
140
484
188
434
140
485
189
436
142
486
191
436
142
486
192
436
142
485
190
436
142
490
192
433
140
484
189
433
140
484
188
433
140
485
189
435
140
484
189
435
140
484
188
432
141
486
191
432
141
484
189
432
141
485
189
432
141
485
190
433
141
486
191
433
141
484
189
433
141
485
190
435
141
486
191
435
141
487
192
435
141
484
189
435
141
485
190
433
142
487
192
433
142
484
189
433
142
487
193
438
142
486
192
438
142
487
192
438
142
487
193
438
142
489
193
438
142
490
193
439
142
489
193
439
142
490
193
436
143
486
191
436
143
486
192
436
143
487
192
436
143
487
193
442
138
492
191
442
138
493
191
437
143
486
192
437
143
490
193
437
146
483
196
437
146
485
196
437
146
484
196
437
146
484
197
438
148
487
197
438
148
485
196
438
148
485
200
439
278
443
321
442
284
444
328
441
380
410
420
439
380
408
418
439
382
408
418
439
382
407
419
438
380
407
418
439
381
408
418
448
147
494
200
448
147
497
200
452
143
501
199
449
147
497
200
449
148
494
200
448
146
497
200
448
146
496
198
446
147
494
200
446
147
497
200
446
147
496
198
445
148
494
200
445
148
497
200
448
228
468
279
448
228
468
278
447
232
468
279
447
232
468
278
444
258
455
305
444
258
456
304
443
262
455
305
443
262
455
307
446
263
455
305
446
263
456
304
446
263
456
306
446
263
455
309
446
263
455
307
444
264
455
305
444
264
456
304
444
264
455
309
444
264
455
307
445
256
456
304
445
261
455
305
445
261
456
304
445
261
456
306
445
261
455
309
445
261
455
307
445
262
455
305
445
262
456
304
445
262
456
306
445
262
455
309
445
262
455
307
444
265
455
305
444
259
455
305
444
259
456
304
444
260
455
305
444
260
456
304
444
260
456
306
444
260
455
307
445
260
455
305
445
260
456
304
445
260
456
306
445
260
455
307
444
262
455
305
444
262
456
304
444
262
456
306
444
262
455
309
444
262
455
307
446
262
455
305
446
262
456
304
446
262
456
306
446
262
455
309
446
262
455
307
445
264
455
305
445
264
456
304
445
264
456
306
445
264
455
309
445
264
455
307
445
258
455
305
445
258
456
304
444
278
448
323
444
278
449
321
453
278
456
321
453
278
456
322
452
274
457
318
453
277
456
321
453
277
456
322
453
279
456
321
453
279
456
322
443
285
444
328
454
280
455
328
454
280
456
327
454
280
457
327
454
280
457
328
465
208
494
259
456
206
484
257
456
206
485
256
456
206
484
260
455
209
484
257
455
209
482
260
455
209
484
260
455
209
483
261
455
209
482
262
455
207
484
257
455
207
482
260
455
207
485
256
455
207
483
257
455
207
484
260
455
207
483
261
455
207
483
256
455
207
482
262
456
208
484
260
456
208
483
261
456
208
482
262
459
224
479
279
459
224
481
277
460
224
479
279
460
224
481
277
460
224
482
277
458
225
477
280
458
225
479
279
458
225
481
277
459
225
479
279
459
225
481
277
459
225
482
277
464
260
473
314
468
321
455
373
468
321
455
371
468
321
455
372
468
321
456
371
464
329
448
377
464
329
449
377
466
330
448
377
466
330
449
377
468
323
455
373
468
323
455
372
468
322
455
373
468
322
455
372
468
322
456
371
467
321
455
372
467
321
456
371
466
331
448
377
466
331
449
377
479
124
532
188
478
125
532
190
473
249
485
308
473
257
482
313
471
262
479
316
477
272
481
326
477
272
481
327
477
272
481
328
476
270
481
326
480
325
465
379
480
325
465
378
479
324
465
379
479
324
465
378
472
327
458
378
474
331
458
383
480
341
460
394
493
119
550
190
493
119
547
191
493
118
548
188
493
118
549
189
493
118
546
188
493
118
547
188
493
118
548
190
486
119
545
187
492
119
548
188
492
119
549
189
492
119
547
189
492
119
546
190
492
119
546
188
492
119
547
188
492
119
548
190
492
117
548
188
492
117
547
188
488
120
546
188
491
120
548
188
491
120
549
189
491
120
547
189
491
120
546
190
491
120
549
190
491
120
546
188
491
120
547
188
491
120
548
190
494
120
551
191
494
120
550
190
494
120
550
192
494
119
549
191
494
119
550
190
494
119
547
191
490
118
548
188
490
118
546
188
490
118
547
188
491
118
548
188
491
118
547
189
491
118
546
188
491
118
547
188
491
117
548
188
491
117
546
188
491
117
547
188
489
120
547
189
489
120
546
188
489
120
547
188
486
213
511
276
490
222
511
285
490
221
511
285
490
221
511
284
490
221
510
284
491
219
511
285
491
219
511
284
494
221
514
286
488
224
508
286
488
224
511
285
494
235
506
307
493
238
506
307
493
239
506
307
492
240
506
307
494
328
479
387
494
329
479
387
494
329
478
388
493
330
478
388
493
330
477
389
493
330
476
390
494
330
481
390
494
330
478
388
494
330
480
391
494
330
477
389
494
335
476
394
494
335
476
393
494
335
474
393
494
335
475
394
493
332
476
393
493
332
477
389
493
332
476
390
496
120
553
192
496
120
551
191
496
120
552
192
496
120
553
191
496
118
553
191
498
120
553
192
498
120
552
192
498
120
553
191
498
120
554
192
498
120
556
192
498
120
553
193
498
120
554
193
498
120
555
193
497
119
553
192
497
119
551
191
497
119
552
192
497
119
553
191
497
119
554
192
495
120
551
191
495
120
553
191
495
195
525
265
500
196
527
265
501
198
528
269
496
197
526
265
496
197
525
265
497
195
526
265
497
195
525
265
499
197
526
265
497
204
523
272
497
204
523
273
495
203
520
272
495
203
523
270
495
203
522
272
495
203
522
269
495
203
523
272
495
203
523
273
495
203
521
270
495
203
521
272
507
207
532
278
507
207
532
277
496
205
523
272
496
205
523
273
501
203
528
271
499
212
520
280
499
212
520
279
507
206
533
276
507
206
532
278
507
206
532
277
507
206
533
277
496
204
523
272
496
204
523
273
497
208
520
276
497
208
520
279
497
208
523
277
500
202
528
271
495
202
520
272
495
202
523
270
495
202
522
272
495
202
522
269
495
202
523
272
495
202
523
273
495
202
521
270
495
202
521
272
497
205
523
272
497
205
523
273
497
206
523
272
497
206
523
273
501
202
528
271
497
213
520
280
497
213
520
279
498
213
520
280
496
316
486
378
496
316
487
376
496
316
487
377
497
317
486
378
497
317
487
376
497
317
484
379
497
317
485
380
497
317
485
379
497
317
487
377
505
313
493
377
499
317
486
378
499
317
489
379
499
317
485
380
499
317
485
379
499
317
487
377
502
310
494
372
502
310
492
372
505
316
491
381
503
313
493
375
503
313
494
375
499
314
486
378
499
314
487
376
499
314
492
375
499
314
488
375
499
314
493
374
499
314
487
377
502
309
494
372
502
309
492
372
503
314
493
376
503
314
489
379
503
314
491
377
503
314
490
378
505
309
494
372
505
315
493
378
505
315
492
379
505
310
494
374
504
316
489
381
504
316
492
379
504
316
490
380
504
316
491
380
504
316
491
381
504
312
493
375
504
312
494
375
504
312
494
374
502
316
489
381
502
316
489
379
502
316
490
380
502
316
490
378
505
312
493
376
505
312
494
375
498
317
486
378
498
317
487
376
498
317
484
379
498
317
485
380
498
317
485
379
498
317
487
377
502
317
489
381
502
317
492
378
502
317
490
380
502
317
491
380
506
317
493
381
506
317
492
382
499
318
485
381
499
318
485
380
499
319
485
381
499
319
485
380
502
319
489
381
502
319
491
380
502
319
491
381
498
320
485
381
498
320
485
380
499
329
481
390
501
330
481
390
501
330
481
391
496
320
485
381
496
320
485
380
504
318
491
381
506
318
492
382
498
318
486
378
498
318
484
379
498
318
485
381
498
318
485
380
498
318
485
379
498
318
487
377
497
318
486
378
497
318
484
379
497
318
485
381
497
318
485
380
497
318
485
379
497
318
487
377
498
330
481
390
498
330
481
391
495
318
484
379
495
318
485
381
495
318
485
380
495
318
485
379
503
318
489
381
503
318
491
381
514
169
551
247
516
170
553
246
516
170
551
247
518
170
553
246
518
170
551
247
515
171
551
247
514
187
546
262
516
369
481
434
516
369
481
435
516
369
482
436
516
369
483
436
516
369
484
435
516
369
483
435
516
369
483
434
516
369
484
434
516
371
481
435
516
371
483
437
516
371
482
436
516
371
483
436
516
371
484
435
516
371
483
435
516
371
483
434
516
371
484
434
511
374
478
436
511
374
478
437
511
374
477
439
514
370
481
434
514
370
481
435
514
370
483
435
514
370
483
434
514
370
484
434
507
375
471
434
512
371
480
434
512
371
481
434
513
376
479
439
513
376
479
440
513
376
477
439
514
378
479
439
514
378
479
440
515
369
481
434
515
369
481
435
515
369
484
435
515
369
483
435
515
369
483
434
515
369
484
434
507
373
471
434
515
373
481
439
515
373
483
437
515
373
482
436
515
373
483
436
515
373
484
435
515
373
483
435
515
373
483
434
515
373
484
434
516
373
481
439
516
373
483
437
516
373
482
436
516
373
483
436
516
373
484
435
516
373
483
435
516
373
483
434
516
373
484
434
516
370
481
434
516
370
481
435
516
370
483
437
516
370
482
436
516
370
483
436
516
370
484
435
516
370
483
435
516
370
483
434
516
370
484
434
511
371
480
434
511
375
478
436
511
375
478
437
511
375
477
439
513
371
481
434
513
371
481
435
515
377
480
440
515
377
479
439
515
377
479
440
515
371
481
435
515
371
483
437
515
371
482
436
515
371
483
436
515
371
484
435
515
371
483
435
515
371
483
434
515
371
484
434
513
378
477
439
516
372
481
435
516
372
483
437
516
372
482
436
516
372
483
436
516
372
484
435
516
372
483
435
516
372
483
434
516
372
484
434
514
541
422
593
514
541
422
595
514
541
423
596
514
541
425
594
514
541
423
595
514
541
424
595
514
541
422
596
508
543
417
593
511
541
420
593
511
541
422
593
511
541
422
595
511
541
422
591
511
541
420
594
511
541
423
591
507
539
416
591
507
539
418
591
507
539
418
590
508
539
421
590
508
539
418
591
508
539
421
591
511
544
422
593
511
544
422
595
511
544
420
597
511
544
423
595
511
544
421
596
511
544
422
596
507
541
416
592
507
541
418
591
507
541
418
590
512
543
422
597
512
543
422
593
512
543
422
595
512
543
423
596
512
543
423
595
512
543
424
595
512
543
421
596
512
543
422
596
512
539
422
593
512
539
422
591
512
539
423
591
511
545
422
593
511
545
421
596
513
545
423
596
513
545
426
593
513
545
425
594
513
545
423
595
513
545
424
595
512
542
420
593
512
542
422
597
512
542
422
593
512
542
422
595
512
542
420
594
512
542
423
596
512
542
423
595
512
542
424
595
512
542
421
596
512
542
422
596
511
538
422
593
511
538
422
591
511
538
421
591
511
538
423
591
511
538
422
590
512
541
420
593
512
541
422
593
512
541
422
595
512
541
422
591
512
541
420
594
512
541
423
591
512
541
421
596
511
540
422
593
511
540
422
591
511
540
423
591
511
540
422
590
513
544
422
593
513
544
422
595
513
544
423
596
513
544
425
594
513
544
423
595
513
544
424
595
513
544
421
596
513
544
422
596
512
538
422
593
512
538
422
591
512
538
423
591
512
540
422
593
512
540
422
595
512
540
422
591
512
540
420
594
512
540
423
591
521
120
573
198
521
118
573
197
521
118
573
198
526
169
561
249
526
169
562
250
525
169
561
249
527
169
562
250
528
177
560
260
528
181
561
261
525
179
557
258
525
179
559
257
525
179
560
257
520
300
512
369
526
303
514
375
526
303
516
375
524
304
514
375
522
321
507
391
523
322
507
391
523
322
507
392
523
323
507
392
528
319
513
389
528
319
513
390
523
369
490
436
523
369
491
435
522
389
483
453
522
389
482
455
522
389
483
451
521
388
483
453
521
388
482
451
521
388
482
455
522
388
483
453
522
388
483
451
520
393
481
456
521
391
481
456
521
391
482
455
521
390
481
456
521
390
482
455
522
391
481
456
522
391
482
455
522
391
482
458
521
392
481
456
522
387
484
452
522
387
483
453
522
387
483
451
523
393
482
458
522
394
482
458
520
386
481
450
520
386
481
451
520
386
482
451
520
386
481
448
527
399
485
464
540
172
573
256
540
172
573
257
537
173
573
256
537
173
573
257
539
172
573
256
539
172
573
257
536
176
571
261
539
184
569
265
539
184
570
267
539
184
570
268
539
184
569
266
539
184
569
268
538
180
572
263
538
180
570
264
538
180
573
263
538
183
569
265
538
183
570
267
538
183
570
268
538
183
569
266
538
183
569
268
542
180
572
263
542
180
573
263
542
184
570
264
542
184
570
267
542
184
572
267
542
184
571
267
542
184
570
268
542
184
571
268
542
184
572
268
545
176
576
264
546
179
576
265
544
186
572
268
539
179
572
263
539
179
570
264
539
179
573
263
539
179
574
264
538
182
569
265
538
182
570
264
538
182
570
267
538
182
570
268
538
182
571
268
538
182
569
266
538
184
569
266
538
184
569
268
540
179
571
261
540
179
572
263
540
179
570
263
540
179
570
264
540
179
573
263
540
179
574
264
543
180
573
263
543
180
574
264
543
184
572
267
543
184
571
267
543
184
571
268
543
184
572
268
544
180
574
264
539
185
569
266
539
185
569
268
540
185
569
265
540
185
570
267
540
185
570
268
540
185
569
266
540
185
569
268
538
181
572
263
538
181
569
265
538
181
570
264
538
181
572
267
538
181
569
266
542
188
569
272
542
190
569
272
545
194
572
278
545
194
572
279
535
265
538
341
535
265
539
338
535
265
538
339
535
261
539
337
533
261
539
337
534
261
539
337
533
262
539
337
533
262
539
338
535
264
539
338
535
264
538
339
533
260
538
334
534
263
539
337
534
263
539
338
544
266
545
345
543
266
544
345
543
266
545
345
537
268
540
344
538
268
540
344
534
275
538
349
535
267
538
341
535
267
537
342
535
267
537
343
535
267
540
344
542
267
544
345
535
275
538
349
541
267
544
345
541
267
545
345
546
315
529
394
546
315
531
393
546
315
532
393
546
315
530
394
546
315
533
392
546
315
528
395
544
316
529
394
544
316
531
393
544
316
530
394
540
315
527
388
540
315
527
389
546
316
531
393
546
316
532
393
546
316
530
394
546
316
528
395
546
316
529
395
545
317
531
393
545
317
532
393
545
317
530
394
545
317
528
395
545
317
529
395
546
317
528
395
546
317
529
395
546
317
527
396
546
317
528
396
538
488
465
551
538
488
466
553
538
488
466
552
538
488
464
552
538
488
467
553
538
488
468
553
538
488
467
554
538
488
465
552
541
486
469
550
541
486
471
551
537
490
465
551
537
490
466
553
537
490
466
552
537
490
468
554
537
490
464
552
537
490
467
553
537
490
467
554
537
490
465
552
541
488
465
551
541
488
466
552
541
488
468
554
541
488
467
553
541
488
468
553
541
488
465
552
542
487
469
550
542
487
471
551
536
489
465
551
536
489
466
552
536
489
464
552
536
489
465
552
537
488
465
551
537
488
466
552
537
488
464
552
537
488
465
552
541
487
469
550
535
489
464
552
540
486
469
550
540
486
471
551
541
489
465
551
541
489
466
553
541
489
466
552
541
489
468
554
541
489
464
552
541
489
467
553
541
489
468
553
541
489
467
554
541
489
465
552
542
489
465
551
542
489
466
553
542
489
466
552
542
489
468
554
542
489
464
552
542
489
467
553
542
489
468
553
542
489
467
554
542
489
465
552
537
487
465
551
546
486
473
551
539
487
465
551
539
487
466
552
539
487
467
553
539
487
469
550
535
492
462
555
536
492
462
555
552
170
585
258
549
171
585
258
551
167
588
254
557
313
540
393
557
313
544
394
557
313
541
394
557
313
542
395
557
313
542
396
557
313
543
396
558
312
540
393
558
312
544
394
558
312
541
394
558
312
542
395
558
312
544
396
558
312
542
396
558
312
543
396
554
311
539
390
554
311
537
392
554
311
538
392
554
311
539
392
557
315
544
394
557
315
542
395
557
315
544
396
557
315
542
396
557
315
543
396
547
316
529
395
547
316
527
396
547
316
528
396
559
305
548
387
550
312
537
392
550
312
535
392
550
312
538
392
550
312
539
392
550
312
534
392
548
315
528
395
548
315
529
395
548
315
528
396
554
310
539
390
554
310
537
392
554
310
538
392
554
310
539
392
549
311
537
392
549
311
535
392
549
311
538
392
549
311
539
392
549
311
534
392
550
313
535
392
550
313
534
392
555
313
538
392
555
313
539
392
556
313
540
393
556
313
544
394
556
313
538
392
556
313
539
392
548
314
530
394
548
314
529
395
548
314
535
392
557
314
540
393
557
314
544
394
557
314
541
394
557
314
542
395
557
314
544
396
557
314
542
396
557
314
543
396
559
314
544
394
559
314
542
395
559
314
544
396
559
314
542
396
559
314
546
396
559
314
543
396
559
314
544
397
551
312
537
392
551
312
535
392
551
312
538
392
551
312
539
392
547
315
528
395
547
315
529
395
547
315
528
396
558
315
544
394
558
315
542
395
558
315
544
396
558
315
542
396
558
315
546
396
558
315
543
396
558
315
544
397
559
315
544
394
559
315
542
395
559
315
544
396
559
315
542
396
559
315
546
396
559
315
543
396
559
315
544
397
549
310
536
390
549
310
537
392
549
310
536
391
549
310
535
392
549
310
538
392
549
310
539
392
549
310
534
392
551
318
535
397
550
322
528
400
550
322
530
402
550
322
531
400
550
322
530
399
550
322
535
397
550
320
528
400
550
320
531
400
550
320
530
399
550
320
535
397
559
322
542
403
559
322
544
405
546
329
526
404
546
329
525
406
547
330
529
406
547
330
527
406
547
330
525
406
547
330
526
407
547
327
526
404
547
328
526
404
549
328
527
406
546
325
528
400
546
325
530
399
548
321
528
400
548
321
530
399
547
325
528
400
547
325
530
402
547
325
531
400
559
325
543
407
554
382
518
460
556
383
518
460
556
383
519
460
557
382
518
460
557
382
519
460
557
382
520
460
557
383
518
460
557
383
519
460
558
383
518
460
558
383
519
460
554
383
518
460
558
382
518
460
558
382
519
460
558
382
520
460
559
405
513
479
559
405
513
481
559
405
514
479
559
405
513
480
559
405
514
480
559
404
513
479
559
404
514
478
559
404
513
481
559
404
514
479
559
404
513
480
559
404
514
480
559
406
513
481
559
406
512
482
559
406
513
480
557
415
508
490
558
421
505
496
558
421
506
496
558
421
505
497
558
421
506
495
558
413
509
488
558
413
508
489
558
411
510
486
558
414
509
489
558
414
508
490
558
414
508
489
558
412
510
487
559
431
501
507
559
431
502
507
558
423
506
496
558
423
505
497
558
423
506
497
558
423
505
498
558
424
506
497
558
424
505
498
548
486
474
551
565
303
548
387
571
302
559
389
566
325
543
407
566
325
545
407
566
325
544
407
563
325
543
407
563
325
544
407
564
324
543
407
564
324
545
407
564
324
544
406
564
324
544
407
562
324
543
407
562
324
545
407
562
324
544
406
562
324
544
407
562
392
520
468
563
390
520
468
563
390
520
467
563
390
519
468
562
391
520
468
562
391
519
468
562
389
520
468
562
389
520
466
562
389
520
467
561
391
520
468
561
391
520
466
561
391
520
467
562
387
520
466
562
387
520
467
561
388
520
468
561
388
520
466
561
388
520
467
561
389
520
468
561
389
520
466
561
389
520
467
560
426
505
501
560
426
506
501
561
432
503
507
561
432
504
506
561
431
504
505
561
431
505
505
561
431
503
507
561
431
504
506
561
431
505
506
562
432
506
508
560
431
504
505
560
431
505
505
560
431
503
507
560
431
502
509
560
431
504
506
560
431
505
506
560
431
502
507
560
431
503
505
570
440
511
519
568
438
509
516
568
438
509
515
566
437
508
513
571
441
512
522
571
441
512
521
569
439
511
519
569
439
511
518
577
477
505
555
577
477
505
554
582
475
511
555
584
479
511
560
584
478
511
560
583
476
511
555
585
480
512
562
576
475
505
553
576
475
505
552
575
489
499
566
572
497
494
570
580
491
503
569
585
495
506
574
572
496
494
570
573
492
496
567
576
496
499
571
576
496
499
572
575
497
497
574
575
497
497
572
584
493
506
574
575
498
497
574
576
498
497
574
585
494
506
574
580
498
502
576
577
495
499
571
577
495
499
572
584
495
506
574
592
301
579
394
592
301
579
395
592
301
577
395
594
300
579
394
594
300
579
395
591
299
579
394
591
299
577
395
592
303
577
395
592
303
578
398
592
303
579
397
593
303
577
395
593
303
578
398
593
303
579
397
596
292
584
392
594
301
579
394
594
301
579
395
592
304
577
395
592
304
578
398
592
304
579
397
588
316
572
411
589
313
572
406
589
313
572
411
589
314
572
406
589
314
572
411
592
305
577
395
592
305
578
398
592
305
579
397
589
315
572
406
589
315
572
411
587
311
572
406
587
311
573
405
591
321
572
411
590
318
572
411
591
319
572
411
587
334
563
425
587
336
562
425
587
336
563
427
587
336
563
426
587
336
564
426
587
336
562
424
587
336
563
425
589
338
563
427
589
338
563
426
589
338
564
429
589
338
564
426
589
338
564
427
589
338
564
430
589
340
564
429
589
340
563
431
589
340
564
430
589
340
564
431
590
340
563
427
590
340
564
429
590
340
563
431
590
340
564
430
590
340
564
431
590
341
561
432
590
341
563
431
590
341
563
432
590
341
564
430
590
341
564
431
589
337
563
427
589
337
563
426
589
337
564
429
589
337
564
426
589
337
564
427
589
337
563
425
587
335
563
426
587
335
564
426
587
335
562
424
587
335
563
425
588
335
563
427
588
335
563
426
588
335
564
426
588
335
564
427
588
335
563
425
590
339
563
427
590
339
564
429
590
339
563
431
590
339
564
427
590
339
564
430
590
339
564
431
586
335
562
425
586
335
562
424
586
335
563
425
589
341
561
432
589
341
563
431
589
341
563
432
589
341
564
430
588
336
563
427
588
336
563
426
588
336
564
426
588
336
562
424
588
336
564
427
588
336
563
425
589
342
561
432
589
342
563
431
589
342
563
432
589
342
561
433
589
342
562
433
599
295
588
390
599
295
588
391
599
295
587
395
