base1.jpg
base2.jpg
338
253
304
253
337
255
285
252
337
255
303
254
337
255
304
254
337
255
305
255
336
255
286
253
336
255
293
254
336
255
304
254
336
255
301
255
336
255
305
255
336
255
303
255
345
254
304
253
350
255
303
254
350
255
304
254
343
255
303
254
343
255
304
254
340
256
301
255
340
256
305
255
340
256
303
255
343
254
304
253
351
252
296
250
351
254
301
253
351
254
304
253
344
255
303
254
344
255
304
254
346
255
303
254
346
255
304
254
348
255
303
254
348
255
304
254
348
255
301
255
352
253
300
252
363
256
310
256
358
255
304
254
358
255
309
254
363
258
312
257
355
256
310
256
355
256
301
255
355
256
305
255
355
256
303
255
357
256
310
256
357
256
305
255
357
256
303
255
364
256
310
256
357
254
309
254
357
254
308
253
357
254
304
253
364
257
310
256
364
257
312
257
364
257
314
257
360
254
309
254
360
254
308
253
360
254
304
253
366
255
309
254
368
255
309
254
368
257
310
256
368
257
312
257
368
257
314
257
374
256
322
255
368
258
312
257
368
258
314
257
381
256
322
255
387
258
320
256
381
257
322
255
381
257
320
256
389
253
337
252
389
254
338
253
390
254
338
253
398
252
351
252
398
252
353
252
398
252
352
252
403
257
351
258
403
257
357
256
403
257
356
257
403
257
352
258
403
257
353
258
394
256
353
257
395
256
351
256
395
256
353
257
397
252
351
252
397
252
353
252
397
252
352
252
396
254
350
255
396
254
351
254
396
254
343
254
396
254
352
254
401
256
357
256
402
256
357
256
400
261
362
261
400
261
353
261
400
261
359
261
392
256
353
257
403
256
357
256
403
256
356
257
400
257
351
258
400
257
357
256
400
257
356
257
400
257
352
258
400
257
353
258
401
257
351
258
401
257
357
256
401
257
356
257
401
257
352
258
401
257
353
258
399
253
355
253
399
253
353
253
400
258
352
259
400
258
354
259
400
258
356
257
400
258
353
259
402
258
352
259
402
258
354
259
402
258
356
257
402
258
353
259
400
260
357
260
400
260
353
261
400
260
359
260
400
260
356
261
400
260
359
261
391
252
337
252
403
261
362
261
403
261
354
263
403
261
356
261
403
261
359
261
403
261
352
263
403
261
355
263
393
256
353
257
414
253
363
255
414
253
362
255
414
253
366
253
407
255
357
256
411
258
357
260
411
258
359
260
407
261
362
261
407
261
354
263
407
261
359
261
407
261
355
263
407
261
369
261
412
260
362
261
412
260
359
261
412
260
369
260
407
256
357
256
407
256
356
257
407
256
352
258
407
256
353
258
415
261
369
261
415
261
369
260
415
261
374
262
415
261
380
261
415
261
378
260
415
261
378
261
404
258
352
259
404
258
354
259
404
258
353
259
415
252
366
252
414
255
362
255
415
255
362
255
415
255
366
256
415
256
364
258
419
254
363
255
419
254
369
256
419
254
369
254
419
254
368
255
419
254
366
256
419
254
373
254
428
260
378
260
419
263
371
263
419
263
374
262
419
263
373
263
417
259
362
261
417
259
374
259
417
259
376
258
417
259
372
259
417
259
369
260
417
259
378
260
420
257
374
259
420
257
376
258
420
257
368
259
420
257
372
259
428
264
376
264
418
254
363
255
418
254
362
255
418
254
369
254
418
254
368
255
418
254
366
256
418
254
373
254
421
261
369
261
421
261
374
262
421
261
378
261
429
262
374
262
429
262
373
263
424
263
371
263
424
263
373
263
424
263
376
264
422
257
374
259
422
257
376
258
422
257
368
259
422
257
372
259
429
258
374
259
429
258
376
258
430
261
374
262
430
261
378
261
434
260
378
261
432
262
374
262
432
262
373
263
436
252
384
253
432
261
380
261
431
262
374
262
434
256
386
258
432
255
379
255
432
263
373
263
432
263
376
264
432
257
376
258
432
257
377
257
432
257
378
257
432
257
383
258
478
259
429
260
476
258
425
257
479
261
425
261
479
261
424
260
479
261
429
260
479
261
426
262
480
263
422
263
480
263
426
262
480
263
425
263
480
263
428
264
519
256
462
256
520
254
461
254
513
260
453
259
517
254
460
253
519
257
466
257
519
257
459
257
519
257
462
256
517
259
466
257
517
259
460
258
507
261
451
260
507
261
447
259
519
254
460
253
519
254
461
254
511
258
459
257
519
258
466
257
519
258
459
257
519
258
460
258
519
252
464
252
519
252
462
252
517
253
462
252
519
259
466
257
519
259
460
258
519
255
461
254
514
261
453
260
514
261
455
261
514
261
462
260
510
262
455
261
510
263
450
263
510
263
456
262
507
257
447
256
524
252
466
252
524
252
467
252
524
253
467
252
524
253
466
253
523
253
466
252
523
253
467
252
523
253
466
253
