13_13_l.jpg
13_13_r.jpg
286
284
129
281
286
284
130
279
286
284
130
280
286
284
128
279
286
284
127
281
286
284
129
279
286
284
128
281
314
292
156
286
314
292
157
284
286
283
130
279
286
283
130
280
286
283
128
279
286
283
129
279
281
279
124
274
281
279
118
274
284
289
127
284
284
289
126
283
284
289
121
285
284
289
122
285
284
289
126
286
284
289
125
284
284
289
128
285
284
289
122
286
284
289
127
286
318
286
158
279
318
286
156
279
318
286
157
279
318
286
156
278
317
293
158
288
317
293
156
286
317
293
156
287
317
293
155
288
317
293
159
285
317
293
157
288
317
293
157
286
317
293
156
289
316
292
156
286
316
292
156
287
316
292
157
284
316
292
155
288
316
292
159
285
316
292
157
286
316
292
158
283
284
288
127
284
284
288
126
283
284
288
122
285
284
288
125
284
284
288
127
282
319
286
158
279
319
286
156
279
319
286
159
281
319
286
157
279
319
286
156
278
315
284
156
278
310
269
144
266
318
289
157
284
318
289
159
281
318
289
160
281
318
289
158
282
318
289
160
282
318
289
158
283
291
282
130
279
316
291
156
286
316
291
156
287
316
291
157
284
316
291
158
282
316
291
159
283
316
291
157
286
316
291
158
283
317
284
156
279
317
284
157
279
317
284
156
278
315
293
156
286
315
293
156
287
315
293
157
284
315
293
155
288
315
293
159
285
315
293
157
288
315
293
157
286
288
269
126
264
285
290
127
284
285
290
121
285
285
290
125
287
285
290
122
285
285
290
126
286
285
290
125
284
285
290
128
287
285
290
128
285
285
290
122
286
285
290
127
286
318
288
158
279
318
288
156
279
318
288
157
284
318
288
159
281
318
288
160
281
318
288
157
279
318
288
158
282
316
290
157
284
316
290
159
281
316
290
158
282
316
290
158
283
318
292
158
288
318
292
156
286
318
292
156
287
318
292
157
284
318
292
155
288
318
292
159
285
318
292
157
288
318
292
157
286
398
275
247
268
284
266
122
261
319
292
158
288
319
292
156
286
319
292
156
287
319
292
155
288
319
292
159
285
319
292
157
288
319
292
160
287
319
292
157
286
319
291
156
286
319
291
156
287
319
291
157
284
319
291
159
285
319
291
159
283
319
291
157
286
319
291
160
282
319
291
158
283
