Test1999_rot.jpg
Test2000_rot.jpg
53
246
45
138
63
247
49
138
56
247
45
138
55
246
45
138
56
248
45
138
57
246
45
138
62
247
49
138
53
244
49
138
53
244
45
138
52
248
45
138
56
246
45
138
54
244
49
138
54
244
45
138
54
249
45
138
56
249
45
138
55
245
45
138
53
247
45
138
54
247
45
138
56
244
49
138
57
247
45
138
74
256
61
157
74
256
62
157
74
256
63
158
66
246
60
139
74
255
65
157
75
256
61
157
75
256
62
157
75
256
63
158
91
182
105
94
90
181
105
94
91
181
105
94
100
269
90
181
93
272
85
183
93
272
83
181
93
272
85
182
93
272
84
183
93
272
82
181
96
274
85
183
96
274
83
181
96
274
84
181
96
274
85
182
96
274
86
181
96
274
84
183
96
274
88
183
96
274
86
184
96
274
82
181
101
271
90
181
94
272
85
183
94
272
83
181
94
272
84
181
94
272
85
182
94
272
86
181
94
272
84
183
94
272
88
183
94
272
83
179
94
272
82
181
97
271
89
183
97
271
88
183
97
271
89
181
101
269
90
181
101
269
91
181
114
244
121
169
114
254
104
173
114
247
120
169
114
247
120
172
114
247
121
169
114
247
119
171
114
247
119
172
114
247
122
171
111
246
120
169
111
246
121
169
115
248
117
172
115
248
120
172
115
248
119
171
115
248
118
172
115
248
119
172
115
248
122
171
114
252
117
172
114
252
117
173
114
252
118
172
114
252
119
172
115
244
120
169
115
244
121
169
116
247
120
172
116
247
119
171
116
247
118
172
116
247
119
172
116
247
122
171
109
245
120
169
109
245
126
170
109
245
121
169
109
245
127
171
117
248
117
172
117
248
120
172
117
248
119
171
117
248
118
172
117
248
119
172
117
248
122
171
115
246
120
169
115
246
121
169
115
246
124
170
115
246
119
171
115
246
122
171
117
246
120
169
117
246
120
172
117
246
121
169
117
246
119
171
117
246
119
172
117
246
122
171
117
244
120
169
117
244
121
169
117
244
125
170
116
248
117
172
116
248
120
172
116
248
119
171
116
248
118
172
116
248
119
172
110
245
120
169
110
245
121
169
110
245
125
170
110
245
127
171
114
249
117
172
114
249
119
171
114
249
118
172
114
249
119
172
114
249
122
171
113
245
120
169
113
245
126
170
113
245
121
169
113
245
124
170
117
253
117
172
117
253
117
173
126
244
126
170
126
244
126
171
126
244
124
170
126
244
125
170
126
244
127
171
120
246
120
169
120
246
121
169
120
246
124
170
120
246
122
171
129
244
120
169
129
244
121
169
129
244
122
171
125
248
117
172
125
248
125
171
125
248
120
172
125
248
117
173
125
248
123
175
125
248
119
177
125
248
120
178
125
248
124
174
125
248
124
175
125
248
119
171
125
248
118
172
125
248
118
177
125
248
122
171
122
245
120
169
122
245
126
170
122
245
125
171
122
245
121
169
122
245
124
170
122
245
125
170
122
245
122
171
123
252
117
172
123
252
120
172
123
252
117
173
123
252
118
175
123
252
119
176
123
252
119
177
123
252
120
178
123
252
117
175
123
252
119
175
123
252
118
172
123
252
118
177
123
252
119
172
123
252
118
178
123
252
119
178
125
247
120
169
125
247
117
172
125
247
125
171
125
247
126
171
125
247
120
172
125
247
117
173
125
247
121
169
125
247
123
175
125
247
124
170
125
247
124
175
125
247
119
171
125
247
118
172
125
247
122
171
118
244
120
169
118
244
126
170
118
244
121
169
118
244
124
170
118
244
125
170
122
246
120
169
122
246
125
171
122
246
121
169
122
246
124
170
122
246
125
170
122
246
122
171
118
250
120
172
118
250
119
171
118
250
118
172
118
250
119
172
124
246
120
169
124
246
126
171
124
246
124
170
124
246
122
171
128
251
123
175
128
251
124
174
128
251
124
175
123
247
120
169
123
247
117
172
123
247
125
171
123
247
121
169
123
247
123
175
123
247
124
170
123
247
122
171
118
246
120
169
118
246
120
172
118
246
121
169
118
246
124
170
118
246
119
171
118
246
122
171
119
246
124
170
119
246
122
171
124
247
120
169
124
247
125
171
124
247
120
172
124
247
121
169
124
247
123
175
124
247
124
170
124
247
124
175
124
247
119
171
124
247
118
172
124
247
122
171
130
247
120
169
130
247
121
169
130
247
122
171
118
248
120
169
118
248
117
172
118
248
120
172
118
248
121
169
118
248
119
171
118
248
118
172
118
248
119
172
118
248
122
171
119
248
119
171
119
248
118
172
119
248
119
172
119
248
122
171
120
248
117
172
120
248
120
172
120
248
117
173
120
248
119
171
120
248
118
172
120
248
119
172
120
248
122
171
119
245
125
171
119
245
126
171
119
245
124
170
119
245
125
170
119
245
122
171
123
246
120
169
123
246
125
171
123
246
121
169
123
246
124
170
123
246
125
170
123
246
124
175
123
246
122
171
121
250
117
172
121
250
120
172
121
250
117
173
121
250
118
175
121
250
119
176
121
250
119
177
121
250
117
175
121
250
119
175
121
250
119
171
121
250
118
172
121
250
118
177
121
250
119
172
121
250
122
171
123
250
117
172
123
250
120
172
123
250
117
173
123
250
123
175
123
250
119
177
123
250
120
178
123
250
124
174
123
250
119
171
123
250
118
172
123
250
118
177
123
250
118
178
123
250
119
178
127
250
117
172
127
250
125
175
127
250
120
172
127
250
117
173
127
250
123
175
127
250
119
177
127
250
120
178
127
250
124
174
127
250
124
175
127
250
119
171
127
250
118
172
127
250
118
177
127
250
119
178
127
250
122
171
118
247
120
169
118
247
120
172
118
247
121
169
118
247
119
171
118
247
118
172
118
247
119
172
118
247
122
171
122
247
117
172
122
247
124
170
122
247
122
171
118
253
117
173
118
253
118
172
118
253
119
172
156
203
155
138
156
203
154
138
148
202
155
138
152
203
155
138
152
203
154
138
154
203
155
138
154
203
154
138
155
204
155
138
155
204
154
138
164
199
166
134
164
199
164
139
164
199
165
139
160
199
164
139
164
198
166
134
164
198
164
139
164
198
165
139
164
200
164
139
164
200
165
139
165
201
165
139
157
202
155
138
162
202
166
134
162
202
165
139
163
202
164
139
163
202
165
139
160
200
164
139
163
200
166
134
163
200
164
139
163
200
165
139
169
256
147
191
163
264
142
204
163
264
139
204
163
264
136
200
175
255
151
191
173
256
148
191
173
256
147
191
173
256
146
192
173
256
148
192
173
256
150
192
174
256
147
191
174
256
155
195
176
256
145
191
171
260
155
197
171
260
146
193
171
260
159
199
171
260
158
199
177
259
155
197
171
261
142
194
171
261
155
197
171
261
160
199
171
261
159
199
171
261
158
199
173
261
155
197
176
257
147
191
176
257
155
195
182
216
175
162
183
219
174
165
182
218
172
163
182
218
174
165
195
299
159
245
195
299
158
245
195
299
160
245
195
299
159
243
187
303
147
243
193
301
156
247
193
301
156
245
193
301
156
248
193
301
158
245
193
301
157
248
191
308
149
251
191
303
152
243
185
306
143
244
185
306
147
243
185
306
145
246
193
306
155
250
193
306
155
248
193
306
155
249
193
306
156
250
193
306
152
248
193
306
153
251
193
306
152
249
193
306
154
249
193
306
156
249
193
306
154
250
195
300
156
245
195
300
159
245
195
300
158
245
195
300
159
243
191
302
152
243
191
305
150
248
191
305
152
243
191
305
151
243
186
306
147
243
186
306
145
246
192
311
151
252
192
311
152
253
192
311
149
251
192
311
151
251
192
311
148
252
192
311
153
252
192
311
153
254
192
311
151
250
192
311
152
251
192
311
153
251
192
311
152
249
192
311
153
255
192
320
152
256
192
320
149
256
193
317
151
255
193
317
152
256
193
317
149
256
189
319
152
256
189
319
154
254
189
319
153
255
194
316
152
256
194
316
149
256
193
315
152
256
193
315
153
255
191
316
151
252
191
316
149
251
191
316
153
252
191
316
152
251
192
316
152
256
192
316
149
256
192
314
151
252
192
314
152
253
192
314
151
251
192
314
153
252
192
314
153
254
192
314
151
250
192
314
152
251
192
314
153
255
190
313
149
251
190
313
148
252
194
317
151
255
194
317
152
256
194
317
154
253
194
317
149
256
195
317
151
255
195
317
152
256
195
317
154
253
195
317
149
256
192
315
151
255
192
315
152
253
192
315
153
252
192
315
153
254
192
315
152
256
192
315
152
251
192
315
154
253
192
315
153
255
195
315
152
256
195
315
149
256
188
316
151
252
188
316
149
251
188
316
148
252
193
320
152
256
193
320
149
256
207
290
170
243
207
290
172
243
207
290
175
243
207
290
174
244
207
293
170
243
207
293
172
243
207
293
175
243
207
293
174
244
202
291
172
243
202
291
175
243
204
294
170
243
204
294
172
243
204
294
175
243
204
294
174
244
198
295
204
274
207
295
170
243
207
295
172
243
207
295
175
243
207
295
174
244
205
291
170
243
205
291
172
243
205
291
175
243
205
291
174
244
208
292
170
243
208
292
172
243
208
292
175
243
208
292
174
244
197
295
204
274
208
295
170
243
208
295
172
243
208
295
175
243
208
295
174
244
204
300
165
249
204
300
166
250
204
300
164
251
204
300
166
251
204
300
167
251
205
303
165
249
205
303
166
250
205
303
168
250
205
303
164
251
205
303
166
251
205
303
167
251
205
303
168
251
205
303
167
254
200
305
159
250
200
305
160
251
200
305
161
249
200
305
161
251
200
305
159
252
200
305
160
253
200
305
159
251
196
308
156
247
196
308
155
250
196
308
155
248
196
308
156
251
196
308
156
248
196
308
155
249
196
308
156
250
196
308
153
251
196
308
152
249
196
308
156
252
196
308
154
253
196
308
154
249
196
308
156
249
196
308
157
248
196
308
157
249
204
302
165
249
204
302
166
250
204
302
163
251
204
302
164
251
204
302
166
251
204
302
167
251
204
302
167
254
205
299
165
249
205
299
166
250
205
299
168
250
203
305
162
249
203
305
162
250
203
305
162
252
203
305
163
251
203
305
164
251
203
305
162
253
203
308
162
253
204
308
162
252
204
308
162
253
211
294
175
243
211
294
174
244
209
294
170
243
209
294
172
243
209
294
175
243
209
294
174
244
214
295
170
243
214
295
172
243
214
295
175
243
214
295
174
244
214
295
176
244
212
294
175
243
212
294
174
244
212
294
176
244
209
295
170
243
209
295
172
243
209
295
175
243
209
295
174
244
210
295
170
243
210
295
172
243
210
295
175
243
210
295
174
244
211
295
170
243
211
295
172
243
211
295
175
243
211
295
174
244
213
295
170
243
213
295
172
243
213
295
175
243
213
295
174
244
213
295
176
244
209
293
170
243
209
293
172
243
209
293
175
243
209
293
174
244
208
321
156
267
208
321
156
266
208
321
157
266
210
321
158
267
210
321
159
268
210
321
159
266
210
321
160
267
210
321
157
266
212
321
160
267
209
323
159
269
209
323
158
267
209
323
159
268
209
323
157
266
209
321
158
267
209
321
159
268
209
321
156
266
209
321
156
265
209
321
159
266
209
321
158
265
209
321
160
267
209
321
157
266
214
323
170
274
222
313
204
274
228
320
175
275
221
313
204
274
223
321
175
275
231
321
176
278
230
321
176
278
227
321
171
278
227
319
175
275
221
320
172
274
221
320
170
274
225
323
176
278
225
323
171
278
223
323
176
278
223
323
171
278
246
304
170
243
246
304
172
243
246
304
174
244
247
308
204
274
246
300
170
243
246
300
172
243
246
308
204
274
244
324
197
288
245
324
197
288
257
304
219
274
258
303
219
274
259
302
219
274
260
302
219
274
251
306
204
274
262
300
219
274
262
301
219
274
336
282
298
287
347
227
323
237
347
282
303
282
347
282
304
283
347
282
305
282
347
282
306
283
347
282
305
284
347
282
307
282
347
282
307
283
347
282
301
282
347
282
303
283
344
280
303
282
344
280
304
283
344
280
301
284
344
280
305
282
344
280
305
284
344
280
301
282
344
280
303
283
343
276
304
283
343
276
305
282
343
276
306
283
343
276
305
284
343
276
307
282
343
276
307
283
349
277
306
283
349
277
312
287
349
277
311
283
349
277
307
282
349
277
311
284
349
277
307
283
350
282
305
282
350
282
306
283
350
282
311
283
350
282
305
284
350
282
307
282
350
282
311
284
350
282
310
285
350
282
307
283
344
276
305
282
344
276
306
283
344
276
305
284
344
276
307
282
347
276
306
283
347
276
311
283
347
276
307
282
347
276
311
284
347
276
310
285
350
280
312
287
350
280
311
284
350
280
310
285
349
282
304
283
349
282
305
282
349
282
306
283
349
282
307
282
349
282
307
283
348
276
307
282
340
281
301
284
340
281
301
282
345
278
303
282
345
278
304
283
345
278
305
282
345
278
306
283
345
278
305
284
345
278
307
282
345
278
307
283
345
278
303
283
339
279
301
282
351
282
306
283
351
282
312
287
351
282
311
283
351
282
305
284
351
282
307
282
351
282
311
284
351
282
310
285
351
282
307
283
348
281
305
282
348
281
306
283
348
281
307
283
341
280
303
282
341
280
304
283
341
280
301
284
341
280
305
284
341
280
300
285
341
280
301
282
341
280
303
283
339
281
301
284
350
289
306
293
350
289
303
289
344
288
303
289
349
291
306
293
350
287
306
293
350
287
303
289
345
284
303
289
345
284
301
284
345
284
300
285
345
284
302
286
345
284
302
287
342
286
298
287
342
286
300
285
342
286
302
287
348
290
306
293
351
284
305
282
351
284
306
283
351
284
312
287
351
284
305
284
351
284
307
282
351
284
311
284
351
284
310
285
351
284
307
283
348
287
306
293
348
287
303
289
348
287
302
287
349
289
306
293
349
289
303
289
351
285
306
283
351
285
305
284
351
285
307
282
351
285
310
285
351
285
307
283
351
285
310
292
350
284
305
282
350
284
306
283
350
284
305
284
350
284
307
282
350
284
310
285
350
284
307
283
349
290
306
293
346
283
303
282
346
283
304
283
346
283
301
284
346
283
306
283
346
283
305
284
346
283
302
286
346
283
302
287
346
283
303
283
343
286
303
289
343
286
300
285
343
286
302
286
343
286
302
287
348
286
303
289
348
286
302
286
348
286
302
287
351
287
306
293
351
287
310
292
349
285
305
284
349
285
302
286
349
285
307
283
350
285
305
284
350
285
307
282
350
285
307
283
348
288
306
293
348
288
303
289
348
289
306
293
348
289
303
289
351
283
305
282
351
283
306
283
351
283
312
287
351
283
311
283
351
283
305
284
351
283
307
282
351
283
311
284
351
283
310
285
351
283
307
283
438
257
400
295
432
256
395
292
430
256
395
292
431
256
395
292
434
259
391
295
454
262
407
304
454
262
407
305
517
205
493
274
512
206
483
273
512
206
489
272
517
229
482
299
517
226
490
299
517
227
488
300
518
226
490
299
519
226
490
299
516
230
482
299
529
226
490
299
525
229
494
303
525
229
488
300
521
226
490
299
525
227
490
299
526
226
490
299
522
229
494
303
528
226
490
299
527
229
494
303
527
229
488
300
528
230
494
303
528
230
492
302
529
230
494
303
523
226
490
299
522
228
488
300
523
228
494
303
523
228
488
300
524
226
490
299
527
226
490
299
523
229
494
303
523
229
488
300
526
229
494
303
526
229
488
300
523
227
490
299
524
227
490
299
522
226
490
299
