Test123_rot.jpg
Test127_rot.jpg
111
148
143
63
116
151
144
70
116
151
144
67
116
151
145
67
116
151
145
68
116
146
148
62
116
146
147
64
116
146
149
61
116
146
147
65
116
146
152
61
116
146
148
64
116
146
149
62
116
146
146
65
113
147
144
62
113
147
145
62
113
147
143
63
113
147
143
64
114
152
143
65
115
146
148
62
115
146
145
62
115
146
147
64
115
146
149
61
115
146
148
64
115
146
149
62
113
152
143
65
115
152
144
70
115
152
144
67
112
151
143
65
112
151
143
63
117
152
146
69
117
152
146
72
117
152
146
70
117
152
144
70
117
152
145
71
117
152
144
67
117
152
145
67
117
152
146
67
117
152
145
68
114
145
148
62
114
145
145
62
114
145
149
61
114
145
149
62
114
146
148
62
114
146
144
62
114
146
145
62
114
146
149
61
114
146
149
62
113
148
144
62
113
148
145
62
113
148
143
65
113
148
143
63
113
148
143
64
111
150
143
63
116
152
144
70
116
152
144
67
116
152
145
68
115
151
143
65
115
151
144
67
130
150
158
73
118
150
146
69
118
150
146
72
118
150
146
70
118
150
147
66
118
150
150
66
118
150
148
67
118
150
147
70
118
150
145
71
118
150
150
65
118
150
148
66
118
150
151
63
118
150
147
65
118
150
146
67
118
150
148
64
118
150
148
69
118
150
147
71
118
151
146
69
118
151
145
73
118
151
146
72
118
151
146
70
118
151
147
66
118
151
150
66
118
151
148
67
118
151
147
70
118
151
145
71
118
151
150
65
118
151
146
73
118
151
148
66
118
151
147
65
118
151
145
67
118
151
146
67
118
151
145
68
118
151
147
71
117
154
145
73
117
154
144
70
117
154
145
71
117
154
145
68
117
155
145
73
117
155
144
70
117
155
145
71
117
155
144
74
118
153
146
69
118
153
145
73
118
153
146
72
118
153
146
70
118
153
145
74
118
153
144
70
118
153
145
71
118
153
146
73
118
153
146
67
118
153
145
68
118
153
144
74
119
155
146
69
119
155
145
73
119
155
146
72
119
155
146
70
119
155
145
74
119
155
145
71
119
155
146
73
118
154
146
69
118
154
145
73
118
154
146
72
118
154
146
70
118
154
145
74
118
154
144
70
118
154
145
71
118
154
146
73
118
154
145
68
118
157
145
73
118
157
145
74
118
157
145
71
118
157
144
74
118
157
144
75
118
159
144
75
117
156
143
74
117
156
144
70
117
156
144
74
117
156
144
75
118
156
145
73
118
156
145
74
118
156
145
71
118
156
144
74
118
156
144
75
140
98
189
30
139
103
187
34
132
138
166
61
132
138
167
59
131
139
167
57
131
139
166
60
131
149
159
74
134
153
162
77
134
153
161
77
136
154
162
78
136
154
162
79
136
154
163
77
136
154
162
80
136
154
162
81
131
154
158
75
136
153
162
79
136
153
163
77
136
153
162
80
136
153
164
76
132
157
158
77
133
157
159
78
137
154
162
79
137
154
163
77
137
154
162
80
137
154
164
76
137
154
163
79
137
154
164
77
137
154
162
81
136
159
162
78
136
159
162
79
136
159
162
80
136
159
161
82
136
159
160
84
136
159
162
81
136
159
160
83
137
162
160
86
137
162
160
85
131
157
157
78
131
157
157
77
131
157
157
79
134
154
161
77
134
157
160
79
134
157
160
78
135
157
161
80
135
157
162
78
135
157
162
79
135
157
162
77
135
157
161
81
135
157
161
79
135
157
161
77
132
158
158
79
132
158
158
77
131
155
158
75
135
159
161
80
135
159
160
79
135
159
161
81
135
159
161
82
135
159
161
79
135
159
160
81
135
159
160
83
136
160
160
84
136
160
160
83
136
160
160
85
137
153
165
74
137
153
162
79
137
153
163
77
137
153
162
80
137
153
164
76
137
153
163
79
137
153
165
75
137
153
164
77
141
171
159
96
141
171
160
96
142
169
162
96
142
169
162
95
139
169
158
94
139
169
159
94
141
169
160
95
138
170
157
93
138
170
158
94
138
170
158
95
138
170
157
94
143
170
162
96
143
169
162
96
143
169
162
95
137
170
156
94
137
170
157
93
137
170
157
94
143
171
161
97
143
171
162
97
143
171
161
96
141
170
160
95
142
170
162
96
142
170
160
96
142
170
161
96
142
170
162
95
142
185
155
110
139
185
152
108
140
185
153
109
140
185
152
108
145
96
197
28
145
96
198
29
145
98
194
32
145
98
195
31
145
98
195
32
151
98
200
34
151
98
199
35
144
96
197
28
151
96
200
32
151
96
201
32
151
96
200
34
146
98
194
32
146
98
195
32
149
99
200
32
151
95
200
32
151
95
201
32
152
94
201
32
151
97
200
34
151
97
199
35
152
93
202
31
152
93
202
30
152
93
201
32
148
99
196
34
148
100
195
35
150
101
199
35
149
142
178
73
149
142
179
72
149
142
182
71
149
142
180
74
149
142
180
71
149
142
180
72
149
142
179
73
149
142
179
74
149
142
179
75
149
142
180
75
154
145
180
78
154
145
182
75
154
145
181
76
154
145
181
78
154
145
182
79
154
145
181
80
150
143
182
71
150
143
180
74
150
143
180
72
150
143
179
74
150
143
181
74
150
143
179
75
150
143
180
76
150
143
180
75
156
151
180
85
156
151
182
85
156
151
182
87
156
151
182
84
156
151
182
86
149
141
180
69
149
141
178
73
149
141
179
71
149
141
179
72
149
141
182
71
149
141
180
74
149
141
180
71
149
141
180
72
149
141
179
73
149
141
179
74
149
141
179
75
149
141
180
75
156
145
182
82
156
145
182
79
156
145
181
80
156
142
182
79
154
141
182
75
154
141
181
78
154
141
182
79
154
144
182
75
154
144
180
80
154
144
181
78
154
144
182
79
154
144
181
80
155
144
182
79
155
144
181
80
155
142
182
75
155
142
182
79
153
147
180
78
153
147
180
82
153
147
180
76
153
147
182
75
153
147
181
76
153
147
180
80
153
147
181
78
153
147
182
79
153
147
179
80
153
147
181
80
153
147
180
77
154
148
180
78
154
148
182
82
154
148
180
82
154
148
180
80
154
148
181
78
154
148
182
79
154
148
181
80
154
148
180
77
151
143
182
74
151
143
182
73
151
143
180
74
151
143
181
74
151
143
180
76
151
143
181
76
151
143
180
75
151
143
181
75
151
143
180
77
153
150
180
82
153
150
180
85
153
150
178
82
153
150
180
83
153
150
180
80
153
150
179
82
153
150
179
80
153
150
179
85
155
143
182
79
155
143
181
80
152
144
182
74
152
144
182
73
152
144
181
74
152
144
180
78
152
144
180
76
152
144
182
75
152
144
181
76
152
144
180
75
152
144
181
78
152
144
181
75
152
144
180
77
151
142
182
74
151
142
182
71
151
142
182
73
151
142
180
74
151
142
181
74
151
142
180
76
151
142
182
75
151
142
181
76
151
142
180
75
151
142
181
75
151
145
182
74
151
145
182
73
151
145
180
74
151
145
181
74
151
145
180
78
151
145
180
76
151
145
182
75
151
145
181
76
151
145
180
75
151
145
181
75
151
145
180
77
152
145
182
74
152
145
182
73
152
145
181
74
152
145
180
78
152
145
180
76
152
145
182
75
152
145
181
76
152
145
180
75
152
145
181
78
152
145
182
79
152
145
181
75
152
145
181
80
152
145
180
77
150
141
182
71
150
141
180
74
150
141
180
72
150
141
179
74
150
141
181
74
150
141
179
75
154
146
180
78
154
146
182
75
154
146
181
76
154
146
181
78
154
146
182
79
154
146
181
80
154
146
180
77
149
143
178
73
149
143
179
72
149
143
180
74
149
143
180
71
149
143
180
72
149
143
179
73
149
143
179
74
149
143
179
75
153
148
180
78
153
148
180
82
153
148
180
83
153
148
180
80
153
148
179
82
153
148
181
78
153
148
182
79
153
148
179
80
153
148
181
80
153
148
180
77
151
141
182
74
151
141
182
71
151
141
182
73
151
141
180
74
151
141
181
74
151
141
180
76
151
141
180
75
151
141
181
75
155
148
182
82
155
148
181
78
155
148
182
79
155
148
181
80
156
148
182
82
156
148
182
79
156
148
181
80
154
149
182
82
154
149
180
82
154
149
180
83
154
149
180
80
154
149
179
82
154
149
181
78
154
149
182
79
154
149
181
80
152
143
182
74
152
143
182
73
152
143
181
74
152
143
180
78
152
143
180
76
152
143
182
75
152
143
181
76
152
143
181
75
152
143
180
77
151
151
177
81
151
151
178
82
151
151
177
83
151
151
177
84
156
152
180
85
156
152
182
85
156
152
182
87
156
152
182
84
156
152
182
86
153
153
180
85
153
153
179
85
156
154
180
85
156
154
182
85
156
154
182
87
156
154
182
86
155
198
161
127
152
200
159
126
154
199
161
127
156
200
164
127
187
159
208
104
187
159
207
104
187
159
206
105
190
156
210
103
187
158
208
104
187
158
207
104
187
158
206
105
184
162
204
105
184
162
202
106
184
162
202
107
189
156
208
104
189
156
207
104
189
156
210
103
186
178
199
119
186
178
198
121
186
178
200
118
195
174
205
123
195
175
204
125
195
175
205
123
195
177
204
125
200
142
225
95
200
142
225
94
196
146
221
96
196
148
218
100
199
151
222
101
201
152
221
105
201
152
219
107
201
152
220
107
203
152
224
105
199
145
225
95
199
145
223
96
198
150
218
103
198
150
219
101
198
150
218
102
198
150
220
101
199
142
225
94
200
143
225
95
200
143
225
94
202
151
224
105
199
144
225
95
199
144
223
96
201
159
219
111
203
160
219
111
203
160
222
114
204
162
222
114
197
157
216
108
207
165
222
121
207
165
223
121
207
165
224
121
203
154
223
107
204
163
222
114
198
157
216
108
198
157
217
108
204
164
221
120
204
164
222
119
199
158
218
109
199
158
216
110
199
158
216
111
208
167
223
121
208
167
224
121
206
166
221
121
206
166
222
121
206
166
223
121
207
167
221
121
207
167
222
121
207
167
224
121
210
164
224
121
209
165
224
121
209
167
224
121
243
251
216
211
243
251
218
214
245
256
217
213
235
251
211
209
242
256
214
217
242
256
214
216
242
250
216
211
235
252
210
210
243
282
207
239
243
282
206
240
243
282
207
240
243
282
205
243
243
282
207
241
243
282
206
242
245
281
207
239
245
281
206
240
245
281
207
240
245
281
207
241
242
276
207
233
242
276
207
236
242
276
208
233
242
276
208
236
244
277
208
236
244
280
207
239
244
280
206
240
244
280
207
240
244
280
207
241
242
281
207
239
242
281
206
240
242
281
205
238
242
281
207
240
242
281
206
236
242
281
207
241
242
281
206
242
244
282
207
239
244
282
206
240
244
282
207
240
244
282
207
241
244
282
206
242
258
244
234
213
256
254
228
222
260
250
234
219
260
250
234
220
260
250
234
218
257
252
230
219
260
248
234
219
260
248
234
218
259
250
233
219
259
251
232
220
260
252
233
219
257
248
231
217
257
248
231
218
259
249
233
219
256
243
232
210
256
243
232
211
258
253
230
222
258
253
231
220
259
253
231
220
257
247
232
216
256
255
228
222
257
256
228
222
257
256
228
223
255
262
225
228
255
262
224
228
258
258
228
225
257
259
227
225
254
263
223
228
259
299
213
262
259
298
213
262
260
298
213
262
248
314
197
270
276
159
288
142
278
160
288
142
278
160
289
144
278
160
289
145
278
160
290
145
279
161
289
145
279
161
290
145
274
156
288
140
274
156
287
139
274
156
289
139
275
158
288
140
285
165
293
151
285
165
293
152
285
165
294
151
273
155
286
142
273
155
287
139
277
161
288
142
277
161
286
142
277
161
289
144
277
161
289
145
277
161
286
145
277
162
289
145
277
162
286
145
277
162
291
146
286
162
295
149
286
162
294
148
286
162
295
148
286
162
296
148
286
162
294
149
286
162
297
149
286
162
294
150
286
163
295
149
286
163
293
151
286
163
293
152
286
163
294
150
286
163
294
151
275
154
288
140
275
154
289
139
275
159
286
142
274
153
288
140
274
153
287
139
274
153
289
139
276
160
288
142
276
160
286
142
276
160
289
144
275
155
288
140
275
155
290
140
275
155
289
139
274
161
286
142
274
161
286
145
283
153
297
139
275
156
288
140
275
156
290
140
275
156
289
139
274
162
286
145
277
156
290
140
277
156
289
139
276
162
286
145
274
154
288
140
274
154
287
139
274
154
289
139
275
163
286
145
273
159
286
142
283
152
297
139
295
81
343
82
295
81
338
80
296
157
306
149
296
157
305
149
296
160
303
150
296
160
302
150
296
160
302
151
291
161
299
149
291
161
298
149
291
161
297
149
291
161
299
150
291
161
301
149
291
161
300
150
291
161
302
151
294
159
304
149
293
160
301
149
293
160
303
149
291
159
299
149
291
159
298
148
291
159
298
149
291
159
297
148
291
159
297
149
291
159
303
148
291
159
302
148
291
159
301
149
291
159
302
147
293
154
303
145
293
154
304
145
292
159
303
148
292
159
302
148
292
161
299
149
292
161
298
149
292
161
299
150
287
192
283
178
287
204
278
186
287
204
278
188
287
193
282
178
287
205
277
187
287
205
276
191
287
205
278
186
287
205
278
188
287
212
276
191
287
208
276
191
286
210
276
191
301
81
345
84
301
81
347
84
301
81
346
84
309
84
338
85
308
84
338
85
300
83
342
84
300
83
343
85
300
83
343
84
300
83
345
84
300
83
344
85
300
83
343
83
311
104
348
108
303
126
329
126
303
126
328
126
308
129
329
128
308
129
331
129
308
129
330
128
310
129
331
129
310
129
332
130
305
128
325
126
305
128
329
127
305
128
329
128
305
128
330
128
305
128
326
126
305
128
328
126
305
128
327
127
307
128
325
126
307
128
329
127
307
128
332
129
307
128
329
128
307
128
331
129
307
128
330
128
307
128
326
126
307
128
328
126
307
128
327
127
306
126
329
127
306
126
329
126
306
126
328
126
302
139
320
136
312
129
335
131
312
129
332
130
312
129
334
130
306
127
329
127
306
127
329
126
306
127
330
128
306
127
326
126
306
127
328
126
306
127
327
127
306
128
325
126
306
128
329
127
306
128
329
128
306
128
331
129
306
128
330
128
306
128
326
126
306
128
328
126
306
128
327
127
307
127
329
127
307
127
329
126
307
127
330
128
307
127
326
126
307
127
328
126
312
127
332
128
312
127
335
129
312
127
335
128
309
129
329
128
309
129
331
129
309
129
330
128
303
139
320
136
302
148
314
144
312
150
324
149
310
152
320
149
304
140
320
136
304
140
320
137
302
140
319
136
302
140
318
136
302
140
320
136
302
140
320
137
312
149
325
149
312
149
324
148
312
149
325
148
312
149
324
149
303
140
320
136
303
140
320
137
321
45
378
59
318
104
349
109
318
104
349
110
315
104
349
109
315
104
349
110
316
102
348
108
316
102
349
109
317
104
349
109
317
104
349
110
317
104
354
112
320
104
349
109
320
104
348
110
320
104
349
110
320
104
350
111
320
104
351
111
320
104
354
112
320
104
353
112
320
104
352
112
320
104
352
110
321
104
349
110
321
104
350
111
321
104
351
111
321
104
351
112
321
104
354
112
321
104
353
112
321
104
353
113
321
104
352
112
321
104
352
110
319
102
351
109
319
102
349
109
319
102
352
108
314
104
349
109
321
101
352
108
319
104
349
109
319
104
348
110
319
104
349
110
319
104
354
112
316
103
349
109
318
103
351
109
318
103
349
109
318
103
352
110
320
100
351
107
320
100
360
110
324
103
349
109
324
103
349
110
324
103
354
112
324
103
353
112
324
103
356
112
327
104
349
110
327
103
349
110
326
113
351
121
327
113
354
123
326
103
349
110
326
103
350
111
326
103
354
112
326
103
353
112
326
103
357
113
326
103
356
112
326
103
352
110
358
174
355
190
358
170
357
186
358
168
358
184
358
168
357
186
362
191
349
210
362
191
350
211
362
191
350
209
362
191
350
210
362
191
349
211
362
191
351
208
362
191
352
208
361
207
345
217
360
204
345
217
360
207
345
217
360
206
345
217
360
205
345
217
360
205
345
214
359
217
338
229
371
35
422
69
371
35
425
69
369
35
422
69
369
35
422
68
369
35
423
68
367
35
421
67
388
113
408
146
377
187
367
211
377
187
367
210
382
191
369
217
382
191
370
215
382
191
369
215
382
190
370
215
384
191
374
216
385
191
374
216
385
188
374
214
379
189
368
215
386
190
374
216
379
191
367
217
379
191
368
215
386
186
375
214
378
186
369
210
378
186
369
211
386
188
374
216
377
185
368
209
377
185
368
210
377
185
367
211
377
185
367
210
383
189
374
214
381
190
370
215
381
190
369
215
385
190
374
216
378
185
369
209
378
185
369
210
378
185
369
211
380
191
369
217
380
191
368
215
380
191
370
215
380
191
369
215
379
187
369
211
379
187
370
211
378
187
369
211
377
186
368
210
377
186
367
211
377
186
367
210
386
279
337
296
396
29
453
75
402
35
455
83
402
35
454
82
402
35
455
82
402
35
454
83
403
35
455
83
403
35
455
82
390
67
430
106
391
74
428
113
390
68
430
106
390
73
428
113
390
69
428
108
401
62
441
107
402
62
441
107
392
72
428
113
394
73
431
114
393
74
428
113
410
188
396
225
410
188
398
226
410
188
396
226
410
188
397
226
410
188
396
224
412
188
396
225
412
188
398
226
412
188
397
226
412
188
396
224
410
189
396
225
410
189
395
226
410
189
396
227
410
189
393
226
410
189
396
226
410
189
397
226
410
189
396
224
411
189
396
225
411
189
395
226
411
189
398
226
411
189
396
227
411
189
396
226
411
189
397
226
411
189
396
224
416
189
402
228
409
190
395
226
409
190
396
227
409
190
393
226
409
190
396
226
409
190
394
227
416
190
402
228
416
190
401
229
416
190
401
230
409
191
395
226
409
191
396
227
409
191
393
226
409
191
394
227
409
191
393
228
409
191
394
228
421
148
424
193
421
148
424
195
427
147
429
195
427
147
429
194
422
149
424
193
418
190
402
228
418
190
401
229
418
190
403
231
422
185
408
228
421
187
408
228
421
187
408
230
421
187
404
227
418
188
404
227
417
191
402
228
417
191
401
229
417
191
401
230
423
185
410
228
424
185
410
228
424
185
411
229
421
188
404
227
423
188
408
228
423
188
408
230
417
189
402
228
419
189
402
228
419
189
404
227
419
189
405
231
421
189
404
227
421
189
405
231
423
186
408
228
420
190
402
228
420
190
404
227
420
190
404
231
420
190
405
231
424
186
410
228
424
186
411
229
425
186
411
229
420
191
402
228
420
191
404
227
420
191
403
231
420
191
404
232
420
191
404
231
420
191
405
231
417
192
401
229
417
192
401
230
417
193
401
229
417
193
401
230
417
194
401
230
418
192
402
228
418
192
401
229
418
192
401
230
418
192
403
231
422
273
370
308
422
273
371
308
420
277
370
308
419
282
366
314
419
282
365
315
421
281
366
314
425
271
374
308
420
282
366
314
420
282
365
315
420
276
370
308
421
277
370
308
424
274
372
310
416
280
364
310
421
282
365
315
421
276
370
308
421
276
371
308
423
273
371
308
423
281
370
314
423
281
369
313
423
281
369
315
423
281
370
312
424
277
371
311
424
277
371
312
421
274
370
308
421
274
371
308
423
278
369
313
423
278
371
311
423
278
370
312
424
278
371
312
424
279
370
314
424
279
371
312
422
274
370
308
422
274
371
308
426
274
374
310
422
275
370
308
422
275
371
308
419
281
365
315
418
298
360
324
417
295
359
323
417
295
358
323
417
295
360
323
434
93
458
149
433
91
458
149
433
91
458
148
433
92
458
149
433
92
458
148
431
165
428
214
430
216
404
258
429
267
379
304
430
266
380
305
429
268
379
306
429
268
379
304
430
269
379
306
450
43
494
108
450
43
495
108
449
38
494
106
455
44
500
110
455
44
498
110
455
44
501
113
455
44
498
112
455
44
499
111
455
44
500
111
455
44
499
112
455
44
501
111
455
44
498
111
455
44
496
112
455
44
497
113
455
44
496
113
455
44
499
114
455
44
498
114
455
44
501
114
455
44
497
115
455
44
499
115
452
48
494
113
452
48
493
113
452
48
495
113
452
48
494
114
452
48
494
115
452
48
495
115
453
44
494
112
453
44
498
110
453
44
495
113
453
44
495
112
453
44
498
111
453
44
496
112
453
44
497
113
453
44
496
113
452
45
494
112
452
45
494
113
452
45
493
113
452
45
495
113
452
45
495
112
452
45
496
112
452
45
496
113
452
45
494
114
452
45
494
115
452
45
495
115
453
45
494
112
453
45
494
113
453
45
495
113
453
45
495
112
453
45
496
112
453
45
497
113
453
45
496
113
453
45
494
114
453
45
496
115
453
45
494
115
453
45
495
115
449
41
494
108
449
41
493
107
449
41
492
107
449
41
494
107
449
41
495
107
453
39
497
107
453
39
498
108
453
39
500
108
453
39
500
109
453
39
496
107
453
39
500
107
453
39
499
108
453
39
497
109
453
39
499
109
450
42
494
108
450
42
493
107
450
42
494
107
450
42
495
107
450
42
495
108
451
48
494
113
451
48
493
113
451
48
494
114
454
43
500
109
454
43
500
110
454
43
498
110
454
43
498
112
454
43
499
111
454
43
500
111
454
43
499
112
454
43
498
111
454
43
496
112
454
43
497
113
454
43
497
109
454
43
496
113
454
43
499
109
454
43
498
114
450
48
493
113
454
44
498
110
454
44
495
113
454
44
498
112
454
44
499
111
454
44
500
111
454
44
495
112
454
44
499
112
454
44
498
111
454
44
496
112
454
44
497
113
454
44
496
113
454
44
498
114
454
44
496
115
454
44
497
115
448
47
490
113
453
37
501
106
453
37
500
108
453
37
500
107
453
37
501
107
453
37
499
108
453
41
497
107
453
41
498
108
453
41
500
108
453
41
500
109
453
41
496
107
453
41
498
110
453
41
499
111
453
41
498
111
453
41
499
108
453
41
497
109
453
41
499
109
455
41
498
108
455
41
500
108
455
41
500
109
455
41
500
110
455
41
498
110
455
41
501
109
455
41
499
111
455
41
500
111
455
41
500
107
455
41
499
112
455
41
501
111
455
41
498
111
455
41
499
108
455
41
497
109
455
41
499
109
455
36
504
106
455
36
501
106
455
36
502
107
455
36
504
107
455
36
502
106
455
36
500
107
455
36
501
107
455
36
503
107
455
36
502
108
455
36
503
108
450
46
494
112
450
46
493
113
452
46
494
112
452
46
494
113
452
46
493
113
452
46
495
113
452
46
495
112
452
46
496
112
452
46
496
113
452
46
494
114
452
46
494
115
452
46
495
115
453
43
498
110
453
43
498
112
453
43
495
112
453
43
498
111
453
43
496
112
453
43
497
113
453
43
497
109
453
43
496
113
453
43
499
109
453
46
494
112
453
46
494
113
453
46
495
113
453
46
495
112
453
46
496
112
453
46
496
113
453
46
494
114
453
46
494
115
453
46
495
115
455
43
500
109
455
43
500
110
455
43
498
110
455
43
501
113
455
43
501
109
455
43
498
112
455
43
499
111
455
43
500
111
455
43
499
112
455
43
501
111
455
43
498
111
455
43
496
112
455
43
497
113
455
43
497
109
455
43
499
109
455
43
499
114
455
43
498
114
455
43
499
115
455
46
495
113
455
46
498
112
455
46
499
112
455
46
496
112
455
46
497
113
455
46
496
113
455
46
499
114
455
46
498
114
455
46
497
116
455
46
496
115
455
46
497
115
455
46
499
115
455
46
495
115
455
46
498
116
450
141
452
201
449
140
451
200
451
149
450
207
451
149
450
208
450
143
452
201
448
140
451
198
449
142
451
200
449
142
451
201
449
143
451
200
449
143
451
201
449
160
443
215
451
158
446
214
451
160
445
216
457
34
504
106
457
34
504
107
457
34
505
104
457
34
504
105
457
35
504
106
457
35
504
107
457
35
505
104
457
35
503
107
457
35
504
105
456
49
497
116
456
49
497
120
456
49
497
117
456
49
494
118
456
49
496
118
456
49
496
119
456
49
498
117
456
49
495
118
456
49
498
118
456
49
495
119
456
49
498
116
457
49
497
116
457
49
497
120
457
49
497
117
457
49
496
118
457
49
496
119
457
49
498
117
457
49
495
118
457
49
498
118
457
49
495
119
457
49
498
120
457
48
497
116
457
48
497
117
457
48
496
118
457
48
496
119
457
48
496
115
457
48
498
117
457
48
498
118
457
48
498
116
457
48
499
116
455
49
494
119
455
49
494
118
455
49
496
118
455
49
496
119
455
49
494
117
455
49
495
118
455
49
495
119
455
50
494
119
455
50
494
118
455
50
496
118
455
50
496
119
455
50
494
117
455
50
495
118
455
50
495
119
455
51
494
119
455
51
494
118
455
51
496
118
455
51
496
119
455
51
495
118
455
51
495
119
457
63
493
129
456
136
459
199
456
136
460
197
456
136
460
198
463
141
465
202
463
141
465
203
456
149
455
211
460
151
459
213
481
119
490
192
481
118
490
192
481
117
490
191
481
167
467
235
481
167
468
235
479
167
468
233
479
167
466
234
479
167
468
235
480
167
468
235
478
165
468
230
478
165
468
233
474
168
466
234
481
166
468
233
481
166
468
235
489
64
520
146
489
64
519
146
489
65
519
146
489
65
519
147
489
66
519
147
490
64
520
146
490
64
521
146
488
63
520
145
485
65
516
145
490
121
496
198
489
123
495
199
489
123
495
198
490
122
496
198
488
122
495
199
488
122
496
198
488
122
495
198
507
49
543
139
497
62
528
148
497
62
529
149
497
62
528
147
501
63
531
151
501
63
530
148
501
63
528
148
501
63
529
149
501
63
535
152
501
63
536
152
501
63
537
152
495
63
526
147
495
63
528
148
495
63
529
149
498
62
530
148
498
62
528
148
498
62
529
149
498
62
528
147
497
67
524
151
497
67
527
152
507
65
537
153
498
66
527
151
498
66
529
152
498
66
528
151
498
66
527
152
498
66
530
152
495
67
524
151
499
65
531
151
499
65
529
152
499
65
528
151
499
65
530
152
499
65
535
152
496
63
526
147
496
63
528
148
496
63
529
149
499
66
527
151
499
66
529
152
499
66
528
151
499
66
527
152
499
66
530
152
507
63
535
152
507
63
536
152
507
63
537
152
507
63
537
153
507
63
539
153
497
63
526
147
497
63
528
148
497
63
529
149
497
63
528
147
495
64
526
148
495
64
526
149
498
67
527
151
498
67
529
152
498
67
527
152
498
65
531
151
498
65
527
151
498
65
529
152
498
65
528
151
498
65
530
152
498
63
531
151
498
63
528
148
498
63
529
149
498
63
528
147
500
65
531
151
500
65
529
152
500
65
528
151
500
65
530
152
499
63
531
151
499
63
528
148
499
63
529
149
499
63
528
147
497
66
527
151
497
66
529
152
497
66
528
151
497
66
527
152
497
66
530
152
498
118
506
197
503
120
509
202
503
120
509
201
507
134
507
216
505
130
508
212
505
130
507
212
505
130
508
213
507
135
507
217
507
135
507
216
507
135
508
218
507
135
507
218
506
136
507
218
507
136
507
217
507
136
508
219
507
136
508
218
507
136
507
218
506
131
507
212
506
131
508
213
505
127
509
210
497
168
484
243
499
168
486
244
512
50
546
141
512
50
546
140
512
50
548
141
512
50
547
143
512
50
547
141
511
50
546
141
511
50
546
140
511
50
547
143
511
50
547
141
516
49
546
141
516
49
546
140
516
49
548
141
516
49
547
143
516
49
547
141
516
49
549
140
516
49
550
141
515
50
546
141
515
50
546
140
515
50
548
141
515
50
547
143
515
50
547
141
510
48
543
139
510
48
546
141
510
48
546
140
510
48
547
141
513
48
546
141
513
48
546
140
513
48
548
141
513
48
547
141
513
48
549
140
513
48
550
141
514
50
546
141
514
50
546
140
514
50
548
141
514
50
547
143
514
50
547
141
512
48
546
141
512
48
546
140
512
48
548
141
512
48
547
143
512
48
547
141
512
48
549
140
510
63
537
153
508
62
535
152
508
62
536
152
508
62
537
152
508
62
539
153
509
124
513
208
510
139
508
222
510
139
509
221
510
139
508
223
510
139
509
222
510
139
510
222
509
141
507
223
510
162
498
243
522
27
559
123
526
48
556
144
529
48
556
144
528
49
556
144
545
117
547
218
546
117
550
216
545
115
550
216
545
115
550
215
544
132
542
230
545
130
542
229
566
138
558
246
566
138
559
245
566
137
559
245
565
143
556
249
565
142
556
249
572
146
561
255
564
147
554
252
565
141
557
247
572
153
558
261
572
153
559
261
571
154
558
261
571
154
559
261
573
156
558
264
573
153
559
261
574
155
558
264
