Test800.jpg
Test810.jpg
77
148
34
146
73
149
34
146
73
148
34
146
75
151
35
149
73
150
35
148
72
149
34
146
74
150
36
148
74
150
35
148
74
151
35
149
72
148
34
146
76
152
35
149
81
154
40
151
83
149
39
146
83
149
42
146
79
152
38
149
79
152
35
149
79
152
40
149
85
150
42
146
83
154
40
150
87
149
46
145
87
149
42
146
81
152
38
148
81
152
39
148
82
153
38
149
82
153
40
149
80
149
39
146
80
149
36
146
80
149
42
146
82
154
40
150
97
148
51
145
97
148
49
146
100
155
64
151
100
155
64
152
97
153
64
152
97
153
57
149
100
151
64
151
95
155
56
152
102
151
66
148
117
245
79
245
127
246
83
245
127
246
82
245
121
248
81
248
126
258
84
259
126
262
83
263
126
262
82
263
126
262
79
262
126
262
79
263
126
262
84
263
126
262
90
261
127
257
84
259
125
259
84
259
125
261
83
263
125
261
82
263
125
261
79
262
125
261
84
263
125
261
84
259
125
261
90
261
126
264
83
263
126
264
79
264
126
264
82
263
126
264
83
264
126
264
84
263
126
264
80
264
126
264
81
264
126
264
82
264
126
264
81
265
126
264
85
265
123
257
84
259
127
265
83
264
127
265
82
264
127
265
81
265
127
265
85
265
127
265
79
266
127
265
87
267
127
265
88
266
127
265
89
266
127
265
82
266
127
265
90
266
124
258
84
259
124
264
77
264
124
264
78
264
124
264
79
264
124
264
79
263
124
264
85
265
125
264
77
264
125
264
78
264
125
264
79
264
125
264
85
265
125
265
85
265
126
265
85
265
126
265
87
267
126
265
88
266
126
265
89
266
126
265
90
266
130
258
90
261
130
258
94
257
128
265
83
264
128
265
81
265
128
265
85
265
128
265
87
267
128
265
88
266
128
265
89
266
128
265
82
266
128
265
90
266
129
265
85
265
129
265
87
267
129
265
88
266
129
265
89
266
129
265
82
266
129
265
90
266
129
265
93
264
129
265
92
266
130
265
85
265
130
265
87
267
130
265
88
266
130
265
89
266
130
265
90
266
130
265
95
263
130
265
93
264
130
265
92
266
120
274
82
276
127
268
85
268
127
268
88
266
127
268
86
269
127
267
85
265
127
267
85
268
127
267
88
266
127
267
86
269
127
267
89
266
127
273
90
274
130
273
90
274
128
267
87
268
128
267
88
269
128
267
85
268
128
267
91
267
128
267
88
268
128
267
87
267
128
267
88
266
128
267
86
269
128
267
89
266
128
267
90
266
128
267
92
266
128
267
93
267
126
268
85
268
131
246
91
246
131
246
89
246
136
246
88
246
137
246
88
246
133
259
90
261
133
259
93
259
133
259
96
258
133
259
94
257
133
259
94
261
138
263
93
264
138
265
93
264
133
257
93
259
133
257
96
258
133
257
94
257
133
263
90
261
133
263
85
265
133
263
93
264
133
263
94
261
139
263
93
264
135
264
93
264
138
264
95
263
138
264
93
264
134
260
90
261
134
260
93
259
134
260
96
258
134
260
94
261
135
260
90
261
135
260
93
259
135
260
96
258
135
260
94
261
137
260
93
259
137
260
94
261
134
263
90
261
134
263
93
264
134
263
94
261
132
265
85
265
132
265
91
267
132
265
87
267
132
265
88
266
132
265
89
266
132
265
90
266
132
265
95
263
132
265
93
264
132
265
92
266
138
261
94
261
131
269
87
268
131
269
88
269
131
269
88
268
131
269
86
269
131
269
92
269
133
269
88
269
133
269
86
269
133
269
92
269
131
266
85
265
131
266
87
268
131
266
85
268
131
266
91
267
131
266
88
268
131
266
87
267
131
266
88
266
131
266
89
266
131
266
90
266
131
266
93
264
131
266
94
267
131
266
92
266
131
266
93
267
133
266
87
268
133
266
91
267
133
266
88
268
133
266
87
267
133
266
88
266
133
266
89
266
133
266
90
266
133
266
93
264
133
266
92
266
132
266
85
265
132
266
87
268
132
266
85
268
132
266
91
267
132
266
88
268
132
266
87
267
132
266
88
266
132
266
89
266
132
266
90
266
132
266
93
264
132
266
94
267
132
266
92
266
132
266
93
267
136
266
91
267
136
266
89
266
136
266
90
266
136
266
92
266
134
266
91
267
134
266
87
267
134
266
88
266
134
266
89
266
134
266
90
266
134
266
93
264
134
266
92
266
186
137
149
135
186
137
151
136
186
137
150
135
186
137
149
136
186
137
151
135
192
146
156
144
192
146
155
143
192
146
154
143
192
146
158
143
192
146
157
143
184
136
149
135
184
136
147
136
184
136
148
136
184
136
151
136
184
136
150
135
184
136
147
135
184
136
146
135
184
136
149
136
184
136
151
135
184
145
146
139
184
145
150
143
184
145
146
140
184
145
147
141
184
145
149
142
184
145
150
144
184
145
149
145
183
136
149
135
183
136
147
136
183
136
148
136
183
136
150
135
183
136
147
135
183
136
146
135
183
136
149
136
185
147
150
143
185
147
145
140
185
147
146
140
185
147
147
141
185
147
149
142
185
147
150
144
185
147
149
145
195
146
158
143
195
146
161
144
195
146
162
144
189
139
154
135
189
139
155
135
189
139
156
136
182
137
149
135
182
137
147
136
182
137
148
136
182
137
147
135
182
137
146
135
182
137
149
136
183
137
149
135
183
137
147
136
183
137
148
136
183
137
147
135
183
137
146
135
183
137
149
136
184
147
150
143
184
147
144
139
184
147
145
140
184
147
146
140
184
147
147
141
184
147
149
142
184
147
150
144
184
147
149
145
185
137
149
135
185
137
147
136
185
137
148
136
185
137
151
136
185
137
150
135
185
137
147
135
185
137
149
136
185
137
151
135
189
146
156
144
189
146
155
143
189
146
154
143
182
138
146
139
182
138
147
136
182
138
148
136
182
138
147
135
182
138
146
135
182
138
149
136
184
138
149
135
184
138
147
136
184
138
148
136
184
138
151
136
184
138
150
135
184
138
147
135
184
138
146
135
184
138
149
136
186
138
149
135
186
138
151
136
186
138
150
135
186
138
149
136
186
138
151
135
185
139
149
135
185
139
147
136
185
139
148
136
185
139
151
136
185
139
150
135
185
139
147
135
185
139
146
135
185
139
149
136
185
139
151
135
188
146
156
144
188
146
155
143
188
146
154
143
183
144
146
139
183
144
143
138
183
144
143
135
183
144
144
139
183
144
145
140
183
144
146
140
183
144
144
135
185
146
150
143
185
146
147
141
185
146
149
142
185
146
150
144
182
136
149
135
182
136
147
136
182
136
148
136
182
136
147
135
182
136
146
135
182
136
149
136
191
161
155
159
191
161
157
158
190
161
155
160
190
161
154
159
190
161
156
159
190
161
156
160
190
161
155
159
190
161
157
158
192
161
156
159
192
161
157
158
210
148
173
145
210
148
174
146
210
148
172
143
210
148
175
145
210
148
173
146
210
148
172
144
210
147
177
148
210
147
173
145
210
147
174
146
210
147
172
143
210
147
175
145
210
147
170
144
210
147
173
146
210
147
172
144
208
146
172
143
208
146
170
144
208
146
172
144
214
148
175
145
209
147
170
144
208
145
173
145
208
145
174
146
208
145
172
143
208
145
175
145
208
145
170
144
208
145
173
146
208
145
172
144
211
147
172
143
211
147
172
144
212
147
173
145
212
147
174
146
212
147
175
145
212
147
173
146
212
147
176
142
208
144
172
143
208
144
172
144
213
148
174
146
213
148
176
142
220
281
187
281
217
286
186
286
220
279
187
281
220
280
187
281
224
264
187
262
225
262
187
262
225
278
192
278
222
278
192
278
222
278
188
278
227
285
201
286
227
284
196
285
236
191
198
189
236
191
197
189
236
191
200
191
241
196
208
195
244
195
208
195
244
195
210
194
244
195
210
193
237
196
205
194
237
196
207
194
237
195
201
193
237
195
205
194
237
195
201
194
237
195
205
193
235
191
198
189
235
191
197
189
235
196
199
195
240
196
207
194
246
240
210
239
246
240
215
239
244
240
208
239
244
240
210
239
244
240
209
239
245
240
210
239
246
287
220
288
246
287
219
286
246
287
223
287
237
285
201
286
244
280
216
279
244
280
211
281
244
280
226
281
239
285
219
286
242
286
215
287
242
283
202
284
242
281
211
281
242
281
210
282
242
281
226
281
247
288
220
288
247
288
223
287
235
285
201
286
246
281
211
281
246
281
210
282
246
281
226
281
255
163
224
160
255
163
225
162
249
162
219
160
247
163
217
160
247
163
218
160
255
162
224
160
248
233
213
232
248
241
215
240
254
241
218
240
251
241
215
239
251
241
218
240
251
278
218
278
251
278
217
278
251
278
209
279
251
278
222
279
254
278
201
278
254
278
222
279
256
278
218
278
256
278
217
278
256
278
222
279
257
280
206
280
257
280
205
280
257
280
208
279
257
280
204
279
257
280
221
280
257
280
209
279
257
280
210
279
257
280
222
279
255
290
218
290
255
290
220
290
254
281
221
280
254
281
211
281
254
281
219
281
254
281
226
281
254
279
199
278
254
279
201
278
254
279
208
279
254
279
204
279
254
279
217
278
254
279
221
280
254
279
209
279
254
279
210
279
254
279
222
279
253
288
220
288
253
288
223
287
253
288
226
288
258
287
227
286
257
288
220
288
257
288
223
287
257
288
226
288
251
289
218
290
251
289
220
288
251
289
220
290
251
289
216
289
251
289
226
288
250
290
218
290
257
290
218
290
257
290
220
290
253
281
221
280
253
281
211
281
253
281
219
281
253
286
219
286
253
286
223
287
250
287
218
287
250
287
215
287
250
287
220
288
250
287
219
286
250
287
223
287
250
287
226
288
252
280
221
280
257
281
205
281
257
281
206
280
257
281
206
281
257
281
205
280
257
281
226
281
249
280
221
280
248
282
211
281
248
282
210
282
256
289
220
288
256
289
220
290
256
289
226
288
256
282
205
281
256
282
206
281
256
282
203
282
256
282
211
281
256
282
219
281
256
282
210
282
256
282
226
281
248
281
211
281
248
281
210
282
248
281
226
281
259
283
201
282
259
283
203
282
259
283
228
282
253
292
220
292
256
293
220
293
270
264
234
263
270
264
236
263
271
264
234
263
271
264
236
263
273
264
239
263
270
275
236
274
270
275
235
275
270
275
234
274
270
275
234
276
270
275
237
276
270
275
237
275
268
276
236
274
268
276
235
275
268
276
234
274
268
276
234
276
268
276
237
275
266
276
236
274
266
276
234
274
266
276
237
275
266
275
236
274
266
275
234
274
269
276
236
274
269
276
235
275
269
276
234
274
269
276
234
276
269
276
237
275
267
277
237
276
267
277
237
275
273
277
238
276
261
280
208
279
261
280
204
279
261
280
222
279
267
285
234
284
267
285
235
284
272
289
238
288
272
289
235
289
269
290
235
289
262
281
226
281
272
287
234
287
272
287
238
287
272
287
238
286
272
287
235
287
268
288
232
287
268
288
234
287
262
289
228
289
270
289
235
289
270
281
238
281
268
285
234
284
268
285
235
284
268
286
233
286
263
281
226
281
270
287
234
287
270
287
235
287
261
282
205
281
261
282
206
281
261
282
226
281
261
282
228
282
264
279
222
279
264
281
230
280
264
281
226
281
270
288
235
287
266
283
232
282
268
289
235
289
270
283
237
282
261
290
226
290
261
290
230
290
270
290
235
289
273
290
239
290
267
291
237
291
267
291
236
291
272
291
239
290
270
292
237
291
270
292
236
291
271
292
237
291
271
292
239
290
271
292
238
291
264
292
233
292
264
292
237
291
264
292
236
291
267
293
237
291
273
293
238
292
267
292
237
291
267
292
236
291
269
292
237
291
269
292
236
291
265
293
233
292
265
293
232
292
270
293
237
291
270
293
238
291
263
292
233
292
263
292
230
292
263
292
232
292
272
292
239
290
272
292
238
291
278
265
244
265
278
265
244
264
283
265
251
264
283
265
250
264
283
265
249
264
285
265
251
264
285
265
250
264
285
265
249
264
275
264
244
264
275
264
240
263
284
265
251
264
284
265
250
264
284
265
249
264
279
265
244
265
279
265
244
264
285
280
258
280
285
280
254
280
278
281
242
280
283
281
258
280
283
281
258
282
283
281
249
281
284
287
259
287
279
289
249
288
280
281
242
280
274
287
239
287
285
282
258
282
285
282
249
281
284
288
257
288
284
283
258
282
284
283
258
283
284
283
258
284
279
281
242
280
281
284
258
284
274
292
240
291
295
252
262
250
295
252
261
250
297
247
267
246
298
247
267
246
296
252
262
250
296
252
261
250
299
249
269
248
299
249
271
248
298
252
262
250
298
252
272
250
298
252
271
251
292
264
260
264
292
264
258
263
293
265
260
264
293
265
258
263
293
265
265
265
290
264
257
265
290
264
260
264
290
264
258
263
292
291
265
290
288
289
263
289
288
289
262
288
295
281
258
280
295
281
264
280
295
281
270
281
295
281
264
281
295
281
265
281
295
281
267
281
299
290
270
288
290
288
262
288
296
281
264
280
296
281
264
281
296
281
265
281
308
250
272
248
308
250
276
249
305
249
272
248
305
249
276
249
305
249
275
248
304
251
270
251
304
251
272
250
304
251
271
251
308
249
276
249
308
249
275
248
308
249
277
249
304
250
269
248
304
250
268
248
304
250
271
248
303
252
271
252
303
252
270
251
303
252
272
250
303
252
268
251
303
252
271
251
300
249
269
248
300
249
268
248
300
249
271
248
311
250
280
250
304
249
272
248
304
249
271
248
300
252
271
252
300
252
270
251
300
252
272
250
300
252
268
251
300
252
271
251
304
248
267
246
304
248
274
247
304
248
275
248
304
252
271
252
304
252
270
251
304
252
272
250
304
252
268
251
304
252
271
251
304
254
271
252
301
282
265
281
310
281
273
279
310
281
275
280
310
281
274
279
310
281
281
280
305
291
273
290
305
291
276
289
300
279
273
279
300
279
278
279
300
279
274
278
300
279
274
279
300
279
276
278
304
280
273
279
304
280
278
279
304
280
275
280
304
280
274
278
304
280
274
279
304
280
279
279
304
280
276
278
311
282
280
282
311
282
281
280
302
290
270
288
302
290
268
289
305
290
272
289
305
280
273
279
305
280
278
279
305
280
275
280
305
280
274
278
305
280
274
279
305
280
279
279
305
280
276
278
304
281
275
280
302
280
273
279
302
280
275
280
302
280
274
278
302
280
274
279
312
281
281
280
304
282
275
280
301
290
270
288
301
290
268
289
305
279
274
278
305
279
274
279
305
279
276
278
309
283
275
280
309
283
277
282
309
283
275
281
309
283
275
282
311
283
280
282
311
283
282
282
311
283
281
282
311
283
280
283
300
292
271
290
313
251
280
250
317
255
285
255
317
255
286
256
317
255
286
257
319
258
286
256
319
258
286
257
319
258
288
260
319
258
287
258
320
259
286
256
320
259
288
260
320
259
287
258
318
258
286
258
318
258
285
255
318
258
286
256
318
258
286
257
318
258
288
260
318
258
287
258
314
255
281
254
318
256
285
255
318
256
286
256
318
256
286
257
318
256
287
258
315
277
286
277
315
277
286
276
316
282
283
282
316
280
286
278
316
280
285
279
316
280
286
277
313
282
282
282
313
282
285
279
313
282
283
282
368
136
336
136
368
136
334
137
375
140
337
139
375
140
336
139
373
143
344
142
373
143
339
142
375
137
336
136
375
137
338
137
375
137
337
137
373
138
337
137
369
141
337
139
369
141
336
139
364
135
328
135
364
135
330
135
364
135
325
135
364
135
326
135
370
138
336
136
370
138
338
137
370
138
337
137
374
136
338
137
370
140
337
139
370
140
338
139
370
140
336
139
366
135
328
135
366
135
330
135
366
135
326
135
371
142
339
142
366
138
336
136
366
138
334
137
366
138
327
137
366
138
332
137
374
142
339
142
369
136
336
136
364
137
334
137
364
137
328
135
364
137
325
135
364
137
326
135
364
137
327
137
364
137
332
137
377
150
345
148
377
150
345
149
377
149
345
148
376
150
344
148
386
138
351
138
387
141
351
138
379
139
347
137
378
140
346
138
380
138
349
135
380
138
349
137
390
151
358
149
378
149
347
148
406
160
373
161
406
160
371
161
411
160
377
156
411
160
377
159
411
160
378
156
407
158
377
159
407
159
377
159
407
160
373
161
403
161
369
161
403
161
371
161
403
161
369
162
403
160
369
161
403
160
371
161
410
160
377
156
410
160
377
159
412
160
377
156
412
160
377
159
412
160
378
156
404
161
373
162
404
161
373
161
404
161
369
161
404
161
371
161
405
161
373
162
405
161
373
161
405
161
371
161
407
161
373
162
407
161
373
161
407
161
371
161
408
161
373
161
408
161
377
159
415
161
382
159
415
161
383
163
410
162
377
159
416
162
382
159
416
162
383
163
416
162
384
162
416
167
384
168
405
166
372
165
405
166
372
163
405
166
372
164
406
163
373
162
406
163
373
161
406
163
371
161
406
163
372
163
406
163
372
164
409
165
376
164
409
165
376
167
403
166
372
165
403
166
372
163
403
166
372
164
403
166
369
162
403
162
369
161
403
162
371
161
403
162
372
163
403
162
372
164
403
162
369
162
403
167
372
165
403
167
372
164
404
167
372
165
404
167
372
164
409
163
376
164
409
163
373
162
409
162
373
161
409
162
377
159
428
137
393
135
428
137
395
135
426
136
393
135
426
136
395
135
419
137
384
135
425
136
393
135
428
136
393
135
428
136
395
135
429
136
393
135
429
136
395
135
418
158
386
160
418
158
383
154
418
158
385
157
418
158
387
159
423
157
388
156
419
161
386
160
419
161
386
161
419
161
385
157
419
161
387
159
419
161
385
160
419
161
387
160
419
161
385
161
419
161
387
162
419
161
386
163
417
158
381
156
417
158
383
154
417
158
385
157
417
158
382
155
417
161
382
159
417
161
381
156
417
161
385
160
417
161
385
161
417
161
384
162
418
161
386
160
418
161
386
161
418
161
385
160
418
161
385
161
421
161
390
160
421
161
386
160
421
161
388
159
421
161
387
159
421
161
387
160
421
161
389
160
421
161
389
161
421
161
389
162
421
161
390
162
422
161
390
160
422
161
388
159
422
161
387
159
422
161
390
159
422
161
387
160
422
161
389
160
422
161
389
161
422
161
389
162
422
161
390
162
423
161
390
160
423
161
388
159
423
161
390
159
423
161
389
160
423
161
389
161
423
161
390
162
424
161
390
160
424
161
390
159
424
161
390
162
417
156
385
154
417
156
383
154
417
156
385
157
417
156
382
155
432
145
399
143
434
146
401
145
433
139
397
138
435
140
403
139
435
140
397
138
435
140
401
139
435
140
399
138
439
140
403
139
439
140
401
139
439
140
405
139
439
140
404
139
430
136
393
135
430
136
395
135
432
139
397
138
436
138
403
137
437
140
403
139
437
140
401
139
437
140
399
138
437
140
404
139
440
137
405
136
440
137
406
136
440
137
407
136
442
138
406
136
442
138
409
137
442
138
407
136
441
137
405
136
441
137
406
136
441
137
408
136
441
137
407
136
442
139
408
138
442
139
404
137
442
139
409
138
434
140
397
138
437
138
403
137
437
138
404
137
438
140
403
139
438
140
401
139
438
140
399
138
438
140
405
139
438
140
404
139
440
138
403
137
440
138
405
136
440
138
406
136
440
138
404
137
440
138
407
136
441
138
403
137
441
138
405
136
441
138
406
136
441
138
404
137
441
138
407
136
437
159
404
157
437
159
405
157
441
158
406
155
441
158
405
157
441
158
406
157
442
158
406
155
442
158
406
157
438
159
404
157
438
159
405
157
438
159
406
157
448
134
411
133
448
134
413
133
448
134
412
134
449
134
414
134
449
134
411
133
449
134
412
132
449
134
413
133
449
135
414
134
449
135
411
133
449
135
413
133
449
135
412
134
450
133
412
132
450
133
414
131
451
130
416
131
451
130
416
129
451
130
414
131
451
130
417
130
451
130
417
129
450
130
416
129
450
130
414
131
453
130
416
131
453
130
416
129
453
130
417
130
453
130
417
129
453
130
419
129
453
130
418
130
453
130
417
128
450
131
416
131
450
131
416
129
450
131
414
131
450
129
414
131
452
131
416
129
452
131
414
131
452
131
417
130
452
131
417
129
447
132
412
132
449
132
414
131
448
133
412
132
443
122
409
122
451
133
416
133
447
134
411
133
447
134
411
134
447
134
410
134
442
123
407
124
448
131
414
131
450
134
412
132
452
129
416
129
452
129
417
130
452
129
417
129
452
129
418
130
452
129
417
128
448
135
411
133
448
135
411
134
448
135
413
133
448
135
412
134
445
144
411
143
455
140
418
139
449
145
413
144
455
144
419
143
447
136
410
135
447
136
411
134
447
136
410
134
447
136
412
134
443
139
409
137
443
139
409
138
450
143
416
142
450
143
417
142
445
139
410
137
445
139
409
137
445
139
410
138
446
137
411
136
446
137
410
136
449
140
412
138
443
138
409
137
443
138
407
136
447
145
411
143
447
145
413
144
450
145
416
143
445
138
410
137
445
138
411
136
445
138
410
136
464
130
429
130
464
130
430
130
466
130
429
130
466
130
430
130
466
130
436
131
464
131
429
130
467
131
430
130
467
131
436
131
459
130
423
129
459
130
424
129
459
130
425
129
458
133
425
133
465
131
429
130
465
131
430
130
466
131
429
130
466
131
430
130
468
133
432
134
468
133
433
133
459
134
425
133
459
134
426
134
467
134
431
134
467
134
432
134
465
135
430
135
465
135
432
136
465
135
433
136
462
137
426
137
462
137
427
136
462
137
426
139
462
137
427
137
462
139
428
140
462
139
426
139
462
139
428
139
464
140
428
140
456
145
421
144
456
145
420
144
456
145
418
144
456
145
419
144
456
145
425
144
458
145
421
144
458
145
420
144
458
145
425
144
464
139
428
140
464
139
429
139
466
138
430
139
466
138
430
138
462
138
426
137
462
138
426
139
462
138
427
137
462
138
428
139
468
136
433
136
464
136
427
135
463
140
428
140
463
140
424
141
457
148
424
147
464
148
428
146
457
143
423
141
457
143
424
141
457
143
423
142
457
143
424
142
458
143
423
141
458
143
424
141
458
143
423
142
458
143
424
142
461
136
426
137
458
144
423
142
458
144
424
142
467
138
433
138
457
145
421
144
457
145
420
144
457
145
419
144
457
145
425
144
463
136
427
135
463
136
427
136
463
136
428
137
460
145
425
144
464
137
430
138
462
136
427
136
462
136
427
137
469
132
435
132
469
133
432
134
469
133
433
133
471
136
433
136
493
148
457
147
493
148
458
147
492
148
457
147
492
148
458
145
492
148
456
146
492
148
456
147
492
148
458
147
499
96
470
95
504
110
474
109
498
147
463
146
498
147
463
147
504
136
474
136
504
136
473
136
501
194
462
192
504
191
467
191
507
195
470
194
498
187
460
187
504
193
468
192
497
188
460
187
507
187
469
187
507
187
468
185
507
187
468
186
518
115
485
115
516
114
486
114
513
115
481
115
513
115
482
115
513
115
482
116
513
115
484
116
511
114
479
115
511
114
482
116
512
116
482
116
519
116
485
116
513
116
482
115
513
116
482
116
514
114
485
115
514
114
482
115
514
114
483
114
514
114
484
114
514
114
484
116
514
114
483
113
515
115
482
116
513
148
476
147
513
147
477
146
518
185
480
184
518
185
477
184
518
185
479
185
518
185
478
184
516
179
476
179
516
179
476
180
511
183
470
183
511
183
471
182
518
183
480
183
518
183
479
182
514
181
476
181
514
181
475
181
508
180
469
180
514
185
476
184
514
185
475
186
517
185
476
184
517
185
477
184
517
185
479
185
517
185
478
184
517
179
478
178
517
179
476
179
517
179
476
180
517
179
479
178
519
180
481
180
519
180
481
181
516
181
476
181
516
181
477
181
516
181
476
179
516
181
476
180
520
179
481
180
511
185
471
186
514
182
475
182
514
182
475
181
512
186
475
186
512
186
471
186
518
180
481
180
516
182
476
181
516
182
477
181
516
182
475
181
510
184
470
183
510
184
471
186
511
184
470
183
518
179
481
180
518
184
480
184
518
184
480
183
518
184
479
185
518
184
478
184
519
184
480
184
519
184
480
183
519
179
481
180
519
179
481
181
508
185
470
186
509
185
470
186
509
185
470
183
509
185
471
186
510
185
470
186
510
185
470
183
510
185
471
186
512
185
475
186
513
185
475
186
515
185
476
184
515
185
477
184
517
190
477
188
509
188
470
186
509
188
469
187
509
188
468
186
509
188
471
188
511
193
474
193
511
193
473
192
512
195
474
193
512
195
473
192
516
190
475
188
516
190
477
188
511
195
471
193
514
196
474
193
511
198
472
196
514
189
474
188
514
189
475
188
511
199
474
198
518
194
478
193
518
194
478
192
518
190
480
188
516
189
475
188
516
189
477
188
519
190
480
188
520
189
483
188
513
189
474
188
513
189
475
188
514
193
475
192
514
193
474
191
514
193
475
193
514
193
476
191
510
194
470
193
512
198
474
196
515
194
478
193
515
194
475
192
515
194
475
193
525
160
488
159
533
148
496
147
525
157
490
156
525
157
489
156
532
149
495
148
531
150
495
148
539
128
502
128
535
146
498
145
533
187
499
187
537
187
499
187
537
187
500
187
540
187
506
188
540
187
505
188
540
187
500
187
541
187
504
188
541
187
503
187
541
187
506
188
541
187
502
188
541
187
503
188
541
187
505
188
541
187
507
188
533
185
499
187
539
187
505
188
539
187
499
187
539
187
500
187
536
185
499
187
535
188
497
188
535
188
499
187
535
188
500
187
533
192
494
190
533
192
495
189
533
192
497
190
533
192
496
190
535
189
497
188
535
189
499
187
535
189
500
187
545
188
506
188
545
188
507
188
545
188
510
188
545
188
508
188
545
188
510
189
541
193
502
191
541
193
503
191
541
193
506
191
541
193
505
191
545
193
508
191
536
190
497
190
536
190
497
188
542
188
504
188
542
188
503
187
542
188
506
188
542
188
502
188
542
188
503
188
542
188
505
188
542
188
507
188
542
188
508
188
536
189
499
187
536
189
500
187
535
192
502
191
535
192
497
190
535
192
496
190
546
188
507
188
546
188
510
188
546
188
508
188
546
188
510
189
534
189
497
188
534
189
499
187
534
189
500
187
534
189
496
188
534
190
497
190
534
190
497
188
534
190
496
188
535
190
497
190
535
190
497
188
543
188
504
188
543
188
506
188
543
188
503
188
543
188
505
188
543
188
507
188
543
188
508
188
541
190
504
188
541
190
502
191
541
190
506
188
541
190
502
188
541
190
503
188
541
190
503
191
541
190
506
191
541
190
505
188
541
190
507
188
541
190
501
190
541
190
505
191
541
190
508
191
541
190
508
188
542
190
504
188
542
190
506
188
542
190
503
188
542
190
506
191
542
190
505
188
542
190
507
188
542
190
505
191
542
190
508
188
537
189
505
188
537
189
499
187
537
189
500
187
540
191
502
191
540
191
506
188
540
191
503
191
540
191
506
191
540
191
505
188
540
191
507
188
540
191
501
190
540
191
505
191
540
191
508
191
538
189
506
188
538
189
505
188
538
189
507
188
538
189
499
187
538
189
500
187
534
192
495
189
534
192
497
190
534
192
496
190
544
189
506
188
544
189
506
191
544
189
505
188
544
189
507
188
544
189
510
188
544
189
508
188
544
189
510
189
554
122
521
122
556
121
521
122
