Test404.jpg
Test405.jpg
221
230
120
227
222
230
120
227
222
229
119
226
225
230
121
227
225
230
122
227
286
284
194
284
286
284
193
283
286
284
193
284
284
285
191
284
287
284
193
284
293
282
201
281
289
287
197
286
290
287
198
286
292
288
200
287
324
330
232
329
318
317
225
317
325
318
233
317
325
318
234
317
325
318
232
317
323
319
231
318
323
319
230
318
323
319
229
318
318
329
226
328
320
329
226
328
320
329
228
328
323
318
232
317
318
319
226
318
320
318
228
317
320
318
229
317
325
324
233
323
325
324
233
322
316
317
222
317
324
318
233
317
324
318
232
317
319
329
226
328
322
330
230
329
325
330
232
329
327
323
233
322
326
328
234
327
326
328
235
327
337
329
246
328
337
329
243
328
337
329
244
328
331
330
237
328
331
330
240
329
331
330
239
329
331
330
237
329
331
330
238
329
331
330
238
328
328
328
234
327
328
328
236
327
328
328
235
327
328
328
237
327
329
329
234
327
329
329
237
328
329
329
236
327
329
329
235
327
329
329
238
328
329
330
237
328
329
330
237
329
329
330
238
329
337
330
246
328
337
330
243
329
337
330
243
328
337
330
245
329
337
330
240
328
337
330
247
329
337
330
244
328
330
328
238
327
330
328
236
327
330
328
235
327
330
328
239
327
330
328
237
327
330
329
234
327
330
329
237
328
330
329
238
327
330
329
236
327
330
329
235
327
330
329
240
328
330
329
237
327
330
329
238
328
330
330
237
328
330
330
240
329
330
330
239
329
330
330
238
330
330
330
237
329
330
330
238
329
330
330
238
328
326
318
233
317
326
318
234
317
326
318
232
317
333
330
237
328
333
330
243
329
333
330
240
329
333
330
239
329
333
330
240
328
333
330
238
329
333
330
238
328
328
318
234
317
338
330
246
328
338
330
243
329
338
330
243
328
338
330
245
329
338
330
247
329
338
330
244
328
338
330
248
328
339
330
246
328
339
330
243
328
339
330
247
329
339
330
244
328
339
330
249
329
339
330
248
328
340
329
248
328
341
330
246
328
341
330
247
329
341
330
249
329
341
330
250
329
341
330
248
328
343
330
251
328
343
330
252
328
343
330
248
328
340
330
246
328
340
330
247
329
340
330
244
328
340
330
249
329
340
330
250
329
340
330
248
328
342
330
246
328
342
330
251
328
342
330
249
329
342
330
250
329
342
330
248
328
345
330
251
328
345
330
252
328
