P1011370.JPG
P1011371.JPG
120
137
57
129
121
154
60
145
121
154
62
145
121
154
61
145
123
143
60
134
120
138
57
130
147
374
125
367
121
139
58
131
124
158
64
148
124
158
65
148
130
116
63
105
131
117
63
105
123
156
64
146
120
156
60
147
120
156
59
146
147
373
125
367
120
154
59
146
120
154
60
145
120
154
58
146
120
154
61
145
122
156
62
147
125
147
63
138
123
142
60
134
123
158
64
148
123
158
63
149
122
154
63
145
122
154
64
143
122
154
62
145
122
154
61
145
122
141
59
133
145
375
123
370
145
375
123
369
124
144
61
136
125
146
63
138
123
154
65
143
123
154
63
145
123
154
64
144
123
154
62
145
145
374
123
369
