Test800.jpg
Test810.jpg
55
78
54
72
54
78
54
72
78
157
37
154
73
153
33
150
73
153
32
151
73
153
32
150
71
152
31
149
73
152
31
149
73
152
32
149
73
152
32
150
75
155
33
152
73
154
33
150
73
154
33
151
73
154
32
151
72
154
32
151
72
154
32
150
72
153
32
150
74
154
33
152
74
154
33
151
74
154
32
151
78
154
36
152
74
155
33
152
74
155
33
151
72
152
31
149
72
152
32
149
76
156
35
153
75
153
33
150
75
153
33
151
75
153
34
150
77
153
36
150
71
153
31
149
83
153
42
150
79
156
37
154
79
156
38
153
79
156
36
153
79
156
37
153
81
156
38
153
81
156
40
153
80
153
39
150
94
161
56
159
102
157
64
155
102
157
64
156
102
154
63
152
102
155
63
152
94
156
53
153
109
79
51
72
114
79
79
74
110
80
51
74
110
80
53
74
113
80
79
74
110
81
53
74
106
156
68
153
121
252
81
252
125
249
81
249
125
249
83
249
125
249
80
249
125
249
82
249
124
249
81
249
124
249
83
249
124
249
79
249
124
249
88
250
124
249
82
249
123
249
81
249
123
249
83
249
123
249
79
249
123
249
82
249
121
269
83
268
121
269
82
268
121
269
81
269
125
263
84
263
126
268
81
269
127
269
85
269
122
267
82
267
122
267
79
267
122
267
80
268
122
267
81
268
123
268
77
268
123
268
78
268
123
268
83
267
123
268
79
268
123
268
83
268
123
268
84
267
123
268
80
268
123
268
81
268
123
268
82
268
123
268
81
269
124
268
79
268
124
268
83
268
124
268
84
267
124
268
80
268
124
268
81
268
124
268
82
268
124
268
81
269
120
266
74
266
120
266
76
265
120
266
79
266
125
268
83
268
125
268
81
268
125
268
82
268
125
268
81
269
125
269
81
269
125
269
85
269
125
269
82
270
126
269
85
269
130
269
93
268
127
272
87
272
127
272
85
272
127
272
86
272
127
272
88
272
127
272
86
273
127
271
85
272
127
271
86
272
127
271
87
271
127
271
88
270
127
271
89
270
127
271
90
270
130
277
90
278
128
271
87
271
128
271
88
270
128
271
89
270
128
271
90
270
126
272
87
272
126
272
85
272
126
272
81
273
126
272
86
272
126
272
88
272
126
272
87
271
126
272
82
273
126
272
86
273
140
73
97
69
140
73
96
69
131
250
91
250
131
250
89
250
141
264
98
263
132
269
93
268
131
273
92
273
133
273
92
273
131
270
90
270
131
270
92
270
132
270
92
270
135
287
95
288
180
72
144
68
176
71
144
68
178
71
144
68
176
72
144
68
175
71
144
68
183
73
147
69
183
73
144
68
186
141
151
140
186
141
150
139
186
141
151
139
192
150
158
147
192
150
157
147
185
140
149
139
185
140
151
140
185
140
150
139
185
140
151
139
184
140
149
139
184
140
151
140
184
140
150
139
184
140
151
139
183
140
149
139
183
140
147
139
183
140
149
140
183
139
149
139
189
143
154
140
189
143
155
140
182
141
147
140
182
141
148
140
182
141
147
139
182
141
146
139
183
141
149
139
183
141
147
140
183
141
148
140
183
141
147
139
183
141
146
139
183
141
149
140
185
141
149
139
185
141
151
140
185
141
150
139
185
141
151
139
182
139
149
139
182
139
148
140
182
139
147
139
189
150
155
147
189
150
154
147
182
142
147
140
182
142
146
139
182
142
144
139
184
142
148
140
184
142
147
139
184
142
149
140
186
142
149
139
186
142
151
140
186
142
150
139
186
142
151
139
185
143
148
140
185
143
147
139
185
143
149
140
188
150
153
147
185
149
150
147
185
150
150
147
182
140
149
139
182
140
147
140
182
140
148
140
182
140
147
139
182
140
146
139
182
140
149
140
191
165
157
162
191
165
157
164
190
165
156
163
190
165
156
164
190
165
157
164
195
164
160
161
195
164
161
161
193
164
158
162
193
164
159
162
192
165
157
162
184
192
147
193
184
192
149
191
184
192
152
191
184
191
147
193
184
191
149
191
184
191
152
191
185
193
147
193
190
236
154
235
190
236
153
235
192
236
154
235
192
236
155
235
199
291
169
291
202
295
169
295
202
295
171
295
210
151
172
148
209
151
172
148
216
151
181
150
219
262
185
263
215
262
185
263
220
262
185
263
218
263
185
263
216
261
186
262
218
262
185
263
220
263
185
263
217
294
184
294
217
292
185
293
217
292
183
292
221
296
193
297
234
283
193
282
223
296
193
297
223
296
192
297
237
198
201
197
237
198
201
198
236
195
202
195
236
195
200
195
244
199
207
198
244
199
210
198
236
198
201
197
236
198
201
198
237
199
201
198
235
195
200
195
235
200
199
199
240
200
205
198
246
284
218
284
244
292
211
292
244
292
216
293
244
284
195
283
243
293
216
293
236
284
195
283
238
283
199
282
238
283
201
282
242
285
198
285
247
292
216
293
245
284
218
284
245
294
218
294
245
294
220
294
246
285
215
285
246
285
216
285
247
294
218
294
247
294
220
294
245
300
209
300
245
300
210
300
245
300
212
300
244
300
209
300
244
300
210
300
244
300
212
300
253
143
223
140
253
178
222
176
253
178
223
176
253
248
215
247
254
245
219
244
251
245
215
244
252
248
215
247
252
248
214
247
251
282
218
282
251
282
212
282
251
282
217
282
251
282
220
282
254
282
218
282
254
282
217
282
254
282
220
282
256
282
218
282
256
282
217
282
256
282
220
282
257
284
216
283
257
284
218
284
257
284
221
284
257
284
222
283
255
294
226
294
254
285
215
285
254
285
216
285
254
285
219
285
254
285
226
285
254
283
218
282
254
283
216
283
254
283
212
282
254
283
217
282
254
283
220
282
254
283
222
283
253
292
220
292
253
292
226
292
257
292
226
292
250
294
218
294
250
294
220
294
257
294
228
293
257
294
226
294
253
285
215
285
253
285
216
285
253
285
226
285
253
290
219
290
250
291
218
291
250
291
215
291
252
284
218
284
257
285
218
284
257
285
221
284
257
285
226
285
256
293
228
293
256
286
216
285
256
286
228
286
248
285
216
285
259
287
219
287
259
287
230
287
259
287
232
286
259
287
222
287
259
296
223
295
249
301
209
300
249
301
210
300
254
298
220
297
254
298
214
298
248
300
219
300
248
300
213
300
248
300
212
300
256
300
219
300
253
296
213
296
253
296
220
296
253
296
223
296
252
297
213
296
252
297
216
297
252
297
220
297
252
297
222
297
252
297
223
296
254
299
220
299
254
299
221
299
256
297
223
296
263
165
232
163
263
168
231
166
263
166
231
164
270
279
236
278
270
279
235
279
268
280
234
278
268
280
234
280
263
279
234
278
266
280
234
278
266
279
234
278
263
278
234
278
264
279
234
278
269
280
234
280
261
284
221
284
261
284
230
284
261
284
222
283
267
289
234
288
270
288
235
288
273
289
241
288
262
291
227
290
272
293
238
292
269
294
232
294
269
294
235
293
262
285
230
284
262
285
226
285
272
291
238
291
268
292
234
291
268
292
235
291
270
293
235
293
268
289
234
288
267
285
230
284
263
290
227
290
268
290
233
290
263
285
230
284
263
285
226
285
270
291
234
291
270
291
235
291
261
286
226
285
261
286
232
286
261
286
228
286
264
285
230
284
264
285
226
285
270
292
234
291
270
292
235
291
266
287
230
287
266
287
232
286
266
287
228
286
265
285
230
284
265
285
226
285
268
293
235
293
270
287
237
286
261
294
228
293
273
294
243
293
273
294
239
294
267
295
230
294
267
295
232
294
272
295
241
295
272
295
237
295
272
295
239
294
272
295
238
295
272
295
240
295
270
296
236
295
271
296
241
295
271
296
237
295
271
296
238
295
271
296
240
295
271
296
238
296
261
299
227
299
267
297
233
296
267
297
232
296
273
297
235
297
273
297
238
296
273
297
240
297
262
298
229
297
267
296
232
296
273
299
239
298
273
299
235
299
269
296
233
296
265
297
233
296
265
297
232
296
270
297
234
297
270
297
235
297
270
297
238
296
272
296
241
295
272
296
237
295
272
296
238
295
272
296
240
295
272
296
238
296
278
269
244
269
279
269
244
269
275
295
241
295
275
295
239
294
275
295
238
295
275
295
240
295
278
294
248
294
286
295
258
295
284
292
257
292
281
297
249
297
275
297
238
296
275
297
240
297
275
297
249
297
274
296
241
295
274
296
237
295
274
296
238
295
274
296
240
295
274
296
238
296
282
300
252
299
282
300
250
299
282
300
249
299
278
301
243
300
278
301
246
300
278
301
258
300
278
301
253
300
279
302
248
301
281
299
243
298
281
299
249
298
281
299
253
298
284
299
243
298
284
299
249
298
277
296
246
295
275
301
246
300
275
301
248
301
275
301
253
300
280
296
246
295
283
301
243
300
283
301
246
300
283
301
258
300
283
301
253
300
283
297
249
297
298
256
270
255
298
256
271
255
295
285
264
284
299
294
268
293
296
285
264
284
290
301
258
300
290
301
253
300
299
300
267
299
292
299
262
298
308
254
278
253
300
256
271
256
301
289
268
288
310
285
278
283
310
285
275
284
310
285
279
283
310
285
276
282
310
285
281
284
305
295
272
293
305
295
273
294
305
288
271
286
308
284
273
283
308
284
278
283
308
284
274
282
308
284
274
283
308
284
279
283
308
284
276
282
303
289
270
287
303
289
274
288
305
294
272
293
305
294
270
292
305
284
276
282
308
283
274
282
308
289
275
288
308
289
274
288
304
285
265
282
304
285
267
283
304
285
266
282
304
285
264
282
304
285
275
284
303
292
273
291
309
287
277
286
306
294
270
292
311
287
277
286
308
295
276
293
308
295
277
294
305
299
272
298
308
297
276
295
317
259
285
259
317
259
286
260
318
259
286
260
314
259
285
259
318
260
286
260
318
260
286
261
313
280
286
280
315
281
286
280
312
281
286
280
368
140
336
140
368
140
338
141
368
140
337
141
375
144
343
142
366
146
333
145
366
146
334
145
373
142
341
142
364
146
333
145
364
146
330
144
364
139
330
139
370
142
338
141
370
142
338
143
370
142
337
141
364
149
331
147
366
142
334
141
366
142
332
141
369
140
336
140
369
140
338
141
369
140
337
141
369
149
334
147
376
149
345
148
364
141
328
139
364
141
330
139
364
141
332
141
382
144
349
141
380
150
347
148
383
144
349
141
383
152
351
152
381
151
350
151
411
164
377
163
411
161
377
160
411
161
378
160
410
164
377
163
410
161
377
160
404
165
371
165
415
165
382
163
416
166
382
163
403
170
369
171
403
171
369
171
418
162
385
161
419
165
386
164
419
165
385
164
417
162
385
161
418
165
385
164
421
165
388
163
421
165
387
163
422
165
388
163
422
165
389
164
423
165
390
164
423
165
390
163
417
160
383
158
506
200
468
199
513
201
474
200
514
193
474
192
511
203
474
203
518
198
478
197
519
194
480
192
510
198
471
197
535
193
499
191
535
193
500
191
545
197
508
195
545
197
510
193
542
192
507
192
541
194
507
192
542
194
506
192
542
194
505
192
542
194
507
192
542
194
508
192
540
195
506
195
540
195
505
195
533
194
497
192
533
194
496
192
