Test1501_blur1.jpg
Test1500.jpg
560
217
523
217
385
223
352
225
385
223
354
225
385
223
355
225
385
223
353
224
352
307
319
308
352
307
323
308
603
192
564
190
603
192
563
193
603
192
563
192
603
192
565
193
603
192
567
192
603
192
566
192
603
192
565
192
603
192
563
191
603
192
564
192
603
192
565
191
603
192
564
191
118
205
81
206
118
205
81
208
118
205
82
207
118
205
80
208
118
205
80
206
118
205
80
207
424
274
392
275
421
217
390
219
421
217
388
218
421
217
392
218
421
217
391
218
445
224
414
225
404
231
371
233
404
231
370
233
404
231
372
233
404
231
371
232
404
231
375
232
404
231
370
234
390
215
359
217
598
203
558
204
598
203
559
204
126
204
90
207
534
172
500
172
534
172
499
173
381
248
351
249
381
248
351
250
381
248
352
248
364
226
335
227
364
226
336
228
364
226
334
227
364
226
335
228
431
217
401
218
431
217
398
218
431
217
395
219
431
217
400
219
431
217
400
217
431
217
398
217
431
217
398
220
431
217
399
220
431
217
397
219
431
217
398
219
431
217
400
218
431
217
396
220
388
227
358
229
607
217
568
217
387
224
357
226
387
224
355
227
387
224
355
225
407
228
372
231
596
203
557
204
596
203
558
204
608
187
568
188
608
187
568
187
608
187
570
188
599
204
559
204
119
205
81
206
119
205
82
206
119
205
81
208
119
205
82
207
119
205
83
207
410
215
378
216
410
215
378
217
410
215
379
217
410
215
376
217
307
310
278
313
541
182
505
184
476
245
442
244
476
245
442
245
476
245
443
245
467
215
434
216
467
215
436
217
606
218
568
217
606
218
567
218
606
218
567
219
320
144
289
146
320
144
288
146
320
144
289
145
389
244
356
245
389
244
357
246
389
244
357
245
383
282
352
284
383
282
351
283
383
282
352
281
383
282
353
282
383
282
351
282
383
282
352
282
172
189
136
190
452
218
419
221
452
218
420
220
452
218
419
219
334
319
304
322
434
174
403
175
313
311
280
315
313
311
282
314
563
222
526
222
403
343
372
344
442
174
409
176
595
199
557
200
298
165
267
165
235
99
202
100
235
99
201
100
354
295
327
297
357
225
328
227
357
225
327
227
311
280
274
284
311
280
273
284
311
280
272
283
311
280
272
284
533
251
494
250
465
227
432
228
465
227
434
227
590
258
554
254
590
258
554
255
466
222
433
223
466
222
436
223
466
222
430
223
459
221
425
222
459
221
425
223
459
221
428
222
383
269
352
271
399
214
367
217
399
214
366
217
606
191
567
193
606
191
565
193
606
191
567
192
606
191
566
192
606
191
569
193
606
191
565
192
606
191
564
192
606
191
565
191
606
191
568
193
596
191
557
192
596
191
559
190
383
286
353
287
383
286
353
286
383
286
352
287
383
286
351
288
559
349
524
348
557
342
520
341
270
154
236
152
485
257
452
258
485
257
451
258
485
257
453
258
485
257
451
257
400
218
368
220
400
218
367
221
400
218
369
220
446
269
414
270
300
280
273
284
300
280
272
284
300
280
268
283
300
280
270
283
300
280
269
283
454
222
423
222
454
222
421
223
454
222
422
223
479
245
446
246
479
245
446
245
479
245
447
245
460
188
427
189
460
188
425
189
460
188
426
188
460
188
429
189
460
188
424
189
460
188
425
188
318
131
287
132
318
131
287
134
417
270
386
271
449
212
415
215
449
212
416
213
313
310
282
313
313
310
280
314
313
310
282
314
357
219
328
221
513
248
478
248
513
248
479
247
513
248
478
249
383
280
351
283
383
280
354
281
383
280
352
281
383
280
353
282
383
280
351
282
383
280
352
282
533
175
499
176
503
252
469
252
485
246
451
247
485
246
455
246
485
246
454
247
422
266
390
267
296
152
264
153
296
152
266
154
417
301
386
302
417
301
385
302
553
346
520
345
553
346
518
345
279
164
247
165
387
282
356
282
387
282
355
285
387
282
356
284
387
282
354
284
387
282
355
283
387
282
357
284
387
282
355
284
559
350
526
350
466
254
435
255
466
254
434
255
450
218
419
219
450
218
417
219
450
218
418
218
450
218
417
220
112
200
76
202
112
200
74
203
510
260
471
261
510
260
473
261
510
260
468
261
510
260
472
261
534
167
500
169
534
167
499
169
234
100
202
100
335
319
304
322
335
319
304
321
543
225
507
225
317
284
289
288
317
284
286
287
601
191
563
193
601
191
563
192
601
191
561
192
601
191
563
191
601
191
561
191
601
191
562
190
402
198
369
198
405
229
371
232
405
229
372
231
442
220
408
221
442
220
410
221
442
220
411
220
442
220
410
222
442
220
408
220
442
220
409
222
382
226
351
226
382
226
352
227
572
258
535
257
572
258
535
256
572
258
536
257
292
156
261
158
292
156
260
157
562
350
526
350
384
269
352
271
542
189
506
190
433
217
401
218
433
217
398
218
433
217
400
219
433
217
400
217
433
217
403
218
433
217
398
220
433
217
401
220
433
217
399
220
433
217
402
218
433
217
403
217
433
217
398
219
433
217
400
218
433
208
403
211
340
317
309
320
412
214
380
215
412
214
378
216
412
214
378
217
412
214
383
215
412
214
379
217
412
214
377
215
412
214
382
215
125
213
87
217
125
213
89
215
475
222
439
222
475
222
442
223
606
186
568
188
606
186
568
187
298
155
268
158
298
155
268
156
298
155
266
157
298
155
269
157
518
263
483
263
518
263
484
263
362
225
333
227
468
219
433
220
468
219
434
220
468
219
435
220
468
219
434
221
436
210
404
211
436
210
403
211
340
290
308
292
340
290
309
293
340
290
306
291
293
278
263
282
293
278
260
281
444
207
411
208
444
207
413
208
310
278
270
282
310
278
272
281
310
278
280
282
310
278
273
282
310
278
279
281
310
278
272
282
310
278
279
282
336
289
303
291
336
289
306
291
336
289
304
291
154
187
121
188
154
187
121
189
414
273
382
274
414
273
383
274
291
290
262
293
291
290
263
293
291
290
261
293
291
290
260
294
291
290
260
295
357
218
328
220
357
218
326
221
357
218
328
221
557
341
520
340
557
341
520
341
326
145
294
147
471
227
436
228
471
227
435
227
332
301
303
304
332
301
302
304
332
301
299
303
542
229
507
228
543
269
510
269
382
299
351
301
382
299
351
300
473
244
440
245
473
244
438
244
473
244
439
245
473
244
438
245
412
213
380
215
412
213
378
216
412
213
380
214
412
213
381
214
412
213
382
214
412
213
383
214
412
213
383
215
412
213
377
215
412
213
382
215
342
304
314
307
342
304
312
307
342
304
311
306
342
304
313
307
414
214
380
215
414
214
378
216
414
214
385
216
414
214
378
217
414
214
383
215
414
214
379
217
414
214
382
215
599
189
561
189
599
189
560
189
599
189
561
191
599
189
559
190
599
189
560
191
414
216
382
218
414
216
383
218
414
216
379
217
414
216
385
218
414
216
384
217
414
216
386
217
414
216
383
217
453
210
421
211
453
210
420
211
561
332
525
331
561
332
527
331
534
168
500
169
534
168
499
169
507
260
471
261
507
260
473
261
507
260
468
261
507
260
472
261
397
215
364
216
397
215
365
217
397
215
367
217
397
215
366
217
397
215
364
217
433
219
402
220
433
219
400
219
433
219
398
220
433
219
401
220
433
219
399
220
122
203
85
207
555
347
519
347
335
302
306
305
335
302
303
304
335
302
302
304
335
302
305
305
555
342
520
341
382
224
352
225
382
224
351
226
382
224
352
226
310
311
280
314
310
311
279
314
310
311
282
314
394
215
362
217
394
215
361
217
394
215
364
217
307
126
276
127
428
218
391
220
428
218
398
218
428
218
395
219
428
218
398
220
428
218
397
219
428
218
398
219
428
218
393
219
428
218
396
220
542
227
507
225
542
227
506
226
282
288
252
292
412
338
380
338
237
99
204
100
504
258
468
259
559
335
524
334
559
335
523
334
379
302
349
302
379
302
347
304
379
302
350
304
379
302
349
304
358
226
328
227
358
226
327
227
358
226
329
228
303
279
272
283
303
279
270
282
303
279
273
282
303
279
272
282
303
279
268
283
303
279
270
283
303
279
269
283
555
346
520
345
555
346
518
345
388
282
356
282
388
282
356
284
388
282
357
284
388
282
355
284
558
340
520
339
339
303
306
305
386
283
355
285
386
283
356
284
386
283
354
284
386
283
355
283
386
283
355
284
120
204
82
206
120
204
82
207
120
204
83
207
603
222
564
222
603
222
565
222
603
222
566
221
603
222
565
221
424
230
392
230
424
230
390
230
424
230
392
231
119
206
81
208
119
206
82
207
119
206
81
209
297
283
266
286
297
283
265
287
505
258
468
259
353
219
325
220
402
230
371
232
402
230
372
231
318
133
287
134
320
284
294
288
320
284
293
287
320
284
289
288
320
284
286
287
460
223
426
224
460
223
425
223
460
223
425
224
460
223
428
224
292
160
261
162
292
160
260
162
292
160
261
164
443
220
412
220
443
220
410
221
443
220
411
220
443
220
410
222
443
220
411
222
443
220
409
222
381
230
351
230
596
202
557
204
596
202
558
204
413
213
380
215
413
213
380
214
413
213
381
214
413
213
382
214
413
213
383
214
413
213
383
215
413
213
377
215
413
213
382
215
542
225
507
225
542
225
506
226
540
188
504
189
462
251
429
251
408
278
375
280
408
278
377
278
408
278
378
278
320
143
288
146
320
143
289
145
381
302
349
302
381
302
347
304
381
302
350
304
381
302
349
304
336
321
305
324
485
225
450
225
572
259
535
257
572
259
536
257
596
200
557
200
333
288
303
291
333
288
304
291
484
246
451
247
484
246
450
247
386
223
354
225
386
223
355
225
386
223
353
224
482
224
448
225
482
224
447
225
339
321
307
323
339
321
309
324
484
258
450
258
484
258
451
258
484
258
452
259
516
261
480
262
516
261
483
262
516
261
482
262
375
306
344
307
606
219
567
218
606
219
567
219
293
284
262
287
293
284
265
287
413
263
381
264
602
221
564
222
602
221
565
222
602
221
565
221
317
128
286
130
461
225
429
225
375
305
344
307
375
305
346
306
375
305
345
306
439
219
406
221
439
219
406
219
439
219
408
220
408
213
377
215
111
203
72
204
111
203
73
204
111
203
74
203
412
275
380
276
412
275
379
277
430
282
398
283
121
203
85
207
272
285
241
289
368
310
338
310
368
310
337
312
396
215
364
216
396
215
365
217
396
215
364
217
324
290
298
293
324
290
295
293
110
203
72
204
110
203
73
204
110
203
74
203
463
248
429
250
411
212
380
214
411
212
381
214
411
212
382
214
503
258
468
259
400
219
368
220
400
219
367
221
400
219
366
221
400
219
369
220
598
189
561
189
598
189
560
189
598
189
559
190
598
189
559
189
598
189
560
191
386
244
357
244
386
244
356
245
386
244
357
246
386
244
354
247
386
244
357
245
386
244
358
244
386
244
355
246
386
244
353
247
419
231
387
233
419
231
388
234
419
231
386
233
419
231
388
233
419
231
389
233
419
231
385
232
419
231
386
232
377
256
346
257
482
252
449
252
332
308
301
310
467
220
433
220
467
220
434
221
559
334
524
333
559
334
524
334
559
334
523
334
116
203
79
206
116
203
80
206
116
203
80
207
398
275
367
275
398
275
368
275
558
221
521
220
558
221
521
222
558
221
521
219
454
221
423
221
454
221
423
222
454
221
421
223
454
221
422
223
436
173
403
175
436
173
405
174
368
312
337
312
458
186
427
187
389
281
357
284
319
144
288
146
319
144
289
145
604
225
565
225
437
217
406
217
437
217
402
220
437
217
404
218
437
217
403
218
437
217
403
217
378
256
346
257
321
233
291
235
383
285
352
284
383
285
353
287
383
285
353
286
383
285
352
287
436
217
402
220
436
217
404
218
436
217
403
218
436
217
401
220
436
217
402
218
436
217
403
217
411
275
380
276
411
275
379
277
346
305
314
307
346
305
317
308
346
305
312
307
346
305
318
308
346
305
319
308
346
305
317
307
346
305
313
307
539
169
503
171
404
230
371
233
404
230
370
233
404
230
372
233
404
230
371
232
404
230
372
231
304
279
272
283
304
279
270
282
304
279
273
282
304
279
272
282
304
279
268
283
304
279
270
283
304
279
269
283
298
163
268
164
298
163
267
165
393
221
361
223
393
221
362
223
393
221
361
224
393
221
363
223
393
221
360
224
393
221
363
222
295
154
263
156
556
342
520
341
393
215
362
217
393
215
361
217
398
303
367
305
453
222
420
223
453
222
421
223
453
222
422
223
417
302
386
302
512
249
477
249
512
249
478
249
565
218
528
220
565
218
529
217
565
218
528
218
324
249
293
252
109
203
72
204
109
203
73
204
397
220
365
221
397
220
367
221
397
220
365
222
397
220
365
223
397
220
366
221
397
220
364
222
533
203
497
204
298
152
266
154
343
304
314
307
343
304
312
307
343
304
311
306
343
304
313
307
403
231
371
233
403
231
370
233
403
231
372
233
403
231
371
232
403
231
375
232
403
231
372
231
403
231
370
234
384
222
352
225
384
222
353
224
407
278
375
280
407
278
377
278
473
211
440
212
460
253
428
254
601
220
564
222
439
172
406
174
594
204
556
204
128
210
91
214
387
283
355
285
387
283
356
284
387
283
354
284
387
283
355
283
387
283
357
284
387
283
355
284
556
341
520
340
556
341
520
341
598
204
559
204
402
282
373
282
401
218
368
220
401
218
370
219
401
218
369
220
115
203
79
206
115
203
80
208
340
318
309
320
558
219
521
220
558
219
521
219
360
218
330
220
393
222
361
223
393
222
362
223
393
222
361
224
393
222
363
223
393
222
360
224
190
106
154
105
542
224
506
223
542
224
506
226
481
245
448
246
481
245
447
245
359
225
331
227
386
280
356
282
386
280
354
281
386
280
353
282
386
280
355
283
405
280
375
280
405
280
373
282
353
227
325
229
558
220
521
220
558
220
521
219
326
286
296
289
326
286
295
289
326
286
294
288
326
286
292
290
326
286
297
290
326
286
296
290
326
286
298
290
326
286
295
288
483
224
450
224
483
224
448
225
450
211
416
213
450
211
418
212
301
280
274
284
301
280
273
284
301
280
272
284
301
280
268
283
301
280
270
283
301
280
269
283
608
203
569
203
602
186
562
187
297
156
268
158
297
156
266
157
297
156
265
158
305
133
274
134
467
226
435
227
467
226
435
226
467
226
432
228
467
226
434
227
113
217
77
221
113
217
76
222
113
217
78
221
113
217
77
222
113
217
76
221
437
219
403
221
437
219
406
219
437
219
402
222
465
177
432
178
119
204
81
206
119
204
82
206
119
204
82
207
119
204
83
207
429
230
396
231
429
230
398
231
429
230
396
233
429
230
397
233
309
306
278
309
309
306
280
310
309
306
277
310
309
306
280
309
539
174
503
176
513
261
480
262
513
261
475
262
513
261
476
262
513
261
478
262
513
261
479
262
513
261
480
261
513
261
478
261
514
247
479
246
514
247
479
247
514
247
478
247
514
247
480
246
103
204
62
208
103
204
65
207
392
222
361
223
392
222
362
223
392
222
361
224
392
222
360
224
392
222
359
224
397
216
367
218
397
216
365
217
397
216
366
217
397
216
364
217
599
195
560
196
599
195
560
197
118
207
80
209
118
207
80
210
118
207
81
208
118
207
81
210
118
207
80
208
118
207
81
209
380
248
351
249
437
173
403
175
437
173
405
174
437
173
406
174
115
204
79
208
115
204
79
206
115
204
80
207
474
244
442
245
474
244
440
245
288
291
257
294
288
291
258
293
479
256
446
257
314
310
282
314
339
319
309
323
339
319
308
321
339
319
308
322
559
222
522
222
559
222
522
221
154
188
121
189
453
163
420
165
453
163
421
164
413
216
378
217
413
216
382
218
413
216
383
218
413
216
379
217
413
216
384
217
413
216
383
217
290
290
262
293
290
290
257
294
290
290
258
293
290
290
261
293
290
290
260
294
439
210
407
211
439
210
408
212
461
223
429
225
461
223
426
224
461
223
425
223
461
223
425
224
461
223
428
224
461
223
430
223
292
282
260
285
292
282
261
285
361
224
333
225
458
223
426
224
458
223
425
223
458
223
425
224
458
223
428
224
554
345
520
345
554
345
518
344
554
345
518
345
554
345
520
344
444
217
413
218
444
217
410
221
444
217
411
220
444
217
412
218
444
217
411
218
444
217
409
219
361
217
330
220
395
221
362
223
395
221
363
223
395
221
365
223
395
221
363
222
395
221
364
222
311
307
280
310
322
232
292
234
322
232
291
235
541
219
505
220
488
225
453
226
511
257
476
258
400
217
368
220
400
217
367
218
400
217
368
218
420
232
387
233
420
232
388
234
420
232
386
233
420
232
388
233
420
232
389
233
475
245
442
245
247
317
216
322
298
284
265
287
465
222
433
223
465
222
430
223
360
187
330
188
607
192
567
193
607
192
565
193
607
192
567
192
607
192
566
192
607
192
569
193
607
192
569
194
607
192
565
192
607
192
570
194
607
192
568
193
114
217
77
221
114
217
76
222
114
217
78
221
114
217
77
222
114
217
78
220
316
126
285
128
520
248
485
248
293
163
261
165
293
163
261
164
608
193
572
195
608
193
571
193
608
193
567
192
608
193
566
192
608
193
569
193
608
193
572
194
608
193
570
194
608
193
568
193
165
187
130
190
600
190
561
189
600
190
561
192
600
190
561
191
600
190
562
190
600
190
560
191
434
218
401
218
434
218
402
220
434
218
400
219
434
218
403
218
434
218
401
220
434
218
399
220
434
218
402
218
399
219
365
221
399
219
368
220
399
219
367
221
399
219
366
221
399
219
369
220
398
273
367
275
398
273
368
275
487
247
454
247
395
216
362
217
415
216
382
218
415
216
383
218
415
216
385
218
415
216
384
217
415
216
386
217
415
216
383
217
429
218
398
218
429
218
395
219
429
218
398
220
429
218
399
220
429
218
397
219
429
218
398
219
429
218
393
219
429
218
396
220
382
248
353
248
382
248
353
249
382
248
351
249
382
248
351
250
382
248
352
248
364
224
336
225
293
160
261
162
293
160
260
162
293
160
261
164
334
286
303
289
511
249
477
249
511
249
475
250
511
249
475
249
565
208
528
209
358
217
328
220
358
217
329
220
488
258
455
259
488
258
455
260
306
127
275
129
470
243
437
244
157
186
123
187
555
343
519
343
447
218
414
218
447
218
414
219
447
218
413
219
447
218
415
219
447
218
413
222
281
286
248
291
305
281
274
284
305
281
273
284
305
281
272
284
305
281
278
285
305
281
276
285
305
281
279
285
305
281
269
285
400
216
367
218
400
216
367
217
400
216
366
217
400
216
368
218
358
227
329
228
450
220
419
221
450
220
419
219
450
220
417
219
450
220
416
223
450
220
417
220
572
257
534
256
572
257
537
256
572
257
535
257
572
257
535
256
572
257
536
257
484
257
452
258
484
257
450
258
484
257
451
258
484
257
452
259
484
257
451
257
426
285
395
285
458
188
427
189
458
188
423
188
458
188
425
189
458
188
426
188
458
188
423
190
458
188
424
189
458
188
425
188
518
248
485
248
295
292
263
295
295
292
265
295
488
247
454
247
322
145
291
147
334
302
303
304
334
302
302
304
334
302
305
305
477
245
444
244
477
245
443
245
477
245
444
245
381
225
351
226
381
225
352
226
455
225
421
226
455
225
422
226
422
217
390
219
422
217
388
218
422
217
392
218
422
217
391
218
422
217
393
219
464
254
433
255
464
254
433
254
464
254
434
255
471
244
437
244
471
244
436
244
471
244
438
244
471
244
439
245
471
244
438
245
593
253
556
251
327
245
296
248
455
222
423
221
455
222
425
223
455
222
425
224
455
222
423
222
455
222
424
222
455
222
422
223
463
250
429
251
463
250
429
250
384
218
352
221
481
224
448
225
481
224
446
225
481
224
447
225
597
203
558
204
597
203
559
204
293
162
261
165
293
162
261
164
452
225
421
226
452
225
422
226
452
225
418
226
452
225
419
226
458
190
426
190
458
190
427
190
458
190
423
190
396
216
364
217
401
217
368
220
401
217
367
218
401
217
370
219
401
217
371
219
401
217
369
220
401
217
368
218
288
278
256
281
288
278
260
281
301
165
269
165
301
165
270
165
512
262
478
263
384
285
353
287
384
285
353
286
384
285
352
287
453
209
421
211
453
209
420
211
564
223
527
223
390
292
360
293
390
292
359
294
397
226
366
227
276
98
243
99
276
98
244
99
299
156
268
158
299
156
268
156
299
156
266
157
299
156
269
157
330
286
296
289
330
286
295
289
330
286
298
290
350
306
317
308
350
306
318
308
350
306
319
308
350
306
323
308
327
307
296
310
305
131
274
133
285
290
255
294
601
222
564
222
306
129
275
130
117
215
78
221
534
189
498
190
360
217
330
220
360
217
329
220
360
217
330
219
546
269
512
269
305
132
274
133
305
132
274
134
290
161
260
162
290
292
261
295
290
292
260
295
369
280
339
282
369
280
338
282
439
218
406
221
439
218
406
219
460
250
429
251
535
175
501
176
505
285
471
285
505
285
470
284
446
232
414
233
446
232
413
232
461
204
428
206
601
189
561
189
601
189
561
192
601
189
561
191
601
189
562
190
601
189
560
191
421
228
386
231
421
228
389
229
421
228
390
230
604
190
564
190
604
190
563
193
604
190
563
192
604
190
565
193
604
190
567
192
604
190
566
192
604
190
565
192
604
190
563
191
604
190
564
192
604
190
565
191
604
190
564
191
519
248
485
248
309
278
270
282
309
278
272
281
309
278
280
282
309
278
273
282
309
278
279
281
309
278
272
282
309
278
279
282
440
219
406
221
440
219
408
221
440
219
408
220
440
219
409
219
459
223
426
224
459
223
425
223
459
223
425
224
459
223
428
224
402
299
371
300
591
201
553
201
293
159
261
162
293
159
260
162
451
220
419
221
451
220
420
220
451
220
419
219
582
193
548
193
226
125
191
125
430
215
398
218
430
215
400
217
430
215
398
217
430
215
396
217
430
215
400
218
422
272
391
273
390
223
361
224
390
223
360
224
390
223
359
224
390
223
358
225
325
286
296
289
325
286
295
289
325
286
294
288
325
286
292
290
325
286
297
290
325
286
296
290
325
286
298
290
325
286
295
288
117
205
79
208
117
205
81
208
117
205
79
206
117
205
80
208
117
205
81
209
117
205
80
206
117
205
80
207
385
280
354
281
385
280
353
282
293
154
260
156
293
154
263
156
293
154
262
154
293
154
262
156
295
156
263
156
295
156
263
157
295
156
265
158
295
156
264
158
601
190
563
192
601
190
561
192
601
190
563
191
601
190
561
191
601
190
562
190
601
190
560
191
513
249
477
249
513
249
478
249
603
221
565
222
603
221
566
221
603
221
565
220
603
221
566
220
603
221
565
221
243
35
207
35
243
35
208
35
375
185
345
188
375
185
342
188
375
185
341
188
328
287
296
289
328
287
295
289
328
287
292
290
328
287
297
290
328
287
296
290
328
287
298
290
108
204
72
204
484
284
453
284
484
284
452
284
604
191
567
193
604
191
564
190
604
191
563
193
604
191
563
192
604
191
565
193
604
191
567
192
604
191
566
192
604
191
565
192
604
191
563
191
604
191
564
192
604
191
565
191
604
191
564
191
417
231
387
233
417
231
386
233
417
231
385
232
417
231
386
232
379
301
349
302
419
217
390
219
419
217
388
218
419
217
385
218
608
192
571
193
608
192
567
192
458
221
425
222
458
221
425
223
458
221
428
222
458
221
424
222
600
189
561
189
600
189
561
192
600
189
561
191
600
189
562
190
600
189
560
191
604
221
566
221
604
221
565
220
604
221
566
220
604
221
565
221
502
284
470
284
382
269
352
271
605
220
566
219
605
220
566
220
605
220
567
219
364
223
336
224
364
223
335
224
412
274
380
276
412
274
382
274
412
274
383
274
410
276
380
276
410
276
379
277
410
276
377
278
410
276
378
278
560
334
524
333
560
334
524
334
419
232
387
233
419
232
388
234
419
232
386
233
419
232
388
233
419
232
389
233
325
285
296
289
325
285
295
289
325
285
294
288
325
285
293
287
325
285
289
288
325
285
294
287
325
285
295
288
294
162
261
165
294
162
261
164
541
188
504
189
573
258
537
256
573
258
535
257
573
258
535
256
573
258
536
257
382
286
352
287
382
286
351
288
362
227
333
228
362
227
333
229
362
227
332
229
518
262
483
262
518
262
483
263
518
262
484
263
556
344
519
343
556
344
520
344
478
253
445
254
478
253
445
253
310
280
274
284
310
280
273
284
310
280
272
283
446
221
413
222
446
221
412
222
431
280
400
281
395
220
362
223
395
220
363
223
395
220
365
222
395
220
363
222
395
220
364
222
105
203
65
207
562
223
525
223
502
228
466
228
562
218
525
219
409
277
379
277
409
277
377
278
409
277
378
278
479
224
446
225
479
224
444
224
311
283
281
286
311
283
280
286
120
203
82
206
120
203
83
207
363
185
332
187
481
257
449
259
481
257
449
258
605
219
566
219
605
219
567
218
605
219
566
218
605
219
566
220
605
219
567
219
556
343
519
343
423
220
389
221
451
219
419
221
451
219
420
220
451
219
419
219
451
219
417
220
561
331
525
330
561
331
524
330
247
315
215
321
450
222
419
221
450
222
416
225
450
222
416
223
479
244
446
245
479
244
447
245
360
229
330
230
486
258
455
259
486
258
452
259
486
258
453
258
419
268
387
270
424
268
392
269
604
189
564
190
604
189
563
192
604
189
565
192
604
189
563
191
604
189
564
192
604
189
565
191
604
189
564
191
513
262
478
262
513
262
478
263
340
303
311
306
340
303
306
305
391
280
361
281
391
280
362
280
277
116
245
117
277
116
245
116
290
160
260
162
503
262
468
263
463
225
429
225
279
139
247
140
116
204
79
206
116
204
80
208
116
204
80
206
116
204
80
207
441
220
408
221
441
220
410
221
441
220
408
220
441
220
409
219
441
220
409
222
580
195
544
194
580
195
544
195
381
286
351
288
313
283
281
286
313
283
286
287
313
283
280
286
414
229
380
232
414
229
384
231
414
229
383
231
545
269
512
269
414
272
382
274
414
272
383
274
396
226
366
227
435
207
403
208
435
207
404
211
532
187
496
188
291
291
260
294
291
291
261
295
291
291
260
295
319
138
288
140
319
138
288
138
319
138
288
139
461
188
427
189
461
188
425
189
461
188
426
188
461
188
429
189
461
188
429
190
466
243
431
242
466
243
433
243
466
243
430
243
466
243
433
244
595
196
557
197
595
196
557
198
562
351
525
351
562
351
526
350
323
285
296
289
323
285
295
289
323
285
294
288
323
285
293
287
323
285
289
288
323
285
295
288
387
244
357
244
387
244
356
245
387
244
357
246
387
244
354
247
387
244
357
245
387
244
358
244
387
244
355
246
387
244
360
243
536
171
502
171
536
171
501
171
604
220
566
219
604
220
566
221
604
220
565
220
604
220
566
220
604
220
565
221
502
251
469
252
604
222
565
222
604
222
566
221
604
222
565
220
604
222
566
220
604
222
565
221
355
227
325
229
355
227
326
229
340
304
311
306
402
300
371
300
389
224
357
226
389
224
358
225
511
262
478
263
605
221
566
219
605
221
566
221
605
221
566
220
605
221
567
219
605
191
567
193
605
191
563
192
605
191
565
193
605
191
567
192
605
191
566
192
605
191
565
192
605
191
564
192
605
191
565
191
605
191
564
191
605
191
568
193
557
340
520
340
557
340
520
339
432
217
401
218
432
217
398
218
432
217
400
219
432
217
400
217
432
217
398
217
432
217
398
220
432
217
399
220
432
217
402
218
432
217
397
219
432
217
398
219
432
217
400
218
386
245
353
248
386
245
356
245
386
245
357
246
386
245
354
247
386
245
357
245
386
245
355
246
386
245
353
247
296
155
266
157
296
155
265
158
296
155
264
158
520
262
485
263
483
267
450
267
317
278
279
281
481
258
449
259
436
220
402
220
436
220
403
221
436
220
402
222
391
222
361
223
391
222
361
224
391
222
360
224
391
222
359
224
391
222
358
225
597
188
558
189
597
188
560
189
597
188
559
190
597
188
559
189
424
217
391
220
424
217
395
219
424
217
390
219
424
217
392
218
424
217
392
217
424
217
391
218
424
217
393
219
325
145
293
147
325
145
294
147
345
305
314
307
345
305
317
308
345
305
312
307
345
305
318
308
345
305
317
307
345
305
313
307
349
306
317
308
349
306
318
308
349
306
319
308
349
306
317
307
448
192
416
191
317
129
286
130
317
129
286
131
449
219
417
219
449
219
416
220
449
219
417
220
321
154
290
156
383
246
351
248
383
246
353
248
383
246
351
249
383
246
354
247
383
246
355
246
383
246
353
247
383
246
352
248
447
231
414
233
447
231
413
232
447
231
415
231
447
231
415
232
595
204
557
204
595
204
556
204
432
219
402
220
432
219
400
219
432
219
398
220
432
219
401
220
432
219
399
220
432
219
398
219
422
229
392
230
422
229
386
231
422
229
389
229
422
229
390
230
422
229
392
231
401
219
368
220
401
219
367
221
401
219
369
220
534
219
498
221
453
219
419
221
453
219
420
220
453
219
421
220
380
301
349
302
383
248
353
248
383
248
353
249
383
248
351
249
383
248
351
250
555
344
518
344
555
344
519
343
555
344
520
344
606
192
567
193
606
192
565
193
606
192
567
192
606
192
566
192
606
192
569
193
606
192
569
194
606
192
565
192
606
192
564
192
606
192
565
191
606
192
568
193
318
234
288
236
293
292
263
295
293
292
261
295
253
111
220
111
453
231
421
232
388
243
357
244
388
243
356
245
388
243
357
245
388
243
358
244
388
243
355
246
388
243
360
243
462
287
428
288
537
170
501
170
537
170
502
171
537
170
501
171
537
170
503
171
439
220
406
221
439
220
408
221
439
220
408
220
600
186
562
187
600
186
561
189
600
186
560
189
560
331
525
331
560
331
525
330
560
331
524
330
398
219
365
221
398
219
368
220
398
219
367
221
398
219
365
222
398
219
366
221
538
174
502
176
535
167
500
169
441
174
408
176
599
190
561
189
599
190
561
192
599
190
561
191
599
190
560
191
119
202
82
206
119
202
83
207
338
315
307
318
441
207
410
210
446
219
414
218
446
219
412
220
446
219
414
219
446
219
413
219
446
219
411
222
446
219
415
219
446
219
413
222
446
219
412
222
429
215
398
218
429
215
398
217
429
215
396
217
359
229
330
230
458
222
425
222
458
222
426
224
458
222
425
223
458
222
425
224
458
222
428
224
458
222
424
222
590
256
554
254
383
218
351
221
487
258
455
259
403
234
372
235
403
234
371
235
305
285
274
288
305
285
279
288
397
219
365
221
397
219
365
222
397
219
366
221
397
219
364
222
381
228
351
229
403
282
373
282
394
221
361
223
394
221
362
223
394
221
361
224
394
221
363
223
394
221
363
222
394
221
364
222
464
190
429
190
306
128
275
129
306
128
275
130
361
186
331
187
361
186
330
188
396
220
365
221
396
220
363
223
396
220
365
222
396
220
366
221
396
220
363
222
396
220
364
222
409
213
380
215
409
213
377
215
304
139
273
141
304
139
273
140
607
187
568
188
607
187
568
187
607
187
570
188
235
100
202
100
385
245
353
248
385
245
356
245
385
245
357
246
385
245
354
247
385
245
357
245
385
245
358
244
385
245
355
246
385
245
353
247
385
245
352
248
541
180
504
181
339
320
309
323
339
320
308
322
339
320
309
324
465
219
433
220
465
219
434
220
465
219
434
221
465
219
430
219
382
228
352
229
382
228
351
230
382
228
351
229
538
169
502
171
538
169
503
171
533
171
500
172
533
171
499
173
533
171
499
172
436
219
402
220
436
219
403
221
436
219
402
222
313
309
282
313
102
204
62
208
102
204
65
207
102
204
61
208
560
222
523
222
560
222
523
221
155
187
121
188
560
221
523
222
560
221
523
221
409
215
378
216
409
215
378
217
409
215
379
217
409
215
376
217
454
219
423
221
454
219
421
220
382
247
351
248
382
247
353
248
382
247
353
249
382
247
351
249
382
247
354
247
382
247
351
250
382
247
353
247
382
247
352
248
481
246
448
246
481
246
448
247
481
246
449
247
508
260
471
261
508
260
473
261
508
260
468
261
508
260
472
261
252
111
220
111
553
347
519
347
553
347
517
347
287
277
258
280
287
277
257
280
512
260
475
262
512
260
476
262
512
260
473
261
512
260
472
261
512
260
478
261
456
204
424
206
438
173
405
175
438
173
406
174
268
288
237
292
480
245
446
246
480
245
446
245
480
245
448
246
480
245
447
245
354
306
323
308
292
292
263
295
292
292
261
295
292
292
260
295
606
217
568
217
606
217
567
218
468
226
435
227
468
226
435
226
468
226
434
227
558
218
521
219
342
309
311
311
362
226
333
228
362
226
333
227
362
226
334
227
449
216
417
217
449
216
415
219
449
216
416
220
384
246
351
248
384
246
353
248
384
246
353
249
384
246
357
246
384
246
351
249
384
246
354
247
384
246
355
246
384
246
353
247
384
246
352
248
490
226
455
227
295
279
263
282
295
279
265
282
503
249
468
249
603
191
564
190
603
191
563
193
603
191
563
192
603
191
565
193
603
191
566
192
603
191
565
192
603
191
563
191
603
191
564
192
603
191
565
191
603
191
564
191
595
195
557
197
595
195
556
196
445
218
413
218
445
218
414
218
445
218
412
220
445
218
410
221
445
218
414
219
445
218
411
220
445
218
413
219
445
218
411
222
445
218
412
218
590
200
552
202
590
200
552
200
563
218
526
218
353
336
323
337
401
297
369
298
383
247
351
248
383
247
353
248
383
247
353
249
383
247
351
249
383
247
354
247
383
247
351
250
383
247
352
248
446
218
413
218
446
218
414
218
446
218
412
220
446
218
414
219
446
218
411
220
446
218
413
219
446
218
412
222
323
145
292
147
323
145
291
147
334
289
303
291
334
289
304
291
106
204
72
204
106
204
65
207
499
164
468
165
380
282
351
283
380
282
351
282
292
159
261
162
292
159
260
162
392
214
359
217
392
214
361
217
385
225
354
225
385
225
355
227
385
225
355
225
385
225
352
227
402
217
370
219
402
217
371
219
402
217
369
220
402
217
368
218
512
261
475
262
512
261
476
262
512
261
478
262
512
261
479
262
318
232
289
234
318
232
288
236
318
232
287
236
318
232
288
234
318
232
287
235
473
247
441
248
451
222
419
221
451
222
420
223
311
312
280
315
464
243
429
242
464
243
430
243
427
218
391
220
427
218
398
218
427
218
395
219
427
218
397
219
427
218
398
219
427
218
393
219
427
218
396
220
535
171
500
171
535
171
500
172
535
171
501
171
601
188
562
187
601
188
561
189
601
188
562
190
412
216
378
217
412
216
382
218
412
216
383
218
412
216
379
217
412
216
383
217
462
187
426
188
462
187
427
187
381
282
351
283
381
282
351
282
381
282
352
282
420
217
390
219
420
217
388
218
420
217
391
218
563
213
526
211
477
224
444
224
477
224
442
224
318
283
286
287
506
260
471
261
506
260
468
261
565
217
529
216
565
217
529
217
565
217
528
218
399
299
369
301
403
230
371
233
403
230
370
233
403
230
371
232
403
230
372
231
418
281
387
281
418
281
387
282
320
233
290
235
443
217
410
217
443
217
412
218
443
217
411
218
443
217
409
219
331
288
303
291
331
288
298
290
515
247
479
247
515
247
480
246
515
247
482
247
453
221
420
223
453
221
421
220
453
221
421
223
453
221
422
223
426
231
392
231
426
231
394
233
416
230
380
232
416
230
386
231
416
230
384
231
416
230
383
231
416
230
385
232
416
230
386
232
416
230
379
233
607
203
569
203
607
203
566
203
413
214
380
215
413
214
378
216
413
214
378
217
413
214
383
215
413
214
379
217
413
214
382
215
600
191
561
192
600
191
561
191
600
191
562
190
421
232
387
233
421
232
388
234
421
232
386
233
421
232
388
233
421
232
389
233
304
136
273
138
304
136
273
137
286
291
257
294
286
291
255
294
389
223
357
226
389
223
360
224
389
223
359
224
389
223
358
225
395
215
362
217
395
215
365
217
395
215
364
217
563
219
526
218
485
258
452
258
485
258
452
259
452
210
420
211
452
210
419
212
337
317
306
320
114
199
76
202
423
232
387
233
423
232
388
234
423
232
386
233
423
232
388
233
423
232
389
233
275
98
243
99
394
216
362
217
394
216
361
217
438
218
404
218
438
218
403
221
438
218
406
219
477
256
444
257
565
213
528
215
565
213
528
214
565
213
528
213
388
224
357
226
388
224
358
225
393
216
361
217
347
305
314
307
347
305
317
308
347
305
318
308
347
305
319
308
347
305
317
307
347
305
313
307
399
230
366
232
234
99
202
100
234
99
201
100
600
220
564
222
458
205
425
207
458
205
425
208
435
217
401
218
435
217
402
220
435
217
400
219
435
217
404
218
435
217
403
218
435
217
401
220
435
217
402
218
435
217
403
217
358
228
330
230
249
303
218
308
294
156
263
156
294
156
261
158
294
156
263
157
294
156
262
156
294
156
264
158
395
214
364
216
395
214
364
217
464
228
433
229
464
228
430
229
464
228
432
228
464
228
431
229
602
191
564
190
602
191
563
193
602
191
563
192
602
191
561
192
602
191
565
192
602
191
563
191
602
191
564
192
602
191
565
191
602
191
564
191
328
300
299
303
311
311
280
314
311
311
280
315
311
311
282
314
536
170
500
171
536
170
501
170
536
170
502
171
536
170
501
171
563
348
527
347
438
217
406
217
438
217
404
218
438
217
406
219
602
192
564
190
602
192
563
193
602
192
563
192
602
192
565
193
602
192
565
192
602
192
563
191
602
192
564
192
602
192
565
191
602
192
564
191
107
204
72
204
107
204
65
207
299
158
268
158
299
158
270
159
299
158
268
160
299
158
270
160
299
158
268
162
299
158
269
160
430
219
400
219
430
219
398
220
430
219
399
220
430
219
397
219
430
219
398
219
430
219
396
220
459
186
426
188
459
186
427
187
286
277
258
280
286
277
257
280
