39_39_l.jpg
39_39_r.jpg
440
225
275
227
439
221
276
222
439
221
275
223
439
223
276
222
441
217
278
217
441
217
276
218
441
217
278
218
438
220
275
218
438
220
276
218
436
239
272
241
436
239
272
240
436
239
272
242
437
240
272
241
437
240
273
241
437
240
273
240
443
131
278
133
454
204
286
204
455
201
286
200
453
204
286
204
452
200
284
201
452
200
286
201
453
202
286
204
452
198
286
201
452
202
286
204
452
202
284
202
452
201
286
204
452
201
284
202
452
201
284
201
448
221
282
222
448
221
282
225
448
221
283
225
447
221
282
222
447
221
282
225
449
222
283
225
451
224
286
225
443
226
278
229
460
229
513
230
565
32
386
55
567
35
389
56
568
35
389
56
