Test122_rot.png
Test126_rot.png
307
103
340
106
307
103
340
104
194
272
166
210
371
41
419
74
285
165
293
152
285
165
294
150
285
165
294
151
285
165
293
151
388
64
429
103
388
64
428
103
387
64
428
103
387
64
427
103
388
62
429
101
199
97
245
55
199
97
246
54
199
97
244
52
419
291
362
323
419
291
361
322
147
139
177
69
147
139
179
67
147
139
178
72
147
139
178
70
147
139
179
66
147
139
178
73
147
139
178
67
147
139
179
68
147
139
179
69
147
139
178
71
147
139
178
69
147
139
179
71
353
104
379
126
497
168
484
243
497
168
484
244
497
168
485
245
477
49
516
127
477
49
516
126
244
249
219
207
244
249
220
213
379
189
369
215
379
189
368
215
379
189
368
213
278
160
290
145
278
160
292
146
278
160
290
144
278
160
289
145
278
160
289
144
278
160
293
146
278
160
291
146
312
127
335
128
312
127
335
129
312
127
331
128
364
118
384
142
364
118
384
139
416
190
396
226
416
190
402
228
416
190
396
225
416
190
401
229
416
190
398
226
416
190
397
226
416
190
401
230
416
190
396
224
137
124
175
55
137
124
176
52
137
124
175
54
137
124
177
51
137
124
176
53
468
64
503
135
468
64
504
134
257
256
228
222
412
188
396
225
412
188
394
223
412
188
398
226
412
188
397
226
412
188
396
224
412
188
395
223
453
45
496
112
453
45
495
112
453
45
496
115
453
45
494
113
453
45
495
115
453
45
495
113
453
45
497
113
453
45
496
113
453
45
494
112
453
45
494
115
367
35
418
67
367
35
421
67
156
153
182
85
156
153
182
86
156
153
180
85
156
153
182
87
156
153
182
84
235
250
211
208
155
143
181
79
155
143
181
80
155
143
182
79
257
263
226
228
257
263
226
229
476
125
481
194
418
192
402
228
418
192
401
229
418
192
403
231
418
192
401
230
367
139
378
162
377
65
418
100
257
248
231
217
257
248
231
218
416
293
359
322
416
293
361
321
416
293
360
321
416
293
358
323
416
293
359
321
416
293
358
321
457
34
505
104
457
34
505
103
457
34
504
105
457
34
504
106
401
218
375
249
401
218
376
248
401
218
375
248
416
280
364
310
416
280
364
309
153
150
179
85
153
150
181
83
153
150
178
82
153
150
180
80
153
150
179
82
153
150
180
83
153
150
179
80
459
157
452
216
459
157
453
216
459
157
452
215
444
41
489
105
444
41
486
107
420
282
365
315
420
282
366
314
315
105
341
107
315
105
347
110
315
105
346
109
315
105
349
110
315
105
344
108
315
105
343
108
315
105
348
110
315
105
343
107
315
105
354
112
315
105
345
109
155
122
194
57
481
119
490
192
481
119
490
191
148
166
167
96
148
166
168
95
193
130
222
80
326
103
353
112
326
103
349
110
326
103
350
111
326
103
356
112
326
103
348
110
326
103
357
113
326
103
354
112
312
129
332
130
312
129
334
130
328
104
352
112
328
104
354
113
328
104
353
112
328
104
347
110
328
104
351
111
328
104
356
114
328
104
356
112
328
104
358
114
328
104
357
113
328
104
354
112
360
106
384
130
360
106
385
130
148
100
195
35
457
159
451
217
467
57
503
130
467
57
504
130
467
57
502
131
455
150
455
211
139
129
176
56
139
129
175
56
139
129
175
57
139
129
176
55
139
129
173
61
139
129
174
59
365
118
384
142
456
157
451
215
456
157
452
216
456
157
451
216
393
229
364
255
151
167
168
97
140
130
176
59
140
130
177
58
140
130
176
60
140
130
177
57
458
65
492
131
458
65
492
132
458
65
492
133
313
103
344
108
313
103
346
107
313
103
340
104
313
103
343
107
313
103
341
106
143
133
178
63
143
133
177
63
143
133
176
64
143
133
177
65
143
133
178
60
143
133
178
62
143
133
178
65
425
277
373
311
245
282
206
241
245
282
207
239
245
282
209
243
245
282
207
241
245
282
207
240
245
282
206
240
245
282
207
238
245
282
208
239
245
282
206
242
395
231
364
255
431
207
407
252
431
207
409
254
431
207
408
252
431
207
408
253
431
207
408
249
245
255
217
213
245
255
218
212
245
255
218
217
245
255
217
216
245
255
217
212
245
255
218
216
245
255
218
214
193
131
224
82
193
131
222
80
385
62
426
100
385
62
425
100
151
98
200
34
151
98
199
35
453
41
498
108
453
41
497
109
453
41
499
109
453
41
498
111
453
41
500
108
453
41
497
107
453
41
499
111
453
41
498
110
453
41
499
108
453
41
500
109
138
125
175
55
138
125
175
56
138
125
177
51
138
125
176
53
138
125
174
58
497
118
504
198
208
96
251
56
208
96
253
56
208
96
251
57
208
96
250
56
208
96
254
57
208
96
254
58
208
96
254
56
208
96
253
57
360
204
345
214
360
204
345
217
150
101
199
35
140
131
176
59
140
131
177
58
140
131
176
60
140
131
177
57
140
131
177
59
156
154
182
85
156
154
182
86
156
154
180
85
156
154
182
87
468
57
504
130
152
122
190
58
152
122
190
59
152
122
192
58
317
105
341
107
317
105
347
110
317
105
346
109
317
105
344
108
317
105
343
108
317
105
348
110
317
105
345
109
153
156
179
85
150
172
167
100
148
139
179
73
148
139
179
67
148
139
178
72
148
139
178
70
148
139
180
71
148
139
179
66
148
139
178
73
148
139
179
68
148
139
179
69
148
139
178
71
148
139
178
69
148
139
179
74
148
139
180
72
148
139
179
71
332
104
360
115
332
104
361
115
332
104
359
115
332
104
356
112
332
104
358
114
332
104
357
113
458
151
457
212
458
151
455
211
458
151
456
213
458
151
457
213
458
151
456
211
458
151
455
212
458
151
456
212
308
82
344
85
308
82
342
84
308
82
344
86
308
82
349
87
308
82
342
85
308
82
343
86
308
82
343
83
308
82
343
85
308
82
343
84
308
82
344
84
308
82
345
84
480
167
467
235
480
167
468
235
370
41
419
74
461
158
456
220
461
158
455
219
195
97
238
51
195
97
240
52
195
97
241
52
378
187
368
213
378
187
369
211
306
128
328
126
306
128
326
126
306
128
329
128
306
128
330
128
306
128
331
129
306
128
327
127
306
128
325
126
155
148
181
79
155
148
182
82
155
148
181
80
155
148
182
79
155
148
181
78
357
109
380
135
357
109
380
132
357
109
381
132
357
109
380
134
357
109
380
133
274
162
286
145
446
42
490
107
446
42
490
106
446
42
491
108
394
73
431
114
420
292
362
323
260
248
234
218
235
251
211
208
235
251
211
209
139
128
176
56
139
128
175
56
139
128
175
57
139
128
177
53
139
128
176
55
139
128
174
59
476
168
467
235
476
168
468
235
476
168
466
234
476
168
468
233
385
67
424
103
385
67
426
104
363
108
388
133
363
108
387
131
363
108
387
132
363
108
388
132
356
105
381
127
356
105
381
128
356
105
382
128
356
105
383
126
242
252
217
209
242
252
217
210
242
252
217
213
242
252
218
212
242
252
216
211
242
252
217
216
242
252
217
212
242
252
218
216
242
252
218
214
242
252
216
212
242
252
216
214
306
151
311
145
305
128
328
126
305
128
326
126
305
128
329
128
305
128
330
128
305
128
327
127
305
128
325
126
153
114
192
53
153
114
195
50
153
114
192
52
310
103
340
104
310
103
341
106
153
141
180
77
153
141
182
73
153
141
181
75
153
141
181
76
453
43
496
112
453
43
497
109
453
43
498
111
453
43
497
113
453
43
496
113
453
43
498
110
453
43
498
112
243
282
206
241
243
282
206
236
243
282
207
239
243
282
208
236
243
282
207
241
243
282
207
240
243
282
206
240
243
282
205
243
243
282
207
238
243
282
208
239
243
282
207
236
243
282
206
242
385
65
426
102
274
154
289
139
274
154
287
141
274
154
288
140
274
154
287
139
318
81
344
86
473
60
508
134
457
151
457
212
457
151
455
211
457
151
456
213
457
151
456
211
457
151
455
212
457
151
456
212
416
193
394
227
416
193
396
227
416
193
394
228
459
69
492
133
306
127
328
126
306
127
326
126
306
127
331
128
306
127
330
128
306
127
329
126
306
127
327
127
143
132
178
63
143
132
177
63
143
132
176
64
143
132
177
65
143
132
178
60
143
132
178
62
143
132
178
65
259
250
233
219
330
104
356
114
330
104
359
115
330
104
356
112
330
104
358
115
330
104
358
114
330
104
357
113
330
104
354
112
301
85
338
84
301
85
339
85
301
85
344
85
301
85
344
86
301
85
340
86
301
85
341
85
301
85
338
85
301
85
340
85
301
85
342
85
301
85
344
87
301
85
343
86
301
85
340
87
301
85
343
85
301
85
339
86
423
278
370
312
423
278
371
309
423
278
371
311
311
104
341
107
311
104
340
106
311
104
344
108
311
104
338
105
311
104
343
107
311
104
339
106
311
104
341
106
311
104
348
108
254
263
223
228
254
263
224
228
257
245
233
217
153
117
193
53
153
117
192
53
153
117
192
54
153
117
190
56
153
117
191
54
273
159
286
145
273
159
286
142
446
40
489
105
446
40
490
107
446
40
490
106
446
40
489
106
446
40
492
105
505
127
509
210
308
87
338
89
308
87
337
89
302
85
338
84
302
85
339
85
302
85
344
85
302
85
344
86
302
85
340
86
302
85
341
85
302
85
338
85
302
85
340
85
302
85
342
85
302
85
344
87
302
85
343
86
302
85
340
87
302
85
343
85
302
85
339
86
151
121
190
58
151
121
190
56
136
126
174
53
136
126
176
52
521
129
522
218
521
129
521
218
249
313
198
269
249
313
197
270
249
313
198
270
304
84
338
84
304
84
339
85
304
84
344
85
304
84
344
86
304
84
349
87
304
84
340
86
304
84
341
85
304
84
338
85
304
84
340
85
304
84
342
85
304
84
344
87
304
84
343
86
304
84
343
85
304
84
339
86
416
189
402
228
416
189
396
225
416
189
401
229
416
189
398
226
416
189
397
226
416
189
396
224
416
189
395
223
152
93
202
30
152
93
201
32
152
93
202
31
509
124
513
208
386
69
424
106
380
76
417
111
421
276
371
308
287
193
282
178
287
193
283
178
300
83
338
84
300
83
344
85
300
83
342
84
300
83
344
86
300
83
341
85
300
83
342
85
300
83
343
86
300
83
343
85
300
83
343
84
300
83
344
84
511
162
499
244
511
162
498
243
511
162
501
245
429
206
407
252
429
206
406
252
429
206
406
249
429
206
408
249
287
204
278
188
287
204
278
186
183
162
202
106
293
87
333
87
293
87
337
87
361
190
349
211
361
190
351
208
361
190
349
210
361
190
351
206
361
190
350
210
361
190
350
209
242
247
219
207
242
247
218
208
242
247
219
205
242
247
218
207
275
159
286
142
373
136
384
160
373
136
384
162
373
136
384
161
453
44
496
112
453
44
495
112
453
44
498
111
453
44
495
113
453
44
497
113
453
44
496
113
453
44
498
110
453
44
498
112
453
44
494
112
136
123
174
53
136
123
176
52
481
116
490
192
481
116
490
191
481
116
492
189
481
116
491
190
394
74
430
114
394
74
431
114
394
74
430
115
431
208
407
252
431
208
409
254
431
208
408
252
431
208
408
253
394
228
366
255
394
228
365
253
412
189
396
226
412
189
396
225
412
189
394
223
412
189
396
227
412
189
398
226
412
189
397
226
412
189
396
224
520
129
522
218
520
129
521
218
292
162
302
151
292
162
301
152
292
162
299
150
292
162
300
150
423
186
410
228
423
186
408
228
291
164
301
152
286
198
280
179
286
198
281
181
286
198
279
179
303
84
338
84
303
84
339
85
303
84
344
85
303
84
342
84
303
84
344
86
303
84
349
87
303
84
340
86
303
84
341
85
303
84
338
85
303
84
340
85
303
84
342
85
303
84
344
87
303
84
343
86
303
84
343
85
303
84
339
86
360
107
384
130
360
107
385
130
309
81
348
85
309
81
344
85
309
81
349
86
309
81
342
84
309
81
343
83
309
81
343
84
309
81
344
84
309
81
343
82
309
81
346
84
309
81
345
84
490
122
496
198
467
61
501
134
467
61
501
133
275
154
289
139
275
154
288
140
509
141
507
223
513
162
499
244
513
162
501
245
430
208
407
252
430
208
406
252
430
208
408
252
430
208
408
253
363
107
388
133
363
107
387
131
363
107
387
132
363
107
388
132
468
65
503
135
423
279
370
312
423
279
372
310
423
279
371
311
494
171
481
246
208
97
251
56
208
97
251
57
208
97
250
56
208
97
253
57
242
250
217
209
242
250
218
208
242
250
217
210
242
250
218
212
242
250
216
211
242
250
218
207
242
250
217
212
423
188
408
228
423
188
408
230
257
259
227
225
401
234
369
263
335
102
364
115
385
68
424
105
385
68
425
105
146
139
177
69
146
139
179
67
146
139
178
70
146
139
179
64
146
139
179
66
146
139
178
67
146
139
179
68
146
139
179
69
146
139
178
71
146
139
178
69
146
139
178
65
411
189
396
226
411
189
396
225
411
189
394
223
411
189
396
227
411
189
398
226
411
189
397
226
411
189
396
224
234
246
212
204
507
135
508
218
507
135
507
218
450
43
495
108
425
188
411
229
425
188
411
234
358
168
358
184
358
168
357
186
410
188
396
226
410
188
396
225
410
188
393
223
410
188
394
223
410
188
398
226
410
188
397
226
410
188
396
224
410
188
395
223
251
283
211
244
251
283
213
244
435
27
485
90
311
85
338
88
244
280
207
239
244
280
207
241
244
280
207
240
244
280
207
238
244
280
208
239
244
280
207
236
303
126
328
126
319
102
349
109
319
102
351
109
319
102
346
107
319
102
348
108
481
117
490
192
481
117
490
191
474
168
464
233
474
168
466
234
275
155
289
139
275
155
287
141
275
155
288
140
308
81
348
85
308
81
344
85
308
81
349
86
308
81
342
84
308
81
349
87
308
81
343
83
308
81
343
85
308
81
343
84
308
81
344
84
308
81
343
82
308
81
346
84
308
81
345
84
383
189
374
214
513
164
500
246
513
164
499
246
286
194
282
178
286
194
281
178
362
191
349
211
362
191
351
208
362
191
350
211
362
191
349
210
362
191
351
206
362
191
350
210
362
191
350
209
149
166
167
96
149
166
168
95
458
157
452
216
458
157
453
216
458
157
452
215
310
83
344
86
310
83
342
85
310
83
344
87
310
83
343
86
310
83
343
85
148
141
177
69
148
141
179
73
148
141
179
67
148
141
180
74
148
141
178
72
148
141
178
70
148
141
180
71
148
141
178
73
148
141
179
68
148
141
179
69
148
141
178
71
148
141
178
69
148
141
179
75
148
141
179
74
148
141
180
72
148
141
179
71
507
136
508
219
507
136
507
218
150
149
177
81
248
283
209
243
248
283
211
244
384
63
426
100
384
63
425
100
192
132
222
82
154
144
181
79
154
144
181
80
154
144
182
79
154
144
181
78
154
144
181
76
244
245
221
204
244
245
220
205
275
163
286
145
308
84
344
86
308
84
340
86
308
84
341
85
308
84
342
85
308
84
344
87
308
84
343
86
308
84
340
87
308
84
343
85
308
84
339
86
259
249
233
217
259
249
233
219
137
123
175
55
137
123
176
52
137
123
175
54
137
123
177
51
137
123
176
53
455
49
494
117
455
49
496
118
455
49
495
118
455
49
494
118
455
49
494
119
455
49
496
119
455
49
495
119
488
122
495
198
256
260
226
226
358
105
383
128
358
105
383
127
358
105
383
126
462
151
460
212
462
151
460
214
462
151
460
213
462
151
459
213
151
93
202
30
151
93
201
30
429
215
403
258
429
215
404
257
429
215
403
256
429
215
404
258
402
64
442
108
402
64
442
107
402
64
441
111
402
64
442
109
506
131
507
212
506
131
508
213
151
145
180
75
151
145
180
76
151
145
180
74
151
145
180
77
151
145
182
73
151
145
181
74
151
145
181
75
151
145
182
71
151
145
181
76
377
186
368
210
377
186
367
211
377
186
367
210
377
186
368
213
377
186
369
211
324
103
349
109
324
103
353
112
324
103
351
111
324
103
349
110
324
103
356
112
324
103
352
110
324
103
348
110
324
103
354
112
457
61
493
130
457
61
492
131
457
61
493
129
470
56
505
131
470
56
505
132
463
151
460
214
479
165
468
230
479
165
468
233
455
36
501
107
455
36
504
107
455
36
502
107
455
36
501
106
455
36
502
106
455
36
504
105
455
36
503
107
455
36
504
106
455
36
503
108
455
36
502
108
154
112
195
50
154
112
192
52
244
256
217
213
244
256
217
217
244
256
217
216
244
256
216
215
244
256
216
214
306
103
332
100
306
103
338
105
306
103
340
104
277
156
289
139
450
42
495
108
450
42
494
107
154
149
181
79
154
149
181
83
154
149
182
82
154
149
180
80
154
149
180
83
154
149
181
80
154
149
182
79
154
149
181
78
391
224
364
250
423
281
371
312
423
281
370
312
423
281
371
311
423
281
369
315
423
281
369
314
481
166
467
235
481
166
468
235
481
166
468
233
512
164
500
246
512
164
497
245
512
164
499
246
410
189
396
226
410
189
396
225
410
189
393
223
410
189
394
223
410
189
396
227
410
189
398
226
410
189
397
226
301
103
328
100
301
103
327
99
302
139
317
135
302
139
318
135
306
126
328
126
306
126
329
126
422
282
370
312
422
282
371
311
422
282
369
314
507
119
514
202
507
119
514
203
255
259
226
226
255
259
226
224
255
259
227
225
358
170
357
186
358
170
357
187
403
126
416
166
403
126
417
163
403
126
417
166
403
126
417
165
383
63
426
100
383
63
425
100
141
128
177
58
141
128
177
60
141
128
176
60
141
128
176
61
141
128
178
60
141
128
177
59
361
108
385
130
497
169
485
246
277
162
289
145
277
162
289
144
277
162
286
145
277
162
291
146
336
132
351
142
336
132
350
141
443
43
488
107
421
286
366
318
421
286
367
317
421
286
365
319
419
185
408
228
250
313
198
269
250
313
198
270
154
148
181
79
154
148
181
83
154
148
182
82
154
148
180
77
154
148
180
80
154
148
181
80
154
148
182
79
154
148
181
78
248
314
197
270
386
190
374
216
337
133
351
142
337
133
350
142
152
144
180
75
152
144
180
76
152
144
180
77
152
144
182
73
152
144
181
74
152
144
181
75
152
144
181
78
152
144
181
76
429
216
403
258
429
216
404
257
429
216
403
256
373
137
384
162
373
137
384
161
422
283
370
314
422
283
370
312
422
283
371
311
422
283
369
315
422
283
369
314
457
63
493
130
457
63
492
131
457
63
492
132
457
63
493
129
424
277
371
312
424
277
372
310
424
277
371
311
380
71
419
106
380
71
419
107
318
103
349
109
318
103
346
108
318
103
351
109
318
103
346
109
318
103
344
108
318
103
346
107
318
103
352
110
318
103
343
107
318
103
348
108
190
133
222
82
330
101
359
111
424
279
370
314
424
279
371
312
402
62
442
108
402
62
442
107
402
62
442
109
402
62
441
107
423
195
406
237
423
195
405
237
423
195
404
238
423
195
406
239
156
145
181
80
156
145
182
79
319
104
349
109
319
104
346
108
319
104
347
110
319
104
346
109
319
104
349
110
319
104
344
108
319
104
348
110
319
104
343
107
392
226
365
252
422
274
371
309
422
274
371
308
273
160
286
145
358
106
383
128
358
106
383
127
395
226
368
252
395
226
367
253
395
226
368
253
311
81
342
84
311
81
349
87
311
81
343
83
311
81
343
85
311
81
343
84
311
81
344
84
333
129
351
140
244
250
219
209
244
250
220
213
275
156
289
139
275
156
287
141
275
156
288
140
393
228
364
255
393
228
365
253
155
142
182
79
480
164
468
233
256
247
231
217
417
284
365
315
244
277
208
236
242
248
219
207
242
248
217
209
242
248
218
208
242
248
219
209
242
248
218
207
457
62
493
130
457
62
492
131
457
62
492
132
457
62
493
129
334
133
350
142
460
151
457
212
460
151
457
213
460
151
459
213
460
151
458
213
460
151
456
212
302
87
336
87
302
87
338
89
302
87
338
88
302
87
337
87
292
164
301
152
156
152
182
85
156
152
182
86
156
152
181
83
156
152
180
85
156
152
182
87
156
152
182
84
151
142
180
75
151
142
180
76
151
142
180
74
151
142
182
73
151
142
181
74
151
142
181
75
151
142
182
71
151
142
181
76
286
162
295
149
286
162
295
148
286
162
294
150
286
162
294
149
286
162
294
148
286
162
294
151
286
162
297
149
286
162
296
148
327
103
356
112
327
103
352
110
327
103
357
113
327
103
354
112
375
135
387
160
375
135
388
161
375
135
388
160
375
135
387
164
375
135
387
161
140
103
187
34
421
188
404
227
421
188
406
230
472
59
504
135
472
59
508
134
195
96
242
51
195
96
240
52
195
96
239
50
195
96
241
52
205
91
252
50
205
91
249
51
205
91
253
52
138
135
172
63
138
135
173
61
289
160
298
148
289
160
298
149
289
160
297
148
289
160
299
150
289
160
300
150
424
291
367
324
424
291
367
323
457
35
505
104
457
35
504
107
457
35
504
105
457
35
503
107
457
35
504
106
313
79
340
81
313
79
343
82
138
128
175
55
138
128
175
56
138
128
175
57
138
128
176
55
138
128
176
53
138
128
174
58
151
125
187
61
151
125
188
59
155
126
192
60
305
103
332
100
305
103
340
104
475
167
464
231
475
167
464
233
475
167
466
231
475
167
466
234
475
167
468
233
153
147
180
76
153
147
181
79
153
147
180
77
153
147
180
80
153
147
181
80
153
147
181
75
153
147
182
79
153
147
181
78
153
147
179
80
153
147
181
76
155
151
182
85
155
151
179
85
155
151
182
86
155
151
181
83
155
151
182
82
155
151
180
83
155
151
180
85
155
151
182
84
327
113
351
121
327
113
353
122
327
113
354
123
327
113
352
121
204
100
247
58
204
100
248
58
204
100
246
59
417
295
359
323
417
295
360
323
417
295
358
323
462
159
455
219
178
224
169
158
417
194
401
230
457
158
451
217
457
158
451
216
303
82
344
85
303
82
342
84
303
82
344
86
303
82
349
87
303
82
342
85
303
82
343
83
303
82
343
85
303
82
343
84
303
82
344
84
303
82
345
84
475
168
467
235
475
168
464
233
475
168
466
234
450
48
493
113
155
91
208
29
155
91
206
30
155
91
205
31
310
87
338
89
310
87
337
89
421
287
366
318
421
287
367
317
421
287
365
319
421
287
365
320
421
287
367
318
420
189
402
228
420
189
405
231
420
189
404
227
420
189
406
230
420
189
406
231
454
156
451
215
287
197
282
178
287
197
281
178
287
197
281
181
445
41
489
105
445
41
488
107
445
41
490
106
445
41
489
106
489
123
495
198
463
153
460
214
463
153
458
216
316
103
349
109
316
103
346
108
316
103
351
109
316
103
344
108
316
103
346
107
316
103
343
107
316
103
348
108
427
184
414
228
385
188
375
214
385
188
376
213
385
188
374
214
422
185
410
228
422
185
408
228
258
258
228
225
242
276
208
236
242
276
207
236
242
276
208
233
317
104
349
109
317
104
346
108
317
104
346
109
317
104
344
108
317
104
343
108
317
104
343
107
317
104
345
109
315
104
349
109
315
104
346
108
315
104
341
107
315
104
340
106
315
104
346
109
315
104
344
108
315
104
343
108
315
104
343
107
315
104
345
109
315
104
341
106
315
104
348
108
466
60
502
132
466
60
502
131
147
140
177
69
147
140
179
73
147
140
179
67
147
140
178
72
147
140
178
70
147
140
179
66
147
140
178
73
147
140
178
67
147
140
179
68
147
140
179
69
147
140
178
71
147
140
178
69
147
140
179
71
449
142
451
201
449
142
451
200
455
41
498
108
455
41
500
107
455
41
497
109
455
41
499
109
455
41
500
111
455
41
498
111
455
41
499
112
455
41
500
108
455
41
501
109
455
41
499
111
455
41
500
110
455
41
498
110
455
41
501
108
455
41
499
108
455
41
501
111
455
41
500
109
154
93
206
30
154
93
205
32
154
93
205
31
153
124
190
58
153
124
190
59
189
129
221
78
448
47
490
113
293
154
304
145
393
72
431
112
327
104
354
113
327
104
353
112
327
104
347
110
327
104
351
111
327
104
349
110
327
104
356
112
327
104
348
110
327
104
357
113
327
104
354
112
207
97
251
56
207
97
251
57
207
97
249
57
207
97
250
56
454
44
496
112
454
44
495
112
454
44
500
111
454
44
498
111
454
44
499
112
454
44
499
111
454
44
495
113
454
44
497
113
454
44
496
113
454
44
498
110
454
44
498
112
454
44
498
114
364
103
389
128
364
103
390
128
364
103
389
127
311
87
337
89
385
63
427
101
385
63
426
101
385
63
426
100
424
283
369
316
383
62
425
100
151
143
180
75
151
143
180
76
151
143
180
74
151
143
180
77
151
143
182
73
151
143
181
74
151
143
181
75
151
143
181
76
452
149
451
207
430
190
413
235
478
48
516
127
391
74
426
113
391
74
428
113
424
286
369
318
424
286
368
319
453
37
500
107
453
37
501
107
453
37
501
106
145
98
194
32
145
98
195
31
145
98
195
32
450
145
451
202
455
43
499
114
455
43
496
112
455
43
497
109
455
43
499
109
455
43
500
111
455
43
498
111
455
43
499
112
455
43
501
109
455
43
499
111
455
43
497
113
455
43
500
110
455
43
498
110
455
43
498
112
455
43
498
114
455
43
501
111
455
43
500
109
141
132
177
63
141
132
177
58
141
132
177
60
141
132
176
64
141
132
176
60
141
132
176
61
141
132
178
60
141
132
176
62
141
132
177
59
446
38
491
104
299
265
264
248
299
265
263
247
299
265
264
247
449
41
492
107
449
41
493
107
449
41
494
107
309
129
329
128
309
129
331
129
331
104
360
115
331
104
361
115
331
104
359
115
331
104
356
112
331
104
358
115
331
104
358
114
331
104
357
113
417
290
361
321
417
290
360
321
417
290
359
321
420
284
365
315
420
284
365
317
242
251
217
209
242
251
217
210
242
251
217
213
242
251
218
212
242
251
216
211
242
251
217
212
242
251
218
214
242
251
216
212
202
100
247
58
456
156
451
215
456
156
452
216
456
156
453
216
456
156
452
215
309
84
344
86
309
84
340
86
309
84
344
87
309
84
343
86
309
84
340
87
149
140
179
73
149
140
180
74
149
140
178
72
149
140
180
71
149
140
178
73
149
140
179
69
149
140
182
71
149
140
178
71
149
140
179
75
149
140
179
74
149
140
180
72
149
140
179
71
501
119
507
200
360
205
345
214
360
205
345
217
381
77
417
111
139
120
179
50
139
120
180
48
156
93
208
30
378
186
369
210
378
186
368
213
378
186
369
211
275
164
286
145
511
123
513
208
258
262
227
228
333
101
364
114
403
68
441
113
403
68
442
118
403
68
441
112
475
118
485
192
475
118
485
189
475
118
485
191
247
313
195
270
247
313
197
270
470
57
505
131
470
57
505
132
260
298
213
262
303
139
318
135
400
221
374
251
400
221
375
250
400
221
375
249
400
221
373
252
400
221
374
250
257
257
228
224
450
143
451
201
450
143
451
202
450
143
452
201
242
253
217
213
242
253
216
211
242
253
215
214
242
253
217
216
242
253
217
212
242
253
216
215
242
253
216
212
242
253
216
214
194
132
224
82
378
189
368
215
378
189
368
213
378
189
366
214
273
153
287
139
258
253
231
220
258
253
230
222
422
292
364
323
422
292
364
324
422
292
365
323
304
140
320
136
456
49
498
116
456
49
497
117
456
49
496
118
456
49
495
118
456
49
494
118
456
49
497
118
456
49
498
117
456
49
496
119
456
49
495
119
401
217
376
248
401
217
375
248
416
278
364
309
366
118
386
142
303
140
320
136
303
140
319
136
303
140
318
135
377
185
368
210
377
185
367
211
377
185
367
210
377
185
368
213
377
185
368
209
395
178
388
208
423
290
364
323
423
290
364
324
423
290
365
323
423
290
366
323
151
151
178
82
151
151
177
81
151
151
177
83
444
40
489
105
444
40
490
104
142
131
177
63
142
131
177
60
142
131
176
64
142
131
178
60
142
131
178
62
142
131
176
62
235
252
211
209
286
163
295
149
286
163
293
152
286
163
294
150
286
163
294
149
286
163
294
151
286
163
293
151
150
171
167
100
245
281
207
239
245
281
209
243
245
281
207
241
245
281
207
240
245
281
207
238
245
281
208
239
353
106
379
126
455
158
451
217
286
197
281
178
286
197
280
179
286
197
281
181
151
141
180
75
151
141
180
76
151
141
180
74
151
141
182
73
151
141
181
74
151
141
181
75
151
141
182
71
151
140
180
75
151
140
180
74
151
140
182
73
151
140
181
74
151
140
182
71
330
131
348
139
422
281
370
312
422
281
369
314
151
97
201
32
151
97
200
34
151
97
199
35
458
67
492
132
458
67
492
133
316
102
349
109
316
102
346
108
316
102
346
107
316
102
348
108
383
77
418
113
432
208
407
252
432
208
409
254
432
208
408
252
432
208
408
253
432
208
408
249
259
299
213
262
256
262
226
228
402
188
388
221
402
188
389
221
148
95
198
30
148
95
200
29
148
95
198
31
184
162
202
106
309
103
340
104
309
103
341
106
452
48
493
113
452
48
494
113
452
48
495
115
452
48
495
113
452
48
494
115
359
217
338
229
196
100
240
55
154
113
193
53
154
113
192
53
154
113
195
50
154
113
194
53
154
113
192
52
150
141
180
74
150
141
182
71
150
141
179
75
150
141
179
74
150
141
180
72
301
81
348
85
301
81
342
84
301
81
340
81
301
81
343
83
301
81
343
84
301
81
344
84
301
81
343
82
301
81
346
84
301
81
345
84
301
81
347
84
204
99
247
58
204
99
248
57
204
99
248
58
204
99
249
58
450
146
450
205
404
126
416
166
404
126
417
163
404
126
417
166
404
126
417
165
476
163
468
228
476
163
468
229
476
163
468
230
476
163
467
230
476
163
466
231
476
163
467
229
418
293
359
323
418
293
360
323
418
293
361
321
418
293
361
322
418
290
361
321
418
290
360
321
418
290
361
322
297
262
263
244
380
185
370
211
318
104
346
108
318
104
344
108
318
104
343
108
318
104
343
107
478
49
516
127
275
165
286
145
457
156
452
214
457
156
452
216
457
156
453
216
457
156
452
215
477
163
468
228
477
163
468
229
477
163
468
230
477
163
467
230
477
163
467
229
136
125
174
53
136
125
176
52
371
35
423
68
371
35
425
69
371
35
424
69
425
291
367
324
137
127
175
55
137
127
176
52
137
127
175
54
137
127
176
53
152
94
202
30
152
94
201
32
152
94
202
31
458
156
452
214
458
156
453
216
458
156
452
215
400
35
454
82
276
162
286
145
387
62
428
101
387
62
429
101
402
35
455
82
402
35
454
82
402
35
455
83
402
35
454
83
362
103
389
127
363
104
389
128
363
104
390
128
363
104
389
127
363
104
388
132
419
189
402
228
419
189
405
231
419
189
404
227
419
189
406
230
405
127
416
166
405
127
417
163
405
127
417
166
405
127
417
165
377
136
388
163
154
146
181
79
154
146
181
80
154
146
182
79
154
146
181
78
154
146
181
76
422
273
371
309
422
273
371
308
376
136
388
163
376
136
387
164
379
191
369
215
379
191
368
215
379
191
368
213
379
191
367
217
435
209
409
254
435
209
408
252
435
209
408
253
421
189
405
231
421
189
404
227
421
189
406
230
421
189
406
231
456
50
497
117
456
50
496
118
456
50
495
118
456
50
494
118
456
50
497
118
456
50
494
119
456
50
496
119
456
50
495
119
332
131
350
140
139
130
176
56
139
130
175
56
139
130
175
57
139
130
176
55
139
130
173
61
139
130
174
59
424
278
371
312
424
278
371
311
425
288
368
322
382
191
369
217
382
191
369
215
382
191
371
216
382
191
370
215
421
196
404
238
396
29
453
75
455
159
450
217
301
139
317
135
301
139
318
135
301
139
316
135
421
282
370
312
421
282
369
314
150
126
186
60
150
126
187
61
150
126
186
61
451
48
493
113
451
48
494
113
293
160
303
149
293
160
302
150
293
160
303
150
293
160
302
151
293
160
301
152
293
160
300
150
466
61
502
132
466
61
501
133
258
283
220
246
258
283
218
246
258
283
219
248
150
140
180
74
150
140
182
71
150
140
179
74
150
140
180
72
247
254
219
209
247
254
220
213
155
93
206
30
155
93
205
32
155
93
205
31
155
93
208
30
313
81
344
85
313
81
342
84
313
81
349
87
313
81
342
85
313
81
343
85
313
81
343
84
155
144
181
79
155
144
181
80
155
144
182
79
155
144
181
78
416
292
359
322
416
292
361
321
416
292
360
321
416
292
359
321
416
292
358
321
331
103
361
115
331
103
357
113
142
133
177
63
142
133
177
60
142
133
176
64
142
133
178
60
142
133
178
62
142
133
176
62
481
118
490
192
481
118
490
191
177
228
167
163
177
228
167
164
455
44
501
113
455
44
499
114
455
44
499
115
455
44
496
112
455
44
500
111
455
44
498
111
455
44
499
112
455
44
499
111
455
44
497
113
455
44
500
110
455
44
496
113
455
44
498
110
455
44
498
112
455
44
498
114
455
44
501
111
248
282
209
243
248
282
211
244
419
281
366
314
243
251
217
209
243
251
218
208
243
251
217
210
243
251
218
212
243
251
219
215
243
251
216
211
243
251
217
212
243
251
218
214
510
140
507
223
510
140
508
223
421
187
408
228
421
187
408
230
421
187
404
227
421
187
406
230
140
128
176
59
140
128
177
58
140
128
177
57
244
282
206
241
244
282
207
239
244
282
207
241
244
282
207
240
244
282
206
240
244
282
207
238
244
282
208
239
244
282
206
242
395
29
453
75
455
46
499
114
455
46
499
115
455
46
496
112
455
46
498
116
455
46
499
112
455
46
497
115
455
46
496
115
455
46
495
115
455
46
495
113
455
46
497
113
455
46
496
113
455
46
498
112
455
46
498
114
195
133
224
82
195
133
226
84
386
70
424
107
386
70
425
107
462
155
459
218
462
155
459
217
462
155
458
218
462
155
458
216
462
155
457
218
242
256
215
217
242
256
215
214
242
256
214
216
242
256
216
215
242
256
215
216
242
256
216
214
395
74
431
114
139
119
179
50
139
119
180
48
139
119
178
49
295
87
336
87
295
87
340
87
295
87
338
88
295
87
339
86
295
87
337
87
276
160
289
144
421
285
370
312
421
285
367
317
421
285
365
317
390
222
364
247
430
216
403
258
430
216
404
257
430
216
403
256
430
216
404
258
453
46
496
112
453
46
495
112
453
46
494
113
453
46
495
115
453
46
495
113
453
46
496
113
453
46
494
112
453
46
494
115
386
186
375
214
386
186
376
213
294
159
305
149
294
159
303
149
294
159
302
150
294
159
303
150
294
159
302
151
294
159
301
152
311
82
344
85
311
82
342
84
311
82
344
86
311
82
341
85
311
82
342
85
311
82
343
86
311
82
343
85
311
82
343
84
390
218
365
244
301
87
336
87
301
87
338
89
301
87
338
88
301
87
337
87
456
158
451
217
471
60
504
135
471
60
503
135
471
60
504
134
244
281
206
241
244
281
207
239
244
281
207
241
244
281
207
240
244
281
206
240
244
281
207
238
244
281
208
239
244
281
206
242
331
100
360
111
477
168
467
235
477
168
468
235
477
168
466
234
477
168
468
233
277
161
289
145
277
161
289
144
362
108
387
131
362
108
386
132
362
108
387
132
362
108
386
131
409
190
394
227
409
190
396
226
409
190
396
227
291
161
302
150
291
161
301
149
291
161
298
149
291
161
302
151
291
161
301
152
291
161
299
150
291
161
300
150
424
285
369
318
424
285
368
319
510
125
516
210
416
191
396
226
416
191
396
225
416
191
401
229
416
191
396
227
416
191
398
226
416
191
397
226
416
191
401
230
314
104
349
109
314
104
346
108
314
104
341
107
314
104
340
106
314
104
344
108
314
104
343
108
314
104
343
107
314
104
345
109
314
104
341
106
454
43
496
112
454
43
497
109
454
43
499
109
454
43
500
111
454
43
498
111
454
43
499
112
454
43
499
111
454
43
497
113
454
43
500
110
454
43
498
110
454
43
498
112
454
43
498
114
454
43
500
109
142
132
177
63
142
132
177
60
142
132
176
64
142
132
178
60
142
132
178
62
142
132
176
62
375
134
387
160
375
134
386
160
375
134
388
161
375
134
388
160
375
134
387
164
375
134
387
161
329
104
352
112
329
104
354
113
329
104
353
112
329
104
350
111
329
104
356
114
329
104
356
112
329
104
358
114
329
104
357
113
329
104
354
112
401
62
442
107
401
62
441
107
376
135
388
163
376
135
388
161
376
135
387
164
458
158
452
216
385
190
374
216
188
129
221
78
154
111
195
50
154
111
192
52
401
233
370
259
401
233
369
262
401
233
370
260
457
48
498
116
457
48
497
117
457
48
496
118
457
48
499
116
457
48
497
115
457
48
497
118
457
48
498
117
457
48
498
118
457
48
500
117
259
251
232
220
511
165
497
246
511
165
496
245
511
165
497
245
198
98
245
55
198
98
241
52
276
155
289
139
372
136
384
160
372
136
384
162
372
136
384
161
393
226
365
252
393
226
365
253
423
273
371
309
423
273
371
308
463
155
459
218
463
155
459
217
463
155
458
219
463
155
458
218
463
155
458
216
463
155
457
218
359
103
386
126
141
130
177
63
141
130
177
58
141
130
177
60
141
130
176
64
141
130
176
60
141
130
176
61
141
130
178
60
141
130
176
62
141
130
177
59
457
49
498
120
457
49
497
117
457
49
496
118
457
49
495
118
457
49
497
118
457
49
498
117
457
49
498
118
457
49
496
119
457
49
497
120
388
65
428
103
388
65
428
104
248
313
198
269
248
313
197
270
248
313
198
270
155
110
195
50
242
273
208
231
404
127
416
166
404
127
417
166
404
127
417
165
425
271
374
308
156
148
182
82
156
148
181
80
156
148
182
79
382
76
417
111
152
143
180
76
152
143
180
77
152
143
182
73
152
143
181
74
152
143
181
75
152
143
181
76
453
38
498
108
453
38
500
107
453
38
501
107
453
38
500
108
453
38
497
107
453
38
501
108
453
38
499
108
137
133
175
55
137
133
171
63
136
124
174
53
136
124
176
52
256
255
228
222
235
246
212
204
422
284
370
314
422
284
369
316
422
284
371
312
422
284
370
312
422
284
367
317
422
284
371
311
422
284
369
315
422
284
369
314
450
46
493
113
450
46
494
112
321
104
352
112
321
104
353
112
321
104
347
110
321
104
351
111
321
104
349
110
321
104
350
111
321
104
352
110
321
104
348
110
321
104
354
112
382
190
371
216
382
190
370
215
303
86
340
86
303
86
344
87
303
86
343
86
303
86
340
87
303
86
339
86
337
112
364
125
295
84
340
85
283
152
297
139
234
247
212
204
307
127
328
126
307
127
326
126
307
127
331
128
307
127
330
128
307
127
329
126
421
281
370
312
421
281
365
315
421
281
366
314
386
188
375
214
386
188
374
216
386
188
376
213
506
136
507
218
356
217
333
228
151
96
201
32
151
96
202
31
151
96
200
34
151
96
200
32
385
191
374
216
151
126
186
60
151
126
187
61
151
126
186
61
151
126
188
59
150
166
168
96
150
166
168
95
355
105
381
127
242
280
206
241
242
280
206
236
242
280
207
239
242
280
208
236
242
280
205
238
242
280
207
241
242
280
207
240
242
280
206
240
242
280
207
238
242
280
208
239
242
280
207
236
242
280
206
242
384
62
426
100
384
62
425
100
409
186
397
223
409
186
392
222
449
140
451
200
463
159
456
220
292
159
302
148
292
159
303
149
292
159
302
150
292
159
301
149
292
159
303
150
292
159
302
151
292
159
303
148
292
159
299
150
292
159
300
150
151
99
200
34
151
99
199
35
334
130
351
140
335
104
364
117
335
104
364
116
152
91
202
30
152
91
201
30
374
135
387
160
374
135
386
160
374
135
388
160
374
135
387
161
429
214
403
258
429
214
404
257
429
214
403
256
429
214
404
258
458
61
493
130
458
61
492
131
458
61
493
129
458
61
494
130
195
282
163
221
431
215
403
258
431
215
404
257
431
215
403
256
431
215
404
258
418
188
404
227
403
67
441
113
403
67
442
118
403
67
441
112
403
67
441
111
478
165
468
230
478
165
467
230
478
165
468
233
309
82
344
85
309
82
342
84
309
82
344
86
309
82
349
87
309
82
342
85
309
82
343
85
309
82
343
84
309
82
344
84
417
293
359
322
417
293
359
323
417
293
360
323
417
293
361
321
417
293
360
321
417
293
358
323
417
293
359
321
417
293
358
321
417
293
361
322
403
35
455
82
403
35
454
82
403
35
455
83
430
215
403
258
430
215
404
257
430
215
403
256
430
215
404
258
379
187
368
215
379
187
368
213
379
187
370
211
379
187
369
211
477
48
516
126
364
135
378
156
148
99
196
34
387
65
427
104
387
65
428
103
387
65
427
103
254
282
216
246
254
282
216
243
424
274
372
310
424
274
371
311
276
156
289
139
276
156
288
140
424
185
410
228
424
185
411
229
480
165
468
233
154
115
193
53
154
115
195
50
154
115
195
54
154
115
194
53
420
190
402
228
420
190
405
231
420
190
406
230
420
190
406
231
420
190
404
231
242
281
206
241
242
281
206
236
242
281
207
239
242
281
205
238
242
281
207
241
242
281
207
240
242
281
206
240
242
281
207
238
242
281
208
239
242
281
207
236
242
281
206
242
459
150
457
212
459
150
456
211
459
150
456
212
243
243
221
204
418
289
361
321
453
39
498
108
453
39
500
107
453
39
499
109
453
39
500
108
453
39
497
107
453
39
499
108
453
39
500
109
149
142
179
73
149
142
180
74
149
142
178
72
149
142
180
71
149
142
178
73
149
142
179
75
149
142
179
74
149
142
180
72
149
142
179
71
417
193
401
229
417
193
396
227
417
193
401
230
155
112
193
53
155
112
195
50
155
112
194
53
155
112
192
52
320
104
349
109
320
104
353
112
320
104
347
110
320
104
351
111
320
104
349
110
320
104
350
111
320
104
352
110
320
104
348
110
320
104
354
112
420
287
366
318
420
287
365
319
420
287
365
317
301
84
338
84
301
84
339
85
301
84
344
85
301
84
342
84
301
84
344
86
301
84
349
87
301
84
340
86
301
84
341
85
301
84
338
85
301
84
340
85
301
84
342
85
301
84
344
87
301
84
343
86
301
84
343
85
301
84
343
84
464
156
459
218
464
156
459
217
464
156
458
219
464
156
458
218
392
72
428
113
259
253
231
220
259
253
232
220
310
82
344
85
310
82
342
84
310
82
344
86
310
82
349
87
310
82
341
85
310
82
342
85
310
82
343
86
310
82
343
85
310
82
343
84
205
99
247
58
205
99
249
57
205
99
248
57
205
99
248
58
205
99
249
58
302
140
318
136
302
140
317
135
302
140
320
136
302
140
319
136
302
140
318
135
292
161
302
150
292
161
301
149
292
161
302
151
292
161
301
152
292
161
299
150
292
161
300
150
421
274
371
308
422
195
405
237
422
195
404
238
361
107
385
130
361
107
386
131
419
287
365
319
419
287
365
317
446
47
488
112
419
293
360
323
419
293
362
323
419
293
361
322
419
293
360
324
196
99
240
52
196
99
240
55
423
185
410
228
423
185
411
229
394
227
367
253
394
227
365
253
205
98
249
57
205
98
248
57
205
98
248
58
205
98
249
58
149
168
168
96
149
168
167
96
149
168
168
97
378
185
369
210
378
185
369
211
420
290
362
323
420
290
365
320
405
188
390
222
405
188
392
222
405
188
391
222
302
81
348
85
302
81
344
85
302
81
342
84
302
81
343
83
302
81
343
85
302
81
343
84
302
81
344
84
302
81
343
82
302
81
346
84
302
81
345
84
302
81
347
84
425
186
410
228
425
186
411
229
207
88
254
49
295
85
338
84
295
85
339
85
295
85
340
86
295
85
341
85
295
85
338
85
295
85
340
85
295
85
344
87
295
85
343
86
295
85
340
87
295
85
339
86
450
147
450
205
195
135
226
84
420
191
403
231
420
191
405
231
420
191
404
227
420
191
406
230
420
191
406
231
420
191
404
231
377
137
388
163
377
137
387
164
288
191
285
178
148
140
179
73
148
140
179
67
148
140
180
74
148
140
178
72
148
140
178
70
148
140
180
71
148
140
178
73
148
140
179
68
148
140
179
69
148
140
178
71
148
140
178
69
148
140
179
75
148
140
179
74
148
140
180
72
148
140
179
71
512
165
497
246
512
165
499
246
386
64
426
102
245
246
221
204
469
57
505
131
151
95
202
30
151
95
201
32
151
95
202
31
151
95
200
32
175
230
166
165
356
106
381
127
356
106
381
128
356
106
382
128
454
45
496
112
454
45
495
112
454
45
498
111
454
45
499
112
454
45
497
115
454
45
496
115
454
45
499
111
454
45
495
115
454
45
495
113
454
45
497
113
454
45
496
113
454
45
498
112
454
45
498
114
454
45
494
115
201
90
248
48
201
90
247
48
259
298
213
262
510
162
499
244
510
162
498
243
283
153
297
139
387
66
427
104
370
40
418
73
370
40
420
73
274
156
289
139
274
156
287
141
274
156
288
140
274
156
287
139
274
156
286
142
304
87
336
87
304
87
338
89
304
87
338
88
304
87
337
87
443
40
486
105
443
40
487
104
254
257
226
224
254
257
226
223
335
129
351
140
400
219
375
250
400
219
375
249
400
219
374
250
400
219
375
248
422
275
371
309
422
275
371
308
299
102
332
100
310
129
334
130
310
129
331
129
390
71
427
110
390
71
428
111
495
173
480
247
419
283
365
315
419
283
366
314
259
252
232
220
416
289
361
321
416
289
360
321
416
289
359
321
426
274
374
310
153
115
193
53
153
115
192
53
153
115
195
50
153
115
192
54
153
115
192
52
326
113
351
121
254
264
223
228
389
64
429
103
389
64
429
104
152
145
180
75
152
145
180
76
152
145
181
79
152
145
180
77
152
145
182
73
152
145
181
74
152
145
181
80
152
145
181
75
152
145
182
79
152
145
181
78
152
145
181
76
151
120
190
58
151
120
190
56
151
120
191
54
139
122
179
50
139
122
178
53
139
122
177
53
417
191
402
228
417
191
401
229
417
191
403
231
417
191
398
226
417
191
397
226
417
191
401
230
431
216
403
258
431
216
404
257
431
216
403
256
431
216
403
260
431
216
404
258
451
149
450
207
417
189
402
228
417
189
398
226
417
189
396
224
429
189
412
234
429
189
413
235
389
71
428
109
389
71
427
110
236
248
213
206
380
191
369
217
380
191
369
215
380
191
368
215
380
191
370
215
149
143
179
73
149
143
180
74
149
143
180
71
149
143
178
73
149
143
179
75
149
143
179
74
149
143
180
72
148
97
198
31
452
46
496
112
452
46
495
112
452
46
493
113
452
46
494
113
452
46
495
115
452
46
495
113
452
46
496
113
452
46
494
112
452
46
494
115
274
161
286
145
274
161
286
142
303
85
344
86
303
85
340
86
303
85
341
85
303
85
338
85
303
85
340
85
303
85
342
85
303
85
344
87
303
85
343
86
303
85
340
87
303
85
343
85
303
85
339
86
153
148
180
76
153
148
181
79
153
148
180
77
153
148
180
80
153
148
179
82
153
148
180
83
153
148
181
80
153
148
182
79
153
148
181
78
153
148
179
80
153
148
181
76
401
220
375
250
401
220
375
249
401
220
374
250
452
45
496
112
452
45
495
112
452
45
494
113
452
45
495
115
452
45
495
113
452
45
496
113
452
45
494
112
452
45
494
115
455
51
496
118
455
51
495
118
455
51
494
118
455
51
494
119
455
51
496
119
455
51
495
119
303
87
336
87
303
87
338
89
303
87
338
88
303
87
337
87
500
114
509
196
500
114
511
196
500
114
507
196
334
102
364
116
334
102
364
114
334
102
364
115
387
68
426
106
510
165
497
246
510
165
496
245
510
165
497
245
390
67
430
106
424
186
410
228
424
186
411
229
151
100
199
35
496
118
504
198
449
143
451
201
449
143
451
200
417
289
361
321
417
289
360
321
479
167
467
235
479
167
468
235
479
167
466
234
479
167
468
233
390
75
426
113
291
159
302
148
291
159
302
150
291
159
298
148
291
159
301
149
291
159
298
149
291
159
302
151
291
159
297
149
291
159
303
148
291
159
299
150
291
159
300
150
150
167
168
96
150
167
168
97
310
101
342
104
293
163
301
152
409
191
394
227
409
191
393
228
409
191
396
227
409
191
394
228
501
113
508
194
501
113
509
196
501
113
511
196
309
87
338
89
309
87
337
89
301
100
335
99
301
100
336
100
156
142
182
79
257
247
231
217
449
141
451
200
310
104
341
107
310
104
340
106
310
104
338
105
310
104
339
106
310
104
341
106
457
154
454
214
333
130
351
140
482
114
493
188
381
190
369
215
381
190
371
216
381
190
370
215
156
155
182
86
156
155
180
85
156
155
182
87
389
65
428
104
389
65
429
104
274
153
289
139
274
153
288
140
274
153
287
139
403
66
441
113
403
66
441
112
403
66
441
111
403
66
442
109
206
94
253
53
461
155
457
218
138
129
175
55
138
129
175
56
138
129
175
57
138
129
176
55
138
129
176
53
138
129
174
58
386
62
426
101
273
161
286
145
332
102
363
114
332
102
364
115
455
50
494
117
455
50
496
118
455
50
495
118
455
50
494
118
455
50
494
119
455
50
496
119
455
50
495
119
418
292
359
322
418
292
360
323
418
292
361
321
418
292
360
321
418
292
361
322
255
262
224
228
420
285
365
317
195
279
164
217
287
195
282
178
287
195
283
178
360
206
345
214
360
206
345
217
417
192
401
229
417
192
396
227
417
192
398
226
417
192
397
226
417
192
401
230
200
99
245
55
456
155
452
214
456
155
453
216
456
155
452
215
386
178
379
206
360
207
345
217
308
129
329
128
308
129
331
129
