Test705.jpg
Test706.jpg
118
247
95
248
118
247
96
249
118
247
96
250
121
248
97
249
119
244
98
246
119
246
97
249
119
246
97
248
119
246
96
247
127
247
100
247
133
209
106
203
133
209
107
204
133
210
106
204
182
295
158
289
194
237
169
229
192
237
169
229
189
239
166
229
189
239
166
230
183
295
158
289
183
295
159
289
188
299
165
293
188
299
164
293
191
296
168
292
201
240
176
229
201
240
178
230
201
240
179
231
201
242
178
233
201
242
179
233
201
242
181
235
201
242
180
234
201
242
179
234
203
242
183
235
199
241
178
233
199
241
177
233
199
242
177
233
199
242
177
234
200
242
178
233
200
242
179
234
202
242
181
235
202
242
182
235
202
242
180
234
200
240
176
229
200
240
178
232
204
245
183
236
204
245
183
237
204
245
184
237
203
245
183
237
205
245
184
237
573
217
547
225
