Test1500.jpg
Test1501_sm_2.jpg
61
208
123
201
61
208
120
202
61
208
123
202
65
208
124
204
65
207
124
202
62
208
123
201
62
208
124
202
62
208
123
202
243
298
279
279
258
293
293
278
272
284
311
269
272
283
304
268
273
284
312
269
273
284
311
269
281
286
309
271
286
291
319
275
286
291
315
276
286
287
312
272
286
287
317
272
286
287
313
272
274
284
312
269
274
284
311
269
280
286
309
271
288
140
320
143
289
288
318
273
289
288
317
272
289
288
319
273
289
288
320
273
296
290
322
274
295
289
322
274
289
290
319
275
289
290
322
274
289
290
320
275
296
289
322
274
292
290
319
275
292
290
322
274
292
290
320
275
371
232
392
226
370
233
391
227
366
232
390
225
366
232
391
225
366
232
392
226
366
232
393
225
366
232
391
226
372
231
393
226
368
234
390
228
364
233
390
225
409
211
430
206
410
234
427
227
410
234
428
227
408
231
427
226
410
232
428
227
408
233
427
226
408
233
427
227
479
262
495
253
480
262
495
253
480
262
496
253
478
263
494
254
492
263
506
253
484
263
498
254
484
263
496
254
484
263
497
254
482
260
497
252
484
262
497
253
484
262
498
253
484
262
496
253
487
260
502
251
484
260
502
251
484
260
497
252
483
262
495
253
483
262
497
253
483
262
498
253
483
262
496
253
485
263
498
254
485
263
497
254
488
263
501
254
488
263
502
253
488
263
500
253
488
263
502
254
488
263
504
254
489
263
502
253
489
263
506
254
489
263
502
254
489
263
504
253
489
263
504
254
491
263
504
253
486
262
502
253
486
262
500
253
487
262
502
253
487
262
500
253
487
262
504
253
489
262
506
253
489
262
504
253
490
262
506
253
482
262
495
253
482
262
497
253
482
262
498
253
482
262
496
253
483
263
495
254
483
263
496
254
483
263
497
254
500
225
516
219
531
216
543
212
533
214
545
211
533
214
546
210
533
214
546
209
530
215
542
211
530
215
542
212
529
216
542
211
529
216
541
213
529
216
542
212
530
216
543
212
530
216
542
211
530
216
542
212
531
211
544
206
533
215
545
211
533
215
546
210
533
215
546
209
532
216
545
211
532
216
545
212
528
209
541
206
528
209
541
205
529
217
541
214
529
217
542
211
529
217
541
213
529
217
542
212
530
217
542
214
530
217
543
212
530
217
541
215
530
217
542
212
532
220
544
216
532
220
543
218
526
222
538
217
528
220
540
215
526
218
538
213
526
218
538
215
526
218
538
214
527
223
539
218
528
218
540
215
528
218
540
213
528
218
541
213
531
219
543
214
531
219
543
215
531
219
543
216
531
219
542
217
543
195
556
191
559
189
569
187
548
191
560
188
554
256
566
250
554
256
566
248
554
256
566
249
554
255
566
248
554
255
566
249
554
255
566
247
558
251
569
245
554
254
566
246
554
254
566
248
554
254
566
247
554
259
566
251
554
258
566
250
554
258
566
251
550
257
562
249
550
257
563
249
551
257
563
249
566
221
576
215
566
221
576
216
566
219
576
215
566
219
577
215
565
220
575
216
565
220
576
216
565
221
575
216
565
221
576
216
567
219
578
214
565
222
575
216
565
222
576
216
566
220
576
215
566
220
576
216
