Test2120_rot.jpg
Test2121_rot.jpg
339
136
352
146
249
224
234
193
249
224
237
193
249
224
234
192
249
224
235
195
249
224
234
191
249
224
237
196
249
224
236
193
249
224
234
195
347
266
311
271
347
266
312
270
347
266
311
269
347
266
311
270
347
231
324
237
347
231
322
237
347
231
323
238
346
230
322
236
372
151
379
172
372
151
379
171
372
151
380
171
372
151
381
172
372
151
379
173
372
151
380
174
39
218
39
109
233
229
221
192
233
229
221
191
233
229
220
192
156
250
139
183
347
276
308
278
347
276
309
278
260
211
251
187
260
211
249
186
325
232
304
229
325
232
303
229
325
232
303
230
233
226
221
190
61
295
35
189
348
267
311
271
348
267
312
270
348
267
311
270
372
147
380
169
502
204
479
270
502
204
479
271
502
204
479
269
62
288
37
182
80
217
80
122
80
217
80
123
80
217
80
124
80
217
80
121
80
217
82
124
185
243
171
189
54
297
31
187
256
204
249
178
323
284
283
277
323
284
285
278
251
227
235
195
251
227
237
197
251
227
237
196
251
227
234
195
377
149
379
172
377
149
384
174
377
149
384
173
377
149
382
173
377
149
383
173
377
149
383
172
377
149
381
172
377
149
379
173
377
149
380
174
377
149
385
173
235
230
221
193
235
230
221
192
235
230
220
194
78
216
80
122
78
216
79
120
78
216
78
120
78
216
80
123
78
216
81
121
78
216
80
121
56
296
31
188
56
296
31
187
236
230
221
193
236
230
220
195
236
230
220
194
473
164
468
224
331
234
309
235
331
234
308
235
331
234
308
234
261
208
252
183
261
208
252
181
261
213
251
187
261
213
249
187
326
216
309
214
326
216
310
216
326
216
310
214
326
216
311
215
38
219
39
109
349
321
293
320
349
321
294
320
253
204
249
178
84
217
82
125
84
217
80
124
84
217
80
126
84
217
82
124
61
269
44
166
61
269
47
167
61
269
46
165
61
269
47
165
61
269
43
165
61
269
45
165
61
269
47
166
61
269
44
165
325
228
304
229
325
228
303
229
325
228
305
225
325
228
303
227
325
228
304
228
325
228
304
224
325
228
304
226
325
228
304
225
349
320
293
320
349
320
294
320
264
215
253
191
264
215
253
192
62
272
44
168
62
272
43
167
61
272
44
168
278
204
271
185
278
204
270
185
278
204
271
184
278
204
272
185
278
204
273
185
278
204
270
186
259
206
250
180
259
206
249
178
259
206
252
181
350
277
311
281
405
174
398
205
59
271
44
168
59
271
43
167
372
148
380
169
372
148
379
171
372
148
380
171
453
183
440
230
345
230
322
236
294
205
283
192
294
205
284
192
294
205
285
191
294
205
284
193
350
274
312
279
186
243
171
189
80
216
80
122
80
216
79
120
80
216
78
120
80
216
80
123
80
216
81
121
80
216
80
124
80
216
80
121
347
230
322
236
332
235
309
235
332
235
308
235
372
141
381
164
372
141
381
162
350
276
311
280
253
220
243
192
248
224
234
193
248
224
234
192
248
224
235
195
248
224
234
191
248
224
236
193
248
224
234
195
321
285
282
278
234
230
221
193
234
230
220
194
61
270
44
166
61
270
43
165
61
270
43
167
61
214
60
113
61
214
61
113
325
283
286
278
325
283
286
277
234
225
221
190
332
239
307
240
373
150
379
172
373
150
379
171
373
150
383
172
373
150
380
171
373
150
381
172
373
150
379
173
65
295
41
189
65
295
40
190
320
321
269
312
36
220
36
110
211
323
161
271
211
323
162
273
211
323
162
271
58
214
61
113
349
276
311
280
349
276
311
281
349
276
310
280
324
226
305
220
376
151
384
174
376
151
384
173
376
151
382
173
376
151
383
173
376
151
381
175
376
151
383
172
376
151
381
172
376
151
379
173
376
151
380
174
322
286
282
278
322
215
309
214
322
215
307
214
322
215
308
214
322
215
310
214
322
215
307
213
323
211
310
210
323
211
311
210
323
211
312
211
323
211
311
211
156
249
142
183
156
249
140
182
211
321
164
270
211
321
161
271
211
321
162
269
211
321
162
271
247
224
234
193
247
224
234
192
247
224
235
195
247
224
234
191
247
224
234
195
345
234
322
238
345
234
321
240
345
234
322
239
370
314
314
322
163
240
149
178
163
240
149
176
234
229
221
193
234
229
221
192
234
229
221
191
234
229
220
192
234
229
220
194
62
270
44
166
62
270
47
167
62
270
44
168
62
270
43
165
62
270
43
167
62
270
44
165
248
226
234
193
248
226
234
192
248
226
235
195
248
226
234
191
248
226
234
195
210
322
161
271
210
322
159
271
210
322
162
271
349
273
309
276
343
242
316
245
343
242
316
246
343
242
314
251
323
215
309
214
323
215
308
214
323
215
310
214
323
215
307
213
323
215
311
215
253
219
243
192
372
146
380
169
375
152
384
173
375
152
378
176
375
152
382
173
375
152
383
173
375
152
381
175
375
152
380
176
375
152
383
172
375
152
381
172
375
152
379
173
375
152
380
174
291
205
283
192
291
205
281
192
291
205
280
193
291
205
282
192
291
205
280
191
333
238
307
240
333
238
308
240
265
207
255
182
324
214
310
214
159
248
143
182
326
230
304
229
326
230
303
229
326
230
307
228
326
230
303
230
212
321
164
270
212
321
164
271
212
321
165
270
212
321
162
271
238
231
220
195
332
240
307
240
332
240
308
240
376
152
384
173
376
152
382
173
376
152
383
173
376
152
381
175
376
152
380
176
376
152
383
172
376
152
383
176
376
152
380
174
290
204
281
192
290
204
282
192
290
204
280
191
209
322
161
271
209
322
159
271
289
204
280
191
350
272
312
277
350
272
311
276
350
272
312
278
337
227
316
230
82
215
80
124
82
215
82
124
346
232
322
238
346
232
322
237
346
232
323
238
324
215
309
214
324
215
308
214
324
215
310
214
324
215
311
215
326
215
309
214
326
215
310
214
326
215
311
215
229
227
218
189
229
227
217
189
229
227
216
190
209
321
162
269
333
237
309
237
330
238
306
238
55
280
32
171
55
280
32
172
338
136
352
146
338
136
351
145
376
148
379
172
376
148
382
173
376
148
383
173
376
148
379
171
376
148
383
172
376
148
380
171
376
148
381
172
59
269
43
165
59
269
45
165
59
269
44
165
348
320
293
320
348
320
294
320
325
292
281
280
333
240
307
240
333
240
308
240
373
151
379
172
373
151
382
173
373
151
383
172
373
151
380
171
373
151
381
172
373
151
379
173
373
151
380
174
350
275
312
279
255
204
249
178
258
215
247
188
57
295
31
188
57
295
31
187
260
221
249
195
232
229
220
192
254
222
243
194
348
266
312
270
372
140
381
164
372
140
381
162
247
222
234
192
247
222
234
191
247
222
236
193
326
226
305
224
326
226
305
223
324
286
286
281
324
286
284
280
351
274
312
279
45
216
47
109
249
225
234
193
249
225
234
192
249
225
235
195
249
225
234
191
249
225
234
195
42
217
45
110
60
278
38
172
324
224
306
221
324
224
305
219
324
224
305
220
455
183
442
230
455
183
440
230
373
149
379
172
373
149
380
169
373
149
379
171
373
149
380
171
373
149
381
172
348
276
311
280
348
276
310
280
348
276
310
279
325
324
271
315
325
324
271
316
325
324
273
315
325
324
272
316
325
324
270
315
325
324
271
314
325
324
269
315
84
214
83
119
350
319
295
320
350
319
293
320
350
319
294
320
324
293
281
280
324
223
306
221
324
223
305
219
324
223
305
220
258
213
249
187
258
213
249
186
338
242
312
242
62
287
36
181
62
287
37
182
62
287
39
181
377
152
384
174
377
152
384
173
377
152
382
173
377
152
383
173
377
152
381
175
377
152
380
176
377
152
383
172
377
152
383
176
377
152
380
174
55
296
31
187
212
322
164
271
212
322
165
271
212
322
162
271
289
205
278
192
289
205
281
192
289
205
280
191
349
309
297
310
348
318
293
318
53
208
60
106
325
229
304
229
325
229
303
229
325
229
303
227
325
229
304
228
325
229
304
226
325
229
303
230
60
295
32
188
344
233
321
238
337
228
315
231
349
277
311
281
293
204
283
192
293
204
284
192
293
204
281
192
293
204
282
192
293
204
285
191
293
204
280
191
322
217
307
214
322
217
308
214
322
217
308
216
322
217
306
215
324
211
310
210
324
211
311
210
324
211
312
211
324
211
311
211
350
273
312
278
334
238
307
240
334
238
308
240
348
275
309
278
348
275
310
279
502
205
478
271
502
205
479
272
331
240
307
240
273
208
267
189
344
234
321
238
280
207
271
190
503
204
480
270
81
217
80
122
81
217
80
123
81
217
80
124
81
217
80
126
81
217
82
124
258
204
249
178
370
152
379
172
370
152
377
171
370
152
379
171
370
152
380
171
370
152
381
172
370
152
379
173
346
234
321
240
247
225
234
193
247
225
234
192
247
225
235
195
247
225
234
191
247
225
234
195
261
211
251
187
261
211
253
186
187
243
171
189
346
231
322
238
346
231
322
237
62
271
44
166
62
271
44
168
62
271
43
167
294
204
283
192
294
204
284
192
294
204
286
193
294
204
285
191
294
204
286
192
325
219
308
218
325
219
309
218
338
228
316
231
338
228
315
232
374
152
378
176
374
152
382
173
374
152
381
175
374
152
380
176
374
152
383
172
374
152
381
172
374
152
379
173
374
152
380
174
339
135
354
145
339
135
354
144
339
135
352
146
339
135
351
145
363
233
335
246
37
219
39
109
265
215
253
191
265
215
253
192
324
219
307
217
324
219
308
218
211
322
164
270
211
322
161
271
211
322
164
271
211
322
162
271
329
216
311
215
326
205
312
204
154
248
139
181
338
134
351
143
338
134
353
143
338
134
351
144
338
134
351
145
289
207
278
192
289
207
280
193
251
222
237
193
251
222
240
193
349
272
311
276
346
321
289
321
346
321
287
321
324
320
273
312
324
320
272
311
324
320
269
312
369
314
314
322
321
216
309
214
321
216
307
214
321
216
308
214
321
216
306
214
321
216
306
215
321
216
307
213
62
284
38
178
62
284
37
177
63
295
37
190
349
308
297
309
60
269
44
166
60
269
43
165
60
269
45
165
60
269
44
165
373
148
380
169
373
148
379
171
373
148
380
171
341
243
313
251
341
243
313
250
341
243
312
251
324
216
309
214
324
216
310
216
324
216
307
214
324
216
308
214
324
216
310
214
324
216
311
215
323
216
309
214
323
216
310
216
323
216
307
214
323
216
308
214
323
216
310
214
323
216
307
213
323
216
311
215
260
206
250
180
260
206
249
178
260
206
252
181
59
295
32
188
59
295
31
188
59
295
31
187
374
149
379
172
374
149
379
171
374
149
383
172
374
149
380
171
374
149
381
172
374
149
379
173
347
272
309
276
61
284
38
178
61
284
37
177
405
173
397
205
405
173
398
205
234
228
221
190
234
228
221
193
234
228
221
192
234
228
221
191
234
228
220
192
375
151
379
172
375
151
384
173
375
151
382
173
375
151
383
173
375
151
381
175
375
151
383
172
375
151
381
172
375
151
379
173
375
151
380
174
426
113
442
158
161
245
146
181
332
220
315
223
58
277
38
172
79
217
80
122
79
217
79
120
79
217
80
123
79
217
80
124
79
217
80
121
455
182
440
230
324
229
303
229
324
229
303
227
324
229
304
228
324
229
302
229
324
229
302
226
324
229
304
226
324
229
304
225
324
229
302
228
346
276
308
278
346
276
309
278
346
276
307
278
343
240
316
245
343
240
316
246
323
285
284
280
377
130
390
155
58
269
43
165
262
213
251
187
348
272
309
274
260
214
249
187
339
280
299
278
454
183
442
230
158
251
142
185
338
241
312
242
49
217
53
113
340
135
354
145
340
135
354
146
340
135
352
146
340
135
355
145
323
222
305
219
258
212
249
187
258
212
249
186
454
182
440
230
325
323
271
315
325
323
271
316
325
323
273
315
325
323
272
316
325
323
269
313
325
323
267
313
325
323
270
315
325
323
271
314
325
323
269
312
325
323
269
315
234
226
221
190
234
226
221
191
