34_34_l.jpg
34_34_r.jpg
333
230
175
234
333
230
176
235
333
230
176
236
333
230
176
234
508
465
342
464
334
198
179
203
337
203
181
208
337
203
182
208
337
203
181
209
406
320
251
326
338
205
181
209
357
224
202
230
376
195
223
201
338
203
181
208
338
203
182
208
510
471
347
471
510
471
348
471
333
232
176
235
333
232
176
237
333
232
176
236
333
232
176
234
381
276
227
282
506
468
341
467
506
468
341
468
381
274
227
280
381
274
228
281
332
231
175
234
332
231
176
235
332
231
176
236
332
231
176
234
332
231
175
236
506
467
341
467
410
323
254
328
376
219
223
225
377
194
223
200
331
232
175
234
331
232
176
235
331
232
176
236
331
232
176
234
331
232
175
236
383
274
228
280
383
274
229
280
390
288
235
293
389
276
234
281
385
274
231
280
390
290
234
295
382
274
227
280
382
274
228
280
382
274
228
281
382
274
229
280
377
220
223
225
332
230
175
234
332
230
176
235
332
230
176
236
332
230
176
234
332
230
175
236
377
208
222
215
377
208
223
213
332
229
175
234
332
229
176
235
332
229
176
236
332
229
176
234
356
225
202
230
332
232
175
234
332
232
176
235
332
232
176
237
332
232
176
236
332
232
176
234
332
232
175
236
332
198
176
202
388
275
232
280
331
235
175
234
331
235
176
235
331
235
176
237
331
235
176
236
331
235
176
234
331
235
175
236
390
281
234
286
390
281
235
287
390
287
235
293
390
287
234
292
336
201
182
206
336
201
181
206
366
239
212
245
447
331
290
335
337
228
181
233
407
290
253
295
335
202
181
208
335
202
181
206
335
202
180
207
335
202
179
206
335
202
178
206
335
202
182
208
335
202
181
209
356
223
202
228
389
280
234
286
377
271
223
277
377
271
223
276
377
195
223
201
377
195
224
201
339
204
182
208
333
231
175
234
333
231
176
235
333
231
176
237
333
231
176
236
333
231
176
234
333
229
176
235
333
229
176
236
333
229
176
234
332
199
179
205
337
204
181
208
337
204
182
208
337
204
181
209
336
204
181
208
336
204
182
208
336
204
181
209
377
270
223
276
507
471
343
471
507
471
348
471
377
265
223
271
377
214
223
220
448
333
295
337
448
333
291
337
331
234
175
234
331
234
176
235
331
234
176
237
331
234
176
236
331
234
176
234
331
234
175
236
388
280
234
286
398
254
243
260
336
203
181
208
336
203
180
207
336
203
182
208
336
203
181
209
449
333
295
337
377
245
223
250
377
245
223
251
382
275
228
281
366
232
212
238
366
232
212
237
377
239
223
245
330
229
175
234
330
229
176
234
377
246
223
251
332
223
176
228
