11_11_l.jpg
11_11_r.jpg
186
307
50
305
186
307
50
304
186
307
49
307
186
307
48
305
216
123
89
108
216
123
87
107
302
241
175
237
185
304
51
303
185
304
50
304
185
304
51
301
185
304
48
305
185
304
49
302
185
304
49
303
185
304
50
302
212
126
83
110
212
126
84
111
186
300
51
303
186
300
51
301
179
321
34
323
172
330
34
331
184
306
48
305
184
306
49
302
184
306
49
303
210
275
51
270
185
309
49
312
185
309
48
312
186
303
50
304
186
303
51
304
186
303
49
303
187
325
52
327
321
340
201
335
187
303
50
305
187
303
51
303
187
303
50
304
187
303
51
304
187
303
49
302
187
303
49
303
187
303
50
302
185
314
55
315
320
340
200
335
263
138
137
125
263
138
136
124
262
137
136
124
263
136
137
122
263
136
137
123
216
126
86
110
321
339
201
335
321
339
200
335
