image_1827.jpg
image_1828.jpg
98
111
90
299
98
111
92
299
105
92
93
278
101
109
92
297
99
110
90
299
99
110
91
298
100
111
92
299
100
110
91
298
100
110
92
299
124
79
116
271
124
80
115
272
124
80
116
271
123
87
116
277
123
87
115
278
123
87
116
279
126
83
118
273
126
83
118
276
126
83
117
273
124
87
117
280
124
87
116
279
124
87
117
278
124
87
118
279
126
85
119
275
126
85
119
276
126
85
118
276
126
85
117
278
126
85
118
277
125
83
116
273
125
83
116
276
125
83
118
276
125
83
117
273
121
86
114
277
121
86
114
278
125
86
118
276
125
86
117
278
125
86
118
279
125
86
118
277
121
87
114
277
121
87
114
278
126
82
118
273
126
82
117
271
126
82
117
273
122
83
114
274
122
83
115
275
122
83
114
276
122
83
114
277
123
85
115
275
123
85
116
276
123
85
116
277
123
85
115
278
124
81
115
272
124
81
116
273
124
85
116
276
124
85
116
277
124
85
116
279
124
85
117
278
123
86
116
276
123
86
116
277
123
86
116
279
126
86
119
275
126
86
119
276
126
86
118
276
126
86
119
279
126
86
118
279
126
86
118
277
125
81
115
272
125
81
116
273
125
81
116
271
125
81
117
273
124
84
116
273
124
84
115
275
124
84
116
276
124
84
116
277
124
84
115
277
126
84
119
275
126
84
118
273
126
84
118
276
126
84
117
273
126
84
118
277
125
87
118
276
125
87
119
279
125
87
119
280
125
87
118
280
125
87
117
278
125
87
118
279
125
87
118
277
120
89
114
279
124
93
118
281
124
93
118
282
124
93
117
283
124
93
119
283
124
93
117
284
120
91
116
279
125
92
118
281
125
92
118
282
125
92
117
283
125
92
119
283
125
92
117
284
125
92
120
281
122
90
117
280
122
90
116
281
122
90
116
279
122
90
116
280
122
90
115
281
125
89
117
280
125
89
119
280
125
89
118
281
125
89
118
280
125
89
118
279
123
91
117
280
123
91
116
281
123
91
116
283
123
91
118
281
123
91
118
282
123
91
117
283
123
91
118
280
123
91
116
282
123
91
118
279
120
88
114
279
122
93
117
280
122
93
116
283
122
93
118
281
122
93
118
282
122
93
117
283
122
93
118
280
122
93
116
282
125
90
119
279
125
90
119
280
125
90
118
281
125
90
118
282
125
90
118
280
125
90
118
279
123
93
118
281
123
93
118
282
123
93
117
283
123
93
119
283
123
93
117
284
122
94
118
281
122
94
118
282
122
94
117
283
122
94
117
284
123
94
118
282
123
94
117
283
123
94
119
283
123
94
117
284
126
94
119
285
126
94
119
284
126
94
121
284
126
94
121
285
125
97
121
285
122
98
119
285
122
98
119
284
121
100
116
288
121
100
117
286
126
95
119
285
126
95
119
284
126
95
119
286
126
95
121
284
126
95
121
285
123
96
119
283
123
96
119
285
123
96
119
284
126
96
119
286
126
96
121
284
126
96
121
285
125
95
119
283
125
95
119
285
125
95
119
284
125
95
119
286
125
95
121
285
122
99
119
285
122
99
119
284
122
99
119
286
124
95
119
283
124
95
119
284
122
101
119
285
122
101
118
289
122
101
119
287
122
101
117
288
122
101
119
288
122
101
119
286
122
101
117
287
124
101
120
289
123
97
119
285
123
97
119
284
123
104
119
290
123
104
119
291
123
104
120
289
124
104
120
289
123
102
119
287
123
102
119
288
123
102
120
289
121
105
117
291
120
103
117
288
120
103
117
287
121
104
118
289
121
103
118
289
121
103
117
288
130
77
119
266
132
74
121
264
133
75
121
264
133
75
122
266
132
76
121
264
127
79
118
269
127
79
117
268
127
79
117
269
127
79
117
270
127
79
118
270
132
75
121
264
132
81
122
270
128
82
119
273
128
82
119
275
128
82
118
273
128
83
119
273
128
83
119
275
128
83
119
276
129
84
119
275
130
85
121
275
133
85
126
276
133
85
125
275
133
85
126
275
133
85
125
277
133
86
126
276
133
86
126
275
133
86
123
277
133
86
125
278
133
86
125
277
131
84
121
275
131
84
123
275
128
85
119
275
128
85
119
276
127
83
119
273
127
83
119
275
127
83
118
273
127
83
118
276
131
85
121
275
131
85
123
275
131
85
122
278
127
82
119
275
127
82
118
273
127
82
118
270
128
86
119
276
128
86
119
279
128
86
119
280
128
86
120
279
130
86
122
278
133
83
126
276
133
83
125
275
133
83
125
277
130
87
122
278
130
87
122
279
133
92
125
282
133
92
126
282
133
92
126
284
133
92
127
282
133
92
127
284
133
92
128
284
133
92
128
285
127
89
119
279
127
89
119
280
127
89
120
281
127
89
120
280
127
89
120
279
128
93
119
284
128
93
122
283
128
93
121
284
128
93
121
285
133
91
126
281
133
91
125
282
133
91
126
282
133
91
127
282
133
91
128
284
130
90
122
283
130
90
122
280
130
90
123
280
130
90
126
281
130
90
125
282
130
90
125
280
130
90
126
282
133
93
126
282
133
93
126
284
133
93
127
284
133
93
128
284
133
93
128
285
133
93
128
286
129
91
122
283
129
91
122
280
129
91
120
281
133
88
126
278
133
88
123
278
133
88
123
280
133
88
126
281
133
88
125
278
133
88
125
280
133
88
126
280
133
88
122
279
133
88
126
279
133
88
127
278
133
88
127
280
133
88
127
279
127
92
119
283
127
92
122
283
127
92
120
281
127
92
121
284
129
92
122
283
129
92
121
284
128
90
122
283
128
90
122
280
128
90
120
281
128
90
120
280
128
90
120
279
127
91
119
283
127
91
122
283
127
91
122
280
127
91
120
281
127
91
120
280
133
89
122
280
133
89
123
280
133
89
126
281
133
89
125
282
133
89
125
278
133
89
125
280
133
89
126
280
133
89
122
279
133
89
126
279
133
89
126
282
133
89
127
280
133
89
127
282
133
89
127
279
130
98
126
289
130
98
126
290
130
98
127
289
129
95
121
285
133
99
127
289
133
99
128
290
131
99
128
290
133
95
126
284
133
95
127
288
133
95
128
288
133
95
128
287
133
95
128
286
133
95
127
287
128
96
121
285
134
76
121
264
134
76
122
266
140
85
130
280
136
86
127
278
134
82
126
272
134
82
125
273
134
82
126
275
135
86
126
276
135
86
126
278
135
86
127
278
135
84
126
276
135
84
125
274
135
84
125
275
135
84
126
275
135
87
125
278
135
87
125
280
135
87
125
277
135
87
126
279
135
87
129
280
135
87
130
280
135
87
127
278
140
91
129
282
139
89
129
280
139
89
130
280
138
93
126
284
138
93
127
284
138
93
128
284
138
93
128
285
140
88
133
279
140
88
130
280
135
90
126
281
135
90
125
282
135
90
125
280
135
90
126
280
135
90
126
282
135
90
129
280
135
90
129
282
135
90
127
280
135
90
127
282
134
91
126
281
134
91
125
282
134
91
126
280
134
91
126
282
134
91
129
282
134
91
127
282
134
91
127
284
134
91
128
284
137
94
126
284
137
94
127
284
137
94
128
284
137
94
128
285
134
89
122
280
134
89
123
280
134
89
126
281
134
89
125
280
134
89
126
280
134
89
122
279
134
89
126
279
134
89
129
280
134
89
127
278
134
89
127
280
134
89
127
279
136
92
125
282
136
92
126
282
136
92
126
284
136
92
129
282
136
92
127
282
136
92
127
284
136
92
128
284
135
93
126
284
135
93
127
284
135
93
128
284
135
93
128
285
136
93
126
284
136
93
127
284
136
93
128
284
136
93
128
285
136
90
126
281
136
90
126
280
136
90
126
282
136
90
129
280
136
90
130
280
136
90
129
282
136
90
127
280
136
90
127
282
136
94
126
284
136
94
127
284
136
94
128
284
136
94
128
285
136
94
128
286
135
89
126
278
135
89
123
280
135
89
126
281
135
89
125
278
135
89
125
280
135
89
126
280
135
89
126
279
135
89
129
280
135
89
130
280
135
89
127
278
135
89
127
280
135
89
127
279
135
95
126
284
135
95
128
285
135
95
128
286
137
95
128
284
137
95
128
285
137
95
128
286
136
97
128
288
136
97
127
287
138
95
128
285
138
95
128
286
135
96
127
287
135
98
126
288
135
98
127
289
135
98
128
290
134
95
126
284
134
95
128
288
134
95
128
287
134
95
128
285
134
95
128
286
134
95
127
287
136
95
126
284
136
95
128
285
136
95
128
286
136
96
128
286
136
96
127
287
136
98
128
288
137
96
128
287
134
97
126
288
134
97
127
288
134
97
128
288
134
97
127
287
134
96
126
288
134
96
127
288
134
96
128
288
134
96
128
287
134
96
128
286
134
96
127
287
141
87
133
279
141
87
130
280
142
87
133
279
142
87
133
280
142
89
130
280
143
89
130
280
143
89
133
282
141
90
133
282
145
90
136
282
146
92
136
282
146
92
137
284
146
92
136
284
142
90
130
280
142
90
133
282
146
93
134
284
146
93
136
284
145
94
134
284
145
94
135
285
145
94
136
284
146
91
136
282
146
91
137
284
146
91
136
284
147
91
139
279
141
92
129
282
145
92
134
284
145
92
136
284
141
88
133
279
141
88
130
280
141
88
133
280
147
92
138
281
147
92
137
284
147
92
136
284
147
93
138
281
147
93
136
282
147
93
137
284
147
93
138
284
147
93
136
284
145
89
135
281
145
89
136
282
147
94
135
285
147
94
137
284
147
94
138
284
147
94
136
284
147
95
136
286
147
95
137
284
147
95
137
286
147
95
136
284
146
98
134
289
146
98
136
288
146
98
137
286
145
99
134
289
146
99
134
289
146
99
136
288
147
98
136
288
147
98
137
286
145
97
136
286
145
97
135
285
143
99
134
289
144
99
134
289
147
99
134
289
147
99
136
288
145
96
133
284
145
96
136
286
145
96
134
284
145
96
135
285
145
98
134
289
145
98
136
288
147
101
136
290
148
94
138
281
148
94
138
283
148
94
137
284
148
94
138
284
148
94
137
286
152
88
144
275
152
88
143
277
151
88
144
275
148
92
138
281
148
92
138
283
148
92
140
280
148
92
137
284
148
92
138
284
148
92
136
284
149
92
138
285
149
92
138
284
149
93
138
285
149
93
138
284
148
91
139
279
148
91
138
281
148
91
138
283
148
91
140
280
148
91
138
284
148
91
141
275
149
94
138
285
149
98
139
286
149
98
136
288
148
96
138
283
148
96
138
285
148
96
136
286
148
96
137
284
148
96
138
284
148
96
137
286
148
95
138
283
148
95
138
285
148
95
136
286
148
95
137
284
148
95
138
284
148
95
137
286
149
100
136
290
149
100
137
290
