Test1027.jpg
Test1030.jpg
233
201
375
230
233
201
373
228
233
201
375
229
233
201
374
229
228
196
381
230
231
203
374
227
231
203
372
227
231
203
373
228
231
203
375
227
231
203
374
229
265
100
425
325
265
100
424
325
265
100
422
328
230
197
377
230
228
204
374
226
228
204
373
225
228
204
375
225
230
201
374
227
230
201
375
230
230
201
373
228
230
201
375
227
230
201
375
229
230
201
374
229
231
197
377
230
230
199
375
230
230
199
375
229
230
199
377
230
230
199
377
228
228
200
377
226
228
200
378
227
228
200
376
226
228
200
377
228
231
201
374
227
231
201
375
230
231
201
373
228
231
201
375
227
231
201
375
229
231
201
374
229
231
199
375
230
231
199
375
229
231
199
374
229
231
199
377
230
228
202
374
226
228
202
377
226
228
202
378
227
228
202
375
225
228
202
375
227
228
202
376
226
228
202
375
226
