grail03.jpg
grail04.jpg
150
272
425
276
131
351
406
356
131
351
408
357
130
352
406
358
130
352
404
357
136
299
412
303
136
299
412
302
136
299
411
303
144
291
419
296
144
291
418
296
149
277
423
282
129
279
401
281
131
280
406
284
131
280
405
283
131
280
405
284
131
280
404
284
98
209
371
215
98
209
372
215
145
292
419
296
139
290
412
295
145
291
419
296
96
195
371
200
96
195
370
200
96
195
370
199
139
298
413
303
139
298
414
302
139
298
414
303
91
192
364
196
110
350
383
355
110
350
384
355
139
299
415
303
139
299
414
303
150
284
423
288
127
275
400
279
127
275
399
279
127
275
401
279
127
275
399
278
113
179
385
183
137
299
412
303
137
299
413
303
89
192
362
196
125
261
399
265
137
290
412
295
130
270
404
274
130
270
405
274
86
192
358
196
130
278
401
281
125
271
399
275
125
271
400
274
135
299
410
304
135
299
410
302
135
299
412
302
135
299
410
303
135
299
411
303
85
192
357
196
68
187
344
193
86
196
359
200
104
349
378
354
128
261
401
265
128
261
402
265
132
280
406
284
132
280
406
283
132
280
405
283
132
280
405
284
132
280
404
284
134
295
408
300
129
270
404
274
129
270
400
274
70
195
344
199
125
274
399
276
125
274
399
278
127
276
400
279
127
276
399
279
127
276
401
279
138
290
412
295
127
263
401
267
127
263
400
267
95
172
369
178
138
292
413
297
138
292
412
297
138
292
414
296
132
352
406
357
138
299
413
303
138
299
414
303
130
351
405
356
130
351
406
357
85
191
357
195
91
202
365
206
140
299
415
303
134
296
408
300
134
296
409
300
144
295
419
300
144
295
419
299
88
193
360
197
139
293
413
298
139
293
413
297
139
293
414
298
135
279
406
284
135
279
406
283
135
279
405
283
135
279
406
282
135
279
405
284
126
264
400
268
126
264
401
267
137
293
413
297
137
293
412
297
126
275
400
279
126
275
399
279
126
275
399
278
148
284
421
288
124
262
398
266
124
262
399
266
126
270
399
275
126
270
400
274
133
280
406
284
133
280
406
283
133
280
405
283
133
280
405
284
133
280
406
285
133
280
404
284
98
210
372
215
69
188
344
193
127
270
399
275
127
270
400
274
129
273
404
276
129
273
402
276
129
273
401
279
90
192
362
196
90
192
364
196
130
350
406
356
130
350
407
356
131
278
405
283
131
278
406
282
69
179
344
185
139
291
414
296
132
278
405
283
132
278
406
282
81
195
354
199
133
275
403
279
143
298
418
302
134
293
409
297
134
293
408
298
134
293
408
297
153
276
427
281
131
271
404
275
131
271
402
276
131
271
404
274
131
271
403
275
131
271
405
274
83
191
355
195
134
281
406
284
134
281
405
284
134
281
408
286
130
280
404
284
140
294
414
299
140
294
414
298
140
294
415
299
131
354
407
359
136
290
412
295
130
272
404
275
130
272
404
276
130
272
402
276
130
272
403
275
150
274
424
278
160
275
433
279
114
180
386
184
120
271
394
275
120
271
393
275
131
279
405
283
134
303
409
308
135
298
410
302
135
298
410
303
68
179
343
185
95
194
370
199
88
192
360
196
125
263
399
267
135
277
409
281
126
276
400
279
126
276
399
279
126
276
401
279
126
276
399
278
67
188
342
193
99
199
373
203
99
199
372
202
138
293
413
298
138
293
413
297
138
293
412
297
69
187
344
193
130
271
404
275
130
271
402
276
130
271
404
274
130
271
403
275
130
271
405
274
137
292
412
297
87
192
359
196
87
192
360
196
125
262
398
266
125
262
399
266
134
300
410
304
134
300
409
304
134
300
410
302
134
300
410
303
99
198
373
203
99
198
372
202
99
198
373
202
112
169
386
173
142
299
416
304
142
299
416
303
97
195
371
200
97
195
370
199
131
350
406
356
131
350
407
356
