30_30_l.jpg
30_30_r.jpg
230
188
104
191
231
201
103
202
231
201
103
203
230
196
104
199
232
201
103
202
232
201
103
203
231
198
104
200
250
184
123
189
250
184
125
188
250
184
124
189
249
185
121
190
249
186
121
190
249
186
122
191
250
183
123
189
250
183
124
189
293
125
172
130
291
126
168
131
291
126
170
131
302
252
182
256
316
28
201
38
315
28
202
38
315
28
200
38
315
28
201
38
319
27
206
37
319
27
202
38
319
27
201
38
323
171
208
177
323
171
208
178
323
171
203
178
323
171
211
178
323
171
210
178
318
172
203
178
324
166
207
173
324
166
209
173
320
171
203
178
320
176
215
178
315
172
197
178
321
171
203
178
324
171
208
177
324
171
208
178
324
171
211
178
324
171
210
178
319
167
201
174
319
167
202
174
319
167
201
173
319
167
202
173
325
171
208
177
325
171
208
178
325
171
211
178
325
171
210
178
321
176
215
178
321
176
213
178
319
166
201
174
319
166
202
174
319
166
201
173
319
166
202
173
335
118
222
127
335
118
221
127
344
126
227
137
345
126
227
137
340
204
223
212
340
204
223
213
345
198
228
207
351
198
233
207
351
202
234
211
351
202
234
212
351
191
234
201
351
191
234
198
351
191
235
198
349
198
232
207
349
198
233
205
350
198
232
207
350
198
233
207
350
198
233
205
338
199
221
206
350
203
234
211
350
203
231
215
341
198
224
207
351
204
234
213
351
204
234
212
362
123
251
134
362
123
253
134
362
115
252
129
360
137
244
147
359
133
241
143
359
133
242
143
359
133
243
143
358
128
242
138
358
133
241
143
358
133
242
143
358
133
243
143
356
132
240
141
355
131
240
141
359
136
243
146
357
138
241
148
358
138
241
148
358
138
242
148
362
150
245
161
362
140
246
150
356
143
240
152
356
143
238
154
356
143
240
153
359
142
242
152
359
142
241
152
351
142
236
151
351
152
235
163
358
142
242
152
358
142
240
152
358
142
241
152
358
142
240
153
357
149
241
159
357
149
241
161
357
149
241
160
352
141
236
151
357
151
241
159
357
151
241
161
357
151
241
160
358
151
242
161
358
151
242
160
358
151
241
159
358
151
241
161
358
151
241
160
361
151
245
161
357
142
240
152
357
142
241
152
357
142
240
153
357
155
241
167
357
155
242
166
351
162
234
171
351
162
234
172
351
162
235
172
353
162
237
172
351
157
234
166
358
162
241
172
358
162
241
171
351
154
235
163
357
153
241
161
357
153
242
166
356
157
241
167
352
154
235
163
354
162
237
172
357
162
241
172
357
162
241
171
358
155
242
166
351
163
234
171
351
163
234
172
351
163
235
172
359
184
242
194
360
186
242
194
351
190
234
198
351
190
235
198
358
191
241
200
358
191
241
198
358
191
241
201
358
191
241
199
351
187
234
198
351
187
235
196
351
187
235
195
357
185
240
189
357
185
240
194
357
185
240
195
357
185
241
195
357
185
240
193
351
189
234
198
351
189
235
196
351
189
235
195
351
189
235
198
351
186
234
198
351
186
235
196
351
186
235
195
357
190
241
200
357
190
240
194
357
190
241
198
357
190
241
201
357
190
240
197
357
190
240
195
357
190
241
199
357
190
241
195
357
186
240
189
357
186
240
194
357
186
240
197
357
186
240
195
357
186
241
195
357
186
240
193
356
184
240
194
356
184
240
195
356
184
240
193
352
188
235
196
352
188
235
195
352
188
235
198
354
188
238
194
354
188
238
195
357
188
240
194
357
188
241
198
357
188
240
197
357
188
240
195
357
188
241
199
357
188
241
195
357
188
240
193
357
180
240
189
352
186
235
196
352
186
235
195
352
186
235
198
352
190
235
198
356
186
240
189
356
186
240
194
356
186
240
197
356
186
240
195
356
186
240
193
357
184
240
194
357
184
240
195
357
184
241
195
357
184
240
193
353
203
234
213
352
203
234
211
352
203
234
213
352
203
234
212
352
204
234
215
352
204
234
213
352
202
234
211
352
202
234
212
360
204
245
222
360
204
246
221
352
207
234
215
352
207
235
217
352
206
234
215
352
206
234
213
352
206
235
217
352
216
234
225
357
207
240
217
357
215
242
227
357
215
240
225
351
206
232
217
351
206
234
215
351
206
234
213
363
211
247
222
363
211
245
222
363
211
247
223
363
211
247
224
363
211
246
222
363
211
246
223
363
211
246
221
363
211
246
224
363
211
248
224
363
211
248
221
363
211
248
220
363
211
248
222
363
212
247
222
363
212
245
222
363
212
247
223
363
212
247
224
363
212
246
222
363
212
246
223
363
212
246
221
363
212
246
224
363
212
248
224
363
212
248
221
363
212
248
220
363
212
248
222
363
214
247
222
363
214
245
222
363
214
247
223
363
214
247
224
363
214
246
222
363
214
245
226
363
214
246
223
363
214
246
221
363
214
246
224
363
214
248
224
363
214
248
221
363
214
248
222
364
214
247
222
364
214
245
222
364
214
247
223
364
214
247
224
364
214
246
222
364
214
245
226
364
214
246
223
364
214
246
221
364
214
246
224
364
214
248
224
364
214
248
221
364
214
248
222
364
207
248
217
364
207
248
221
364
207
248
220
364
207
249
221
352
208
235
217
362
216
247
223
362
216
247
224
362
216
245
226
362
216
246
223
362
216
246
224
362
216
248
224
362
216
248
228
363
216
247
223
363
216
247
224
363
216
245
226
363
216
246
223
363
216
246
224
363
216
248
224
363
216
248
228
369
122
258
137
367
126
255
139
367
123
258
137
367
123
255
137
366
116
254
131
374
126
259
140
375
132
260
145
375
132
262
145
373
130
260
144
373
130
260
145
369
138
253
149
372
129
260
144
372
129
258
141
371
129
257
141
371
129
258
141
374
130
260
144
374
130
260
145
374
130
262
145
367
127
255
141
374
129
260
144
374
129
260
145
376
153
260
165
376
154
260
165
376
156
260
167
366
169
250
179
366
169
249
179
366
169
250
180
366
169
249
181
372
169
255
179
366
170
248
181
366
170
250
179
366
170
249
179
366
170
250
180
366
170
249
181
366
174
249
184
366
174
250
184
366
175
249
184
366
175
249
185
365
181
248
191
365
181
249
189
365
181
250
189
366
190
249
195
366
190
248
196
365
190
248
196
365
179
249
189
369
187
253
197
365
185
248
191
365
185
249
189
366
186
248
191
366
186
249
195
366
186
250
195
365
207
248
221
365
207
248
220
365
207
249
220
365
207
249
221
366
212
248
221
366
212
248
222
366
212
249
221
371
213
254
223
365
216
247
223
365
216
247
224
365
216
245
226
365
216
246
223
365
216
246
224
365
216
248
224
365
216
248
229
365
216
250
228
365
216
248
228
365
216
249
228
365
210
248
221
365
210
248
220
365
210
248
222
365
210
249
220
365
210
249
221
365
211
247
222
365
211
248
221
365
211
248
220
365
211
248
222
365
211
249
220
365
211
249
221
365
213
247
222
365
213
245
222
365
213
247
223
365
213
247
224
365
213
246
222
365
213
246
223
365
213
246
221
365
213
246
224
365
213
248
224
365
213
248
221
365
213
248
220
365
213
248
222
365
213
249
220
365
213
249
221
366
211
248
221
366
211
248
220
366
211
248
222
366
211
249
220
366
211
249
221
365
214
247
222
365
214
247
223
365
214
247
224
365
214
246
222
365
214
246
223
365
214
246
221
365
214
246
224
365
214
248
224
365
214
248
221
365
214
248
222
365
214
249
221
366
210
248
222
366
210
249
220
366
210
249
221
366
217
247
224
366
217
245
226
366
217
246
224
366
217
248
224
366
217
248
229
366
217
250
228
366
217
248
228
366
217
249
228
366
217
251
228
365
212
247
222
365
212
247
223
365
212
246
221
365
212
248
221
365
212
248
220
365
212
248
222
365
212
249
220
365
212
249
221
380
160
264
171
389
157
272
168
380
159
264
171
380
159
264
170
388
217
272
226
393
217
277
229
396
217
280
230
419
245
298
254
436
243
316
252
437
237
314
247
437
237
315
246
437
241
315
251
437
241
315
250
437
241
316
250
437
241
314
251
437
238
314
247
437
238
314
248
437
238
315
248
437
234
314
244
454
227
332
236
454
227
333
237
454
227
332
238
455
229
333
239
455
229
334
240
455
229
333
241
455
229
331
240
455
229
333
240
453
224
332
232
453
228
333
237
453
228
331
239
453
228
332
238
444
261
325
270
445
263
325
272
443
261
325
270
445
261
325
270
444
262
325
270
444
263
325
272
444
260
327
268
444
265
325
272
456
233
336
242
460
233
341
241
460
233
340
242
460
232
340
241
460
232
341
241
460
232
340
242
463
230
340
241
463
230
341
241
463
230
342
241
463
230
340
242
462
234
339
246
457
232
337
241
457
232
338
241
457
232
336
242
457
232
337
242
459
230
337
241
459
230
338
239
459
230
338
241
459
230
338
240
459
230
336
242
459
230
337
242
458
230
337
241
458
230
338
239
458
230
338
241
458
230
336
240
458
230
338
240
458
230
336
242
467
247
346
255
455
248
334
257
459
245
339
252
460
247
339
256
455
249
336
258
464
251
343
259
458
247
336
256
462
253
343
259
456
257
335
266
464
263
343
271
465
296
341
301
470
224
346
237
470
226
346
239
469
221
345
233
468
223
345
236
473
228
350
240
473
228
349
241
474
220
350
233
473
229
350
240
473
229
350
241
476
236
354
246
471
234
347
246
478
234
354
246
470
239
348
248
471
244
351
252
474
250
354
257
475
290
357
295
476
293
357
295
476
293
358
295
476
293
357
297
476
293
357
298
475
294
350
299
475
294
358
295
475
294
357
297
475
294
357
298
490
285
364
294
490
285
366
293
491
293
364
302
491
285
364
294
491
285
366
293
491
285
369
290
492
285
370
292
492
285
366
293
492
285
370
291
492
285
369
290
489
334
364
340
489
334
363
341
489
334
363
342
492
334
365
342
492
334
365
341
492
334
366
342
491
334
365
342
491
334
365
341
493
334
365
342
493
334
366
342
488
334
361
341
488
334
360
342
490
334
364
340
490
334
363
341
490
334
364
341
490
334
363
342
499
281
376
287
499
281
374
290
495
281
370
289
495
281
372
289
495
281
369
290
498
279
376
287
499
279
376
287
499
280
376
287
500
280
376
287
497
281
373
290
497
281
376
287
497
281
372
290
497
281
372
289
498
281
373
290
498
281
376
287
498
281
374
290
498
282
373
290
498
282
374
290
505
285
379
293
498
293
374
302
499
293
374
302
514
293
386
301
514
293
386
302
511
294
383
303
514
294
385
302
514
294
386
301
514
294
386
302
514
294
386
303
514
295
386
302
514
295
386
303
520
295
390
303
520
295
390
304
508
295
382
303
518
292
389
301
518
292
389
302
509
294
382
302
509
294
382
303
510
293
382
302
510
294
382
302
510
294
383
303
512
293
384
302
512
294
384
302
512
294
384
303
515
294
386
301
515
294
386
302
515
294
386
303
516
294
388
302
515
293
386
301
515
293
386
302
509
295
382
303
518
293
389
301
518
293
389
302
516
295
388
302
519
293
389
301
519
293
389
302
532
202
402
215
522
291
392
299
522
291
392
300
523
295
393
302
523
295
393
300
525
294
393
302
522
293
392
299
522
293
392
300
524
295
393
302
524
295
393
300
524
295
392
303
523
294
393
300
523
294
392
300
524
294
393
300
523
291
392
299
523
291
392
300
523
290
392
299
522
294
393
300
522
294
392
299
522
294
392
300
526
296
394
303
532
296
400
303
527
296
396
303
524
296
393
302
521
296
390
304
521
296
392
303
522
296
392
303
533
298
407
302
533
298
408
303
533
298
408
302
533
298
405
305
529
296
396
303
529
296
396
305
525
296
393
303
522
297
392
303
528
297
396
303
528
297
396
305
530
297
398
305
534
295
407
302
550
278
420
288
549
278
420
288
550
279
420
288
548
280
420
288
549
280
420
288
557
287
421
296
555
288
420
297
555
288
419
298
552
289
416
300
552
289
416
299
552
289
419
299
552
289
420
301
552
289
418
298
552
289
419
298
552
289
417
301
552
289
418
301
552
289
417
299
550
289
416
300
550
289
416
299
550
289
418
298
550
289
417
301
550
289
418
301
550
289
417
299
556
286
421
296
552
291
417
301
552
291
418
301
552
291
419
302
555
287
420
297
555
287
421
296
555
287
419
296
555
293
419
303
555
293
418
303
553
288
420
297
553
288
419
299
553
288
418
298
553
288
419
298
553
288
417
299
550
290
416
300
550
290
413
300
550
290
415
301
550
290
417
301
551
290
416
300
551
290
415
301
551
290
416
299
551
290
417
301
551
290
418
301
551
290
419
302
551
290
417
299
549
291
413
300
554
288
420
297
554
288
419
299
554
288
419
298
554
291
420
301
554
291
419
303
554
291
418
301
554
291
419
302
554
291
420
302
554
291
418
303
554
292
417
303
554
292
419
303
554
292
419
302
554
292
420
302
554
292
418
303
556
287
420
297
556
287
421
296
556
287
419
296
554
293
417
303
554
293
419
303
554
293
418
303
551
289
416
300
551
289
416
299
551
289
419
299
551
289
418
298
551
289
419
298
551
289
417
301
551
289
418
301
551
289
417
299
553
289
416
299
553
289
419
299
553
289
420
301
553
289
418
298
553
289
419
298
553
289
417
301
553
289
418
301
553
289
417
299
554
289
419
299
554
289
420
301
554
289
419
298
564
282
428
290
583
273
444
281
579
274
438
282
579
274
441
282
579
274
444
281
