paris_invalides_000662_sm_5.jpg
paris_invalides_000663.jpg
301
249
317
211
301
249
315
207
301
249
320
216
301
249
315
208
301
249
315
206
299
250
317
215
299
250
310
204
291
232
304
186
291
232
307
189
291
229
305
184
291
229
306
185
297
236
311
192
303
253
320
217
296
247
310
205
300
249
316
211
300
249
317
212
300
249
314
208
300
249
315
208
214
229
172
187
289
228
305
185
296
248
308
203
212
235
173
191
215
232
178
186
302
253
320
217
300
242
313
198
299
246
315
207
296
246
310
204
296
246
310
203
300
243
314
201
300
241
314
198
303
251
317
211
303
251
315
207
303
251
320
215
299
247
316
211
299
247
315
208
301
248
318
211
301
248
315
205
301
248
315
207
301
248
315
206
301
246
316
205
301
246
314
203
301
246
316
206
301
246
313
201
213
231
173
187
292
234
306
190
214
235
174
191
302
249
318
211
302
249
315
205
302
249
315
207
302
249
315
206
214
236
175
192
213
230
172
187
298
250
310
205
293
233
304
186
301
247
315
205
301
247
315
206
301
244
314
201
291
230
305
184
291
230
305
185
212
231
172
187
212
231
171
189
290
229
305
184
290
229
306
185
290
229
305
185
302
247
316
205
302
247
314
203
302
247
316
206
302
247
320
212
300
248
315
207
300
248
315
208
214
234
174
191
304
252
320
215
302
248
320
213
302
248
314
203
302
248
315
205
302
248
316
206
302
248
315
206
292
233
304
186
292
233
307
189
300
247
317
211
300
247
315
207
300
247
315
206
305
251
320
212
213
233
175
187
213
233
174
188
293
234
307
189
301
250
316
211
301
250
317
212
301
250
314
208
301
250
320
216
301
250
315
208
293
235
306
190
207
235
170
189
214
228
173
185
212
232
173
187
212
232
171
189
222
226
180
183
303
252
320
216
303
252
320
215
