21_21_l.jpg
21_21_r.jpg
535
203
361
224
535
203
362
224
542
203
364
222
391
102
236
111
392
105
239
116
392
105
239
115
392
105
240
116
416
405
241
414
416
405
241
413
318
68
167
66
390
98
236
107
390
98
238
109
390
98
237
108
390
98
236
108
390
98
237
107
350
363
177
373
522
203
349
223
392
109
238
120
392
109
239
120
364
69
214
74
364
69
213
74
388
100
236
109
388
100
236
110
388
100
234
110
388
100
234
109
388
100
235
110
364
65
214
71
340
89
187
91
540
195
367
216
362
67
211
71
362
67
211
72
390
111
238
121
390
111
237
120
312
75
156
71
346
374
169
386
469
326
299
334
469
326
300
334
383
120
230
128
383
120
230
127
420
358
249
367
468
343
297
351
395
117
242
127
395
117
242
128
460
337
287
344
397
87
244
98
351
71
200
74
414
412
237
421
341
92
189
94
341
92
188
95
394
111
241
122
394
111
239
121
394
111
240
122
331
73
179
72
331
73
175
72
331
73
175
71
394
114
242
125
411
414
235
423
411
414
234
423
337
375
162
386
387
112
234
121
387
112
234
122
295
117
136
114
295
117
135
114
413
412
237
421
389
119
236
127
389
119
236
128
389
119
235
127
410
414
234
423
357
67
205
71
447
131
290
148
361
69
211
74
361
69
210
74
429
112
274
126
537
203
361
223
537
203
361
224
537
203
363
224
537
203
362
224
430
118
275
132
351
362
178
372
396
118
242
128
395
116
242
127
409
414
234
423
319
72
167
70
319
72
166
70
542
202
368
222
462
343
291
351
542
200
368
222
320
74
167
70
320
74
166
70
320
74
167
72
320
74
166
71
396
87
244
98
430
121
275
135
317
77
163
73
388
116
236
127
388
116
235
127
390
100
236
109
390
100
236
110
390
100
235
110
390
100
238
111
390
100
238
110
424
359
254
368
424
359
253
368
424
359
253
367
393
109
239
120
389
116
236
127
389
116
235
127
359
66
209
71
359
66
210
72
395
113
242
124
395
113
241
124
384
85
234
94
423
360
252
369
423
360
253
369
390
119
236
127
390
119
236
128
390
119
235
127
390
119
238
128
392
107
240
118
392
107
239
118
429
113
274
127
360
67
209
71
360
67
210
72
393
107
240
118
393
107
239
118
396
117
242
127
396
117
242
128
476
338
307
347
390
110
238
120
390
110
239
121
390
110
238
121
390
110
237
120
394
115
242
126
327
73
175
71
354
69
204
73
358
69
208
74
392
108
240
119
392
108
239
118
390
118
236
127
390
118
236
128
390
118
235
127
390
118
238
128
433
387
260
394
433
387
260
393
389
102
236
111
368
118
214
124
432
388
260
394
386
86
235
96
389
101
236
110
389
101
234
110
389
101
236
111
389
101
235
110
389
101
238
111
395
115
242
126
392
106
239
116
392
106
240
117
358
66
207
71
362
69
211
74
429
114
274
128
393
108
240
119
393
108
239
118
424
360
252
369
424
360
253
368
424
360
253
369
424
358
253
367
424
358
254
367
377
365
206
375
425
357
254
366
425
357
253
365
425
357
254
367
419
360
248
369
419
360
248
368
296
118
136
114
296
118
137
116
432
125
278
142
392
110
238
120
392
110
239
121
392
110
239
120
392
110
238
121
392
110
237
120
318
72
166
70
458
338
287
344
368
119
214
125
407
86
256
99
332
72
179
72
392
119
239
128
392
119
236
127
392
119
236
128
392
119
238
128
335
73
181
72
296
113
138
107
390
99
236
109
390
99
238
109
390
99
237
108
390
99
236
108
390
99
238
110
396
116
242
127
396
116
242
128
392
111
239
121
392
111
238
121
392
111
237
120
392
111
240
122
298
119
140
115
298
119
137
116
483
341
310
348
364
67
213
72
424
357
254
366
424
357
253
365
424
357
254
367
332
73
179
72
332
73
181
72
332
73
175
71
391
104
238
114
391
104
239
114
390
102
236
111
380
120
226
128
355
69
204
73
291
113
133
106
321
68
167
66
416
121
262
134
522
204
349
223
331
74
179
72
331
74
175
72
331
74
179
73
331
74
175
71
389
117
236
127
389
117
236
128
389
117
235
127
418
356
248
364
455
122
299
140
405
86
253
99
396
114
242
125
498
342
323
351
426
358
254
366
426
358
254
367
297
117
138
113
297
117
137
116
419
359
250
368
419
359
248
368
465
339
294
347
392
118
239
128
392
118
236
127
392
118
238
128
533
207
360
228
434
387
260
393
391
103
239
113
430
119
275
133
291
118
131
114
392
104
238
114
392
104
239
114
392
104
239
115
354
68
203
72
542
195
367
216
385
85
234
94
388
114
234
122
391
101
236
110
391
101
236
111
391
101
238
111
413
413
236
422
411
413
236
422
411
413
234
422
411
413
235
422
393
119
239
128
393
119
242
128
393
119
238
128
412
413
236
422
412
413
235
422
408
87
256
99
404
86
253
99
322
68
167
66
337
72
184
72
