Test47_rot.jpg
Test48_rot.jpg
37
268
35
158
37
268
33
159
38
274
31
163
39
273
31
163
39
273
36
163
48
250
49
146
48
263
36
157
41
266
35
158
43
268
39
161
42
262
35
156
42
265
35
158
185
230
182
177
186
230
183
177
186
230
182
177
424
262
391
296
427
261
394
296
425
262
391
296
429
271
394
307
429
271
393
308
430
272
392
308
430
272
393
308
430
272
395
308
429
272
392
308
429
272
393
308
506
93
533
171
506
126
517
200
506
126
518
199
505
123
518
197
506
125
518
199
505
125
518
199
506
127
517
201
506
127
519
201
503
127
517
200
507
127
518
202
507
127
519
201
506
128
518
202
506
128
517
201
506
128
519
201
507
161
507
233
506
161
507
233
506
163
507
233
502
259
464
322
502
259
465
322
501
259
464
322
501
259
465
322
507
260
469
325
502
268
464
331
533
236
503
313
533
239
500
315
533
239
501
316
523
244
494
319
528
244
497
319
528
244
497
320
528
244
496
320
534
239
501
316
535
239
504
317
594
253
553
351
606
234
570
340
