Test48_rot.png
Test49_rot.png
391
58
363
46
391
58
364
46
391
58
360
47
481
242
510
215
481
242
509
215
428
166
434
154
428
166
434
155
384
64
359
53
384
64
356
54
403
58
373
43
412
64
381
47
412
64
380
47
400
238
425
233
480
61
430
29
455
169
459
147
372
59
338
54
372
59
342
53
372
59
344
52
372
59
345
52
372
59
341
53
372
59
351
50
372
59
339
54
482
241
510
213
482
241
508
212
482
241
509
212
402
238
425
233
481
238
508
211
483
237
511
210
483
237
508
207
483
237
509
208
483
237
509
209
481
246
509
217
411
167
417
158
424
165
429
158
400
239
425
233
429
168
434
155
411
63
381
46
481
243
510
215
481
243
509
215
481
243
510
216
459
149
432
139
423
168
429
158
423
168
429
159
413
260
441
250
470
172
477
149
490
250
521
219
416
147
418
135
416
147
417
134
421
166
427
158
503
269
537
231
482
237
509
209
481
235
507
207
459
148
432
139
459
148
433
139
438
58
407
33
438
58
408
33
405
267
437
260
371
59
338
54
371
59
342
53
371
59
344
52
371
59
345
52
371
59
341
53
371
59
339
54
416
148
418
135
481
244
511
217
481
244
510
216
414
261
441
250
390
58
363
46
390
58
364
46
390
58
394
36
390
58
359
47
390
58
360
47
379
59
355
49
379
59
351
50
379
59
354
49
379
59
358
48
379
59
352
50
482
242
510
214
374
59
342
53
374
59
344
52
374
59
345
52
374
59
341
53
374
59
351
50
374
59
354
49
374
59
352
50
457
171
462
149
457
171
461
150
367
59
338
54
367
59
341
53
367
59
339
54
400
58
373
43
400
58
376
42
381
59
349
51
381
59
355
49
381
59
351
50
381
59
354
49
381
59
358
48
381
59
352
50
396
253
425
249
399
58
373
43
399
58
376
42
457
169
461
150
429
166
433
152
429
166
434
154
429
166
434
155
416
150
418
138
481
61
430
29
478
61
430
29
