Test1027.jpg
Test1028.jpg
125
210
176
210
247
213
292
210
352
218
396
215
352
218
396
213
352
218
396
214
106
178
157
178
60
213
117
212
195
126
245
126
195
126
243
125
114
212
164
211
114
212
165
211
228
196
272
194
228
196
271
194
228
196
272
198
228
196
272
196
51
217
109
214
51
217
109
216
51
217
108
215
51
217
107
216
544
428
604
435
544
428
605
434
262
230
306
227
262
230
305
227
341
31
388
28
292
263
331
259
292
263
332
260
292
263
336
259
173
149
223
148
121
209
170
208
121
209
175
209
353
223
396
218
353
223
396
216
353
223
396
217
289
201
332
198
293
250
334
248
293
250
336
247
293
250
338
247
293
250
334
247
293
250
335
247
512
434
571
438
512
434
570
438
256
101
298
101
256
101
299
101
256
101
301
101
338
242
383
238
268
232
312
229
296
264
339
261
296
264
341
261
296
264
340
262
296
264
341
262
114
211
164
211
114
211
163
210
114
211
165
210
114
211
165
211
196
125
245
125
196
125
245
126
196
125
244
124
196
125
243
125
196
125
246
125
196
125
246
126
557
424
603
430
557
424
599
429
557
424
604
430
557
424
601
431
253
210
299
207
253
210
296
207
253
210
298
207
224
198
270
196
224
198
270
198
505
430
567
438
505
430
566
433
505
430
570
438
505
430
564
434
186
153
234
153
186
153
231
152
187
123
232
123
187
123
231
123
187
123
232
121
187
123
233
123
187
123
232
124
187
123
232
122
553
421
607
430
553
421
605
430
553
421
604
430
553
421
606
428
553
421
607
429
359
182
405
178
359
182
404
178
294
265
336
263
294
265
335
263
294
265
339
261
294
265
341
261
294
265
340
262
294
265
341
262
287
262
332
259
287
262
331
259
287
262
333
259
287
262
329
258
287
262
329
259
287
262
332
260
249
205
292
205
249
205
291
205
336
245
380
242
429
241
475
238
117
211
166
210
117
211
168
210
117
211
167
210
267
255
311
252
226
198
272
200
226
198
272
194
226
198
270
194
226
198
270
196
226
198
271
194
226
198
272
198
226
198
272
196
226
198
270
198
346
33
390
27
273
233
316
231
53
215
110
214
53
215
111
213
53
215
110
213
221
199
264
199
221
199
266
197
221
199
266
195
221
199
265
197
221
199
266
199
297
257
341
254
297
257
339
254
351
223
395
220
351
223
395
218
351
223
395
219
351
223
396
218
503
432
566
437
503
432
562
435
503
432
563
434
503
432
567
438
503
432
564
434
219
199
264
199
219
199
263
196
219
199
263
198
219
199
264
195
219
199
265
197
120
208
170
208
120
208
171
207
290
256
333
253
290
256
332
254
216
196
261
196
216
196
261
194
238
155
282
152
222
237
265
235
178
122
222
122
178
122
215
122
178
122
216
122
283
262
327
261
283
262
324
260
311
235
354
232
311
235
354
231
311
235
353
233
311
235
354
234
258
227
301
224
259
225
304
222
259
225
303
222
298
264
339
261
298
264
341
261
298
264
345
261
298
264
340
262
298
264
341
262
509
432
569
438
509
432
571
438
509
432
566
437
509
432
567
438
509
432
570
438
216
139
260
137
216
139
260
138
58
213
116
212
571
468
585
468
297
263
339
261
297
263
341
261
297
263
340
262
297
263
341
262
123
124
173
124
354
209
397
205
319
191
361
188
361
182
405
178
361
182
406
178
361
182
404
178
225
148
270
145
224
202
270
200
224
202
270
202
224
202
270
204
224
202
270
198
113
178
165
178
50
218
108
215
50
218
107
216
327
230
371
230
327
230
370
230
120
207
171
207
120
207
171
206
266
232
309
229
501
434
567
438
501
434
559
442
501
434
564
434
105
178
157
178
105
178
156
178
180
122
222
122
180
122
225
121
269
208
312
205
269
208
314
205
322
185
364
182
125
211
176
211
143
126
192
126
266
227
310
224
266
227
309
224
507
438
567
438
149
121
196
121
289
262
332
259
289
262
331
259
289
262
333
259
289
262
329
258
289
262
329
259
289
262
332
260
287
180
329
179
217
198
261
196
217
198
261
198
217
198
260
198
243
254
286
250
243
254
286
251
357
215
401
212
215
152
260
150
215
152
261
150
271
237
317
234
271
237
315
234
271
237
317
233
271
237
316
234
271
237
314
234
271
237
313
234
226
204
272
200
226
204
270
200
226
204
270
202
226
204
270
204
226
204
273
203
226
204
272
203
226
204
272
202
270
256
312
255
270
256
311
255
270
256
312
254
270
256
311
254
239
156
282
152
352
41
395
34
246
258
290
256
274
257
314
256
274
257
315
256
342
248
386
245
296
260
340
258
296
260
336
258
296
260
339
257
260
235
304
232
260
235
305
232
260
235
303
232
260
235
303
234
111
176
163
176
266
235
309
232
266
235
310
232
266
235
308
232
289
251
331
247
289
251
333
248
289
251
329
248
289
251
330
248
289
251
332
247
261
227
304
224
244
104
285
103
467
260
520
258
290
261
332
259
290
261
331
259
290
261
333
259
290
261
336
258
290
261
332
260
290
261
336
259
120
205
171
205
120
205
171
204
253
100
298
101
253
100
299
101
134
124
183
124
220
201
264
199
220
201
263
198
220
201
266
197
220
201
265
197
220
201
266
199
509
420
572
423
509
420
573
424
509
420
571
427
509
420
574
425
509
420
573
420
509
420
576
424
509
420
574
424
171
142
221
141
171
142
223
141
171
142
222
141
497
433
556
444
132
124
180
124
132
124
183
124
132
124
181
125
121
126
170
125
121
126
170
126
121
126
171
125
201
126
245
125
201
126
246
124
201
126
250
126
201
126
249
126
201
126
244
124
201
126
246
125
201
126
245
124
201
126
247
125
201
126
246
126
201
126
247
124
353
210
397
206
353
210
396
206
509
418
572
423
509
418
573
424
509
418
574
424
548
426
605
434
113
210
163
210
113
210
165
210
342
35
388
31
342
35
387
30
342
35
386
29
342
35
387
31
342
35
387
29
228
200
272
200
228
200
273
203
228
200
272
198
228
200
272
203
228
200
272
202
352
219
396
215
352
219
396
213
352
219
396
214
352
219
396
216
506
431
569
438
506
431
571
438
506
431
566
437
506
431
567
438
506
431
570
436
506
431
570
438
275
257
314
256
275
257
315
256
181
138
231
139
139
125
183
126
139
125
189
125
139
125
187
126
139
125
188
125
130
125
178
125
130
125
181
125
130
125
177
125
130
125
179
126
260
209
306
206
260
209
304
206
221
238
265
235
221
238
264
235
221
238
264
236
225
194
272
194
225
194
270
194
225
194
271
194
225
194
271
192
170
144
222
143
286
266
331
264
286
266
327
261
286
266
331
263
286
266
328
265
286
266
328
263
277
263
319
261
419
70
466
61
270
237
312
234
270
237
315
234
270
237
314
234
270
237
313
234
270
237
314
232
272
234
316
231
272
234
314
232
272
234
315
231
540
425
603
430
540
425
606
431
540
425
603
434
540
425
601
433
540
425
601
431
540
425
603
433
540
425
605
434
540
425
601
434
540
425
600
431
268
255
311
252
268
255
311
254
311
233
354
230
311
233
354
232
311
233
354
231
311
233
353
233
352
217
397
213
352
217
396
213
352
217
396
214
545
425
606
431
545
425
603
434
545
425
605
434
343
35
385
27
343
35
387
29
294
230
337
229
294
230
338
229
299
257
345
254
299
257
341
254
278
267
322
265
278
267
321
265
552
421
606
431
552
421
607
430
552
421
605
430
552
421
604
430
552
421
606
428
552
421
607
429
181
143
226
142
230
199
272
200
230
199
272
198
230
199
272
196
56
215
113
214
56
215
114
212
56
215
113
213
281
241
325
241
281
241
325
240
281
241
325
239
311
236
354
232
311
236
353
233
311
236
354
234
311
236
357
232
244
256
286
253
254
102
298
101
254
102
299
101
254
102
301
101
83
178
136
179
83
178
136
178
83
178
135
178
289
265
331
264
289
265
335
263
289
265
333
262
289
265
331
263
269
210
313
208
241
251
285
250
241
251
286
250
241
251
284
249
241
251
286
248
241
251
284
248
241
251
285
248
502
434
569
438
502
434
563
434
502
434
567
438
502
434
559
442
502
434
564
434
148
121
194
121
148
121
193
121
148
121
195
121
269
254
311
252
252
210
296
207
252
210
298
207
252
210
295
207
248
213
294
210
248
213
292
210
147
124
194
124
223
152
265
149
223
152
269
150
223
152
267
149
223
152
266
149
223
152
268
149
223
152
267
150
293
262
333
259
293
262
336
258
293
262
336
259
223
193
270
192
223
193
270
194
223
193
271
192
52
216
109
214
52
216
110
214
52
216
108
215
254
101
298
101
254
101
299
101
254
101
301
101
290
266
331
264
290
266
336
265
290
266
336
263
290
266
335
264
290
266
335
263
290
266
333
262
290
266
331
263
352
216
397
213
352
216
396
213
352
216
396
211
220
151
265
149
220
151
264
148
220
151
267
149
220
151
266
149
141
122
187
122
141
122
189
122
322
182
364
179
226
192
272
194
226
192
271
192
269
255
311
252
269
255
312
254
269
255
311
254
510
437
570
438
260
256
304
252
260
256
303
254
358
182
404
178
143
117
190
117
505
429
569
438
505
429
567
438
505
429
566
433
505
429
564
434
239
244
283
241
140
119
187
119
265
235
309
232
265
235
307
232
265
235
308
232
216
194
261
192
268
229
312
226
268
229
312
224
295
256
335
253
295
256
339
254
295
256
336
254
353
214
397
211
182
143
230
143
299
207
343
204
510
423
572
423
510
423
573
424
510
423
571
427
510
423
572
428
510
423
572
429
510
423
574
424
338
31
385
27
338
31
387
29
228
202
274
205
228
202
272
200
228
202
270
200
228
202
270
202
228
202
273
203
228
202
272
198
228
202
272
203
228
202
270
198
228
202
272
202
572
434
571
427
572
434
570
426
572
434
570
427
183
122
229
122
183
122
225
121
183
122
226
121
258
102
298
101
258
102
299
101
258
102
301
101
281
152
322
152
231
201
276
204
226
196
272
194
226
196
270
194
226
196
270
196
226
196
271
194
226
196
272
198
226
196
272
196
226
196
270
198
221
195
266
193
221
195
266
195
282
262
324
260
141
124
189
124
141
124
187
124
550
425
606
431
550
425
603
433
259
101
299
101
259
101
301
101
53
216
111
215
53
216
110
216
53
216
110
214
223
149
268
147
223
149
269
147
185
122
229
122
185
122
232
123
185
122
231
123
185
122
232
121
185
122
232
122
275
264
319
261
275
264
311
262
275
264
316
263
275
264
317
261
215
202
260
202
215
202
260
200
215
202
261
200
267
211
312
208
267
211
311
208
220
193
266
191
220
193
266
193
220
193
265
191
218
194
261
194
120
211
171
211
175
120
216
120
509
436
569
438
509
436
570
438
223
197
266
197
223
197
270
194
223
197
266
195
223
197
270
196
223
197
266
199
132
126
183
126
132
126
179
126
186
123
229
122
186
123
232
123
186
123
230
123
186
123
231
123
186
123
232
121
186
123
233
123
186
123
232
124
186
123
232
122
229
149
273
147
119
210
168
209
119
210
170
209
344
37
388
31
344
37
387
30
344
37
387
29
87
178
141
178
87
178
140
178
225
242
268
239
225
242
270
241
267
227
311
224
267
227
310
224
267
227
309
224
265
227
309
224
335
240
379
238
226
194
272
194
226
194
271
194
226
194
272
196
226
194
271
192
330
246
373
243
293
251
334
248
292
256
333
253
292
256
335
253
292
256
336
254
220
203
264
203
220
203
264
199
220
203
266
201
220
203
266
203
123
125
170
125
123
125
170
126
123
125
173
124
123
125
171
125
88
178
141
179
213
138
260
137
213
138
260
138
238
103
285
103
248
210
291
208
299
264
341
261
299
264
345
261
299
264
340
262
299
264
347
259
299
264
341
262
292
266
336
265
292
266
336
263
292
266
335
264
292
266
335
263
292
266
333
262
224
204
270
200
224
204
270
202
224
204
270
204
286
262
332
259
286
262
331
259
286
262
329
258
286
262
329
259
286
262
332
260
512
433
569
438
512
433
571
438
512
433
570
438
292
194
336
193
166
143
222
143
294
264
336
263
294
264
339
261
294
264
341
261
294
264
340
262
294
264
341
262
266
255
311
252
297
210
341
205
297
210
340
207
154
203
202
205
295
261
340
258
295
261
336
258
295
261
339
257
295
261
336
259
114
207
165
206
114
207
165
205
311
232
354
230
311
232
354
229
311
232
354
231
54
214
111
212
54
214
112
212
54
214
111
213
286
152
328
151
286
152
327
151
545
430
604
435
545
430
604
436
353
209
397
206
353
209
397
205
320
188
362
185
273
236
317
234
273
236
315
234
273
236
317
233
273
236
316
234
273
236
314
234
256
230
299
225
256
230
299
227
430
224
478
217
152
125
199
124
283
266
327
265
283
266
328
263
227
149
273
147
227
149
271
147
227
149
270
147
227
149
269
147
218
196
261
196
218
196
263
196
218
196
264
195
186
124
229
122
186
124
232
123
186
124
230
123
186
124
231
123
186
124
233
123
186
124
232
124
186
124
232
122
537
425
601
433
537
425
598
432
537
425
601
431
537
425
600
431
507
420
572
423
507
420
573
424
507
420
569
425
507
420
573
420
507
420
570
426
507
420
574
424
257
230
301
227
257
230
299
227
257
230
300
225
273
237
317
235
273
237
317
234
273
237
315
234
273
237
317
233
273
237
316
234
296
263
339
261
296
263
341
261
296
263
340
262
238
251
285
250
238
251
286
250
238
251
284
249
238
251
284
250
238
251
284
248
238
251
286
251
550
423
603
430
550
423
607
430
550
423
605
430
550
423
604
430
248
208
292
205
248
208
290
206
248
208
291
208
248
208
290
208
112
211
163
210
310
243
354
240
310
243
354
241
298
207
341
205
126
211
176
211
229
151
274
149
352
221
396
215
352
221
396
218
352
221
396
216
352
221
396
217
220
152
264
150
220
152
265
149
220
152
266
149
220
152
266
150
220
152
265
150
220
152
267
150
262
209
307
206
262
209
306
206
262
209
308
206
297
209
341
205
297
209
340
207
172
140
222
139
311
241
357
236
311
241
354
237
345
36
393
34
345
36
388
28
507
426
571
434
507
426
568
431
507
426
569
430
542
428
603
434
542
428
604
435
542
428
605
434
542
428
601
434
542
428
604
436
298
208
341
205
273
235
317
233
273
235
316
231
273
235
314
232
221
150
264
148
221
150
265
147
267
232
312
229
267
232
309
229
261
230
304
227
261
230
305
227
562
423
599
429
251
207
295
205
169
146
221
145
507
422
572
423
507
422
573
424
507
422
570
428
507
422
571
427
507
422
569
425
507
422
570
426
507
422
570
427
507
422
568
427
507
422
574
424
507
422
568
426
126
123
176
123
126
123
177
123
165
200
215
203
347
34
390
27
264
235
307
232
264
235
308
232
267
208
312
205
267
208
311
205
559
425
603
430
559
425
604
430
559
425
601
431
559
425
600
431
574
434
571
427
130
126
179
126
179
123
222
122
179
123
224
123
179
123
215
123
310
234
354
230
310
234
354
232
310
234
354
231
310
234
353
233
56
213
113
211
56
213
114
212
56
213
113
213
538
425
606
431
538
425
601
433
538
425
598
432
538
425
601
431
538
425
603
433
538
425
601
434
538
425
600
431
158
199
207
202
353
208
397
205
353
215
397
211
353
215
396
211
499
434
556
444
510
420
572
423
510
420
573
424
510
420
577
425
510
420
574
425
510
420
577
424
510
420
576
424
510
420
574
424
259
230
301
227
259
230
302
227
259
230
303
229
255
207
302
204
255
207
303
204
350
236
395
234
214
139
260
137
214
139
260
138
283
243
328
243
283
243
325
241
283
243
325
240
283
243
325
239
294
250
336
247
294
250
338
247
570
432
570
426
215
200
260
200
215
200
261
200
357
224
400
219
78
180
131
181
114
178
166
178
226
202
274
205
226
202
272
200
226
202
270
200
226
202
270
202
226
202
270
204
226
202
273
203
226
202
272
198
226
202
272
203
226
202
270
198
226
202
272
202
135
123
182
123
135
123
183
123
260
242
304
241
260
242
304
239
202
125
249
124
202
125
246
124
202
125
245
124
202
125
247
125
202
125
250
125
202
125
251
125
202
125
247
124
295
230
337
229
295
230
338
229
233
201
276
204
233
201
280
204
235
243
283
241
235
243
279
240
228
204
276
206
228
204
274
205
228
204
272
200
228
204
270
200
228
204
270
202
228
204
270
204
228
204
273
203
228
204
272
203
228
204
272
202
269
234
312
231
142
125
189
125
142
125
192
124
142
125
191
125
142
125
188
125
142
125
190
125
546
424
603
433
546
424
605
434
251
101
298
101
133
124
180
124
133
124
183
124
56
214
113
214
56
214
114
212
56
214
113
213
173
125
216
124
264
237
307
234
264
237
308
234
164
197
215
201
310
237
353
233
310
237
354
234
184
126
225
124
310
240
354
236
310
240
354
237
292
257
333
253
292
257
335
253
292
257
332
254
292
257
336
254
541
428
603
434
541
428
604
435
541
428
601
433
541
428
605
434
541
428
601
434
541
428
604
436
333
245
377
243
139
126
187
126
280
152
319
153
149
122
196
122
213
139
260
138
214
152
260
150
214
152
261
150
131
126
179
126
543
427
603
434
543
427
604
435
543
427
605
434
517
464
571
465
238
156
282
152
564
425
584
425
239
155
282
152
171
151
224
150
167
198
217
201
166
198
215
201
166
198
216
201
225
196
270
194
225
196
270
196
225
196
271
194
225
196
272
198
225
196
272
196
310
238
354
236
310
238
354
234
500
431
559
442
510
433
569
438
510
433
571
438
510
433
567
438
510
433
570
436
510
433
570
438
265
232
307
229
265
232
309
229
354
222
400
219
179
122
222
122
179
122
216
122
220
149
265
147
131
124
180
124
131
124
183
124
131
124
178
125
173
123
215
122
173
123
216
122
570
468
585
468
553
425
600
431
271
210
315
205
271
210
316
205
264
232
307
229
264
232
307
227
264
232
309
229
55
215
113
214
55
215
113
213
285
263
327
261
285
263
329
259
512
420
574
425
512
420
574
424
257
209
303
206
257
209
304
206
115
212
164
211
115
212
165
211
222
152
265
149
222
152
264
148
222
152
267
149
222
152
266
149
222
152
266
150
222
152
267
150
125
209
175
209
247
208
290
206
247
208
290
208
313
192
357
188
221
152
264
150
221
152
265
149
221
152
266
149
221
152
266
150
221
152
265
150
221
152
267
150
352
212
397
211
262
237
305
232
258
225
303
222
290
264
335
263
290
264
333
262
290
264
329
259
290
264
332
260
540
429
604
435
540
429
604
436
52
214
109
213
52
214
110
213
290
258
332
254
569
468
585
468
362
182
407
178
362
182
406
178
270
232
312
229
512
418
577
424
512
418
576
424
512
418
574
424
502
435
569
438
502
435
567
438
502
435
559
442
502
435
564
434
224
149
271
147
224
149
270
147
224
149
268
147
224
149
269
147
546
420
605
427
546
420
606
428
546
420
607
429
269
226
311
224
269
226
312
224
247
205
291
205
247
205
290
206
247
205
290
204
242
253
285
250
242
253
286
250
242
253
286
251
186
155
231
154
508
421
572
423
508
421
573
424
508
421
571
427
508
421
574
425
508
421
569
425
508
421
573
420
508
421
570
426
508
421
570
427
508
421
574
424
201
125
249
124
201
125
246
124
201
125
244
124
201
125
246
125
201
125
245
124
201
125
247
125
201
125
247
124
48
215
105
214
294
256
335
253
294
256
339
254
294
256
336
254
246
259
288
256
246
259
290
256
246
259
291
258
284
151
323
152
284
151
324
152
284
151
326
150
271
234
316
231
271
234
314
232
271
234
315
231
284
262
327
261
284
262
329
259
52
215
109
213
52
215
108
214
52
215
109
214
52
215
110
214
52
215
110
213
516
468
570
468
297
264
339
261
297
264
341
261
297
264
340
262
297
264
341
262
466
263
519
261
290
250
334
248
290
250
331
247
290
250
333
248
290
250
334
247
290
250
332
247
272
255
312
254
50
216
108
214
50
216
108
215
543
429
603
434
543
429
604
435
543
429
605
434
543
429
604
436
311
239
354
236
311
239
354
237
311
239
357
234
49
218
107
216
118
211
171
211
118
211
168
210
118
211
167
210
243
253
286
250
243
253
286
251
273
264
319
261
273
264
311
262
273
264
313
261
273
264
317
260
273
264
317
261
171
149
223
148
171
149
224
148
146
123
194
124
146
123
192
124
146
123
193
123
146
123
194
123
268
237
312
234
268
237
313
234
501
433
562
435
501
433
563
434
501
433
559
442
501
433
564
434
187
122
232
121
187
122
233
123
187
122
232
122
88
179
141
179
112
177
163
176
353
244
397
241
215
198
260
198
281
262
324
260
223
150
268
147
223
150
265
147
145
126
192
126
145
126
194
126
138
124
187
124
226
200
272
200
226
200
270
200
226
200
270
202
226
200
273
203
226
200
270
196
226
200
272
198
226
200
272
196
226
200
272
203
226
200
270
198
226
200
272
202
278
243
322
242
278
243
322
241
150
118
197
118
311
234
354
232
311
234
354
231
311
234
353
233
53
217
111
215
53
217
110
216
129
124
180
124
129
124
177
125
54
216
111
215
185
153
231
152
231
203
276
206
231
203
274
205
231
203
279
206
231
203
276
204
251
210
296
207
251
210
295
207
263
255
306
252
112
210
163
210
319
188
360
185
269
229
312
226
126
126
178
125
126
126
175
126
126
126
177
125
261
254
304
252
261
254
306
252
154
200
204
204
328
249
371
246
269
237
312
234
269
237
314
234
269
237
313
234
269
237
314
232
109
177
160
177
109
177
161
177
178
125
216
124
178
125
222
125
178
125
220
124
502
432
561
435
502
432
562
435
502
432
563
434
502
432
559
442
502
432
564
434
507
434
569
438
507
434
571
438
507
434
566
437
507
434
567
438
507
434
570
438
168
148
221
147
53
214
111
212
53
214
110
214
53
214
110
213
259
227
301
224
259
227
304
224
259
227
303
222
512
417
578
424
263
227
306
224
263
227
307
224
193
126
238
126
193
126
238
125
311
243
354
240
311
243
354
241
311
243
354
242
258
209
303
206
258
209
304
206
158
201
207
204
158
201
208
204
359
179
403
175
226
148
270
145
511
431
571
438
511
431
570
436
511
431
570
438
286
265
331
264
286
265
327
261
286
265
331
263
286
265
328
263
225
150
270
147
225
150
268
147
225
150
269
147
342
30
390
27
146
120
193
121
164
200
213
203
164
200
214
203
225
192
271
194
225
192
271
192
249
213
294
210
220
199
264
199
220
199
263
196
220
199
263
198
220
199
266
197
220
199
266
195
220
199
264
195
220
199
265
197
142
124
189
124
142
124
187
124
270
208
315
205
270
208
314
205
234
218
282
215
253
207
298
204
54
215
111
215
54
215
111
213
321
188
363
185
275
266
316
263
256
207
302
204
256
207
303
204
287
267
331
264
287
267
327
261
287
267
331
263
287
267
328
265
287
267
328
263
544
426
605
434
112
209
163
207
221
237
265
235
221
237
264
235
165
198
215
201
244
257
288
256
244
257
290
256
244
257
286
253
87
179
141
179
126
125
173
126
126
125
175
126
126
125
177
125
514
433
571
438
261
209
307
206
261
209
306
206
310
235
354
232
310
235
354
231
310
235
353
233
222
238
265
235
222
238
264
235
266
211
311
208
228
237
272
235
547
420
605
427
547
420
606
428
547
420
607
429
547
420
602
428
138
126
187
126
150
121
196
121
150
121
197
121
131
121
180
121
296
230
337
229
296
230
338
229
279
263
324
260
299
208
343
204
175
122
215
122
175
122
216
122
513
433
571
438
260
230
302
227
260
230
304
227
260
230
303
229
509
421
572
423
509
421
573
424
509
421
571
427
509
421
577
425
509
421
574
425
509
421
573
420
509
421
576
424
509
421
570
426
509
421
572
428
509
421
574
424
222
150
265
147
329
23
385
22
243
256
286
253
504
430
567
438
504
430
566
433
504
430
564
434
199
126
245
125
199
126
249
126
199
126
244
124
199
126
243
125
199
126
246
125
199
126
245
124
199
126
247
125
199
126
246
126
111
177
162
176
129
126
178
125
129
126
179
126
352
210
396
206
507
421
572
423
507
421
573
424
507
421
571
427
507
421
569
425
507
421
570
426
507
421
570
427
507
421
574
424
507
421
568
426
511
432
569
438
511
432
571
438
511
432
570
436
511
432
570
438
226
150
271
147
226
150
270
147
226
150
268
147
226
150
269
147
221
197
266
197
221
197
266
193
221
197
266
195
221
197
265
197
222
201
266
197
222
201
266
201
222
201
266
203
222
201
266
199
360
182
405
178
360
182
404
178
363
215
409
211
552
422
603
430
552
422
605
430
552
422
604
430
552
422
607
429
223
151
264
148
223
151
267
149
223
151
266
149
223
151
268
149
135
126
183
126
135
126
187
126
230
201
272
200
230
201
276
204
230
201
273
203
230
201
272
198
550
421
603
430
550
421
607
430
550
421
605
430
550
421
604
430
550
421
606
428
550
421
607
429
550
421
602
428
501
437
569
438
501
437
567
438
230
151
274
149
228
198
272
200
228
198
272
198
228
198
272
196
57
212
114
212
512
416
576
421
51
219
109
217
544
427
605
434
212
148
260
147
510
434
569
438
510
434
571
438
510
434
570
438
263
235
305
232
263
235
307
232
349
38
395
34
385
78
432
71
517
466
573
467
546
423
603
430
546
423
606
431
546
423
607
430
546
423
605
430
546
423
604
430
546
423
601
431
282
152
323
152
282
152
322
152
175
125
216
125
175
125
215
124
175
125
216
124
175
125
220
124
320
185
362
182
557
425
603
430
557
425
601
431
557
425
600
431
343
31
390
27
51
218
109
216
51
218
109
217
48
214
105
213
465
262
519
261
465
262
517
259
121
204
171
204
546
425
605
434
224
192
270
192
224
192
271
192
134
125
183
125
134
125
181
125
231
152
274
149
311
242
354
240
320
191
361
188
219
201
264
199
219
201
263
198
296
206
339
204
299
251
344
248
131
125
183
125
131
125
178
125
131
125
181
125
131
125
179
126
189
154
234
153
82
178
136
179
82
178
135
178
260
244
304
241
260
244
304
242
260
244
304
243
240
253
284
252
240
253
285
250
240
253
286
250
240
253
284
249
240
253
284
250
240
253
286
253
240
253
286
251
335
247
378
243
273
257
314
256
273
257
315
256
262
235
304
232
262
235
305
232
550
420
605
430
550
420
604
430
550
420
605
427
550
420
606
428
550
420
607
429
550
420
602
428
360
179
405
175
360
179
403
175
182
123
222
122
182
123
229
122
182
123
230
123
182
123
226
123
182
123
225
121
182
123
226
121
213
152
260
151
221
193
266
191
221
193
266
193
78
179
131
180
361
179
405
175
361
179
406
175
186
122
232
123
186
122
232
121
186
122
233
123
186
122
232
122
156
201
204
204
156
201
207
204
156
201
206
204
180
124
224
123
180
124
225
124
180
124
226
123
180
124
220
124
146
117
192
117
143
122
189
122
352
220
396
215
352
220
396
216
352
220
396
217
179
125
224
123
179
125
216
124
179
125
225
124
179
125
222
125
179
125
220
124
431
224
479
217
551
421
603
430
551
421
606
431
551
421
607
430
551
421
605
430
551
421
604
430
551
421
606
428
551
421
607
429
221
151
265
149
221
151
264
148
221
151
267
149
221
151
266
149
221
151
268
149
145
122
193
122
167
141
222
141
131
120
180
120
214
135
261
134
226
149
271
147
226
149
270
147
226
149
268
147
226
149
269
147
296
256
335
253
296
256
341
254
296
256
339
254
296
256
336
254
329
253
374
249
172
149
223
148
172
149
224
148
171
140
222
139
133
125
183
125
133
125
181
125
133
125
179
126
340
247
383
243
340
247
383
244
269
232
312
229
203
126
249
124
203
126
246
124
203
126
250
126
203
126
249
126
203
126
245
124
203
126
247
125
203
126
250
125
203
126
251
125
203
126
247
124
220
141
264
138
311
238
354
236
311
238
354
234
311
238
357
234
255
101
298
101
255
101
299
101
255
101
301
101
362
179
405
175
362
179
406
175
506
438
567
438
183
124
229
122
183
124
230
123
183
124
226
123
183
124
231
123
