33_33_l.jpg
33_33_r.jpg
257
263
135
253
257
263
137
251
257
263
136
254
257
263
138
252
352
309
247
303
352
309
241
302
299
213
187
203
299
213
188
203
356
310
245
304
356
310
244
304
356
310
246
304
430
278
314
273
334
306
224
299
316
310
211
304
316
310
211
303
372
315
258
308
372
315
262
308
372
315
259
308
480
311
428
308
386
313
274
307
415
253
132
244
372
288
263
281
372
288
261
282
372
288
261
281
368
286
260
280
368
286
259
279
368
286
260
279
419
251
138
245
419
251
139
243
419
251
136
246
419
251
138
243
419
251
138
247
294
210
182
201
436
294
325
289
436
294
324
288
436
294
324
289
330
310
219
303
330
310
215
305
330
310
222
302
330
310
220
304
332
311
221
305
332
311
220
304
251
264
135
253
251
264
136
254
361
315
248
308
361
315
251
308
377
312
266
305
377
312
260
305
377
312
265
305
377
312
267
305
377
312
264
306
377
312
262
306
253
261
139
247
253
261
135
253
253
261
134
251
253
261
137
251
253
261
136
254
253
261
138
252
253
261
138
247
432
274
316
269
366
279
258
273
357
280
249
273
420
255
139
247
420
255
135
253
420
255
134
251
420
255
140
244
420
255
137
251
420
255
139
246
420
255
136
254
420
255
139
243
420
255
138
243
365
312
255
305
365
312
255
306
365
312
262
307
365
312
259
306
365
312
254
306
321
312
214
305
321
312
211
304
321
312
215
305
251
262
135
253
251
262
134
251
251
262
137
251
251
262
133
254
251
262
136
254
251
262
138
252
238
213
122
199
370
287
260
280
370
287
261
281
370
287
260
279
329
310
214
305
329
310
219
303
329
310
215
305
329
310
220
304
369
287
261
282
369
287
260
280
369
287
261
281
369
287
258
281
367
285
259
278
367
285
257
279
367
285
259
279
367
285
260
279
432
281
319
276
347
309
238
302
347
309
241
302
347
309
239
302
346
314
240
306
323
314
216
307
323
314
215
305
323
314
212
308
323
314
215
307
245
207
128
195
333
311
221
305
333
311
220
304
229
227
113
214
348
311
239
304
348
311
243
304
348
311
238
304
348
311
240
305
348
311
242
304
348
311
240
304
376
311
266
305
376
311
260
305
376
311
265
305
376
311
267
305
376
311
262
303
376
311
261
303
331
311
221
305
331
311
220
304
273
262
136
246
366
280
258
273
371
315
258
308
371
315
262
308
371
315
259
308
385
315
270
309
365
280
258
273
364
313
257
308
364
313
258
308
364
313
255
306
364
313
253
306
364
313
252
306
364
313
262
308
364
313
259
308
364
313
254
306
366
289
257
282
536
246
421
252
257
259
139
247
257
259
137
251
257
259
138
252
250
265
135
253
250
265
136
254
371
288
261
282
371
288
261
281
247
216
130
204
360
282
252
275
359
315
248
308
359
315
251
308
464
321
456
316
464
321
434
317
418
255
135
253
418
255
134
251
418
255
138
245
418
255
139
243
418
255
136
246
418
255
138
243
418
255
138
247
421
253
139
247
421
253
140
244
421
253
139
246
421
253
141
243
421
253
138
245
421
253
139
243
421
253
138
243
421
253
138
247
251
260
135
253
251
260
134
251
251
260
137
251
251
260
133
254
251
260
136
246
251
260
138
247
350
313
240
306
350
309
241
302
350
309
239
302
431
279
316
274
431
279
314
274
250
260
135
253
250
260
134
251
250
260
133
254
250
260
136
246
250
260
138
247
497
189
381
190
318
310
211
304
318
310
211
303
322
312
214
305
322
312
211
304
322
312
219
303
322
312
215
305
231
228
114
215
421
255
140
244
421
255
139
246
421
255
138
245
421
255
139
243
421
255
138
243
429
278
314
273
370
288
261
282
370
288
260
280
370
288
261
281
315
310
211
303
252
264
136
254
476
321
448
319
476
321
451
318
242
264
133
254
421
247
141
243
368
314
257
308
368
314
258
308
368
314
262
308
368
314
259
308
326
311
214
305
326
311
219
303
326
311
215
305
326
311
220
304
495
190
381
190
369
311
260
305
369
311
259
306
369
311
264
306
369
311
262
306
420
249
141
243
420
249
139
243
420
249
138
243
437
294
325
289
437
294
324
289
246
212
122
199
246
212
130
200
246
212
127
200
246
212
127
199
346
311
239
304
346
311
238
304
346
311
240
305
346
311
242
304
346
311
240
304
260
259
137
251
260
259
138
252
431
280
317
275
366
314
257
308
366
314
258
308
366
314
259
308
366
314
254
306
437
295
325
290
437
295
325
289
437
295
323
290
370
311
260
305
370
311
265
305
370
311
259
306
370
311
264
306
370
311
262
306
367
314
257
308
367
314
258
308
367
314
262
308
367
314
259
308
246
213
122
199
246
213
127
201
246
213
127
200
298
210
187
200
373
313
255
305
373
313
260
305
373
313
262
307
373
313
262
308
373
313
259
306
373
313
264
306
373
313
262
306
248
263
135
253
248
263
134
251
248
263
133
254
248
263
136
254
420
250
141
243
420
250
138
245
420
250
139
243
420
250
136
246
420
250
138
243
478
321
448
319
478
321
451
318
368
285
259
278
368
285
260
280
368
285
259
279
368
285
260
279
421
250
140
244
421
250
141
243
421
250
139
243
421
250
136
246
421
250
138
243
371
289
261
282
322
311
214
305
322
311
211
304
322
311
219
303
322
311
215
305
463
323
448
319
463
323
451
318
370
309
257
303
370
309
262
303
370
309
258
303
370
309
261
303
345
312
240
305
345
312
240
306
494
190
377
191
494
190
381
190
438
295
325
290
432
278
316
272
356
281
248
274
260
265
136
254
496
313
378
310
322
314
214
305
322
314
216
307
322
314
215
305
322
314
212
308
322
314
215
307
387
312
274
307
351
310
243
304
351
310
245
304
351
310
244
304
351
310
246
304
351
310
242
304
351
310
240
304
252
263
135
253
252
263
137
251
252
263
133
254
252
263
136
254
252
263
138
252
375
308
267
303
365
313
257
308
365
313
258
308
365
313
255
306
365
313
253
306
365
313
252
306
365
313
262
308
365
313
259
308
365
313
254
306
232
230
115
216
336
301
227
295
348
314
248
308
193
244
69
230
368
315
257
308
368
315
258
308
368
315
259
308
229
228
114
215
176
224
54
211
320
314
214
305
320
314
215
305
320
314
212
308
320
314
215
307
365
290
257
282
437
293
324
288
372
310
266
305
372
310
265
305
372
310
267
305
372
310
262
303
372
310
258
303
372
310
261
303
374
313
255
305
374
313
260
305
374
313
262
307
374
313
259
306
374
313
264
306
374
313
262
306
260
261
137
251
260
261
138
252
349
311
239
304
349
311
243
304
349
311
238
304
349
311
240
305
349
311
244
304
349
311
242
304
349
311
240
304
344
313
240
306
367
310
260
305
367
310
257
303
367
310
258
303
364
290
257
282
337
301
227
295
350
312
240
305
350
312
240
306
349
309
238
302
349
309
241
302
349
309
239
302
370
312
260
305
370
312
262
307
370
312
259
306
370
312
264
306
370
312
262
306
352
311
255
306
352
311
253
306
352
311
243
304
352
311
245
304
352
311
240
305
352
311
244
304
352
311
246
304
352
311
270
309
352
311
242
304
352
311
240
304
422
248
141
243
480
312
430
309
355
311
243
304
355
311
245
304
355
311
244
304
355
311
246
304
359
281
251
275
371
314
262
307
371
314
262
308
380
281
268
275
466
324
448
319
364
314
257
308
364
314
258
308
364
314
254
308
494
310
379
307
494
310
378
307
494
310
378
306
356
311
245
304
356
311
244
304
356
311
246
304
326
314
221
305
326
314
216
307
326
314
212
308
326
314
215
307
326
310
214
305
326
310
211
304
326
310
219
303
326
310
215
305
350
310
239
304
350
310
243
304
350
310
245
304
350
310
238
304
350
310
244
304
350
310
246
304
350
310
242
304
350
310
240
304
375
313
255
305
375
313
262
307
375
313
259
306
375
313
264
306
375
313
262
306
327
314
216
307
327
314
215
307
316
312
211
304
367
315
257
308
367
315
258
308
367
315
254
308
367
315
259
308
243
207
128
195
343
311
239
304
343
311
238
304
343
311
240
305
343
311
240
304
365
284
258
277
420
256
140
244
420
256
139
246
420
256
136
254
234
230
115
216
234
230
118
216
326
312
214
305
326
312
216
307
326
312
215
305
326
312
212
308
326
312
215
307
326
312
220
304
330
311
221
305
330
311
219
303
330
311
220
304
359
314
254
308
359
314
248
308
359
314
251
308
299
210
187
200
329
311
221
305
329
311
219
303
329
311
215
305
329
311
220
304
462
324
448
319
334
301
227
295
253
260
139
247
253
260
135
253
253
260
134
251
253
260
137
251
253
260
136
254
253
260
138
252
253
260
138
247
375
312
266
305
375
312
260
305
375
312
265
305
375
312
259
306
375
312
264
306
375
312
262
306
377
315
262
308
377
315
259
308
377
315
270
309
246
216
130
204
364
312
255
305
364
312
255
306
364
312
253
306
364
312
262
307
364
312
254
306
241
267
133
254
368
287
260
280
368
287
261
281
368
287
258
281
357
282
249
276
357
282
249
275
346
313
240
306
353
311
255
306
353
311
253
306
353
311
252
306
353
311
243
304
353
311
245
304
353
311
244
304
353
311
246
304
353
311
270
309
353
311
254
306
353
311
242
304
244
213
127
201
325
305
215
298
365
286
257
279
365
286
256
279
356
282
249
275
363
313
257
308
363
313
258
308
363
313
253
306
363
313
252
306
363
313
254
308
363
313
259
308
363
313
254
306
253
265
136
254
325
312
214
305
325
312
219
303
325
312
216
307
325
312
215
305
325
312
212
308
325
312
215
307
325
312
220
304
376
312
266
305
376
312
260
305
376
312
265
305
376
312
259
306
376
312
264
306
376
312
262
306
247
211
126
198
247
211
127
199
354
311
253
306
354
311
243
304
354
311
245
304
354
311
244
304
354
311
246
304
354
311
270
309
354
311
254
306
354
311
242
304
344
312
240
305
344
312
240
306
