31_31_l.jpg
31_31_r.jpg
355
388
242
402
287
344
181
358
286
319
179
333
286
319
179
331
286
319
179
332
280
326
173
340
282
324
173
340
287
322
180
335
288
343
181
358
287
318
179
331
287
318
179
332
344
375
236
389
344
375
237
389
282
326
174
341
286
322
180
335
290
324
184
338
346
389
236
403
340
389
230
403
281
326
173
340
281
326
174
341
289
338
182
351
289
338
182
350
247
341
139
356
275
321
169
334
290
322
184
336
247
345
139
359
286
321
179
333
286
321
180
335
282
322
176
335
343
375
236
389
287
319
179
333
287
319
179
332
241
340
132
357
245
341
136
357
345
389
235
403
287
312
179
324
287
311
179
324
322
394
216
408
287
320
179
333
