36_36_l.jpg
36_36_r.jpg
365
33
241
40
365
33
240
39
433
86
312
109
40
93
189
67
464
89
333
104
464
89
332
104
464
89
332
105
464
89
335
105
465
87
333
104
465
87
335
102
465
87
336
103
462
87
333
104
462
87
332
104
462
87
335
102
462
87
336
103
462
87
333
102
39
100
201
79
40
98
202
76
40
98
204
78
41
99
202
76
41
99
204
78
411
43
285
55
490
88
357
105
404
46
281
57
404
46
278
57
404
46
280
57
364
32
240
39
491
88
357
105
451
87
324
103
410
48
285
61
410
48
283
61
410
48
284
60
410
48
284
61
407
47
280
58
413
48
286
60
413
48
286
61
406
48
279
59
271
154
139
152
271
154
138
152
406
47
279
59
364
34
240
41
433
87
312
110
433
87
312
109
44
98
201
74
411
44
286
56
411
44
285
55
453
88
324
103
405
48
279
59
461
90
332
106
434
152
307
163
286
194
156
198
41
98
202
76
452
88
324
103
488
87
355
104
488
87
357
105
463
87
333
104
463
87
332
104
463
87
336
103
463
87
333
102
39
91
192
66
39
91
192
67
457
91
328
106
464
87
333
104
464
87
335
102
464
87
336
103
464
87
333
102
42
97
201
74
456
88
327
104
40
94
189
67
39
96
202
76
481
87
352
103
481
87
352
104
481
87
351
103
406
46
281
57
406
46
280
57
406
46
280
58
