Test1027.jpg
Test1028_2.jpg
87
179
232
69
87
179
234
68
87
179
233
69
87
179
234
69
233
195
319
178
228
194
315
172
230
197
313
177
230
197
313
176
230
197
316
177
230
197
314
177
230
195
316
177
230
195
314
177
230
199
311
178
230
199
313
177
230
199
313
176
230
199
314
177
223
197
311
170
228
200
311
178
228
200
313
177
228
200
313
176
228
200
314
177
233
201
316
177
233
201
314
177
228
202
311
178
228
198
311
178
228
198
313
177
228
198
313
176
228
198
314
177
225
196
311
170
228
196
313
176
228
196
313
173
228
196
314
177
224
202
307
175
224
202
309
174
224
202
308
176
233
197
316
177
233
197
319
178
231
201
313
177
231
201
313
176
231
201
314
177
231
195
317
175
231
195
316
177
231
195
319
178
231
195
314
177
230
201
311
178
230
201
313
177
230
201
313
176
230
201
314
177
226
200
310
178
226
200
311
178
226
200
310
172
228
204
311
178
226
196
313
173
226
196
314
171
226
202
310
178
226
202
311
178
226
202
309
174
226
202
308
176
231
199
313
177
231
199
313
176
231
199
314
177
226
198
313
176
226
198
313
173
224
204
306
177
224
204
307
175
224
204
307
178
231
197
313
177
231
197
313
176
231
197
316
177
231
197
314
177
226
204
309
174
226
204
308
176
294
230
338
241
294
229
338
241
