paris_invalides_000662.jpg
paris_invalides_000663.jpg
306
205
298
182
301
203
293
180
300
197
289
171
300
197
291
173
300
197
292
174
196
208
177
182
258
212
256
190
313
228
301
202
307
201
301
180
309
206
302
184
281
217
277
197
325
238
321
223
239
153
222
120
274
137
258
104
327
238
322
223
273
137
257
104
238
152
221
119
266
203
262
179
266
203
263
180
304
202
298
181
306
200
299
178
280
216
277
197
282
223
279
203
282
223
281
204
319
220
308
195
272
136
256
103
300
199
293
176
300
199
291
175
268
212
263
190
327
239
322
223
327
241
321
223
284
223
281
204
273
136
257
103
273
136
256
102
265
202
262
179
265
215
262
191
271
136
254
102
272
135
256
102
194
212
171
189
303
203
296
181
287
231
284
212
306
203
298
181
315
223
305
200
273
149
257
117
305
204
298
182
303
200
297
178
305
203
298
181
266
212
262
190
266
212
263
190
314
221
305
200
