Test1999_rot.jpg
Test2000_rot.jpg
156
252
140
185
156
252
141
186
508
204
484
273
508
204
485
270
508
204
484
270
508
204
483
273
508
204
483
272
582
158
570
257
592
164
575
267
337
224
317
228
337
224
318
227
337
224
316
228
337
224
319
229
484
258
440
311
484
258
443
315
273
308
224
280
273
308
225
280
337
238
312
242
337
238
314
240
337
238
313
242
532
159
524
239
532
159
525
239
532
159
525
240
532
159
528
241
532
159
523
240
599
201
567
303
599
201
568
303
599
201
566
303
574
165
564
262
574
165
565
262
574
165
560
261
538
157
528
241
494
259
448
316
456
178
445
229
456
178
445
228
456
178
444
228
34
174
60
69
34
174
58
68
34
174
60
68
34
174
57
67
588
164
567
264
588
164
572
266
154
250
139
183
154
250
137
184
154
250
141
182
154
250
143
183
154
250
140
182
154
250
138
183
154
250
140
183
154
250
142
183
154
250
139
182
154
250
142
182
569
191
545
284
569
191
544
284
569
191
546
284
598
192
571
295
346
273
309
277
346
273
308
276
139
251
124
178
321
308
271
298
321
308
272
298
475
172
470
232
475
172
469
232
454
174
443
224
544
157
535
243
302
286
263
272
302
286
262
271
302
286
262
272
73
195
82
100
73
195
87
101
73
195
83
101
73
195
86
101
73
195
84
101
73
195
84
100
73
195
86
102
602
192
573
295
602
192
577
297
602
192
574
296
602
192
574
295
602
192
576
297
602
192
572
295
350
272
311
276
534
159
530
242
66
199
78
102
181
252
161
194
606
195
576
299
582
162
566
261
313
312
257
299
313
312
259
298
313
312
258
298
607
154
594
263
607
154
595
263
607
154
595
264
535
159
530
242
334
228
313
230
334
228
316
231
334
228
314
233
334
228
315
231
143
243
129
170
143
243
130
170
512
258
467
324
591
163
575
266
162
250
145
187
162
250
145
186
162
250
143
186
162
250
143
185
162
250
144
186
162
250
141
186
162
250
142
186
162
250
144
188
162
250
146
187
162
250
142
188
569
193
544
286
321
307
271
298
321
307
267
295
321
307
271
297
321
307
272
298
321
307
270
296
321
307
271
296
321
307
265
295
321
307
272
296
607
192
583
300
607
192
577
297
607
192
574
295
607
192
580
298
607
192
578
298
607
192
581
299
607
192
579
297
607
192
579
298
393
178
386
206
528
194
504
270
70
200
79
104
573
192
548
286
589
181
568
281
151
252
136
184
151
252
135
184
151
252
137
184
151
252
137
185
607
191
582
298
607
191
578
296
607
191
579
296
607
191
580
298
607
191
578
295
607
191
580
297
607
191
579
297
607
191
576
295
348
238
321
242
167
251
145
187
167
251
152
190
167
251
151
190
167
251
146
188
167
251
144
188
167
251
146
187
167
251
149
189
167
251
148
188
567
159
552
251
567
159
549
251
567
159
548
251
567
159
552
252
452
178
440
228
324
308
271
298
324
308
272
298
324
308
267
297
158
249
141
185
158
249
143
183
158
249
140
185
158
249
143
185
158
249
141
186
158
249
142
185
158
249
143
184
158
249
142
183
583
163
567
262
540
159
530
243
540
159
531
243
312
287
268
277
312
287
269
275
530
164
520
244
561
227
526
314
535
157
526
239
535
157
524
239
535
157
525
239
535
157
528
240
535
157
529
240
535
157
527
239
406
271
363
296
406
271
362
295
390
188
381
215
301
284
266
270
588
161
572
263
134
251
122
175
134
251
121
176
134
251
121
175
134
251
119
176
134
251
121
174
584
158
571
258
152
251
138
185
152
251
136
184
152
251
137
184
152
251
136
182
152
251
137
185
152
251
136
183
338
269
303
270
338
269
302
269
152
256
137
188
152
256
136
187
589
227
551
323
568
191
545
284
568
191
544
284
568
191
546
284
568
191
543
283
576
157
565
255
339
281
298
283
339
281
298
281
585
158
572
259
585
158
571
258
391
185
385
212
391
185
382
212
391
185
382
211
391
185
381
211
391
185
383
212
572
191
548
285
572
191
547
285
161
251
145
187
161
251
145
186
161
251
143
186
161
251
143
185
161
251
144
186
161
251
141
186
161
251
142
185
161
251
146
188
161
251
142
186
161
251
144
188
161
251
146
187
161
251
142
188
35
178
58
71
35
178
56
70
35
178
58
72
530
162
522
242
530
162
522
243
302
287
263
272
302
287
262
272
327
274
288
271
327
274
290
270
88
234
83
143
597
220
560
320
597
220
558
320
543
156
533
241
543
156
532
241
543
156
534
242
595
220
558
320
585
187
559
285
585
187
558
284
585
187
559
284
557
160
547
251
557
160
546
250
410
249
377
280
156
251
141
185
156
251
140
185
156
251
141
186
156
251
142
185
156
251
142
186
156
251
143
184
547
199
521
283
547
199
523
284
529
159
524
239
529
159
525
240
529
159
523
240
336
227
313
230
336
227
317
232
336
227
316
231
336
227
315
231
336
227
315
229
153
251
138
185
153
251
137
184
153
251
136
183
153
251
138
183
39
174
60
69
39
174
58
68
39
174
60
68
39
174
64
70
607
218
568
323
607
218
570
322
33
177
58
71
33
177
56
70
37
178
58
71
37
178
56
70
37
178
58
72
37
178
59
72
344
280
302
280
605
210
572
317
605
210
572
313
605
210
572
312
605
210
572
316
605
210
571
312
605
210
572
314
605
210
570
312
40
175
61
70
40
175
64
70
133
243
122
168
133
243
120
167
133
243
121
167
133
243
119
167
323
310
268
300
338
230
316
233
338
230
318
235
338
230
317
233
338
230
316
231
338
230
316
235
338
230
314
233
338
230
315
231
608
197
579
303
608
197
580
303
495
212
470
275
152
253
136
184
152
253
137
185
152
253
137
186
579
164
564
262
579
164
565
262
337
226
316
229
337
226
317
229
311
284
270
273
311
284
271
274
311
284
272
272
311
284
272
273
311
284
273
274
336
230
316
233
336
230
317
233
336
230
316
235
336
230
314
233
336
230
315
231
533
159
524
239
533
159
525
239
533
159
525
240
533
159
528
241
533
159
523
240
41
230
43
122
41
230
40
122
41
230
45
123
41
230
40
123
41
230
42
122
491
260
449
319
508
256
474
324
508
256
465
321
576
158
565
255
576
158
564
255
576
158
562
255
331
228
313
230
331
228
312
228
323
304
278
295
323
304
277
295
157
248
141
182
157
248
143
183
157
248
142
183
157
248
142
182
219
229
206
187
219
229
206
188
219
229
206
189
480
177
470
237
480
177
469
237
153
252
138
185
153
252
137
184
153
252
137
185
569
192
548
285
569
192
547
285
569
192
545
285
569
192
544
285
569
192
546
285
340
269
304
270
340
269
303
270
340
269
304
269
528
226
494
301
561
160
549
252
561
160
549
251
561
160
548
251
561
160
547
251
561
160
548
252
561
160
546
250
604
210
572
317
604
210
572
313
604
210
572
316
604
210
571
312
604
210
572
314
604
210
570
312
577
157
565
255
154
254
137
186
316
308
271
297
316
308
262
295
316
308
262
296
316
308
272
298
316
308
263
295
316
308
270
296
316
308
271
296
316
308
261
295
316
308
267
297
316
308
265
295
316
308
264
295
390
189
381
215
390
189
380
215
454
176
444
225
155
255
137
188
336
226
316
229
336
226
315
229
482
257
440
311
482
257
437
309
74
194
87
101
74
194
86
101
74
194
84
101
74
194
84
100
603
205
572
309
603
205
570
312
603
205
572
306
527
226
494
301
391
183
384
210
391
183
383
209
488
257
448
316
391
186
382
212
391
186
381
211
391
186
379
211
391
186
382
213
391
186
383
212
168
250
152
188
168
250
145
187
168
250
152
190
168
250
149
188
168
250
151
190
168
250
146
187
168
250
152
189
168
250
148
187
543
159
530
243
543
159
531
243
218
227
206
187
218
227
206
185
218
227
206
186
177
254
158
197
177
254
159
197
177
254
160
196
177
254
157
196
393
189
383
216
393
189
383
215
393
189
382
215
543
157
535
243
310
292
267
280
70
196
82
100
70
196
83
101
70
196
80
101
70
196
84
101
340
231
316
233
340
231
318
235
340
231
317
233
340
231
316
235
340
231
314
233
581
163
567
262
581
163
566
261
287
284
249
263
453
177
442
227
605
218
567
322
605
218
566
323
605
218
568
322
605
218
568
321
605
218
568
323
605
218
570
322
605
218
568
324
336
233
312
237
218
218
208
179
336
234
314
240
336
234
312
237
338
236
314
240
338
236
313
239
338
236
312
237
341
241
313
242
163
251
145
187
163
251
145
186
163
251
143
186
163
251
144
186
163
251
146
188
163
251
142
186
163
251
144
188
163
251
146
187
132
252
121
176
132
252
119
176
554
160
546
250
346
274
307
277
346
274
310
279
569
156
558
250
191
256
173
204
338
231
316
233
338
231
318
235
338
231
317
233
338
231
316
235
338
231
314
233
338
231
315
231
585
182
563
280
347
276
308
280
347
276
309
280
347
276
309
281
137
249
127
177
137
249
124
176
392
188
381
215
392
188
382
214
392
188
383
215
392
188
382
215
569
159
552
252
569
159
557
254
578
164
564
262
578
164
565
262
578
164
563
261
608
154
594
263
608
154
595
263
608
154
595
264
493
259
448
316
39
176
60
71
39
176
62
71
582
154
571
254
150
248
135
182
150
248
138
180
150
248
136
182
150
248
137
181
303
283
266
270
303
283
265
269
303
283
267
270
602
208
569
308
602
208
570
312
602
208
569
312
342
270
305
272
339
269
304
270
339
269
303
270
339
269
304
269
339
269
303
269
559
162
546
252
559
162
546
253
151
250
135
182
151
250
137
184
151
250
136
182
151
250
136
183
151
250
138
183
151
250
137
181
85
233
80
141
85
233
81
141
486
262
441
318
140
248
128
177
140
248
127
177
406
270
363
296
472
173
469
232
344
239
316
243
403
269
363
296
403
269
362
295
403
269
361
295
323
298
274
291
552
200
523
284
50
229
50
124
88
233
83
143
88
233
84
142
324
306
270
295
324
306
273
295
324
306
271
297
324
306
270
296
324
306
271
296
324
306
272
295
324
306
272
296
594
179
572
281
91
230
88
142
337
270
301
270
337
270
301
269
329
280
288
275
329
280
289
278
587
163
569
264
156
245
142
178
537
156
526
239
537
156
529
240
537
156
527
239
159
251
141
185
159
251
145
187
159
251
145
186
159
251
143
186
159
251
140
185
159
251
143
185
159
251
144
186
159
251
141
186
159
251
142
185
159
251
142
186
159
251
144
188
159
251
143
184
159
251
142
188
272
270
240
245
272
270
238
244
272
270
238
243
272
270
237
243
35
176
56
69
35
176
54
68
35
176
57
69
591
164
573
266
286
284
249
263
86
238
80
146
395
189
385
216
220
228
207
189
220
228
208
187
220
228
207
188
220
229
207
189
220
229
207
188
533
230
495
305
459
174
448
225
459
174
449
226
459
174
445
225
43
177
58
71
43
177
60
71
43
177
61
72
587
165
567
265
587
165
572
266
75
194
87
101
75
194
86
101
75
194
86
102
39
230
43
122
39
230
43
124
39
230
40
122
39
230
40
123
39
230
42
122
175
252
159
194
175
252
156
193
175
252
158
193
564
191
542
282
159
245
146
180
159
245
142
178
454
178
443
227
454
178
441
229
72
200
79
104
72
200
81
105
607
219
568
323
607
219
568
324
336
223
318
227
400
187
389
216
400
187
390
216
77
198
85
108
77
198
86
106
77
198
85
107
155
248
139
183
155
248
138
180
155
248
141
182
155
248
140
181
155
248
140
182
155
248
138
183
155
248
140
183
155
248
142
183
155
248
139
181
155
248
139
182
155
248
142
182
152
249
135
182
152
249
139
183
152
249
138
180
152
249
141
182
152
249
140
181
152
249
136
182
152
249
136
183
152
249
140
182
152
249
138
183
152
249
140
183
152
249
139
181
152
249
137
181
152
249
139
182
152
249
142
182
156
250
139
183
156
250
141
185
156
250
143
183
156
250
140
185
156
250
142
185
156
250
138
183
156
250
143
184
156
250
140
183
156
250
142
183
156
250
142
182
286
304
240
282
286
304
240
281
286
304
241
281
286
304
243
282
286
304
235
279
286
304
239
282
286
304
241
282
286
304
236
279
286
304
241
280
602
191
573
295
602
191
577
297
602
191
574
295
602
191
576
295
569
163
553
256
350
273
311
278
350
273
312
278
392
183
384
210
392
183
383
209
586
165
569
264
586
165
567
265
586
165
572
266
593
179
572
281
492
258
448
316
608
211
572
317
166
251
145
187
166
251
152
190
166
251
151
190
166
251
146
188
166
251
144
188
166
251
146
187
166
251
149
189
166
251
148
188
528
230
494
304
178
253
159
194
178
253
161
196
178
253
160
196
593
204
562
305
593
204
563
305
298
287
262
272
589
180
570
281
589
180
567
280
558
161
547
252
558
161
548
251
558
161
547
251
558
161
546
252
558
161
548
252
76
196
85
105
76
196
85
104
338
229
316
233
338
229
318
235
338
229
317
233
338
229
316
231
338
229
314
233
338
229
315
231
338
239
312
242
338
239
313
241
338
239
316
243
338
239
313
242
555
162
547
252
555
162
546
252
289
283
249
263
289
283
251
263
220
226
208
186
65
197
80
101
65
197
78
102
164
251
145
187
164
251
146
188
164
251
142
186
164
251
144
188
164
251
146
187
321
305
267
295
321
305
270
295
321
305
273
295
321
305
274
295
321
305
272
295
321
305
272
296
305
284
266
270
305
284
265
269
305
284
267
270
155
249
139
183
155
249
141
182
155
249
143
183
155
249
140
181
155
249
140
182
155
249
138
183
155
249
140
183
155
249
142
183
155
249
139
181
155
249
139
182
155
249
142
182
351
275
311
278
351
275
312
280
351
275
312
279
325
303
278
295
325
303
273
295
325
303
274
291
325
303
277
295
325
303
274
294
325
303
278
291
325
303
279
294
325
303
274
295
40
230
43
122
40
230
40
122
40
230
40
123
560
161
547
252
560
161
549
252
560
161
546
252
560
161
548
252
558
157
546
247
473
176
468
235
532
158
526
239
532
158
524
239
532
158
525
239
532
158
525
240
532
158
527
239
337
240
312
242
77
199
86
109
77
199
85
108
77
199
85
107
339
284
297
284
531
161
522
242
531
161
520
242
177
255
158
197
177
255
159
197
177
255
154
195
177
255
157
196
320
305
270
295
320
305
273
295
320
305
274
295
320
305
272
295
320
305
272
296
341
280
300
280
348
276
308
280
348
276
309
280
348
276
310
279
348
276
309
281
339
229
316
233
339
229
318
235
339
229
317
233
339
229
316
231
339
229
315
231
343
240
312
242
343
240
313
241
343
240
316
243
343
240
313
242
475
173
470
232
475
173
469
232
45
176
64
72
45
176
62
71
341
229
316
233
341
229
317
232
341
229
318
235
341
229
317
233
341
229
316
231
159
243
146
180
159
243
142
178
410
250
377
280
80
187
93
96
80
187
95
97
80
187
92
96
80
187
94
97
592
163
575
266
180
254
161
196
180
254
160
196
345
241
316
243
132
248
120
173
132
248
121
174
581
165
569
264
581
165
567
264
217
230
204
188
338
226
317
229
529
230
495
305
529
230
494
304
472
176
468
235
509
256
474
324
509
256
465
321
581
164
564
262
581
164
567
262
581
164
570
263
581
164
565
262
567
162
550
254
567
162
554
256
567
162
553
255
567
162
552
255
148
252
133
183
148
252
134
184
160
251
145
187
160
251
145
186
160
251
143
186
160
251
143
185
160
251
144
186
160
251
141
186
160
251
142
185
160
251
146
188
160
251
142
186
160
251
144
188
160
251
146
187
160
251
142
188
604
201
575
307
604
201
572
306
604
201
577
308
570
191
548
285
570
191
547
285
570
191
546
284
452
175
443
224
159
250
141
185
159
250
145
187
159
250
145
186
159
250
143
186
159
250
140
185
159
250
143
185
159
250
144
186
159
250
141
186
159
250
142
185
159
250
142
186
159
250
143
184
172
253
156
193
172
253
151
192
172
253
150
192
172
253
152
192
172
253
151
191
172
253
153
192
533
158
526
239
533
158
524
239
533
158
525
239
533
158
528
240
533
158
525
240
533
158
528
241
533
158
527
239
605
219
566
323
605
219
568
322
605
219
568
323
605
219
568
324
159
252
143
186
159
252
143
185
159
252
144
186
159
252
141
186
159
252
142
186
159
252
144
188
159
252
142
188
326
276
288
271
603
194
576
299
169
253
151
192
169
253
149
192
169
253
150
192
169
253
152
192
169
253
151
191
169
253
147
191
169
253
153
192
328
293
283
289
328
293
278
284
328
293
279
285
328
293
277
284
328
293
279
286
328
293
278
285
606
206
572
309
606
206
572
313
606
206
572
312
606
206
571
312
606
206
572
314
339
240
312
242
339
240
313
242
265
321
215
289
265
321
208
287
265
321
209
288
265
321
211
288
607
210
572
317
607
210
572
313
607
210
572
316
607
210
572
314
477
176
468
235
349
272
311
276
608
192
582
298
608
192
578
296
608
192
580
298
608
192
579
297
455
177
443
227
455
177
445
227
455
177
444
228
47
175
64
71
324
310
268
300
158
245
146
180
158
245
142
178
90
233
83
143
90
233
86
144
90
233
84
143
90
233
85
144
340
240
312
242
340
240
313
242
271
270
238
244
271
270
237
244
271
270
237
243
578
226
541
319
578
226
542
319
578
226
542
320
578
226
540
319
156
248
139
183
156
248
141
182
156
248
143
183
156
248
140
181
156
248
140
182
156
248
140
183
156
248
142
183
156
248
139
181
156
248
142
182
306
283
267
270
606
220
568
323
606
220
568
324
311
283
272
272
311
283
272
273
311
283
273
274
599
191
573
295
434
281
385
316
74
165
97
74
330
282
289
280
42
230
40
122
42
230
45
123
89
234
84
143
89
234
85
144
77
200
86
109
77
200
85
108
77
200
85
107
497
213
468
278
497
213
468
279
497
213
470
275
497
213
471
274
78
198
88
107
78
198
88
108
78
198
87
108
572
230
533
320
572
230
531
319
52
226
53
123
568
193
544
286
607
153
594
263
607
153
591
262
607
153
595
263
607
153
592
262
394
189
383
216
171
278
144
211
310
285
272
272
310
285
272
273
351
273
312
277
351
273
312
278
485
262
441
318
485
262
440
317
152
248
139
183
152
248
138
180
152
248
141
182
152
248
140
181
152
248
136
182
152
248
140
182
152
248
138
183
152
248
139
181
152
248
137
181
152
248
139
182
339
279
299
280
154
253
137
185
154
253
137
186
320
304
273
295
320
304
274
294
320
304
274
295
320
304
272
295
457
178
445
229
143
244
129
172
561
162
550
254
561
162
546
252
561
162
546
253
606
219
568
323
606
219
568
324
178
254
161
196
178
254
159
197
178
254
160
196
178
254
157
196
602
194
569
295
395
190
383
217
325
295
278
288
325
295
277
287
325
295
279
290
325
295
276
287
325
295
280
289
329
293
278
284
329
293
279
285
162
249
145
187
162
249
145
186
162
249
143
186
162
249
144
186
162
249
142
186
162
249
146
187
566
191
543
283
455
174
445
225
455
174
444
225
336
228
313
230
336
228
316
233
336
228
317
232
336
228
317
233
336
228
316
231
336
228
315
231
152
243
142
178
568
162
550
254
568
162
552
255
167
254
149
192
167
254
150
194
167
254
150
192
167
254
151
193
167
254
147
191
167
254
149
193
304
283
266
270
304
283
265
269
304
283
267
270
583
158
570
257
583
158
571
258
581
158
570
257
584
195
557
292
584
195
554
292
584
195
558
293
338
240
312
242
338
240
313
242
52
229
50
124
52
229
52
125
162
252
146
188
162
252
144
188
162
252
142
188
338
228
316
233
338
228
317
232
338
228
317
233
338
228
316
231
338
228
315
231
273
271
238
245
273
271
238
244
273
271
237
244
273
271
239
246
70
202
78
107
70
202
79
107
170
243
156
182
33
175
61
70
33
175
57
69
33
175
54
67
542
229
505
308
39
177
58
71
39
177
56
70
39
177
60
71
39
177
61
72
536
157
524
239
536
157
528
240
536
157
529
240
286
305
240
282
286
305
233
281
286
305
240
281
286
305
235
281
286
305
236
281
286
305
239
282
286
305
232
280
286
305
241
282
286
305
237
281
286
305
233
279
496
211
470
275
496
211
471
274
604
216
568
321
604
216
567
321
504
261
460
324
218
229
205
187
218
229
206
188
600
191
573
295
600
191
574
295
151
251
135
182
151
251
136
184
151
251
137
184
151
251
136
182
151
251
136
183
403
273
359
296
403
273
360
297
403
273
361
295
403
273
360
296
403
273
361
296
153
255
137
188
153
255
136
187
153
255
137
186
146
248
133
181
146
248
134
180
157
249
139
183
157
249
141
185
157
249
141
182
157
249
143
183
157
249
140
185
157
249
142
185
157
249
140
182
157
249
138
183
157
249
143
184
157
249
140
183
157
249
142
183
157
249
142
182
325
306
273
295
325
306
271
297
325
306
270
296
325
306
271
296
325
306
272
295
325
306
272
296
608
193
583
300
608
193
577
297
608
193
576
297
608
193
578
298
608
193
581
300
608
193
581
299
608
193
579
298
270
271
237
244
168
251
145
187
168
251
152
190
168
251
151
190
168
251
146
188
168
251
144
188
168
251
146
187
168
251
149
189
168
251
148
188
546
156
534
242
546
156
535
243
337
229
316
233
337
229
317
233
337
229
316
231
337
229
314
233
337
229
315
231
605
154
594
263
605
154
595
263
567
163
552
256
567
163
553
256
591
180
572
282
591
180
570
281
591
180
567
280
143
249
128
177
450
178
437
227
398
187
389
216
398
187
387
217
349
271
312
276
349
271
311
276
325
308
271
298
325
308
272
298
325
308
267
297
580
163
567
262
580
163
566
261
44
175
61
70
44
175
64
71
44
175
60
69
74
203
82
108
563
196
537
286
563
196
538
286
393
186
382
212
393
186
385
214
393
186
382
213
393
186
383
212
331
293
286
290
348
275
309
280
348
275
310
279
345
273
307
277
590
179
570
280
555
229
519
313
555
229
517
313
589
163
573
265
589
163
569
264
589
163
572
264
589
163
571
264
589
163
570
264
317
308
271
298
317
308
271
297
317
308
262
295
317
308
262
296
317
308
272
298
317
308
263
295
317
308
270
296
317
308
271
296
317
308
261
295
317
308
267
297
317
308
265
295
317
308
264
295
349
276
309
280
349
276
310
279
43
176
61
70
43
176
64
71
43
176
64
72
43
176
60
71
43
176
62
71
220
227
208
187
340
229
316
233
340
229
318
235
340
229
317
233
340
229
316
231
340
229
315
231
156
249
139
183
156
249
141
182
156
249
143
183
156
249
140
185
156
249
142
185
156
249
140
182
156
249
138
183
156
249
143
184
156
249
140
183
156
249
142
183
156
249
139
182
156
249
142
182
160
253
144
188
160
253
142
188
69
196
82
100
69
196
83
101
69
196
80
101
341
269
304
270
341
269
308
272
341
269
306
270
341
269
305
272
608
217
571
321
608
217
572
321
608
217
570
322
142
249
128
177
142
249
127
177
66
194
82
100
595
160
579
264
595
160
578
265
542
159
530
243
542
159
531
243
542
159
528
243
570
162
559
257
607
202
575
307
607
202
577
308
604
212
572
317
604
212
572
316
507
261
460
324
272
272
238
245
272
272
237
246
272
272
239
246
601
207
569
308
601
207
569
312
594
163
577
267
594
204
563
304
594
204
562
305
594
204
563
305
605
209
572
313
605
209
572
312
605
209
572
316
605
209
571
312
605
209
572
314
605
209
570
312
605
209
569
312
605
197
579
303
605
197
575
301
605
197
580
303
339
230
316
233
339
230
318
235
339
230
317
233
339
230
316
231
339
230
316
235
339
230
314
233
339
230
315
231
559
157
546
247
151
255
134
186
151
255
136
187
606
192
583
300
606
192
573
295
606
192
577
297
606
192
574
295
606
192
580
298
606
192
578
298
606
192
581
299
606
192
579
298
75
197
85
105
75
197
84
105
75
197
85
104
608
210
572
316
316
312
257
299
316
312
262
300
606
154
594
263
606
154
595
263
606
154
595
264
325
302
278
295
325
302
274
291
325
302
277
295
325
302
274
294
325
302
278
291
325
302
279
294
494
212
470
275
494
212
471
274
588
165
572
266
343
235
321
242
271
269
238
243
330
284
288
280
181
254
161
196
181
254
160
196
84
233
79
141
78
197
88
107
78
197
88
105
78
197
87
108
603
192
573
295
603
192
577
297
603
192
574
296
603
192
574
295
603
192
576
297
603
192
578
298
603
192
572
295
390
191
377
216
390
191
378
216
566
197
541
288
526
226
494
300
526
226
494
301
166
250
152
188
166
250
145
187
166
250
149
188
166
250
146
188
166
250
148
186
166
250
146
187
166
250
152
189
166
250
148
187
166
250
148
188
605
192
573
295
605
192
577
297
605
192
574
295
605
192
580
298
605
192
576
297
605
192
578
298
605
192
581
299
605
192
579
298
560
160
549
251
560
160
548
251
560
160
547
251
560
160
546
250
582
165
569
264
582
165
567
264
566
162
550
254
566
162
553
255
566
162
552
255
605
193
577
297
605
193
574
296
605
193
580
300
605
193
576
297
605
193
578
298
605
193
581
300
605
193
572
295
34
178
56
70
34
178
58
72
599
192
571
295
599
192
572
295
42
177
58
71
42
177
60
71
42
177
61
72
326
295
279
287
326
295
280
288
326
295
278
288
326
295
277
287
326
295
276
287
326
295
280
289
326
295
277
286
326
295
281
289
460
178
447
230
460
178
448
230
459
178
447
230
459
178
448
230
488
172
472
234
397
189
387
217
312
313
257
299
149
251
135
182
149
251
136
184
149
251
135
184
149
251
133
181
149
251
136
183
162
253
144
188
548
200
521
283
548
200
523
284
71
202
78
107
71
202
79
107
474
172
470
232
583
154
571
254
432
281
385
316
260
321
208
287
260
321
209
287
260
321
209
288
525
197
501
272
455
176
445
227
606
213
572
317
606
213
571
318
217
229
204
187
217
229
204
188
217
228
205
187
217
228
204
187
506
261
460
324
72
194
82
100
72
194
86
101
72
194
84
101
72
194
84
100
483
262
439
317
37
177
58
71
37
177
56
70
37
177
60
71
37
177
61
72
588
181
568
281
338
238
312
242
338
238
313
241
338
238
314
240
338
238
313
242
180
247
163
191
474
173
470
232
474
173
469
232
393
188
382
214
393
188
383
215
393
188
382
215
273
270
240
245
273
270
238
244
273
270
238
243
273
270
237
243
529
226
494
301
45
177
61
72
494
260
449
319
75
198
84
105
602
154
589
261
396
186
385
214
396
186
386
214
160
245
146
180
335
226
316
229
335
226
315
229
487
263
441
318
555
160
546
250
604
192
573
295
604
192
577
297
604
192
574
295
604
192
576
297
604
192
578
298
604
192
581
299
604
192
579
298
601
192
573
295
601
192
574
296
601
192
576
297
601
192
572
295
346
237
321
242
329
273
291
270
603
208
572
313
603
208
571
312
603
208
569
308
603
208
572
314
603
208
570
312
603
208
569
312
565
162
550
254
565
162
553
255
565
162
552
255
565
162
546
253
593
157
577
261
607
197
579
303
607
197
580
303
532
230
495
305
390
183
384
210
390
183
383
209
608
203
575
307
608
203
577
308
178
256
158
197
178
256
159
197
178
256
157
196
42
175
61
70
42
175
64
71
42
175
60
69
42
175
62
71
183
302
147
242
183
302
149
244
165
249
152
188
165
249
149
185
165
249
148
186
165
249
150
187
165
249
148
187
68
198
79
104
68
198
80
101
68
198
78
102
340
235
315
237
340
235
321
242
340
235
313
234
340
235
316
235
340
235
314
236
340
235
313
235
563
227
526
314
158
251
141
185
158
251
143
186
158
251
140
185
158
251
143
185
158
251
144
186
158
251
141
186
158
251
142
185
158
251
142
186
158
251
144
188
158
251
143
184
158
251
142
188
319
305
270
295
319
305
273
295
319
305
274
294
319
305
274
295
319
305
272
295
319
305
272
296
390
187
379
212
390
187
382
214
153
254
137
186
169
275
143
209
169
275
144
211
169
275
143
211
579
226
541
319
579
226
542
319
579
226
542
320
579
226
541
320
579
226
540
319
585
165
569
264
585
165
567
264
600
192
573
295
600
192
572
295
315
308
271
297
315
308
262
295
315
308
262
296
315
308
263
295
315
308
270
296
315
308
271
296
315
308
261
295
315
308
267
297
315
308
265
295
315
308
264
295
605
206
572
309
605
206
572
313
605
206
572
312
605
206
571
312
605
206
572
314
605
206
570
312
526
225
494
300
526
225
494
299
557
162
547
252
557
162
546
252
586
164
569
264
586
164
567
264
398
189
387
217
156
247
142
182
150
249
135
182
150
249
138
180
150
249
133
181
150
249
136
182
150
249
136
183
150
249
138
183
150
249
137
181
313
313
257
299
313
313
262
300
564
158
552
251
564
158
552
250
161
249
145
186
161
249
143
186
161
249
143
185
161
249
144
186
161
249
141
186
161
249
142
186
607
207
572
313
607
207
572
312
607
207
571
312
607
207
572
314
458
178
447
230
458
178
445
229
155
250
139
183
155
250
141
185
155
250
141
182
155
250
143
183
155
250
140
185
155
250
142
185
155
250
140
182
155
250
138
183
155
250
140
183
155
250
142
183
155
250
139
182
155
250
142
182
576
164
561
260
576
164
563
261
575
165
564
262
575
165
565
262
575
165
560
261
154
249
139
183
154
249
141
182
154
249
143
183
154
249
140
181
154
249
136
182
154
249
140
182
154
249
138
183
154
249
140
183
154
249
142
183
154
249
139
181
154
249
137
181
154
249
139
182
154
249
142
182
323
295
278
288
323
295
277
287
323
295
276
287
567
196
541
288
595
204
563
304
595
204
563
305
595
204
565
305
595
204
565
304
607
209
572
313
607
209
572
312
607
209
572
316
607
209
571
312
607
209
572
314
158
253
141
186
158
253
142
186
158
253
142
188
343
239
314
240
343
239
316
243
531
159
526
239
531
159
524
239
531
159
525
239
531
159
525
240
531
159
528
241
531
159
523
240
454
175
445
225
454
175
444
225
280
285
242
262
559
160
548
251
559
160
547
251
559
160
546
250
345
278
305
280
345
278
305
282
345
278
305
281
563
162
550
254
563
162
552
255
563
162
546
253
330
224
312
227
557
157
546
247
35
175
61
70
35
175
60
69
35
175
57
69
