rental_office_1_candidate.jpg
rental_office_1_reference.jpg
373
356
218
348
373
356
220
348
373
356
215
349
373
356
214
349
373
356
219
348
373
356
224
347
373
356
221
348
373
356
225
347
372
355
218
348
372
355
223
347
372
355
215
348
372
355
219
348
372
355
217
348
372
355
224
347
372
355
222
347
372
355
216
348
372
355
221
347
372
355
220
347
507
152
181
154
372
356
218
348
372
356
220
348
372
356
215
349
372
356
214
349
372
356
219
348
372
356
221
348
372
356
225
347
508
152
182
154
367
355
218
348
367
355
215
349
367
355
212
349
367
355
214
349
367
355
211
349
367
355
217
348
367
355
210
349
367
355
221
348
528
151
204
152
529
150
204
152
528
150
204
152
377
356
218
348
377
356
223
347
377
356
219
348
377
356
224
347
377
356
225
347
369
355
218
348
369
355
220
348
369
355
215
349
369
355
212
349
369
355
214
349
369
355
215
348
369
355
219
348
369
355
217
348
369
355
216
348
369
355
221
348
367
354
218
348
367
354
214
348
367
354
215
348
367
354
217
348
367
354
222
347
367
354
216
348
367
354
221
347
367
354
220
347
363
354
212
349
363
354
214
349
354
361
203
358
354
361
205
358
368
355
218
348
368
355
220
348
368
355
215
349
368
355
212
349
368
355
214
349
368
355
211
349
368
355
219
348
368
355
217
348
368
355
216
348
368
355
221
348
362
362
216
357
376
356
223
347
376
356
220
348
376
356
219
348
376
356
222
347
376
356
221
348
376
356
225
347
529
151
204
152
528
144
202
147
354
362
207
359
354
362
206
359
