Test3000_rot.jpg
Test3001_rot.jpg
36
181
65
87
39
187
65
93
39
187
64
92
37
181
65
87
37
182
65
88
37
182
65
87
38
182
65
88
38
182
65
87
38
183
65
88
38
183
65
87
39
183
65
88
39
183
65
87
38
187
63
92
38
187
65
93
38
187
64
92
33
265
35
163
33
265
33
164
33
265
36
163
33
265
36
164
34
266
34
165
34
266
35
165
34
262
36
161
34
262
35
162
34
262
37
162
34
262
38
160
34
262
38
161
33
264
35
163
33
264
35
162
33
264
37
162
33
264
33
163
33
264
36
163
36
264
36
163
36
264
36
164
35
262
36
161
35
262
37
162
35
262
38
161
31
265
35
163
31
265
31
163
31
265
33
163
34
265
33
164
34
265
36
164
34
265
35
165
36
265
35
165
64
305
49
211
65
302
51
209
61
305
46
211
61
305
46
210
64
304
49
211
64
304
49
210
64
306
48
213
64
307
48
213
62
301
48
207
64
303
49
210
65
298
52
206
61
306
46
211
61
306
46
210
61
307
46
211
63
307
46
211
64
312
47
217
60
311
43
216
60
311
43
215
60
311
42
217
62
313
45
217
62
313
47
217
63
309
46
214
63
309
48
213
64
313
47
217
60
312
43
216
60
312
42
217
60
312
44
217
64
311
47
217
61
314
44
217
62
310
45
216
60
310
43
216
60
310
44
214
60
310
43
215
62
312
45
217
62
312
44
217
64
330
42
235
64
330
39
235
65
329
42
235
63
330
39
235
65
213
81
126
77
360
43
269
78
360
43
269
69
364
31
270
68
365
31
270
76
360
43
269
67
366
31
270
78
371
40
279
84
360
47
269
84
360
48
270
84
360
46
270
84
360
48
269
84
360
46
269
84
360
51
269
84
360
46
272
84
360
47
272
84
360
50
272
84
360
49
270
84
360
49
271
84
360
51
271
84
360
52
271
80
368
41
277
80
368
41
276
81
366
44
275
82
363
46
274
82
363
46
272
82
363
47
272
82
363
46
273
82
363
45
274
82
364
46
274
82
364
46
273
82
364
45
274
81
365
44
275
81
365
45
274
83
366
44
275
80
360
47
269
80
360
46
270
80
360
46
269
80
360
46
272
80
360
47
272
80
360
43
269
79
360
46
270
79
360
46
269
79
360
46
272
79
360
46
273
79
360
43
269
79
372
40
280
81
360
47
269
81
360
48
270
81
360
46
270
81
360
46
269
81
360
46
272
81
360
47
272
81
360
49
270
81
360
49
271
80
366
44
275
89
361
51
273
89
361
50
272
89
361
51
271
89
361
52
271
90
361
51
273
90
361
52
271
80
367
41
276
79
368
41
277
79
368
41
276
83
363
46
274
83
363
46
272
83
363
47
272
83
363
46
273
83
363
45
274
79
369
41
277
79
369
41
278
83
361
47
269
83
361
48
270
83
361
46
270
83
361
48
269
83
361
46
269
83
361
46
272
83
361
47
272
83
361
50
272
83
361
46
273
83
361
49
270
83
361
49
271
80
371
40
280
83
364
46
274
83
364
46
273
83
364
45
274
93
224
101
145
95
224
104
146
104
227
112
152
92
231
100
152
93
232
100
152
103
331
78
249
103
331
79
248
103
331
80
248
104
330
78
249
104
330
81
247
104
330
79
248
104
330
80
248
103
330
78
249
103
330
81
247
103
330
79
248
103
330
80
248
103
332
78
249
104
337
78
256
108
325
84
246
108
325
84
244
108
325
83
246
108
325
85
245
109
325
84
246
109
325
84
244
109
325
83
246
109
325
85
244
109
325
85
245
105
323
80
243
117
329
90
252
117
329
91
254
117
329
90
253
106
321
83
243
110
322
83
243
110
322
85
244
117
325
91
251
107
323
83
243
107
323
84
244
107
323
80
243
107
323
85
244
117
331
90
255
117
332
89
255
108
323
83
243
108
323
84
244
108
323
85
244
126
366
87
291
119
368
80
291
119
368
81
291
119
368
79
290
120
370
79
292
120
373
78
295
119
369
78
291
119
369
80
292
119
369
79
291
119
369
79
292
120
369
78
291
120
369
80
292
120
369
81
292
120
369
79
291
120
369
80
291
124
365
84
288
126
368
86
293
123
365
84
288
123
365
82
288
120
366
81
288
118
360
80
283
127
364
89
288
127
364
88
289
127
364
86
289
121
365
81
288
121
365
82
288
122
365
82
288
118
361
80
283
119
373
78
295
126
363
89
288
126
363
87
288
126
363
89
287
126
363
86
288
126
363
88
287
124
364
87
288
124
364
84
288
124
364
85
288
124
364
86
288
124
364
88
287
121
368
80
291
121
368
81
291
125
365
88
289
125
365
84
288
125
365
86
289
125
365
84
289
128
361
91
285
128
361
89
287
128
361
88
287
121
369
80
292
121
369
81
292
121
369
82
292
121
369
80
291
121
369
81
291
121
366
83
289
121
366
81
288
121
370
80
292
122
366
83
289
123
370
82
293
126
364
89
288
126
364
88
289
126
364
87
288
126
364
85
288
126
364
89
287
126
364
86
288
126
364
86
289
120
371
79
293
122
386
75
308
122
386
76
309
122
386
76
308
123
388
75
310
123
388
76
310
120
388
73
308
125
388
78
311
125
388
77
311
125
388
76
310
119
388
72
308
119
388
72
309
125
386
77
310
125
386
77
308
125
386
78
308
125
386
78
309
120
394
70
315
120
394
69
316
121
386
75
308
121
386
76
309
121
386
76
308
122
388
74
310
122
388
75
310
124
386
77
310
124
386
76
309
124
386
77
308
124
386
78
309
124
386
76
308
124
386
76
310
127
386
78
308
127
386
78
309
125
399
73
322
120
386
75
308
167
202
182
151
167
202
179
150
167
202
178
151
167
202
180
151
167
202
178
152
167
202
177
151
167
202
180
152
167
202
181
149
167
202
177
152
167
202
178
150
167
202
180
150
166
203
179
150
166
203
178
151
166
203
180
151
166
203
178
149
166
203
178
152
166
203
177
151
166
203
177
152
166
203
178
150
168
199
182
149
168
199
182
151
168
199
180
149
168
199
182
148
168
199
181
149
167
198
182
149
167
198
182
151
167
198
182
146
167
198
182
148
167
198
181
149
167
199
182
149
167
199
182
151
167
199
180
149
167
199
182
148
167
199
178
149
167
199
181
149
166
200
180
149
166
200
179
150
166
200
178
151
166
200
180
151
166
200
178
149
166
200
177
151
166
200
180
152
166
200
181
149
166
200
178
150
166
200
180
150
165
201
180
149
165
201
179
150
165
201
178
151
165
201
180
151
165
201
178
149
165
201
178
152
165
201
177
151
165
201
177
152
165
201
178
150
165
201
180
150
169
197
182
149
169
197
182
151
169
197
182
148
165
202
179
150
165
202
178
151
165
202
180
151
165
202
178
149
165
202
178
152
165
202
177
151
165
202
180
152
165
202
177
152
165
202
178
150
169
203
182
151
169
204
182
151
169
204
180
151
169
204
180
152
163
400
109
335
163
400
111
335
163
400
110
335
169
400
116
337
165
399
111
335
165
399
110
335
182
338
149
284
182
338
148
283
182
337
147
282
182
337
146
282
181
344
147
288
179
347
144
290
182
344
147
288
181
337
147
282
181
337
146
282
178
340
144
284
206
195
216
158
206
195
216
161
206
195
216
159
206
195
215
161
206
195
217
157
206
195
220
157
206
195
218
158
206
195
220
158
206
195
215
162
206
195
224
155
207
203
214
167
207
203
213
168
203
196
216
158
203
196
216
159
203
196
215
161
203
196
217
157
203
196
220
157
203
196
218
158
203
196
220
158
203
198
216
158
203
198
216
161
203
198
216
159
203
198
215
161
203
198
218
158
203
198
214
162
203
198
215
162
203
198
212
163
197
204
209
164
201
191
216
153
201
191
218
154
201
191
216
155
201
191
220
155
201
191
217
152
201
191
218
152
201
191
219
154
201
191
212
155
201
191
217
155
201
191
219
153
201
191
222
154
208
193
216
158
208
193
216
155
208
193
220
159
208
193
216
159
208
193
217
157
208
193
220
157
208
193
218
158
208
193
220
158
208
193
220
156
208
193
224
155
205
201
217
162
205
201
216
163
205
201
215
164
205
201
214
165
205
201
215
162
205
201
217
163
205
201
214
166
204
195
216
158
204
195
216
155
204
195
216
159
204
195
217
157
204
195
220
157
204
195
218
158
204
195
217
155
204
195
220
158
204
195
220
156
204
195
224
155
202
192
218
154
202
192
216
155
202
192
220
155
202
192
219
154
202
192
212
155
202
192
217
155
202
192
218
155
202
192
219
153
202
192
219
155
202
192
220
156
202
192
222
154
207
196
217
162
207
196
216
158
207
196
216
163
207
196
220
159
207
196
216
161
207
196
215
164
207
196
216
159
207
196
221
159
207
196
215
161
207
196
220
157
207
196
218
158
207
196
220
158
207
196
214
162
207
196
215
162
207
196
212
163
203
192
216
153
203
192
218
154
203
192
216
155
203
192
220
155
203
192
219
154
203
192
212
155
203
192
217
155
203
192
218
155
203
192
219
153
203
192
219
155
203
192
220
156
203
192
222
154
207
194
216
158
207
194
216
161
207
194
216
159
207
194
215
161
207
194
217
157
207
194
220
157
207
194
218
158
207
194
220
158
207
194
224
155
206
192
218
154
206
192
216
155
206
192
220
155
206
192
217
157
206
192
220
157
206
192
218
158
206
192
217
155
206
192
218
155
206
192
219
155
206
192
220
156
206
192
222
154
206
192
224
155
205
192
216
153
205
192
218
154
205
192
216
155
205
192
220
155
205
192
217
157
205
192
219
154
205
192
220
157
205
192
212
155
205
192
217
155
205
192
218
155
205
192
219
153
205
192
219
155
205
192
220
156
205
192
222
154
205
192
224
155
201
195
216
158
201
195
216
155
201
195
220
155
201
195
217
157
201
195
220
157
201
195
218
158
201
195
217
155
201
195
220
158
201
195
218
155
201
195
220
156
199
191
216
153
199
191
217
152
199
191
211
154
199
191
211
152
199
191
218
152
199
191
212
155
199
191
214
152
199
191
219
153
207
195
216
158
207
195
216
161
207
195
216
159
207
195
215
161
207
195
217
157
207
195
220
157
207
195
218
158
207
195
220
158
207
195
214
162
207
195
215
162
207
195
224
155
196
203
209
158
196
203
208
158
204
202
216
163
204
202
216
161
204
202
215
164
204
202
214
165
204
202
214
162
204
202
215
162
204
202
212
163
204
202
211
166
204
202
214
167
204
202
214
166
204
202
213
168
198
194
216
153
198
194
211
154
198
194
212
155
205
196
216
158
205
196
216
161
205
196
216
159
205
196
215
161
205
196
217
157
205
196
220
157
205
196
218
158
205
196
214
162
205
196
215
162
208
196
217
162
208
196
216
158
208
196
216
163
208
196
220
159
208
196
216
161
208
196
215
164
208
196
216
159
208
196
221
159
208
196
215
161
208
196
214
165
208
196
220
157
208
196
218
158
208
196
220
158
208
196
221
160
208
196
214
162
208
196
215
162
208
196
212
163
208
196
217
163
204
197
216
158
204
197
216
161
204
197
216
159
204
197
215
161
204
197
218
158
204
197
214
162
204
197
215
162
204
197
212
163
205
203
216
163
205
203
215
164
205
203
214
165
205
203
217
163
205
203
214
167
205
203
214
166
205
203
213
168
201
203
215
161
201
203
214
162
201
203
212
163
201
198
216
158
201
198
216
161
201
198
216
159
201
198
215
161
201
198
212
163
204
191
216
153
204
191
218
154
204
191
216
155
204
191
220
155
204
191
218
152
204
191
219
154
204
191
217
155
204
191
218
155
204
191
219
153
204
191
219
155
204
191
222
154
206
194
216
158
206
194
216
155
206
194
216
159
206
194
215
161
206
194
217
157
206
194
220
157
206
194
218
158
206
194
220
156
206
194
224
155
198
195
209
158
198
195
211
154
198
195
212
155
198
195
208
158
198
195
209
157
206
199
217
162
206
199
216
163
206
199
220
159
206
199
215
164
206
199
221
159
206
199
214
165
206
199
221
160
206
199
215
162
206
199
217
163
206
199
214
166
205
202
217
162
205
202
216
163
205
202
215
164
205
202
214
165
205
202
217
163
205
202
214
167
205
202
214
166
205
202
213
168
204
204
215
164
204
204
214
165
204
204
214
167
204
204
214
166
204
204
212
168
204
204
213
168
206
217
210
174
206
217
211
177
206
217
210
175
206
217
212
178
206
217
216
185
206
217
213
181
206
217
214
183
199
216
207
178
207
211
215
174
207
211
214
176
207
211
216
179
204
206
214
165
204
206
214
167
204
206
214
166
204
206
212
168
204
206
213
168
202
217
208
176
196
205
209
164
201
217
207
178
202
211
210
170
202
211
210
174
202
211
210
171
202
211
211
175
202
211
211
170
202
211
209
171
202
211
208
168
202
211
210
172
202
211
210
169
202
214
210
174
202
214
210
175
203
207
214
165
203
207
214
167
203
207
214
166
203
207
212
168
203
207
213
168
200
210
208
168
200
210
208
167
200
210
208
166
203
208
214
165
203
208
214
166
203
208
212
168
203
208
213
168
199
208
208
167
199
208
208
166
198
206
209
164
198
206
208
166
202
212
210
170
202
212
210
174
202
212
210
171
202
212
211
175
202
212
209
171
202
212
208
168
202
212
210
172
202
212
210
175
203
213
210
174
203
213
210
171
203
213
211
175
203
213
210
172
203
213
210
175
203
214
210
174
203
214
210
175
196
206
209
164
203
209
211
170
203
209
212
168
203
209
213
168
199
209
208
167
199
209
208
166
204
215
210
174
204
215
211
177
204
215
210
175
204
215
214
183
204
207
214
165
204
207
214
167
204
207
214
166
204
207
212
168
204
207
213
168
202
216
208
176
200
217
207
178
202
223
205
183
202
223
205
184
202
223
202
178
202
223
205
182
202
228
203
186
202
228
204
187
202
228
202
188
202
228
206
190
202
228
205
187
196
218
202
178
208
228
212
190
208
228
211
188
208
228
211
189
208
228
212
189
201
224
205
183
201
224
202
179
201
224
205
184
201
224
204
185
201
224
205
182
201
224
201
179
201
224
202
180
195
221
199
179
195
221
201
178
195
221
201
179
195
221
202
180
196
227
199
185
196
227
198
179
196
227
203
186
196
227
202
188
196
227
198
181
198
218
206
180
202
229
202
189
202
229
203
186
202
229
204
187
202
229
202
188
202
229
206
190
202
229
205
187
206
224
211
188
206
224
211
189
206
224
211
187
206
224
212
189
195
225
198
179
195
225
199
179
195
225
203
186
195
225
197
179
195
225
198
181
196
225
198
179
196
225
203
186
196
225
197
179
196
225
204
185
207
225
212
190
207
225
211
188
207
225
211
189
207
225
211
187
207
225
212
189
207
225
212
191
207
226
212
190
207
226
211
188
207
226
211
189
207
226
211
187
207
226
212
189
207
226
212
191
207
226
210
189
208
226
212
190
208
226
211
188
208
226
211
189
208
226
211
187
208
226
212
189
208
226
212
191
201
227
203
186
201
227
204
187
201
227
202
188
201
227
204
185
201
227
205
187
208
219
214
184
208
219
216
186
208
219
213
181
208
219
214
183
196
229
199
185
196
229
198
187
196
224
198
179
196
224
199
179
196
224
201
179
195
220
202
179
195
220
202
178
195
220
201
178
195
220
201
179
195
220
202
180
197
220
202
179
197
220
202
178
197
220
201
178
197
220
205
182
197
220
201
179
197
220
202
180
202
224
205
183
202
224
202
179
202
224
205
184
202
224
204
185
202
224
205
182
202
224
202
180
197
218
206
180
208
224
211
185
208
224
212
189
197
219
202
179
197
219
202
178
197
219
201
178
201
225
205
183
201
225
203
186
201
225
204
187
201
225
205
184
201
225
204
185
201
225
205
187
201
225
202
180
203
220
208
180
203
220
208
181
203
220
207
178
203
220
209
183
201
226
203
186
201
226
204
187
201
226
206
190
201
226
205
184
201
226
204
185
201
226
205
187
196
219
202
179
196
219
202
178
196
219
201
178
196
219
205
182
196
219
201
179
202
226
208
191
202
226
203
186
202
226
204
187
202
226
206
190
202
226
205
184
202
226
204
185
202
226
205
187
197
222
202
179
197
222
202
178
197
222
201
178
197
222
201
179
197
222
202
180
198
222
202
179
198
222
201
178
198
222
201
179
198
222
202
180
202
227
203
186
202
227
204
187
202
227
206
190
202
227
204
185
202
227
205
187
202
219
208
180
202
219
207
178
203
228
208
191
203
228
203
186
203
228
204
187
203
228
206
190
203
228
204
185
203
228
205
187
198
223
202
180
196
230
197
187
196
230
197
185
196
230
198
187
207
218
216
186
207
218
213
181
207
218
214
183
196
231
197
187
196
231
197
185
196
231
198
187
196
231
197
189
196
231
197
188
208
231
208
191
208
231
206
190
208
231
209
191
200
234
202
189
207
231
208
191
207
231
206
190
207
231
205
187
207
231
209
191
196
234
197
189
196
234
197
188
208
232
208
191
208
232
206
190
208
232
209
191
196
235
197
189
196
235
197
188
195
233
196
187
195
233
196
189
195
233
195
187
200
233
202
189
200
233
202
188
196
236
196
190
208
233
208
191
208
233
206
190
207
232
208
191
207
232
206
190
210
163
235
130
216
161
240
126
216
161
241
129
213
165
236
131
213
165
237
131
213
165
236
130
221
157
246
127
221
157
247
127
218
158
244
127
218
158
246
127
218
158
245
128
218
158
245
129
218
158
246
129
215
161
240
130
220
157
244
127
220
157
246
127
220
157
247
127
220
157
245
128
220
157
246
129
214
159
241
129
213
156
240
126
213
156
241
126
220
160
244
127
220
160
245
128
220
160
245
129
216
154
244
127
216
154
246
127
216
154
247
127
216
154
245
128
216
154
246
129
216
153
246
127
216
153
247
127
216
153
246
129
214
157
240
126
214
157
241
126
218
153
246
127
218
153
247
127
217
161
243
129
217
161
240
126
217
161
241
129
212
164
236
130
214
158
240
126
214
158
241
126
214
158
241
129
215
154
244
127
215
154
246
127
215
154
245
128
215
154
245
129
215
154
246
129
215
159
240
126
215
159
241
126
215
159
241
129
210
152
240
126
217
156
244
127
217
156
246
127
217
156
247
127
217
156
245
128
217
156
245
129
217
156
246
129
217
162
240
126
217
162
241
129
221
164
246
133
221
164
247
133
218
189
233
155
218
189
235
158
218
189
236
157
218
189
236
159
221
186
239
157
221
186
239
155
221
186
238
156
221
186
236
153
208
190
218
154
208
190
216
155
208
190
220
155
208
190
219
154
208
190
217
155
208
190
218
155
208
190
219
155
208
190
220
156
208
190
222
154
208
190
224
155
221
189
235
158
221
189
236
157
221
189
239
157
221
189
236
159
221
189
237
159
214
186
230
155
214
186
231
153
214
186
232
152
214
186
229
152
214
188
230
155
214
188
229
156
220
188
235
158
220
188
236
157
220
188
239
157
220
188
238
156
220
188
236
159
220
188
237
159
219
186
235
154
219
186
236
157
219
186
238
156
219
186
236
153
219
186
235
153
212
185
229
152
219
183
236
153
220
183
236
153
213
202
221
167
213
202
223
166
221
199
223
166
221
199
232
169
211
203
221
167
211
203
223
166
221
204
227
172
221
204
234
172
221
204
225
175
221
204
228
172
221
204
230
172
221
204
232
173
221
204
226
177
221
204
232
170
221
204
227
175
221
204
228
175
221
204
231
172
221
204
233
172
221
204
230
171
221
204
230
174
221
204
228
176
221
204
233
171
221
204
228
174
211
202
221
167
211
202
223
166
209
196
217
162
209
196
216
163
209
196
220
159
209
196
216
161
209
196
215
164
209
196
216
159
209
196
221
159
209
196
215
161
209
196
214
165
209
196
220
157
209
196
218
158
209
196
220
158
209
196
221
160
209
196
215
162
209
196
217
163
209
196
214
166
209
197
217
162
209
197
216
163
209
197
220
159
209
197
216
161
209
197
215
164
209
197
221
159
209
197
214
165
209
197
220
158
209
197
221
160
209
197
215
162
209
197
217
163
209
197
214
166
220
204
227
172
220
204
225
175
220
204
232
169
220
204
228
172
220
204
230
172
220
204
232
170
220
204
227
175
220
204
228
175
220
204
230
171
220
204
233
171
220
204
228
174
210
216
216
179
210
216
219
184
219
206
227
172
219
206
225
175
219
206
228
172
219
206
230
172
219
206
226
177
219
206
232
170
219
206
227
175
219
206
228
175
219
206
231
172
219
206
230
171
219
206
230
174
219
206
228
176
219
206
228
174
219
210
229
178
219
210
225
175
219
210
226
177
219
210
226
178
219
210
227
177
219
210
227
175
219
210
228
176
220
206
227
172
220
206
225
175
220
206
228
172
220
206
230
172
220
206
230
175
220
206
232
173
220
206
226
177
220
206
232
170
220
206
227
177
220
206
227
175
220
206
228
175
220
206
231
172
220
206
230
171
220
206
230
174
220
206
228
176
220
206
230
176
220
206
228
174
220
208
227
172
220
208
229
178
220
208
225
175
220
208
230
178
220
208
228
172
220
208
230
172
220
208
230
175
220
208
231
175
220
208
231
178
220
208
226
177
220
208
226
178
220
208
227
177
220
208
227
175
220
208
228
175
220
208
231
172
220
208
230
171
220
208
230
174
220
208
228
176
220
208
230
176
220
208
231
176
220
208
228
174
220
208
231
177
221
213
226
177
221
213
226
178
221
213
227
177
219
214
226
178
217
211
226
178
216
215
221
180
221
211
229
178
221
211
226
177
221
211
227
177
221
211
228
175
221
211
228
176
217
217
221
181
220
209
229
178
220
209
225
175
220
209
230
178
220
209
228
172
220
209
230
172
220
209
230
175
220
209
231
178
220
209
226
177
220
209
226
178
220
209
227
177
220
209
227
175
220
209
228
175
220
209
230
174
220
209
228
176
220
209
230
176
220
209
228
174
220
209
231
177
221
209
232
175
221
209
229
178
221
209
225
175
221
209
230
178
221
209
230
175
221
209
231
175
221
209
231
178
221
209
232
177
221
209
226
177
221
209
226
178
221
209
227
177
221
209
227
175
221
209
228
175
221
209
230
174
221
209
228
176
221
209
230
176
221
209
231
176
221
209
228
174
221
209
231
177
220
213
226
178
219
207
227
172
219
207
225
175
219
207
228
172
219
207
230
172
219
207
230
175
219
207
226
177
219
207
227
177
219
207
227
175
219
207
228
175
219
207
231
172
219
207
230
171
219
207
230
174
219
207
228
176
219
207
230
176
219
207
228
174
220
210
229
178
220
210
225
175
220
210
230
178
220
210
226
177
220
210
226
178
220
210
227
177
220
210
228
176
220
214
226
178
221
207
232
175
221
207
227
172
221
207
229
178
221
207
225
175
221
207
230
178
221
207
232
174
221
207
228
172
221
207
230
172
221
207
230
175
221
207
231
175
221
207
231
178
221
207
232
173
221
207
232
177
221
207
226
177
221
207
226
178
221
207
227
177
221
207
227
175
221
207
228
175
221
207
231
172
221
207
230
171
221
207
230
174
221
207
234
175
221
207
228
176
221
207
230
176
221
207
231
176
221
207
228
174
221
207
231
177
221
214
226
177
221
214
226
178
220
211
229
178
220
211
225
175
220
211
226
177
220
211
226
178
220
211
227
177
221
215
226
178
209
216
214
177
209
216
215
180
209
216
215
179
209
216
219
184
220
212
225
175
220
212
226
177
220
212
226
178
220
212
227
177
221
212
229
178
221
212
226
177
221
212
226
178
221
212
227
177
218
207
227
172
218
207
225
175
218
207
228
172
218
207
230
172
218
207
230
175
218
207
226
177
218
207
227
177
218
207
227
175
218
207
228
175
218
207
230
171
218
207
230
174
218
207
228
176
218
207
228
174
214
372
165
326
221
365
174
323
221
365
176
322
219
371
170
328
213
372
165
326
216
372
168
327
218
372
170
328
217
371
168
327
225
361
181
319
225
361
182
318
225
361
181
318
225
361
180
319
225
361
182
317
224
361
181
318
224
361
182
317
224
361
179
319
226
372
178
330
226
361
181
319
226
361
182
318
226
361
181
320
225
360
181
318
225
360
180
319
225
360
182
317
227
360
182
318
227
360
181
320
227
360
182
320
226
370
177
329
226
370
175
330
245
214
250
188
245
214
250
189
243
206
249
179
243
206
250
178
245
213
250
188
247
210
253
183
247
210
253
185
247
212
250
190
247
212
253
185
236
208
243
179
245
217
250
191
242
204
250
178
246
212
253
185
244
204
252
179
246
216
250
191
246
216
250
190
241
204
249
179
241
205
249
179
246
208
253
183
246
208
253
185
245
205
252
179
241
216
245
188
241
216
245
189
245
212
250
185
244
206
250
178
240
216
245
188
240
216
244
188
242
207
249
179
246
213
250
188
246
213
250
189
246
213
253
185
246
207
253
185
246
214
250
190
246
214
250
188
246
214
250
189
240
215
245
186
240
215
244
188
245
215
250
190
245
215
250
188
245
215
250
189
237
208
245
180
237
208
244
180
241
317
211
282
241
317
210
285
241
317
210
283
241
317
211
284
241
317
212
282
239
319
208
283
247
318
214
286
247
318
215
287
247
318
217
284
247
318
216
287
247
318
216
284
242
318
211
282
242
318
210
285
242
318
211
284
242
318
212
282
239
316
208
285
239
316
208
283
239
316
209
284
241
316
211
282
241
316
210
285
241
316
210
283
241
316
212
282
240
318
209
285
240
318
208
285
240
318
208
283
240
318
209
284
241
315
211
282
245
318
214
286
245
318
216
284
252
123
287
105
258
122
291
107
251
120
286
103
257
117
295
102
257
117
295
101
251
125
286
107
260
117
298
104
260
117
297
103
260
117
295
102
260
117
299
103
255
126
289
109
253
355
211
324
253
355
209
323
253
355
212
325
247
357
203
323
247
357
203
324
247
357
204
324
247
357
202
323
250
358
205
325
250
358
204
324
250
358
206
325
250
358
208
325
250
358
205
324
250
358
206
324
250
358
204
325
250
358
206
326
250
358
208
326
254
354
211
324
254
354
209
323
248
357
203
323
248
357
203
324
248
357
204
324
248
357
202
323
248
357
205
323
248
357
205
324
248
357
206
324
252
358
205
325
252
358
206
325
252
358
208
325
252
358
206
326
252
358
208
326
252
358
212
328
252
358
211
328
252
358
210
326
252
358
209
327
250
357
205
325
250
357
204
324
250
357
206
325
250
357
208
325
250
357
205
323
250
357
205
324
250
357
206
324
250
357
207
324
253
354
207
322
253
354
209
323
263
113
302
101
263
113
304
100
263
113
305
101
263
113
305
100
263
113
302
102
263
113
301
100
261
114
302
101
261
114
301
100
264
115
301
102
264
115
301
103
264
115
302
102
264
115
301
104
262
115
299
102
262
115
302
101
262
115
301
102
262
115
301
103
262
115
302
102
267
116
304
105
263
117
298
104
263
117
298
105
263
117
301
104
267
117
304
105
264
114
302
101
264
114
301
102
264
114
305
101
264
114
302
102
262
116
299
103
262
116
301
103
262
116
301
104
268
240
415
289
271
316
239
293
268
321
234
297
272
321
241
298
272
321
239
297
270
316
239
293
265
320
232
295
265
315
234
290
280
196
359
207
280
196
360
207
283
194
357
205
283
194
357
204
283
194
355
204
283
194
357
206
283
194
355
205
283
194
356
205
283
194
358
206
283
194
359
206
283
194
359
205
283
194
360
207
282
202
289
192
282
202
288
191
282
204
289
192
282
204
291
193
282
204
295
193
282
204
288
193
282
204
354
215
282
204
355
215
285
192
357
205
285
192
359
204
285
192
357
204
285
192
355
204
285
192
356
205
285
192
359
205
282
196
357
206
282
196
359
207
278
198
376
222
278
198
377
223
283
193
357
205
283
193
360
205
283
193
354
204
283
193
359
204
283
193
357
204
283
193
355
204
283
193
355
205
283
193
356
205
283
193
359
206
283
193
359
205
283
204
289
192
283
204
291
193
283
204
295
193
283
204
288
193
283
204
354
215
282
192
357
205
282
192
360
205
282
192
359
204
282
192
357
204
282
192
355
204
282
192
359
205
279
203
289
192
279
203
286
191
279
203
288
191
284
203
289
192
284
203
291
193
284
203
288
191
276
194
376
217
278
192
357
205
278
192
360
205
278
192
354
204
278
192
359
204
278
192
357
204
278
192
355
204
278
192
355
205
278
192
356
205
278
192
359
205
279
192
357
205
279
192
360
205
279
192
354
204
279
192
359
204
279
192
357
204
279
192
355
204
279
192
355
205
279
192
356
205
279
192
359
205
281
195
357
205
281
195
357
206
281
195
356
205
281
195
358
206
281
195
359
206
281
195
359
207
281
195
360
207
280
192
357
205
280
192
360
205
280
192
354
204
280
192
359
204
280
192
357
204
280
192
355
204
280
192
355
205
280
192
356
205
280
192
359
205
278
193
357
205
278
193
360
205
278
193
354
204
278
193
357
204
278
193
355
204
278
193
357
206
278
193
355
205
278
193
356
205
278
193
359
205
279
193
357
205
279
193
360
205
279
193
354
204
279
193
357
204
279
193
355
204
279
193
357
206
279
193
355
205
279
193
356
205
279
193
358
206
279
193
359
206
279
193
359
205
280
204
289
192
280
204
291
193
280
204
286
191
280
204
288
191
280
204
288
193
280
204
354
215
280
204
355
215
277
191
357
205
277
191
354
204
277
191
359
204
277
191
357
204
277
191
355
204
284
193
357
205
284
193
360
205
284
193
354
204
284
193
359
204
284
193
357
204
284
193
355
204
284
193
355
205
284
193
356
205
284
193
358
206
284
193
359
206
284
193
359
205
285
193
357
205
285
193
360
205
285
193
354
204
285
193
359
204
285
193
357
204
285
193
355
204
285
193
357
206
285
193
355
205
285
193
356
205
285
193
358
206
285
193
359
206
285
193
359
205
276
203
286
191
281
192
357
205
281
192
359
204
281
192
357
204
281
192
355
204
281
192
356
205
281
192
359
205
281
203
289
192
281
203
291
193
281
203
286
191
281
203
288
191
283
192
360
205
283
192
359
204
283
192
357
204
283
192
355
204
283
192
359
205
286
241
279
227
286
241
278
227
286
241
280
227
286
241
278
228
286
241
279
228
284
240
277
226
284
240
278
224
284
240
276
228
284
240
278
227
286
239
279
227
286
239
278
227
286
239
280
225
286
239
280
227
286
239
278
228
286
239
279
225
285
237
278
224
285
237
280
223
285
237
279
224
285
237
280
221
285
237
279
225
285
232
281
218
282
233
278
219
282
233
277
220
285
240
277
226
285
240
279
224
285
240
278
227
285
240
277
228
285
240
279
225
286
236
280
223
286
236
278
219
286
236
280
221
282
242
275
226
282
242
275
227
281
242
274
227
282
234
278
219
282
234
277
220
283
240
275
226
283
240
275
227
285
233
281
218
285
236
280
223
285
236
279
224
285
236
278
219
285
236
280
221
285
236
277
220
284
242
277
228
281
234
277
220
283
242
276
228
284
237
278
224
284
237
280
223
284
237
279
224
284
237
277
220
293
158
351
168
286
161
363
174
286
161
364
174
293
159
351
168
293
159
352
168
293
159
351
169
296
160
352
169
296
160
353
169
295
162
353
170
291
163
353
173
292
164
353
173
292
164
357
174
292
164
351
173
292
164
355
174
293
164
353
173
293
164
357
174
293
164
358
174
293
164
359
174
293
164
355
174
292
165
353
174
292
165
354
174
292
165
355
174
294
204
299
197
294
204
298
196
294
204
299
195
294
204
298
197
294
204
299
196
294
204
305
193
287
192
357
205
287
192
360
205
287
192
354
204
287
192
359
204
287
192
357
204
287
192
355
204
287
192
355
205
287
192
356
205
287
192
359
206
287
192
359
205
289
203
295
193
289
203
296
193
294
203
299
195
294
203
299
196
294
203
305
193
294
203
303
192
288
207
298
196
288
207
299
195
288
207
293
197
288
207
298
197
288
207
290
196
288
207
299
196
289
206
298
196
289
206
299
195
289
206
293
197
289
206
290
196
289
206
299
196
297
213
297
204
297
213
296
204
297
213
299
206
297
213
294
205
297
213
296
205
297
213
297
205
297
213
296
207
297
213
295
205
297
213
300
203
297
213
304
201
297
213
302
203
297
213
304
202
297
213
303
201
297
213
300
205
297
213
301
205
294
206
299
197
294
206
299
198
294
206
298
198
294
206
298
197
294
206
299
196
294
206
305
195
294
206
303
196
294
206
303
197
294
206
302
198
294
206
300
199
298
212
297
204
298
212
296
204
298
212
299
206
298
212
296
205
298
212
297
205
298
212
296
207
298
212
295
205
298
212
300
203
298
212
304
201
298
212
302
203
298
212
301
201
298
212
304
202
298
212
303
201
298
212
300
205
298
212
302
205
298
212
301
205
295
209
297
200
295
209
298
201
295
209
298
202
295
209
303
200
295
209
302
198
295
209
300
199
295
209
303
199
295
209
301
200
295
209
301
201
295
209
303
201
299
206
298
201
299
206
303
200
299
206
302
198
299
206
300
199
299
206
303
199
299
206
305
199
299
206
304
201
299
206
306
199
299
206
301
200
299
206
301
201
299
206
303
201
299
209
298
202
299
209
303
200
299
209
300
203
299
209
304
201
299
209
302
203
299
209
301
200
299
209
301
201
299
209
304
202
299
209
303
201
289
207
299
197
289
207
298
196
289
207
293
197
289
207
298
197
289
207
292
198
289
207
290
196
289
207
299
196
293
212
297
204
293
212
297
202
293
212
297
200
293
212
296
204
293
212
296
201
293
212
298
201
293
212
298
202
293
212
294
205
293
212
296
205
293
212
297
205
293
212
295
205
293
212
300
203
293
212
301
200
293
212
301
201
293
212
303
201
293
213
297
204
293
213
297
202
293
213
296
204
293
213
298
201
293
213
298
202
293
213
294
205
293
213
296
205
293
213
297
205
293
213
295
205
293
213
300
203
293
213
301
201
288
208
299
197
288
208
298
196
288
208
298
198
288
208
293
197
288
208
298
197
288
208
292
198
288
208
299
196
293
216
294
205
293
216
296
205
293
216
296
207
293
216
295
205
294
216
297
204
294
216
296
209
294
216
294
205
294
216
296
205
294
216
297
205
294
216
293
210
294
216
295
210
294
216
296
207
294
216
295
205
298
217
298
209
298
217
298
212
298
217
297
213
298
217
298
210
298
217
299
210
294
205
299
197
294
205
299
198
294
205
298
196
294
205
299
195
294
205
298
197
294
205
299
196
294
205
305
195
294
205
303
196
294
205
305
193
298
210
297
204
298
210
298
202
298
210
297
205
298
210
303
200
298
210
303
199
298
210
300
203
298
210
304
201
298
210
302
203
298
210
301
200
298
210
301
201
298
210
304
202
298
210
303
201
295
211
297
204
295
211
297
202
295
211
296
204
295
211
298
201
295
211
298
202
295
211
296
205
295
211
297
205
295
211
295
205
295
211
303
200
295
211
300
203
295
211
304
201
295
211
302
203
295
211
301
200
295
211
301
201
295
211
304
202
295
211
303
201
295
211
301
205
298
207
298
201
298
207
303
200
298
207
302
198
298
207
300
199
298
207
303
199
298
207
304
201
298
207
301
200
298
207
301
201
298
207
303
201
295
212
297
204
295
212
297
202
295
212
296
204
295
212
298
201
295
212
298
202
295
212
296
205
295
212
297
205
295
212
296
207
295
212
295
205
295
212
303
200
295
212
300
203
295
212
304
201
295
212
302
203
295
212
301
200
295
212
301
201
295
212
304
202
295
212
303
201
299
207
298
201
299
207
298
202
299
207
303
200
299
207
303
199
299
207
305
199
299
207
304
201
299
207
301
200
299
207
301
201
299
207
304
202
299
207
303
201
299
212
299
206
299
212
297
205
299
212
304
201
299
212
302
203
299
212
304
202
299
212
300
205
299
212
302
205
299
212
303
205
299
212
301
205
288
206
298
196
288
206
299
195
288
206
293
197
294
213
297
204
294
213
297
202
294
213
296
204
294
213
298
201
294
213
298
202
294
213
299
206
294
213
294
205
294
213
296
205
294
213
297
205
294
213
296
207
294
213
295
205
294
213
300
203
294
213
301
200
294
213
301
201
294
213
303
201
298
208
297
202
298
208
298
201
298
208
298
202
298
208
303
200
298
208
303
199
298
208
304
201
298
208
301
200
298
208
301
201
298
208
304
202
298
208
303
201
298
213
297
204
298
213
299
206
298
213
297
205
298
213
296
207
298
213
302
203
298
213
304
202
298
213
300
205
298
213
301
205
294
209
297
202
294
209
299
198
294
209
297
200
294
209
297
199
294
209
296
201
294
209
298
201
294
209
298
202
294
209
303
200
294
209
303
197
294
209
302
198
294
209
300
199
294
209
303
199
294
209
301
200
294
209
301
201
293
215
296
204
293
215
294
205
293
215
296
205
293
215
297
205
293
215
296
207
293
215
295
205
298
206
297
200
298
206
303
200
298
206
303
197
298
206
302
198
298
206
300
199
298
206
303
199
298
206
301
200
298
206
301
201
298
206
303
201
295
216
296
209
295
216
294
205
295
216
296
205
295
216
297
205
295
216
295
210
295
216
296
207
295
216
295
205
298
209
297
202
298
209
298
201
298
209
298
202
298
209
303
200
298
209
303
199
298
209
300
203
298
209
304
201
298
209
302
203
298
209
301
200
298
209
301
201
298
209
304
202
298
209
303
201
295
217
296
209
295
217
293
210
295
217
295
210
295
217
296
207
299
217
298
209
299
217
298
212
299
217
297
213
299
217
298
213
299
217
298
210
299
217
299
210
294
222
294
216
294
222
293
215
294
222
292
212
294
222
293
211
294
225
292
217
295
224
293
215
297
222
295
215
297
222
294
214
297
222
296
215
297
222
293
210
297
222
293
211
298
219
298
212
298
219
297
214
298
219
297
213
298
223
295
215
298
223
294
214
298
223
296
215
299
221
298
212
299
221
297
214
299
221
297
213
299
221
298
213
299
221
297
215
294
219
293
210
294
219
295
210
294
219
292
212
294
219
293
211
294
218
296
209
294
218
293
210
294
218
295
210
294
218
296
207
294
218
293
211
293
218
293
210
293
218
293
211
299
222
297
214
299
222
296
215
299
222
297
213
299
222
297
215
293
220
293
210
293
220
292
212
293
220
293
211
293
221
293
215
293
221
292
212
293
221
293
211
323
215
322
213
323
215
322
215
323
215
324
216
325
210
325
212
316
207
312
204
316
207
312
205
316
207
317
204
316
207
316
203
316
207
315
204
316
207
314
204
316
207
314
203
316
207
314
205
316
207
324
207
316
207
319
205
316
207
316
205
316
207
322
207
316
207
318
207
316
207
321
207
316
207
323
205
316
207
318
205
316
207
323
207
316
207
317
205
316
207
315
205
313
216
312
214
313
216
311
213
313
216
310
214
313
216
311
214
313
216
313
214
313
216
314
212
313
216
314
214
315
208
312
205
315
208
312
207
315
208
317
204
315
208
315
204
315
208
314
204
315
208
314
205
315
208
324
207
315
208
319
205
315
208
322
208
315
208
316
205
315
208
322
207
315
208
318
208
315
208
323
208
315
208
324
208
315
208
318
207
315
208
321
207
315
208
318
205
315
208
323
207
315
208
317
205
315
208
315
205
315
208
325
207
313
210
312
207
313
210
311
207
313
210
318
208
313
210
315
208
313
210
318
207
313
210
314
208
319
210
322
211
319
210
318
208
319
210
315
208
319
210
320
210
319
210
321
210
319
210
318
207
319
210
323
211
319
210
314
208
314
207
317
204
314
207
316
203
314
207
319
203
314
207
315
204
314
207
314
204
314
207
313
203
314
207
323
204
314
207
314
203
314
207
318
203
314
207
314
205
314
207
324
207
314
207
319
205
314
207
322
208
314
207
316
205
314
207
325
206
314
207
322
207
314
207
318
207
314
207
321
207
314
207
323
205
314
207
318
205
314
207
323
207
314
207
317
205
314
207
315
205
318
217
312
214
318
217
318
217
318
217
313
214
318
217
314
214
318
217
314
215
318
217
313
215
318
217
314
217
318
217
318
216
318
217
315
215
318
217
319
217
320
207
315
204
320
207
314
204
320
207
314
205
320
207
324
207
320
207
319
205
320
207
322
208
320
207
316
205
320
207
322
207
320
207
323
208
320
207
324
208
320
207
318
207
320
207
321
207
320
207
318
205
320
207
323
207
320
207
317
205
320
207
315
205
320
207
325
207
312
217
309
214
312
217
312
214
312
217
309
213
312
217
311
213
312
217
310
214
312
217
311
214
312
217
313
214
323
208
324
207
323
208
322
208
323
208
322
207
323
208
323
208
323
208
324
208
323
208
321
207
323
208
323
207
323
208
325
207
314
214
311
211
314
214
314
212
312
207
312
202
312
207
312
203
312
207
312
204
312
207
312
205
312
207
317
204
312
207
316
203
312
207
319
203
312
207
315
204
312
207
314
202
312
207
314
204
312
207
313
203
312
207
323
204
312
207
313
202
312
207
314
203
312
207
318
203
312
207
314
205
312
207
319
205
312
207
316
205
312
207
325
206
312
207
322
207
312
207
323
205
312
207
318
205
312
207
317
205
312
207
325
205
312
207
315
205
316
210
318
208
316
210
315
208
316
210
320
210
316
210
321
210
316
210
314
208
316
216
312
214
316
216
311
214
316
216
313
214
316
216
314
214
316
216
314
215
316
216
313
215
316
216
318
216
316
216
315
215
316
206
312
202
316
206
312
203
316
206
312
204
316
206
317
204
316
206
324
204
316
206
316
203
316
206
319
203
316
206
315
204
316
206
314
202
316
206
314
204
316
206
313
203
316
206
323
204
316
206
318
202
316
206
314
203
316
206
318
203
316
206
314
205
316
206
319
205
316
206
316
205
316
206
325
206
316
206
322
207
316
206
323
205
316
206
318
205
316
206
323
207
316
206
317
205
316
206
325
205
316
206
315
205
321
217
318
217
321
217
321
217
321
217
318
216
321
217
319
217
321
207
315
204
321
207
314
204
321
207
314
205
321
207
324
207
321
207
319
205
321
207
322
208
321
207
316
205
321
207
322
207
321
207
323
208
321
207
324
208
321
207
318
207
321
207
321
207
321
207
318
205
321
207
323
207
321
207
317
205
321
207
315
205
321
207
325
207
323
207
315
204
323
207
314
204
323
207
314
205
323
207
324
207
323
207
319
205
323
207
322
208
323
207
316
205
323
207
322
207
323
207
323
208
323
207
324
208
323
207
321
207
323
207
318
205
323
207
323
207
323
207
315
205
323
207
325
207
323
217
321
217
316
208
312
205
316
208
312
207
316
208
317
204
316
208
315
204
316
208
314
204
316
208
314
205
316
208
319
205
316
208
322
208
316
208
316
205
316
208
322
207
316
208
323
208
316
208
318
207
316
208
321
207
316
208
318
205
316
208
323
207
316
208
317
205
316
208
315
205
319
207
317
204
319
207
315
204
319
207
314
204
319
207
313
203
319
207
314
203
319
207
314
205
319
207
324
207
319
207
319
205
319
207
322
208
319
207
316
205
319
207
322
207
319
207
323
208
319
207
324
208
319
207
318
207
319
207
321
207
319
207
323
205
319
207
318
205
319
207
323
207
319
207
317
205
319
207
315
205
319
207
325
207
314
210
312
207
314
210
318
208
314
210
315
208
314
210
320
210
314
210
318
207
314
210
314
208
313
207
312
204
313
207
312
205
313
207
317
204
313
207
316
203
313
207
319
203
313
207
315
204
313
207
314
202
313
207
314
204
313
207
313
203
313
207
323
204
313
207
313
202
313
207
314
203
313
207
318
203
313
207
314
205
313
207
324
207
313
207
319
205
313
207
316
205
313
207
325
206
313
207
322
207
313
207
318
207
313
207
321
207
313
207
323
205
313
207
318
205
313
207
323
207
313
207
317
205
313
207
315
205
322
217
321
217
322
217
319
217
322
210
322
211
322
210
322
208
322
210
318
208
322
210
315
208
322
210
320
210
322
210
321
210
322
210
323
211
322
210
314
208
316
217
318
217
316
217
313
214
316
217
314
214
316
217
314
215
316
217
313
215
316
217
318
216
316
217
315
215
316
217
319
217
322
216
322
215
322
216
321
217
322
216
319
217
335
162
353
170
336
162
353
170
336
162
352
172
338
199
347
212
338
199
343
206
338
199
342
206
335
203
339
209
334
203
339
209
334
203
338
208
334
203
338
209
334
203
341
214
334
204
338
210
334
204
338
211
334
204
338
208
334
204
340
214
334
204
341
214
334
204
341
215
335
202
339
209
332
222
328
224
332
222
330
224
332
222
330
226
332
222
330
222
332
222
328
223
332
222
327
224
332
222
328
225
332
222
329
221
332
222
329
227
332
222
329
222
335
217
333
221
335
217
335
220
335
217
331
221
335
217
333
222
335
217
335
222
335
217
333
223
335
217
333
219
336
219
333
221
336
219
333
226
336
219
331
221
336
219
333
222
336
219
335
222
336
219
333
223
329
220
327
222
329
220
327
221
329
220
328
221
329
220
327
224
327
217
324
216
327
217
327
221
327
217
325
220
331
220
328
224
331
220
330
224
331
220
327
222
331
220
328
220
331
220
327
221
331
220
328
221
331
220
330
222
331
220
328
223
331
220
327
224
331
220
328
225
331
220
329
221
331
220
329
222
336
218
333
221
336
218
335
220
336
218
331
221
336
218
333
222
336
218
335
222
336
218
333
223
330
219
328
224
330
219
327
222
330
219
328
220
330
219
327
221
330
219
328
221
330
219
328
223
330
219
327
224
330
219
329
221
330
219
329
222
327
218
327
221
327
218
325
220
337
221
333
226
337
221
333
222
337
221
335
222
337
221
333
223
326
220
325
220
326
217
325
220
337
217
333
221
337
217
335
220
337
217
335
222
337
217
336
220
337
220
333
221
337
220
333
226
337
220
333
222
337
220
335
222
337
220
333
223
344
165
361
177
344
165
362
177
344
165
361
176
344
165
359
177
344
165
364
177
346
163
361
176
346
163
363
176
343
165
361
176
343
165
359
177
340
163
353
173
340
163
352
172
340
163
354
174
340
163
355
174
347
165
359
178
347
165
362
177
347
165
358
178
347
165
359
177
349
164
362
177
349
164
364
177
348
164
361
177
348
164
362
177
348
164
359
177
348
164
364
177
346
161
363
174
346
161
364
174
344
164
359
175
344
164
361
176
344
164
363
176
342
163
362
174
342
163
357
174
342
163
358
174
342
163
359
174
342
163
359
175
342
163
355
174
348
163
361
176
348
163
363
176
348
163
364
177
350
163
364
177
340
164
353
173
340
164
353
174
340
164
354
174
340
164
357
174
340
164
358
174
340
164
359
174
340
164
355
174
346
165
361
177
346
165
362
177
346
165
359
177
351
190
359
204
348
191
359
204
349
191
359
204
350
191
359
204
345
194
354
204
345
194
355
204
345
194
357
206
345
194
355
205
345
194
356
205
345
194
358
206
345
194
353
204
344
203
347
212
344
203
354
215
344
203
353
215
339
198
351
211
339
198
343
206
346
200
351
211
351
203
291
193
351
203
288
193
351
203
354
215
351
203
355
216
351
203
353
215
351
204
354
217
351
204
355
216
351
204
353
217
343
193
357
205
343
193
354
204
343
193
355
205
343
193
356
205
343
193
353
204
346
192
360
205
346
192
359
204
346
192
357
204
343
192
359
204
341
201
347
212
341
201
343
206
342
202
343
206
342
202
342
206
344
192
360
205
344
192
359
204
351
193
357
205
351
193
360
205
351
193
354
204
351
193
359
204
351
193
357
204
351
193
355
204
351
193
357
206
351
193
355
205
351
193
356
205
351
193
358
206
351
193
359
206
351
193
359
207
351
193
359
205
351
193
360
207
347
192
360
205
347
192
354
204
347
192
359
204
347
192
357
204
347
192
355
204
347
192
359
205
349
192
360
205
349
192
359
204
349
192
357
204
349
192
355
204
349
192
359
205
339
199
343
206
339
199
342
206
348
200
351
210
348
200
351
211
344
193
357
205
344
193
360
205
344
193
354
204
344
193
357
204
344
193
355
204
344
193
357
206
344
193
355
205
344
193
356
205
344
193
358
206
344
193
359
206
344
193
353
204
344
193
359
205
349
200
351
210
349
200
351
211
345
192
359
204
349
193
357
205
349
193
360
205
349
193
354
204
349
193
359
204
349
193
357
204
349
193
355
204
349
193
357
206
349
193
355
205
349
193
356
205
349
193
358
206
349
193
359
206
349
193
359
205
345
203
347
212
345
203
354
215
345
203
355
215
345
193
357
205
345
193
360
205
345
193
354
204
345
193
357
204
345
193
355
204
345
193
357
206
345
193
355
205
345
193
356
205
345
193
358
206
345
193
359
206
345
193
353
204
345
193
359
205
350
193
357
205
350
193
360
205
350
193
354
204
350
193
359
204
350
193
357
204
350
193
355
204
350
193
357
206
350
193
355
205
350
193
356
205
350
193
358
206
350
193
359
206
350
193
359
205
350
193
360
207
351
211
348
222
351
211
351
222
351
211
349
223
351
211
350
223
351
211
351
224
351
211
350
222
349
207
289
198
349
207
290
196
349
207
347
217
349
207
351
218
347
213
348
222
347
213
349
223
347
213
348
223
351
206
287
195
351
206
290
196
351
206
351
217
351
206
351
218
351
206
352
217
351
206
353
217
350
212
348
222
350
212
351
225
350
212
349
223
350
212
348
223
350
212
350
223
350
212
351
224
350
212
350
222
350
212
349
225
350
212
350
225
350
209
351
220
350
209
351
222
350
210
351
222
350
210
350
223
350
210
350
222
350
215
349
226
350
215
350
226
350
215
346
227
350
215
350
228
350
215
349
228
350
215
348
226
350
215
350
227
350
215
351
227
350
215
347
225
350
215
348
225
350
215
349
225
350
215
350
225
349
208
289
198
349
208
351
220
349
208
351
219
349
208
350
219
347
209
351
220
347
209
350
219
351
212
348
222
351
212
351
225
351
212
349
223
351
212
348
223
351
212
350
223
351
212
351
224
351
212
350
222
351
212
350
225
340
208
297
200
340
208
297
199
340
208
296
201
340
208
340
214
340
208
341
215
351
213
348
222
351
213
351
225
351
213
349
223
351
213
348
223
351
213
350
223
351
213
351
224
351
213
349
225
351
213
350
225
347
214
348
223
347
214
348
225
347
214
349
225
350
214
349
226
350
214
350
226
350
214
351
225
350
214
348
226
350
214
349
223
350
214
348
223
350
214
347
225
350
214
348
225
350
214
349
225
350
214
350
225
350
211
348
222
350
211
351
222
350
211
349
223
350
211
350
223
350
211
351
224
350
211
350
222
351
214
349
226
351
214
350
226
351
214
351
225
351
214
348
226
351
214
349
223
351
214
348
223
351
214
350
223
351
214
351
224
351
214
348
225
351
214
349
225
351
214
350
225
351
215
349
226
351
215
350
226
351
215
346
227
351
215
350
228
351
215
351
225
351
215
348
226
351
215
350
227
351
215
351
227
351
215
347
225
351
215
348
225
351
215
349
225
351
215
350
225
351
216
349
226
351
216
350
226
351
216
346
227
351
216
350
228
351
216
346
228
351
216
349
228
351
216
348
226
351
216
350
227
351
216
351
227
351
216
347
225
351
216
348
225
351
216
348
229
351
216
349
229
351
216
349
225
351
217
349
226
351
217
346
227
351
217
350
228
351
217
346
228
351
217
349
228
351
217
351
228
351
217
348
226
351
217
350
227
351
217
351
227
351
217
348
229
351
217
349
229
351
217
347
230
351
219
343
230
351
219
345
230
351
219
346
228
351
219
349
228
351
219
348
229
351
219
349
229
351
219
347
230
351
219
350
231
351
219
349
231
351
219
348
231
350
219
343
230
350
219
346
227
350
219
345
230
350
219
346
228
350
219
349
228
350
219
348
229
350
219
349
229
350
219
347
230
350
219
350
231
350
219
350
232
350
219
349
231
350
219
348
231
350
223
343
230
350
223
345
230
350
223
346
234
350
223
344
233
350
223
346
235
350
224
345
230
350
224
346
234
350
224
347
236
350
224
344
233
350
224
346
235
351
224
346
234
351
224
347
236
351
224
344
233
351
224
346
235
350
228
342
237
350
228
345
239
350
228
344
238
344
345
298
345
345
347
299
347
364
117
396
139
364
117
396
140
358
120
388
141
363
125
391
145
359
122
388
141
362
193
364
208
362
193
363
208
362
193
362
209
362
193
363
209
362
193
364
209
360
194
364
208
360
194
359
211
360
194
360
208
360
194
363
208
360
194
362
209
360
194
363
209
360
194
364
209
360
194
361
208
354
198
359
211
355
204
355
216
358
196
362
212
358
196
359
211
358
196
361
212
358
196
362
209
358
196
363
209
357
198
362
212
357
198
359
211
357
198
361
212
353
191
360
205
353
191
359
204
353
191
357
204
353
191
359
205
364
194
364
208
364
194
363
208
364
194
362
209
364
194
363
209
364
194
364
209
357
193
363
206
357
193
364
208
357
193
360
208
357
193
363
208
357
193
362
209
357
193
363
209
357
193
364
209
357
193
358
206
357
193
359
206
357
193
359
207
357
193
360
207
357
193
361
208
352
192
357
205
352
192
360
205
352
192
354
204
352
192
359
204
352
192
357
204
352
192
355
204
352
192
357
206
352
192
355
205
352
192
356
205
352
192
358
206
352
192
359
206
352
192
359
205
352
192
360
207
357
192
363
206
357
192
364
208
357
192
360
208
357
192
363
208
357
192
357
206
357
192
364
209
357
192
358
206
357
192
359
206
357
192
359
207
357
192
359
205
357
192
360
207
357
192
361
208
352
194
357
205
352
194
360
205
352
194
359
204
352
194
360
208
352
194
357
204
352
194
355
204
352
194
357
206
352
194
355
205
352
194
356
205
352
194
358
206
352
194
359
206
352
194
359
207
352
194
359
205
352
194
360
207
359
198
362
212
359
198
362
214
359
198
359
211
359
198
361
212
362
192
364
208
362
192
363
208
362
192
362
209
362
192
363
209
362
192
364
209
352
191
360
205
352
191
359
204
352
191
357
204
352
191
359
205
362
194
364
208
362
194
363
208
362
194
362
209
362
194
363
209
362
194
364
209
355
193
357
205
355
193
360
205
355
193
363
206
355
193
359
204
355
193
360
208
355
193
357
206
355
193
355
205
355
193
356
205
355
193
358
206
355
193
359
206
355
193
359
207
355
193
359
205
355
193
360
207
355
193
361
208
363
194
364
208
363
194
363
208
363
194
362
209
363
194
363
209
363
194
364
209
360
195
364
208
360
195
359
211
360
195
363
208
360
195
362
209
360
195
363
209
360
195
364
209
360
195
361
208
363
195
364
208
363
195
362
209
363
195
363
209
363
195
364
209
364
195
364
208
364
195
362
209
364
195
363
209
364
195
364
209
359
193
363
206
359
193
364
208
359
193
360
208
359
193
363
208
359
193
362
209
359
193
363
209
359
193
364
209
359
193
359
207
359
193
360
207
359
193
361
208
354
191
360
205
354
191
359
204
354
191
357
204
354
191
355
204
354
191
359
205
359
197
362
212
359
197
359
211
359
197
361
212
353
194
357
205
353
194
360
205
353
194
359
204
353
194
360
208
353
194
357
204
353
194
357
206
353
194
355
205
353
194
356
205
353
194
358
206
353
194
359
206
353
194
359
207
353
194
359
205
353
194
360
207
353
194
361
208
357
194
364
208
357
194
360
208
357
194
363
208
357
194
362
209
357
194
363
209
357
194
364
209
357
194
359
207
357
194
360
207
357
194
361
208
361
194
364
208
361
194
363
208
361
194
362
209
361
194
363
209
361
194
364
209
361
194
361
208
358
194
364
208
358
194
360
208
358
194
363
208
358
194
362
209
358
194
363
209
358
194
364
209
358
194
359
207
358
194
361
208
352
203
303
191
352
203
354
215
352
203
355
216
354
193
357
205
354
193
360
205
354
193
363
206
354
193
354
204
354
193
359
204
354
193
360
208
354
193
357
204
354
193
355
204
354
193
357
206
354
193
355
205
354
193
356
205
354
193
358
206
354
193
359
206
354
193
359
207
354
193
359
205
354
193
360
207
354
193
361
208
359
194
364
208
359
194
359
211
359
194
360
208
359
194
363
208
359
194
362
209
359
194
363
209
359
194
364
209
359
194
361
208
364
191
364
208
359
236
346
247
359
236
350
249
362
231
353
245
362
231
354
245
363
237
351
250
363
237
352
250
359
231
352
244
355
236
344
246
355
236
346
247
355
236
345
246
361
237
351
250
361
237
352
250
362
237
351
250
356
230
348
241
356
230
346
240
356
230
347
241
360
231
353
245
360
231
354
245
360
231
352
244
361
231
353
245
361
231
354
245
361
231
352
244
356
236
344
246
356
236
346
247
356
236
345
246
355
230
348
241
355
230
346
240
355
230
347
241
363
266
340
277
363
266
341
278
363
266
339
277
362
267
341
278
367
114
400
139
367
114
398
139
367
114
399
139
368
118
398
139
367
119
396
142
367
119
396
140
367
120
396
142
376
117
404
141
366
118
396
139
366
118
396
140
365
119
396
140
368
116
400
139
368
116
398
139
368
116
401
140
368
116
399
139
369
116
400
139
369
116
398
139
369
116
401
140
369
116
399
139
371
116
402
140
371
116
403
141
371
116
400
139
371
116
401
140
371
116
404
141
375
124
403
149
372
117
402
140
372
117
403
141
372
117
401
140
372
117
404
141
375
133
289
117
376
133
290
117
376
133
288
117
376
133
289
117
377
133
291
117
377
133
290
117
377
133
401
157
377
138
398
163
377
138
398
162
377
138
399
163
377
138
401
163
377
139
400
164
377
139
398
163
377
139
398
162
377
139
399
163
377
139
398
164
377
139
401
164
368
231
364
247
365
232
359
247
373
232
364
249
386
126
411
152
387
122
413
150
387
122
413
148
387
122
414
151
381
124
409
151
381
124
408
151
384
116
413
144
379
126
405
152
379
126
406
152
385
126
410
152
385
124
411
152
385
124
410
151
385
124
412
152
380
125
408
152
385
125
411
152
385
125
410
151
385
125
410
152
389
120
416
148
389
120
416
147
388
116
416
145
386
122
413
150
386
122
413
148
383
125
409
151
383
125
408
152
383
125
408
151
383
125
409
152
383
125
410
152
387
124
413
150
388
117
416
145
380
126
406
152
381
125
408
151
381
215
378
236
381
215
377
238
378
208
375
228
385
217
378
239
385
217
380
243
385
217
380
238
385
217
379
240
385
217
380
240
385
217
380
241
385
217
380
242
385
217
379
242
388
216
382
242
388
216
383
241
388
216
383
240
388
216
384
239
388
216
383
242
382
212
379
235
382
212
381
235
382
212
380
236
382
212
381
234
387
217
382
242
387
217
383
241
387
217
383
240
387
217
383
242
387
217
383
243
382
215
378
239
382
215
379
238
382
215
378
236
382
215
377
238
382
215
380
236
389
212
385
237
389
212
384
239
389
212
385
239
377
209
375
230
385
213
381
235
385
216
380
243
385
216
380
238
385
216
379
240
385
216
380
240
385
216
380
241
385
216
380
242
385
216
379
242
384
215
379
238
384
215
380
238
384
215
380
236
383
211
382
233
383
211
381
234
384
211
382
233
384
211
381
234
389
216
383
240
389
216
384
239
389
216
384
243
379
212
378
236
384
212
382
233
384
212
381
235
384
212
381
234
386
205
386
230
389
213
384
239
389
213
385
239
379
214
377
238
388
215
383
241
388
215
383
240
388
215
384
239
388
215
383
242
388
215
384
243
387
236
372
257
387
236
377
259
387
236
377
260
387
236
376
258
387
236
375
258
387
236
374
259
387
236
375
259
384
243
370
262
384
243
369
264
384
243
370
264
384
243
372
264
384
243
372
265
384
243
374
266
384
243
371
264
384
243
369
265
384
243
373
265
389
236
377
259
389
236
377
260
389
236
376
258
389
236
375
258
389
236
375
259
388
242
373
265
388
242
376
265
390
236
377
259
390
236
376
258
390
236
375
258
390
236
375
259
386
237
372
257
386
237
377
259
386
237
371
257
386
237
377
260
386
237
376
258
386
237
375
258
386
237
374
259
386
237
375
259
386
237
371
258
386
237
372
258
381
238
371
257
381
238
368
257
381
238
371
258
381
238
366
256
381
238
365
256
381
238
372
258
381
238
369
257
382
240
370
262
382
240
368
257
382
241
370
262
382
241
372
264
382
241
371
264
383
243
364
259
383
243
370
262
383
243
369
264
383
243
372
264
383
243
372
265
383
243
374
266
383
243
368
264
383
243
371
264
383
243
369
265
383
243
373
265
390
235
377
259
390
235
376
258
385
237
372
257
385
237
377
259
385
237
371
257
385
237
377
260
385
237
376
258
385
237
375
258
385
237
374
259
385
237
371
258
385
237
372
258
387
237
372
257
387
237
377
259
387
237
377
260
387
237
376
258
387
237
375
258
387
237
374
259
387
237
375
259
387
237
372
258
389
237
377
259
389
237
377
260
389
237
376
258
389
237
375
258
389
237
374
259
389
237
375
259
381
241
364
258
381
241
370
262
381
241
371
264
381
242
364
258
381
242
364
259
381
242
362
257
381
242
369
264
381
242
372
264
382
242
364
258
382
242
364
259
382
242
370
262
382
242
369
264
382
242
370
264
382
242
372
264
382
242
372
265
382
242
371
264
382
242
373
265
389
242
376
265
386
243
370
262
386
243
372
264
386
243
372
265
386
243
374
266
386
243
373
265
386
243
376
265
387
243
370
262
387
243
372
264
387
243
372
265
387
243
374
266
387
243
371
264
387
243
373
265
387
243
376
265
389
269
364
289
389
269
364
290
389
269
366
290
389
269
369
290
390
269
364
290
390
269
366
290
390
269
369
290
386
269
364
288
386
269
365
288
386
269
364
289
388
269
365
288
388
269
364
289
388
269
369
290
391
207
389
234
403
207
404
234
403
207
403
239
403
207
403
233
403
207
403
234
403
207
403
236
401
204
404
230
401
204
403
231
393
217
388
241
393
213
388
241
393
213
389
238
393
213
389
239
393
213
388
240
392
214
388
241
392
214
389
239
392
214
388
240
393
214
388
241
393
214
389
239
393
214
388
240
392
215
388
241
392
215
387
243
392
215
388
240
393
215
388
241
393
215
388
240
402
204
403
231
402
204
403
233
402
204
406
231
402
204
404
231
392
217
387
243
403
204
405
233
403
204
403
231
403
204
404
234
403
204
403
233
403
204
403
234
403
204
404
233
403
204
406
231
403
204
405
232
403
204
403
236
403
204
404
231
393
218
387
243
400
267
377
291
400
267
375
290
401
266
375
290
399
266
375
290
396
267
372
290
396
267
375
290
401
268
377
291
394
269
370
291
394
269
371
291
394
269
372
290
394
269
368
291
402
364
348
387
399
369
342
389
399
369
342
388
401
370
343
389
401
370
342
388
405
200
403
229
405
200
403
230
405
200
404
230
405
200
404
229
405
200
403
231
405
200
403
233
405
200
403
234
405
200
404
233
405
200
406
231
405
200
405
232
405
200
404
231
407
204
409
234
407
204
406
234
407
204
405
233
407
204
406
235
407
204
407
236
407
204
409
235
407
204
404
234
407
204
405
238
407
204
408
238
407
204
405
235
407
204
403
233
407
204
403
234
407
204
408
236
407
204
405
237
407
204
403
237
407
204
406
237
407
204
404
238
407
204
404
233
407
204
406
238
407
204
407
238
407
204
408
234
407
204
404
239
407
204
406
239
407
204
407
239
407
204
405
232
407
204
403
236
404
203
404
230
404
203
406
234
404
203
405
233
404
203
403
231
404
203
404
234
404
203
405
235
404
203
403
233
404
203
403
234
404
203
404
233
404
203
406
231
404
203
405
232
404
203
403
236
404
203
404
231
403
200
403
229
403
200
403
230
403
200
404
230
403
200
404
229
410
204
409
234
410
204
406
234
410
204
405
233
410
204
406
235
410
204
407
236
410
204
409
235
410
204
404
234
410
204
405
238
410
204
408
238
410
204
405
235
410
204
407
240
410
204
403
234
410
204
408
236
410
204
405
237
410
204
403
237
410
204
406
237
410
204
404
238
410
204
404
233
410
204
406
238
410
204
407
238
410
204
408
234
410
204
406
239
410
204
407
239
410
204
405
240
410
204
403
236
403
203
403
230
403
203
404
230
403
203
403
231
403
203
403
233
403
203
403
234
403
203
404
233
403
203
406
231
403
203
405
232
403
203
404
231
404
196
403
229
404
196
404
227
406
198
406
228
406
198
403
229
406
198
403
230
406
198
404
230
406
198
404
229
406
198
403
231
406
198
406
231
406
198
404
231
405
201
403
230
405
201
404
230
405
201
404
229
405
201
405
233
405
201
403
231
405
201
404
234
405
201
403
233
405
201
403
234
405
201
404
233
405
201
406
231
405
201
405
232
405
201
404
231
403
201
403
229
403
201
403
230
403
201
404
230
403
201
404
229
403
201
403
231
403
201
404
231
405
202
403
230
405
202
404
230
405
202
406
234
405
202
405
233
405
202
403
231
405
202
404
234
405
202
405
235
405
202
403
233
405
202
403
234
405
202
404
233
405
202
406
231
405
202
405
232
405
202
404
231
406
202
404
230
406
202
409
234
406
202
406
234
406
202
405
233
406
202
403
231
406
202
406
235
406
202
404
234
406
202
405
235
406
202
403
233
406
202
403
234
406
202
404
233
406
202
408
234
406
202
406
231
406
202
405
232
406
202
404
231
404
199
406
228
404
199
403
229
404
199
403
230
404
199
404
230
404
199
404
229
404
199
403
231
404
199
404
231
406
200
403
229
406
200
403
230
406
200
404
230
406
200
404
229
406
200
405
233
406
200
403
231
406
200
403
233
406
200
403
234
406
200
404
233
406
200
406
231
406
200
405
232
406
200
404
231
405
203
406
234
405
203
405
233
405
203
403
231
405
203
406
235
405
203
404
234
405
203
405
235
405
203
403
233
405
203
403
234
405
203
403
237
405
203
404
233
405
203
406
231
405
203
405
232
405
203
403
236
405
203
404
231
406
203
409
234
406
203
406
234
406
203
405
233
406
203
403
231
406
203
406
235
406
203
407
236
406
203
404
234
406
203
405
235
406
203
403
233
406
203
403
234
406
203
405
237
406
203
403
237
406
203
404
233
406
203
408
234
406
203
406
231
406
203
405
232
406
203
403
236
406
203
404
231
407
203
409
234
407
203
406
234
407
203
405
233
407
203
406
235
407
203
407
236
407
203
409
235
407
203
404
234
407
203
405
238
407
203
405
235
407
203
403
233
407
203
403
234
407
203
408
236
407
203
405
237
407
203
403
237
407
203
406
237
407
203
404
238
407
203
404
233
407
203
408
234
407
203
406
231
407
203
405
232
407
203
403
236
407
203
404
231
408
203
409
234
408
203
406
234
408
203
405
233
408
203
406
235
408
203
407
236
408
203
409
235
408
203
404
234
408
203
405
238
408
203
408
238
408
203
405
235
408
203
403
233
408
203
403
234
408
203
408
236
408
203
405
237
408
203
403
237
408
203
406
237
408
203
404
238
408
203
404
233
408
203
406
238
408
203
408
234
408
203
406
231
408
203
405
232
408
203
403
236
406
204
409
234
406
204
406
234
406
204
405
233
406
204
406
235
406
204
407
236
406
204
409
235
406
204
404
234
406
204
405
238
406
204
408
238
406
204
405
235
406
204
403
233
406
204
403
234
406
204
408
236
406
204
405
237
406
204
403
237
406
204
406
237
406
204
404
238
406
204
404
233
406
204
406
238
406
204
408
234
406
204
405
232
406
204
403
236
403
202
403
230
403
202
404
230
403
202
403
231
403
202
403
233
403
202
406
231
403
202
404
231
404
200
406
228
404
200
403
229
404
200
403
230
404
200
404
230
404
200
404
229
404
200
403
231
404
200
406
231
404
200
404
231
406
367
348
387
408
364
354
387
408
364
355
388
408
364
353
387
408
367
349
386
408
367
351
388
408
367
350
386
408
367
353
389
409
373
349
394
406
365
349
386
406
365
351
388
406
365
350
386
406
365
353
389
404
370
345
389
422
111
449
150
422
111
447
152
420
107
447
146
416
108
445
147
416
108
445
145
416
108
445
146
416
108
446
144
416
108
446
152
416
108
447
145
416
108
447
146
416
108
447
152
416
105
446
144
416
105
447
145
416
105
447
146
416
105
448
143
417
109
445
147
417
109
449
150
417
109
446
152
417
109
447
146
417
109
447
152
418
112
449
150
418
112
446
152
418
112
447
146
418
112
447
152
419
154
442
183
417
185
422
220
417
185
423
220
416
183
422
219
416
189
420
224
416
189
419
224
419
184
424
220
417
179
423
217
417
182
422
220
417
182
422
219
417
180
422
220
417
180
423
217
417
180
422
219
418
183
423
220
418
185
424
220
418
185
423
220
416
219
407
249
416
219
403
251
416
219
406
249
416
219
407
250
416
219
405
251
416
219
408
251
416
219
408
252
421
228
411
261
421
228
412
260
421
228
414
261
421
228
411
262
423
227
410
263
423
227
411
261
423
227
412
260
423
227
414
261
423
227
411
262
422
226
411
261
422
226
413
259
422
226
410
259
422
226
412
260
422
226
412
259
422
226
414
261
426
224
413
259
426
224
412
260
426
224
416
260
426
224
412
259
426
224
414
261
418
229
408
260
418
229
405
263
418
229
405
262
420
225
408
258
420
225
409
259
420
225
413
258
420
225
407
260
420
225
408
260
420
225
410
259
420
225
406
259
420
225
406
260
429
225
414
261
423
228
410
263
423
228
411
261
423
228
411
263
423
228
408
264
423
228
414
261
423
228
411
262
420
230
410
263
420
230
408
264
420
230
406
265
422
225
409
259
422
225
413
258
422
225
413
259
422
225
408
260
422
225
410
259
422
225
412
260
422
225
412
259
419
226
408
258
419
226
409
259
419
226
407
260
419
226
408
260
419
226
410
259
419
226
406
259
419
226
406
260
428
222
413
258
428
222
416
260
420
227
411
261
420
227
413
259
420
227
408
260
420
227
410
259
420
227
412
259
420
227
405
262
416
223
409
255
416
223
410
255
416
223
403
255
416
223
405
255
416
223
407
255
416
223
407
256
416
223
404
257
417
228
408
258
417
228
409
259
417
228
407
260
417
228
403
262
417
228
406
259
417
228
404
262
417
228
406
260
427
223
413
258
427
223
413
259
427
223
410
259
427
223
416
260
427
223
412
259
427
223
414
261
422
228
410
263
422
228
411
261
422
228
411
263
422
228
414
261
422
228
411
262
416
224
409
255
416
224
410
255
416
224
403
255
416
224
405
255
416
224
407
255
416
224
407
256
416
224
404
257
417
229
409
259
417
229
407
260
417
229
408
260
417
229
403
262
417
229
404
262
417
229
405
262
417
229
406
260
423
229
410
263
423
229
411
263
423
229
408
264
423
229
411
264
423
229
411
262
423
230
410
263
423
230
409
265
423
230
411
263
423
230
411
264
423
230
411
265
504
216
494
279
504
216
497
280
505
217
494
279
505
217
497
280
504
215
494
277
504
215
494
279
504
215
497
279
504
217
494
279
499
347
446
400
499
347
444
399
522
334
468
396
528
321
479
386
533
333
481
399
533
333
479
398
533
333
480
399
559
242
533
321
559
242
534
321
559
242
537
321
559
242
535
321
559
242
536
321
559
232
539
313
559
232
538
313
559
232
540
313
558
232
537
313
558
232
536
313
555
242
533
321
557
233
537
313
557
233
536
313
555
234
536
313
557
241
533
321
557
241
534
321
557
241
535
321
558
241
533
321
558
241
534
321
558
241
535
321
558
241
536
321
566
247
539
329
570
248
545
332
571
250
545
332
571
250
545
333
571
249
545
332
571
249
545
333
565
247
539
329
566
251
538
333
566
251
535
333
566
251
539
333
566
251
538
331
566
251
538
332
566
251
539
332
566
251
538
334
561
245
536
326
560
247
536
326
566
249
538
333
566
249
539
333
566
249
541
333
566
249
538
331
566
249
538
332
566
249
539
332
564
244
539
325
564
244
539
327
564
244
540
326
566
250
538
333
566
250
539
333
566
250
541
333
566
250
538
331
566
250
538
332
566
250
539
332
566
250
538
334
565
245
539
325
565
245
539
327
565
245
540
326
567
252
538
333
567
252
539
333
567
252
538
334
565
248
539
329
565
253
535
333
565
246
539
327
565
246
539
329
565
246
540
326
564
245
539
325
564
245
539
327
564
245
540
326
