000232.jpg
000233.jpg
203
275
76
260
203
276
76
260
219
249
95
231
219
250
95
233
219
250
95
231
219
248
95
231
214
257
89
241
213
259
89
241
214
259
90
241
225
223
105
199
222
224
97
206
222
224
98
205
222
224
99
204
221
224
98
204
221
224
98
205
221
224
99
204
224
224
105
199
245
186
124
169
245
188
124
169
246
186
124
169
245
187
124
169
236
211
117
187
260
150
148
128
256
151
144
129
258
402
138
396
262
184
151
164
270
282
155
269
270
281
155
269
269
282
155
269
285
208
175
193
285
208
175
195
285
210
175
195
286
210
176
194
286
211
177
198
279
227
167
213
286
229
175
215
286
229
175
216
286
229
175
214
286
230
175
215
286
230
175
216
293
164
183
151
293
164
182
149
290
216
180
203
287
214
177
198
292
216
182
203
293
214
183
201
293
217
183
201
293
217
183
202
293
217
183
203
293
215
183
201
293
215
183
202
294
216
184
201
294
213
184
199
294
217
184
201
291
228
180
215
291
228
181
214
291
228
180
214
289
228
178
216
289
228
178
212
289
228
178
215
289
228
178
213
289
226
179
212
289
226
178
216
289
226
178
212
289
226
178
215
289
226
178
213
289
226
179
213
293
218
183
202
293
218
183
203
289
229
178
216
289
229
178
215
289
229
178
213
290
229
180
215
290
227
179
212
290
227
180
215
290
227
179
213
290
227
180
214
287
230
177
217
289
230
178
216
289
230
178
215
305
185
195
170
315
242
203
232
322
264
212
254
322
264
211
254
322
264
212
253
322
264
211
253
319
265
208
254
319
265
208
255
319
265
209
254
319
265
209
255
318
264
208
254
315
266
204
255
316
266
205
255
321
264
210
253
321
264
211
254
321
264
211
253
321
264
210
254
324
261
215
251
324
261
213
251
324
261
214
251
321
263
210
253
321
263
211
252
321
263
211
253
320
264
209
254
320
264
210
254
325
260
215
250
325
260
216
250
314
267
203
256
323
261
212
251
323
261
213
251
323
261
214
251
317
265
207
254
317
265
207
255
318
265
208
254
318
265
207
254
318
265
208
255
325
261
215
250
325
261
215
251
325
261
216
251
325
261
214
251
322
263
211
252
322
263
212
252
322
263
212
253
322
263
211
253
323
263
212
252
323
263
212
253
323
263
213
252
322
262
211
252
322
262
212
252
317
266
206
255
317
266
207
255
318
266
207
255
318
266
208
255
323
262
212
251
323
262
212
252
323
262
214
252
323
262
213
252
323
262
213
251
323
321
212
312
323
321
213
311
323
321
212
311
323
321
210
311
323
321
211
311
323
321
210
312
323
321
211
312
323
321
208
312
320
321
212
312
320
321
212
311
320
321
208
313
320
321
210
311
320
321
211
311
320
321
210
312
320
321
211
312
320
321
208
312
322
320
213
311
322
320
212
311
322
320
210
311
322
320
211
311
323
320
213
311
323
320
212
311
323
320
210
311
323
320
211
311
324
320
213
311
324
320
212
311
324
320
210
311
324
320
211
311
324
320
215
312
319
321
212
312
319
321
212
311
319
321
208
313
319
321
210
311
319
321
211
311
319
321
210
312
319
321
211
312
319
321
208
312
321
321
212
312
321
321
212
311
321
321
208
313
321
321
210
311
321
321
211
311
321
321
210
312
321
321
211
312
321
321
208
312
322
321
212
312
322
321
213
311
322
321
212
311
322
321
210
311
322
321
211
311
322
321
210
312
322
321
211
312
322
321
208
312
337
316
226
308
337
317
226
308
333
321
223
311
335
318
224
309
333
308
223
299
330
321
219
313
331
321
220
310
333
309
223
300
334
318
223
309
334
318
224
309
331
319
220
310
331
319
221
310
332
319
221
310
332
319
222
310
326
320
216
312
326
320
216
310
326
320
215
312
326
320
215
311
326
320
216
311
326
320
217
311
327
320
216
312
327
320
217
310
327
320
216
310
327
320
215
311
327
320
218
312
327
320
216
311
327
320
217
311
328
320
217
310
328
320
216
310
328
320
218
312
328
320
216
311
328
320
217
311
334
317
223
309
334
317
224
309
334
320
223
311
334
320
222
310
335
317
224
309
333
320
221
310
333
320
223
311
333
320
222
310
336
317
226
308
327
321
216
312
327
321
215
312
327
321
215
311
327
321
216
311
327
321
218
313
327
321
217
311
335
308
224
298
329
321
219
313
329
321
218
312
329
321
218
313
329
321
217
311
332
318
222
310
332
321
220
310
333
318
223
309
333
318
222
310
330
322
219
313
330
322
218
312
330
322
218
313
329
322
219
313
329
322
218
312
329
322
218
313
332
380
220
373
329
400
217
393
329
400
216
393
331
404
219
397
338
406
227
399
338
406
225
399
338
406
226
399
335
405
225
398
335
405
224
398
335
405
223
398
335
405
223
399
335
405
224
399
335
405
222
398
337
405
225
398
337
405
224
398
337
405
226
399
329
402
218
396
332
405
221
398
330
399
217
392
336
405
225
398
336
405
225
399
336
405
224
398
336
405
223
398
336
405
224
399
332
404
219
397
332
404
221
398
336
406
225
399
336
406
223
399
336
406
224
399
336
406
226
399
337
406
227
399
337
406
225
399
337
406
224
399
337
406
226
399
338
263
228
252
338
263
228
253
338
263
230
253
338
263
229
253
350
261
243
252
349
261
242
252
338
278
229
268
338
278
228
268
341
315
230
307
340
318
229
308
345
317
236
309
345
317
235
309
345
317
236
310
345
317
235
310
340
316
230
307
340
316
229
307
340
316
229
308
348
316
239
308
348
316
239
309
340
319
229
311
345
318
236
309
345
318
235
309
345
318
236
310
345
318
235
310
349
316
239
308
349
316
240
309
349
316
240
308
349
316
239
309
346
317
236
309
346
317
235
309
346
317
236
310
346
317
235
310
347
317
236
309
347
317
235
309
347
317
236
310
348
317
239
308
348
317
236
309
348
317
239
309
349
317
239
308
349
317
240
309
349
317
240
308
349
317
239
309
350
317
239
308
350
317
240
309
350
317
240
308
350
317
239
309
341
316
230
307
346
318
236
309
346
318
235
309
346
318
236
310
346
318
235
310
347
318
236
309
347
318
236
310
347
318
235
310
350
316
239
308
350
316
240
309
350
316
240
308
350
316
239
309
339
319
229
311
351
316
239
308
351
316
240
309
351
316
240
308
348
326
239
318
351
340
240
332
348
340
238
333
350
339
240
331
350
339
240
332
348
341
238
333
350
340
240
332
340
394
227
387
340
394
227
386
339
393
227
387
339
393
227
386
339
394
227
387
339
394
227
386
339
394
226
386
364
264
256
256
364
264
257
256
359
262
251
253
359
262
252
254
359
262
252
253
359
262
251
254
359
262
251
255
360
262
252
254
360
262
253
254
360
262
252
253
360
262
251
254
360
262
251
255
360
262
252
255
360
264
253
256
360
264
252
256
360
264
252
255
360
265
253
256
360
265
252
256
361
265
253
256
361
265
254
256
359
264
252
256
359
264
252
255
359
387
248
380
363
411
252
404
363
411
251
403
363
411
252
403
363
409
252
402
363
409
251
402
363
409
251
401
363
409
253
401
364
410
253
402
364
410
252
402
364
410
252
403
363
410
253
402
363
410
252
402
363
410
251
402
363
410
251
403
363
410
252
403
364
411
253
404
364
411
252
404
364
411
252
403
369
266
261
256
369
264
260
255
369
264
262
256
369
264
262
255
369
264
261
256
369
264
261
255
368
266
261
256
366
265
259
255
365
265
257
256
365
264
259
255
365
264
256
256
365
264
257
256
369
263
260
254
369
263
259
255
369
263
260
255
369
263
262
256
369
263
262
255
369
263
261
256
369
263
261
255
377
308
267
301
377
308
269
300
377
308
266
301
377
308
270
300
377
309
267
301
377
309
266
301
369
308
260
301
369
310
260
302
369
309
260
301
369
309
260
302
372
397
260
391
372
399
259
391
372
399
260
391
389
282
280
275
386
281
280
275
386
282
277
275
387
282
280
275
387
295
280
286
387
295
279
287
387
295
279
286
388
295
280
286
388
295
279
288
388
283
280
275
387
294
280
285
387
294
279
286
388
294
280
286
388
294
280
285
388
294
279
287
385
295
276
288
387
293
279
286
389
293
280
286
379
308
267
301
379
308
271
300
379
308
269
300
379
308
270
300
389
396
277
388
390
411
279
403
403
210
294
203
400
211
292
204
402
210
293
203
401
211
292
204
401
211
293
204
401
231
293
224
401
231
293
225
392
295
284
288
392
295
284
287
393
284
284
276
395
283
286
275
393
294
284
287
396
283
287
276
396
283
287
275
393
295
284
288
395
282
286
274
395
282
286
275
396
295
287
288
391
411
279
403
403
429
290
420
403
429
289
419
408
259
299
254
414
260
305
253
416
260
305
253
416
260
308
254
416
260
309
254
416
260
307
255
416
260
308
255
416
260
309
255
414
259
305
253
410
283
301
277
412
283
303
277
413
283
303
277
412
282
302
276
412
282
303
276
404
283
295
276
413
284
304
278
428
250
320
244
429
251
320
243
429
251
320
244
429
251
321
245
429
250
320
243
429
250
320
244
426
261
317
255
426
261
316
256
426
261
318
255
426
261
319
255
418
260
309
253
418
260
308
254
418
260
309
254
418
260
307
255
418
260
308
255
418
260
309
255
419
260
309
253
419
260
308
254
419
260
309
254
419
260
308
255
419
260
309
255
418
259
309
253
418
259
308
254
418
259
309
254
418
259
307
255
418
259
308
255
418
259
309
255
428
261
317
255
428
261
318
255
428
261
319
255
422
303
312
296
422
302
312
295
421
302
311
295
430
249
321
242
430
249
320
243
430
250
320
243
430
250
320
244
430
250
321
244
431
250
321
242
431
250
321
244
432
260
323
255
442
386
327
377
442
386
327
378
442
375
329
367
438
376
325
368
439
386
326
377
441
385
327
377
441
385
326
377
441
386
327
377
441
386
326
377
441
386
326
378
441
386
327
378
434
390
321
380
434
389
321
380
442
420
327
411
442
420
327
410
441
420
327
411
438
422
324
413
436
431
320
421
446
193
339
192
446
193
340
192
450
194
342
193
450
194
343
193
450
194
344
193
447
193
339
192
447
193
341
192
447
193
340
192
451
194
345
193
451
194
343
193
451
194
344
193
449
194
341
193
449
194
342
193
449
194
343
193
449
194
341
192
450
248
339
244
443
374
328
365
443
374
330
367
443
375
329
367
443
375
330
367
449
418
334
408
449
418
333
408
446
418
331
409
446
418
330
408
446
418
331
408
445
417
329
407
445
417
330
407
445
417
330
408
448
416
330
407
448
416
332
406
448
416
332
408
448
416
331
407
448
416
331
406
448
416
332
407
448
416
333
407
448
416
334
407
447
417
330
407
447
417
331
409
447
417
330
408
447
417
331
408
447
417
332
408
447
417
331
407
447
417
332
407
444
417
329
407
448
417
334
408
448
417
331
409
448
417
331
408
448
417
332
408
448
417
333
408
448
417
332
407
448
417
333
407
444
416
329
407
447
418
331
409
447
418
331
408
447
418
332
408
446
417
329
407
446
417
330
407
446
417
330
408
446
417
331
408
446
417
331
407
461
256
349
253
461
256
350
253
461
256
349
252
459
308
344
302
472
326
357
320
479
328
363
321
479
328
364
321
489
263
374
260
485
267
370
261
530
401
405
391
533
398
405
389
