Test5000_rot.jpg
Test5001_rot.jpg
79
181
474
31
175
314
311
47
178
319
306
44
176
314
311
47
176
315
311
47
174
316
306
44
174
316
311
47
172
317
306
44
172
317
311
47
180
312
310
54
173
316
311
47
175
315
311
47
205
210
386
126
205
210
386
125
206
210
386
126
206
210
385
125
206
210
386
125
301
117
418
255
353
272
258
225
390
231
272
281
389
232
273
279
389
232
272
281
390
232
273
277
390
232
272
281
398
231
273
277
393
233
273
277
393
233
273
276
391
231
273
279
391
231
272
281
395
231
273
279
395
231
272
281
406
100
379
361
411
95
384
358
407
101
378
359
416
101
379
348
410
103
378
355
415
101
379
349
406
103
377
359
409
104
377
355
413
104
377
352
493
188
262
386
493
290
174
333
494
292
171
335
487
291
174
333
492
292
171
335
493
292
171
335
489
293
171
335
492
303
161
329
497
297
165
336
503
305
157
334
546
299
140
377
545
298
141
376
545
298
140
377
548
301
137
381
564
302
128
390
