paris_invalides_000662_pt_1.png
paris_invalides_000663.jpg
292
207
297
183
290
205
294
180
301
217
308
195
290
202
297
179
301
221
308
202
301
221
308
200
301
221
307
199
301
221
308
201
282
199
289
176
296
226
301
202
287
197
291
172
287
197
294
174
287
197
293
173
303
213
304
186
291
203
297
179
285
198
291
175
285
198
293
176
285
198
291
174
315
243
322
223
301
222
308
202
301
222
307
199
301
222
308
201
284
207
291
185
300
224
305
200
190
210
177
182
287
210
295
189
285
204
293
182
285
204
290
180
287
208
293
185
298
227
301
202
273
203
279
179
296
222
300
197
281
200
286
175
285
197
291
173
285
197
289
172
285
197
292
174
285
197
291
174
311
240
319
222
312
237
321
220
288
206
293
182
288
206
294
183
289
204
296
181
289
204
294
180
274
203
279
179
284
197
289
172
284
201
291
178
284
201
289
176
286
199
292
176
286
199
291
175
286
199
293
176
286
199
291
174
287
203
293
180
