Test705.jpg
Test707.jpg
115
281
35
283
114
290
34
290
114
290
35
290
115
286
34
287
115
286
34
289
115
286
35
289
116
287
35
289
116
287
36
290
117
287
36
289
118
282
38
286
209
270
131
271
209
270
132
271
209
270
132
270
209
270
134
271
209
270
131
269
210
274
130
273
210
274
131
273
210
274
132
273
215
269
138
271
210
268
132
270
210
268
131
269
208
270
131
271
208
270
132
271
208
270
132
270
208
270
131
269
210
269
132
271
210
269
132
270
210
269
134
271
210
269
131
269
210
269
135
272
210
272
131
271
210
272
132
271
210
272
130
273
210
272
131
273
210
272
132
273
213
273
136
273
214
273
136
273
214
273
137
273
212
285
133
286
212
285
135
287
212
285
135
285
215
285
138
286
215
285
137
285
215
285
135
285
213
285
133
286
213
285
135
287
213
285
135
285
213
284
135
287
213
284
135
285
214
284
135
285
210
324
132
329
210
324
131
330
209
324
130
329
209
324
131
330
212
325
134
330
212
326
134
330
213
327
134
330
229
285
151
286
229
285
151
289
230
286
152
289
228
285
150
289
228
285
150
285
229
284
151
289
230
285
151
286
230
285
152
286
230
285
152
289
230
285
151
285
230
284
152
289
230
284
151
285
229
286
151
289
240
286
169
289
278
245
211
242
278
245
211
240
284
287
214
288
284
287
210
288
284
287
211
288
284
287
210
289
284
287
213
288
284
287
209
289
279
287
204
289
279
287
203
291
276
285
202
287
276
285
200
287
276
285
201
287
281
287
207
289
281
287
207
290
281
287
206
289
281
287
210
288
281
287
211
288
281
287
210
289
281
287
209
290
281
287
210
285
281
287
209
287
281
287
210
287
281
287
212
285
281
287
213
285
281
287
209
289
285
288
214
288
279
286
204
289
281
285
207
287
281
285
207
289
281
285
208
286
281
285
207
290
281
285
210
285
281
285
211
285
281
285
209
287
281
285
210
287
281
285
209
285
278
287
204
289
278
287
203
291
280
285
207
287
280
285
207
289
280
285
208
286
280
285
206
287
280
285
208
285
280
285
205
289
280
285
206
289
280
285
210
285
280
285
209
285
280
287
207
287
280
287
207
289
280
287
207
290
280
287
205
289
280
287
206
289
280
287
210
288
280
287
210
285
280
287
211
285
280
287
209
287
280
287
210
287
280
287
213
285
280
287
209
289
285
285
216
284
285
285
215
284
285
285
215
285
285
285
213
285
285
285
216
285
283
287
207
290
283
287
210
288
283
287
211
288
283
287
209
291
283
287
210
289
283
287
209
290
283
287
210
287
283
287
212
285
283
287
213
285
283
287
213
288
283
287
209
289
285
287
214
288
285
287
210
288
285
287
211
288
285
287
215
285
285
287
210
289
285
287
213
288
278
289
203
291
298
287
223
288
298
287
226
284
298
287
226
285
298
287
225
285
298
287
227
285
296
285
226
284
296
285
226
285
296
285
225
284
296
285
223
285
296
285
225
285
296
285
224
284
297
286
226
284
297
286
226
285
297
286
225
284
297
286
225
285
297
286
227
285
289
287
217
286
289
287
219
285
289
287
216
289
289
287
220
285
289
287
218
287
289
287
217
285
289
287
218
285
289
287
217
289
294
287
223
285
289
286
217
286
289
286
219
285
289
286
218
284
289
286
217
285
289
286
218
285
291
287
216
289
291
287
220
285
291
287
221
285
291
287
218
289
291
287
217
289
292
287
218
289
293
287
221
288
293
287
218
289
293
287
223
284
293
287
223
285
293
287
225
285
293
287
224
284
295
287
223
288
295
287
226
284
295
287
226
285
295
287
225
284
295
287
225
285
297
287
223
288
297
287
222
290
297
287
226
284
297
287
226
285
297
287
228
286
297
287
225
285
297
287
227
285
297
287
224
289
294
286
226
284
294
286
223
284
294
286
225
284
294
286
223
285
294
286
225
285
294
286
224
284
288
287
216
289
290
287
219
285
290
287
216
289
290
287
220
285
290
287
221
285
290
287
218
287
290
287
214
291
290
287
217
289
310
263
244
261
310
263
245
261
310
263
243
260
304
264
238
261
307
264
242
262
307
264
243
261
307
264
242
261
308
261
243
258
308
263
243
260
303
264
238
261
309
264
244
261
309
264
242
262
309
264
243
261
309
264
243
262
309
264
242
261
332
176
149
171
332
176
149
172
326
180
135
171
327
180
135
171
333
176
149
171
333
176
149
172
331
179
141
172
331
179
135
171
331
179
144
173
330
178
141
172
330
178
142
173
330
178
135
171
330
178
143
173
330
178
144
173
330
178
144
172
330
179
135
171
326
178
138
170
331
178
135
171
331
178
144
173
331
178
144
172
336
178
144
172
330
252
266
247
330
252
264
249
330
252
265
248
330
252
266
248
330
252
263
249
330
252
264
250
330
252
265
251
331
252
266
247
331
252
264
249
331
252
267
250
331
252
265
248
331
252
266
248
331
252
267
247
329
251
264
249
329
251
263
249
341
178
141
171
340
178
141
171
340
178
144
172
344
177
141
171
339
178
144
172
350
174
150
170
350
174
145
170
350
174
151
170
350
174
164
171
350
174
176
171
350
174
178
172
350
174
175
172
345
178
141
172
345
178
143
174
345
178
141
171
345
178
142
173
345
178
141
173
345
178
143
173
345
178
144
173
345
178
144
172
345
178
144
174
364
175
149
171
364
175
147
171
364
175
150
170
364
175
151
170
363
174
158
171
353
262
287
260
353
258
287
255
