Test1310_rot.PNG
Test1311_rot.PNG
139
84
126
240
139
84
127
240
140
82
126
238
140
83
126
238
140
83
126
240
140
84
129
238
140
84
126
240
140
84
127
240
140
79
125
234
139
85
126
240
139
85
127
240
170
82
148
216
259
179
279
220
259
179
277
219
287
176
294
200
286
175
294
200
287
175
294
200
286
174
292
201
286
174
294
200
287
174
294
200
360
178
346
151
360
178
347
152
360
178
348
152
384
210
390
154
387
210
390
154
396
87
315
54
396
87
316
53
396
87
318
52
396
87
317
54
397
88
318
52
397
88
317
54
397
88
318
53
399
88
318
53
