paris_invalides_000662_sm_2.jpg
paris_invalides_000663.jpg
196
232
167
205
197
232
165
208
197
233
168
206
197
233
167
207
194
232
165
205
194
231
165
204
195
232
165
206
195
232
164
208
260
223
259
189
260
225
262
191
260
224
262
190
278
212
279
179
279
233
281
203
272
237
277
206
284
233
286
204
283
242
284
212
291
204
291
172
293
204
292
171
293
204
293
172
291
201
290
169
293
208
297
178
293
208
297
179
296
210
297
178
296
210
299
180
296
210
301
181
293
211
294
179
293
211
296
181
297
215
299
184
298
212
299
180
298
212
301
181
298
216
299
184
298
216
301
186
292
209
294
179
292
209
296
180
294
212
296
181
293
207
297
178
294
213
297
183
292
214
294
183
292
214
294
184
292
214
293
182
290
215
292
184
295
207
299
178
294
215
296
185
294
215
298
186
291
211
293
180
291
209
294
179
291
209
294
180
296
216
298
186
296
211
297
179
295
220
296
189
295
220
297
190
299
217
301
186
299
217
302
187
295
219
296
188
296
217
298
186
296
219
297
188
296
219
298
189
300
223
301
192
300
223
303
195
300
229
300
196
300
229
300
197
302
214
304
183
302
214
306
185
302
214
305
184
301
213
304
183
301
216
302
184
301
216
304
186
301
216
301
184
303
216
304
186
303
216
305
185
307
226
308
195
307
226
307
196
310
233
310
205
303
226
303
195
308
227
308
195
308
227
307
196
308
227
310
198
308
227
310
197
308
227
311
201
308
227
311
200
301
229
300
196
301
229
300
197
306
227
307
196
306
227
306
194
306
227
306
195
306
227
307
197
307
230
308
202
307
230
308
201
307
230
307
199
307
230
308
200
310
226
309
194
310
226
312
198
309
232
308
201
309
232
310
205
305
235
304
204
305
235
305
204
307
229
307
196
307
229
306
195
307
229
309
200
307
229
307
197
307
229
307
199
307
229
308
200
310
229
308
195
310
229
310
200
310
229
310
198
310
229
311
202
310
229
311
201
310
229
311
200
307
227
308
195
307
227
307
196
307
227
306
195
307
227
310
200
307
227
307
197
307
231
308
202
307
231
308
201
307
231
308
203
307
231
307
199
306
226
306
193
306
226
307
196
306
226
306
194
306
226
306
195
306
233
305
200
310
227
309
195
310
227
310
197
310
227
312
198
310
227
311
198
303
234
301
202
310
228
308
195
310
228
310
198
310
228
310
197
310
228
311
201
310
228
311
199
310
228
311
198
310
228
311
200
304
234
300
197
304
236
301
202
305
227
306
195
305
227
307
197
303
237
301
202
307
238
304
204
310
224
310
194
310
224
310
193
310
224
313
196
310
224
311
193
310
224
314
198
312
226
310
193
312
226
313
196
312
226
314
197
312
226
314
198
310
225
310
194
310
225
309
194
310
225
310
193
310
225
312
198
310
225
313
198
311
225
310
194
311
225
310
193
311
225
313
196
311
225
314
198
311
224
310
193
311
224
313
194
311
224
313
196
311
224
311
193
311
224
314
197
314
232
315
205
315
236
320
215
312
234
310
203
312
234
314
209
312
234
314
210
312
234
317
214
312
234
315
211
311
233
310
203
311
234
310
204
311
234
315
212
311
234
314
211
312
231
311
201
312
228
312
198
312
228
313
200
312
228
313
198
312
228
314
201
312
228
314
202
314
235
311
202
314
235
311
201
313
236
310
203
313
236
314
210
313
236
317
214
313
236
315
211
312
229
313
200
312
229
313
201
312
229
314
203
314
236
311
202
317
246
321
223
