Test766.jpg
Test768.jpg
372
92
491
90
404
111
525
101
404
111
524
101
403
111
524
100
403
111
525
101
403
111
522
102
403
111
524
101
403
112
525
101
403
112
523
104
403
112
524
101
403
110
427
46
403
110
524
100
403
110
522
102
403
110
524
101
406
118
526
108
406
118
525
108
406
118
527
110
404
116
526
108
404
116
525
106
404
116
525
108
405
120
525
112
405
120
524
111
405
120
527
111
405
120
527
110
405
114
527
105
405
114
525
106
405
114
527
104
407
119
527
110
407
121
525
112
407
117
526
108
406
120
525
112
406
120
527
111
406
120
527
110
403
121
522
112
403
121
525
112
403
121
522
113
403
121
524
111
403
121
521
112
407
116
526
108
406
117
526
108
406
117
525
108
406
119
526
108
406
119
527
110
405
116
526
108
405
116
525
106
405
116
525
108
404
115
525
106
403
114
525
106
403
114
523
104
403
114
522
106
408
120
527
110
406
115
527
105
406
115
525
106
412
129
530
121
424
135
545
126
417
133
542
126
