Test2120_rot.jpg
Test2121_rot.jpg
76
128
107
41
80
129
110
42
201
192
312
207
201
192
311
207
201
192
311
206
206
194
311
206
206
194
310
206
207
195
310
206
204
193
312
207
204
193
311
207
204
193
311
206
204
193
310
206
205
194
311
207
205
194
310
206
200
193
312
207
201
193
312
207
201
193
311
207
201
193
311
206
201
193
310
206
205
195
311
207
205
195
310
206
203
193
311
207
203
193
310
206
208
196
310
206
201
194
311
207
204
194
312
207
204
194
311
207
204
194
310
206
204
192
311
207
204
192
310
206
196
231
178
181
207
238
184
190
207
238
182
190
207
238
182
189
207
238
186
192
203
239
182
193
204
237
184
190
204
237
182
190
204
237
182
189
205
238
184
190
205
238
182
190
205
238
182
189
210
195
312
207
210
195
311
207
210
195
311
206
210
195
310
206
209
195
312
209
209
195
312
207
209
195
311
207
209
195
311
206
209
195
310
206
211
245
188
196
402
260
363
285
402
260
364
285
402
260
362
284
410
259
369
285
413
258
369
285
410
260
368
286
408
261
372
288
412
259
368
286
518
145
519
225
518
145
520
225
531
140
527
221
531
140
529
222
531
140
531
223
531
140
530
223
531
140
530
222
532
140
527
221
532
140
529
222
532
140
531
223
532
140
532
223
532
140
530
223
532
140
530
222
532
141
527
221
532
141
529
222
532
141
531
223
532
141
530
223
532
141
530
222
533
141
527
221
533
141
529
222
533
141
531
223
533
141
530
223
533
141
531
225
533
141
530
222
532
142
527
221
533
142
527
221
524
146
519
225
524
146
520
225
524
146
522
227
533
140
527
221
533
140
533
222
533
140
533
223
533
140
530
222
532
157
518
237
532
157
518
236
532
157
519
238
532
158
518
236
545
126
546
214
546
134
544
221
546
134
545
222
546
134
545
221
544
127
546
214
544
127
545
216
544
127
546
216
544
127
544
215
544
127
546
215
546
129
544
215
546
129
546
215
536
131
537
213
546
126
546
214
536
132
535
213
536
132
536
213
543
128
542
215
543
128
544
215
546
128
544
215
546
128
546
215
540
129
541
214
545
124
546
213
544
129
541
214
544
129
544
215
544
130
542
215
544
130
541
214
544
130
544
215
537
131
537
213
542
131
542
215
542
131
541
214
546
127
546
214
546
127
545
216
546
127
546
216
546
127
544
215
546
127
546
215
537
132
536
213
545
128
542
215
545
128
544
215
545
128
546
215
546
133
544
221
546
133
540
219
541
129
541
214
