Test82.jpg
Test81.jpg
507
101
425
114
507
126
424
137
507
126
425
138
506
126
424
137
507
127
424
137
507
127
425
138
507
138
425
150
507
143
425
154
507
143
423
153
505
143
422
154
505
143
423
154
505
143
423
153
506
143
423
154
506
143
423
153
505
142
423
154
505
142
423
153
511
84
429
98
514
83
432
97
517
83
435
97
508
101
426
114
514
125
431
137
509
126
426
137
509
126
426
138
509
126
426
135
508
126
426
139
508
126
426
137
508
126
425
138
508
126
426
138
508
124
426
135
518
125
436
137
510
126
427
137
511
136
428
148
511
136
427
147
511
136
427
148
512
134
429
147
511
138
427
148
511
138
427
150
511
138
428
150
515
138
432
152
512
137
428
148
512
137
429
150
511
135
428
148
511
135
427
147
509
138
426
148
509
138
426
149
509
138
425
150
513
138
429
150
509
137
426
148
509
137
426
149
509
139
426
149
510
139
427
150
515
139
432
152
513
142
430
152
510
143
427
153
510
143
427
155
510
143
427
156
509
141
427
153
509
141
426
153
509
141
425
153
508
143
425
154
508
143
425
153
510
141
427
153
510
141
428
153
510
141
426
153
512
140
429
150
511
141
427
153
511
141
428
154
511
141
428
153
512
141
428
153
509
143
427
155
509
143
425
154
509
143
426
153
509
143
427
156
513
140
430
152
508
142
425
152
508
142
425
154
508
142
425
153
514
140
430
152
514
140
431
152
519
147
436
157
514
142
432
153
514
142
431
152
530
35
449
54
530
35
447
53
533
30
448
47
533
30
449
48
533
30
450
48
533
30
451
49
532
54
449
70
532
61
449
77
530
53
448
70
531
52
448
70
531
52
449
70
531
53
449
70
533
61
451
78
531
63
448
80
526
62
445
78
533
64
450
81
530
63
448
80
531
70
448
87
529
63
447
79
530
79
447
95
533
79
450
94
533
79
449
93
533
79
449
94
531
96
448
110
545
33
458
50
538
32
451
49
538
32
452
49
538
32
454
51
534
31
451
49
543
34
457
52
538
29
447
46
540
33
454
51
543
35
456
52
544
32
458
50
539
33
453
50
546
33
459
50
541
34
454
51
541
34
456
52
540
30
454
47
542
34
456
52
544
53
458
69
541
58
456
74
542
58
456
74
539
57
454
73
544
59
458
75
537
56
452
72
543
52
457
68
534
64
451
81
542
68
457
84
540
64
455
80
538
64
455
80
543
66
458
81
543
66
459
82
541
65
457
81
538
63
453
79
537
63
453
79
544
69
458
85
544
69
459
85
538
74
453
89
539
74
454
89
539
74
453
89
535
62
452
79
535
62
451
78
539
67
455
83
535
65
452
82
535
65
451
81
541
68
457
84
542
65
458
81
542
65
457
81
543
69
458
85
543
69
457
84
536
66
452
82
545
70
459
85
537
66
453
82
546
70
461
83
546
70
461
86
539
64
455
80
544
66
459
82
544
76
458
91
543
76
457
91
546
77
460
92
542
85
457
100
535
80
451
95
536
83
452
98
538
81
454
96
541
75
455
90
541
85
456
100
541
82
456
97
546
87
460
101
542
93
455
106
543
93
457
107
539
99
455
113
540
99
455
113
542
100
457
114
541
119
457
132
546
120
461
133
541
145
457
155
545
162
460
172
545
165
459
173
545
165
461
176
545
165
461
175
546
165
461
175
546
165
460
172
546
165
462
175
533
162
449
170
539
162
455
171
546
164
460
172
546
164
462
175
544
165
459
173
549
35
462
52
550
46
463
62
556
56
469
72
551
53
464
69
550
52
463
68
549
55
463
72
547
71
461
86
547
70
461
83
547
70
461
86
548
71
463
84
548
71
462
87
551
72
465
85
551
72
465
88
547
87
461
102
551
165
465
173
551
165
465
174
551
165
466
174
548
164
463
173
552
164
467
173
552
164
467
174
554
164
468
173
548
165
463
173
552
165
467
175
552
165
466
174
552
163
466
172
552
163
467
173
547
164
460
172
550
164
465
173
550
164
465
174
553
164
467
173
553
164
468
174
549
165
463
173
561
61
473
77
564
63
475
78
560
83
472
113
578
153
488
163
