Test2120_rot.jpg
Test2121_rot.jpg
72
138
104
49
72
138
105
49
72
139
104
49
72
139
105
49
73
139
106
50
73
139
105
49
84
137
117
52
181
223
173
182
181
223
172
183
192
208
144
175
193
221
182
175
193
221
182
176
193
221
182
172
195
235
182
186
185
238
172
189
196
234
185
185
196
234
186
187
196
234
184
185
203
234
181
188
203
234
183
188
220
329
169
282
227
236
213
197
225
240
211
199
225
240
212
199
241
308
198
269
256
323
206
289
267
35
327
28
302
221
288
212
302
221
288
211
302
220
290
210
302
220
288
211
302
222
288
212
302
222
288
213
311
238
299
233
307
321
255
306
307
322
255
307
349
115
369
130
349
314
296
315
385
269
346
287
404
304
351
326
404
304
358
328
409
306
354
329
411
304
345
325
408
308
352
331
417
247
385
279
439
98
461
149
441
101
462
152
456
85
481
143
532
149
530
232
532
165
522
246
532
165
522
247
531
166
520
245
532
157
525
238
532
157
524
238
567
179
550
271
584
89
599
194
582
234
541
328
611
221
575
326
