Test300.jpg
Test310.jpg
88
122
34
117
91
117
40
113
113
150
60
147
125
156
72
152
153
163
97
159
159
166
107
163
159
166
108
163
191
150
146
147
192
151
148
148
192
151
147
148
190
150
146
147
192
150
146
147
191
151
147
148
195
151
148
148
195
151
150
148
195
151
146
147
194
152
148
148
194
152
149
149
194
152
147
148
194
152
147
149
195
153
149
149
195
153
146
149
195
153
147
149
208
152
161
149
208
152
163
149
208
152
164
149
208
152
160
149
208
152
159
149
208
152
162
149
198
152
151
149
198
152
148
148
198
152
155
149
198
152
150
148
198
152
152
148
208
151
164
148
208
151
160
148
200
151
157
148
199
149
153
146
201
152
155
149
201
152
157
149
201
152
159
149
200
150
153
146
200
150
154
147
200
150
155
147
198
151
152
148
201
149
153
146
207
151
160
148
196
152
151
149
196
152
148
148
196
152
149
149
196
152
147
148
196
152
150
148
196
151
150
148
196
151
152
148
196
151
146
147
203
152
155
149
203
152
157
149
203
152
160
149
203
152
159
149
203
152
162
150
199
150
153
146
199
150
154
147
199
150
155
147
205
152
161
149
205
152
160
149
205
152
159
149
205
152
162
150
196
153
149
149
196
153
146
149
196
153
147
149
206
154
160
151
202
153
160
151
202
153
158
150
202
153
159
150
204
156
158
153
204
156
157
153
207
153
162
150
207
153
158
150
207
153
159
150
207
154
160
151
203
153
160
151
203
153
159
151
203
153
159
150
201
155
158
152
202
156
158
153
202
156
157
153
197
153
151
149
197
153
149
149
205
156
158
153
199
153
149
149
197
155
152
152
202
159
156
156
202
159
155
156
202
159
157
156
198
155
152
151
198
155
152
152
198
155
153
152
204
159
157
156
204
159
159
157
198
153
151
149
198
153
149
149
202
155
158
152
202
155
158
153
206
153
162
150
206
153
158
150
206
153
159
150
207
155
158
152
207
172
161
170
215
141
168
138
211
151
164
148
220
142
176
140
221
150
180
147
214
152
164
149
214
152
169
149
214
152
170
149
219
152
173
149
219
152
176
149
219
152
172
149
209
151
164
148
209
151
160
148
219
151
173
149
211
152
163
149
211
152
164
149
211
152
162
149
211
152
167
150
215
152
169
149
215
152
170
149
216
152
171
150
216
152
172
149
220
152
170
149
220
152
173
149
220
152
176
149
220
152
172
149
214
155
166
152
214
155
167
152
214
155
169
153
221
157
174
153
216
158
171
156
214
153
166
150
214
153
164
149
214
153
164
150
214
153
165
150
214
153
167
150
214
153
168
150
215
156
169
153
218
158
171
156
215
153
166
150
215
153
168
150
215
153
171
150
233
139
184
136
233
139
186
136
233
139
190
136
233
137
185
134
233
137
186
135
233
137
188
134
233
137
187
134
233
137
187
135
232
137
188
134
232
137
190
134
234
137
185
134
234
137
186
135
234
137
188
134
234
137
187
134
231
138
186
135
231
138
190
135
231
138
184
136
231
138
187
135
234
139
184
136
234
139
186
136
234
139
190
136
230
146
182
143
226
151
181
149
226
151
181
148
232
151
181
148
231
145
182
143
227
151
181
149
227
151
181
148
234
141
188
139
234
141
190
138
223
152
173
149
223
152
176
149
223
152
179
149
223
152
181
149
229
146
182
143
229
151
179
149
229
151
181
149
229
151
181
148
228
145
182
143
232
147
181
144
224
152
176
149
224
152
179
149
224
152
181
149
226
152
181
149
226
152
181
148
226
152
181
150
228
152
176
149
228
152
179
149
228
152
181
149
228
152
181
148
228
152
181
150
223
151
181
148
225
151
181
148
234
155
192
153
234
155
193
152
227
159
179
156
227
159
180
156
227
159
181
156
227
159
182
156
227
159
181
157
227
159
182
157
227
159
183
156
229
159
180
156
229
159
181
156
229
159
182
156
229
159
181
157
229
159
182
157
229
159
183
156
230
161
182
158
230
161
183
159
234
157
193
154
234
157
190
154
232
155
188
152
232
155
193
152
228
159
180
156
228
159
181
156
228
159
182
156
228
159
181
157
228
159
182
157
228
159
183
156
226
153
179
149
226
153
181
149
226
153
181
150
227
160
180
156
227
160
181
156
227
160
181
157
227
160
182
157
227
160
180
158
227
160
181
158
227
160
182
158
227
160
183
156
228
160
181
156
228
160
181
157
228
160
182
157
228
160
180
158
228
160
181
158
228
160
182
158
228
160
183
156
234
154
188
152
229
158
181
156
229
158
182
156
229
158
183
156
243
138
197
136
243
138
198
135
244
139
199
136
244
139
198
137
237
139
190
136
242
138
196
136
239
139
192
137
239
139
190
137
239
139
191
137
239
139
193
137
242
139
197
136
242
139
196
137
235
138
186
135
235
138
186
136
235
138
187
135
236
138
186
135
236
138
188
135
236
138
186
136
236
138
187
135
241
139
194
137
247
136
201
134
237
137
188
134
246
139
200
137
246
139
201
136
246
139
199
137
236
154
188
152
236
154
193
152
235
156
193
154
235
156
192
153
238
154
195
152
238
154
193
152
239
154
195
152
239
154
193
152
242
154
195
152
242
154
193
152
242
154
196
152
242
154
198
152
243
154
195
152
243
154
196
152
243
154
198
152
237
155
195
152
237
155
192
153
237
155
193
152
243
155
198
152
243
155
197
153
243
155
199
153
247
155
200
153
247
155
201
153
247
155
201
152
247
155
198
152
247
155
202
153
247
155
199
153
236
156
193
154
236
156
192
153
237
156
193
154
237
156
190
154
237
156
192
153
239
156
193
154
239
156
192
153
245
156
200
153
245
156
201
153
245
156
198
154
245
156
199
153
240
175
195
173
240
175
192
173
240
175
193
173
239
174
193
172
241
175
195
173
241
175
192
173
241
175
193
173
241
176
196
174
245
172
199
170
240
174
193
172
259
136
213
133
255
137
209
135
257
138
210
136
258
139
210
136
258
139
211
137
258
139
210
137
248
138
202
136
255
138
209
135
251
139
205
136
251
139
204
137
251
139
205
137
250
139
203
137
250
139
205
136
250
139
204
137
249
137
201
136
250
138
202
137
251
138
205
136
259
135
213
133
248
139
202
137
248
139
200
138
252
139
204
137
252
139
205
137
259
139
211
137
259
139
210
137
259
139
213
137
250
154
201
152
251
155
201
153
251
155
202
153
251
155
206
153
248
155
200
153
248
155
201
153
248
155
201
152
248
155
202
153
248
155
199
153
253
155
206
153
253
154
206
152
253
154
207
152
249
155
200
153
249
155
201
153
249
155
201
152
249
155
202
153
252
155
206
153
254
155
208
153
254
155
206
152
254
155
206
153
249
156
203
154
249
156
200
153
249
156
201
153
249
156
202
153
249
156
206
153
252
154
206
152
256
172
208
170
256
172
210
169
256
175
211
173
256
175
212
172
258
175
211
173
260
170
210
169
260
170
215
168
257
176
215
173
258
172
210
169
258
172
216
169
255
175
211
173
250
176
203
174
250
176
204
174
259
173
215
170
259
173
210
171
259
173
209
171
259
173
211
171
260
173
215
170
260
173
210
171
260
173
211
171
257
172
210
169
260
174
213
172
260
174
215
171
260
174
214
172
263
139
217
137
262
135
217
132
262
135
216
133
270
137
221
135
263
136
216
134
263
136
217
134
263
136
216
133
261
136
216
133
261
138
216
135
271
137
221
135
261
137
216
134
271
154
226
152
271
154
226
153
271
154
227
152
271
154
222
152
268
154
222
152
272
155
226
152
272
155
226
154
272
155
226
153
272
155
227
152
272
155
222
152
272
154
226
152
272
154
226
153
272
154
227
152
272
154
222
152
267
155
218
154
271
155
226
152
271
155
226
154
271
155
226
153
271
155
227
152
271
155
222
152
272
153
226
152
272
153
227
152
272
153
222
152
262
164
213
162
261
172
215
170
263
173
218
171
263
173
219
171
265
172
215
170
264
175
215
173
283
154
234
153
283
154
235
153
283
154
237
152
279
156
234
153
279
156
235
153
284
152
237
152
285
154
241
152
285
154
237
152
285
154
242
152
279
155
231
152
279
155
232
152
279
155
234
153
279
155
233
152
279
155
235
153
283
152
233
152
283
152
237
152
286
154
242
153
286
154
241
152
286
154
242
152
281
152
231
152
281
152
232
152
281
152
233
152
281
152
230
152
284
153
234
153
284
153
235
153
284
153
237
152
286
155
242
153
286
155
241
152
286
155
242
152
275
154
231
152
275
154
226
152
275
154
232
152
275
154
226
153
275
154
227
152
275
154
230
152
279
152
231
152
279
152
232
152
279
152
233
152
279
152
230
152
279
153
231
152
279
153
232
152
279
153
233
152
279
153
230
152
286
165
242
163
280
153
231
152
280
153
232
152
280
153
234
153
280
153
233
152
280
153
230
152
284
154
235
153
284
154
241
152
284
154
237
152
281
153
231
152
281
153
232
152
281
153
234
153
281
153
233
152
281
153
230
152
281
153
235
153
281
153
237
152
276
155
231
152
276
155
232
152
276
155
226
153
276
155
227
152
276
155
233
152
276
155
230
152
278
155
231
152
278
155
232
152
278
155
234
153
278
155
233
152
278
155
230
152
278
155
235
153
283
153
234
153
283
153
235
153
283
153
237
152
284
155
235
153
284
155
241
152
284
155
237
152
285
155
242
153
285
155
241
152
285
155
242
152
286
152
237
152
276
156
226
154
285
153
241
152
285
153
237
152
276
153
231
152
276
153
226
152
276
153
232
152
276
153
227
152
276
153
230
152
280
154
231
152
280
154
232
152
280
154
234
153
280
154
233
152
280
154
230
152
280
154
235
153
280
154
237
152
276
154
231
152
276
154
226
152
276
154
232
152
276
154
226
153
276
154
227
152
276
154
233
152
276
154
230
152
282
154
234
153
282
154
235
153
282
154
237
152
282
169
238
166
282
169
239
167
284
168
238
166
284
168
240
167
297
152
254
152
288
154
242
153
288
154
241
152
288
154
245
152
288
154
242
152
288
154
244
152
293
153
246
152
293
153
245
152
293
153
244
152
287
153
241
152
287
153
242
152
293
155
245
155
293
155
246
152
293
155
247
153
293
155
246
155
293
155
247
155
293
155
249
154
293
155
249
152
293
155
248
155
293
155
248
154
293
155
252
153
293
155
250
152
293
155
250
153
299
153
257
153
299
153
256
153
299
153
254
152
296
156
249
154
296
156
253
153
296
156
253
154
296
156
249
152
296
156
248
155
296
156
248
154
296
156
251
152
296
156
251
154
296
156
252
156
296
156
252
153
296
156
250
152
296
156
250
153
290
154
242
153
290
154
246
152
290
154
245
152
290
154
242
152
290
154
244
152
292
153
246
152
292
153
245
152
292
153
244
152
289
155
242
153
289
155
246
152
289
155
245
152
289
155
242
152
289
155
244
152
292
155
245
155
292
155
246
152
292
155
245
152
292
155
247
153
292
155
246
155
292
155
249
154
292
155
249
152
292
155
248
154
292
155
250
152
292
155
250
153
299
155
256
154
299
155
253
153
299
155
252
152
299
155
254
152
299
155
253
154
299
155
256
155
299
155
251
152
299
155
254
154
299
155
252
153
299
155
250
152
299
155
255
154
287
156
242
153
290
156
245
155
290
156
245
152
290
156
247
153
290
156
246
155
290
156
244
152
292
154
246
152
292
154
245
152
292
154
247
153
292
154
244
152
292
154
249
152
297
156
249
154
297
156
253
153
297
156
252
152
297
156
253
154
297
156
251
152
297
156
251
154
297
156
255
156
297
156
254
154
297
156
252
153
297
156
250
152
297
156
250
153
299
156
256
154
299
156
253
153
299
156
252
152
299
156
253
154
299
156
256
155
299
156
251
152
299
156
255
156
299
156
254
154
299
156
252
153
299
156
250
152
299
156
255
154
297
157
252
157
297
157
249
154
297
157
253
154
297
157
251
154
297
157
252
156
297
157
255
156
297
157
252
153
297
157
250
153
291
157
245
155
291
157
247
153
291
157
246
155
291
157
247
155
291
157
245
156
291
157
249
154
291
157
248
155
291
157
248
154
296
154
253
153
296
154
252
152
296
154
253
154
296
154
249
152
296
154
251
152
296
154
254
154
296
154
252
153
296
154
250
152
296
154
250
153
297
154
256
154
297
154
253
153
297
154
252
152
297
154
254
152
297
154
253
154
297
154
249
152
297
154
251
152
297
154
254
154
297
154
252
153
297
154
250
152
297
154
255
154
293
157
245
155
293
157
247
153
293
157
246
155
293
157
247
155
293
157
245
156
293
157
249
154
293
157
248
155
293
157
248
154
293
157
251
154
296
158
252
157
296
158
251
154
296
158
252
156
294
153
246
152
294
153
249
152
294
153
250
152
295
155
247
153
295
155
249
154
295
155
253
153
295
155
253
154
295
155
249
152
295
155
248
154
295
155
251
152
295
155
251
154
295
155
252
153
295
155
250
152
295
155
250
153
296
153
252
152
296
153
254
152
296
153
251
152
296
153
250
152
298
157
253
153
298
157
253
154
298
157
256
157
298
157
251
154
298
157
252
156
298
157
255
156
298
157
254
154
298
157
252
153
288
156
242
153
288
156
244
152
288
152
241
152
292
156
245
155
292
156
247
153
292
156
246
155
292
156
247
155
292
156
245
156
292
156
249
154
292
156
248
155
292
156
248
154
292
156
250
153
289
154
242
153
289
154
241
152
289
154
246
152
289
154
245
152
289
154
242
152
289
154
244
152
289
153
242
153
289
153
241
152
289
153
245
152
289
153
242
152
289
153
244
152
298
156
253
153
298
156
252
152
298
156
253
154
298
156
251
152
298
156
251
154
298
156
255
156
298
156
254
154
298
156
252
153
298
156
250
152
298
156
250
153
298
156
255
154
291
154
246
152
291
154
245
152
291
154
244
152
290
157
245
155
290
157
246
155
290
157
247
155
290
157
245
156
290
153
242
153
290
153
241
152
290
153
245
152
290
153
242
152
290
153
244
152
325
177
284
176
350
150
301
147
350
150
311
150
350
150
308
150
350
150
300
147
341
150
300
150
341
150
299
148
341
150
300
149
347
152
301
151
347
152
306
152
347
152
304
151
347
152
304
152
347
152
303
151
347
152
305
151
347
152
300
149
347
152
303
152
347
152
307
152
343
147
301
147
343
147
300
146
339
148
299
148
341
148
299
148
341
148
300
147
344
148
301
147
344
148
300
146
344
148
300
147
348
150
301
147
348
150
308
150
348
150
300
147
348
152
306
152
348
152
304
151
348
152
304
152
348
152
303
151
348
152
305
151
348
152
306
151
348
152
300
149
348
152
307
152
345
150
299
148
345
150
300
149
351
150
301
147
351
150
311
150
351
150
308
150
344
147
300
146
340
148
299
148
345
148
301
147
345
148
300
146
345
148
300
147
342
151
301
151
342
151
300
150
342
151
300
151
340
149
299
148
343
150
299
148
343
150
300
149
349
150
301
147
349
150
308
150
349
150
309
151
349
150
300
147
339
169
300
168
339
172
298
170
347
172
306
171
347
172
304
171
340
168
299
168
340
168
300
168
343
171
298
170
343
168
304
168
343
168
302
168
343
168
300
168
345
169
304
168
345
169
302
168
345
169
300
168
348
174
304
172
348
174
307
172
348
174
305
172
348
174
305
173
350
174
304
172
350
174
307
172
350
174
305
172
350
174
305
173
343
170
302
168
343
170
300
168
339
171
298
170
342
171
298
170
350
171
309
170
341
169
300
168
350
172
306
171
350
172
304
171
350
172
307
171
351
172
306
171
351
172
309
170
351
172
310
170
351
172
304
171
351
172
307
171
339
168
299
168
353
150
311
150
354
150
311
150
360
150
320
148
355
151
311
150
355
151
308
150
353
152
309
152
353
152
311
150
353
152
308
150
353
152
309
151
353
152
312
151
355
152
311
150
355
152
308
150
353
178
309
176
395
142
349
141
397
141
354
139
399
140
354
139
399
140
353
139
403
140
358
139
403
140
359
139
398
172
351
172
398
172
351
171
398
172
353
171
395
174
349
174
395
174
349
173
395
174
347
174
393
175
348
175
392
172
342
172
392
172
344
172
395
171
347
171
397
174
349
174
397
174
352
173
397
174
353
173
400
172
351
172
400
172
351
171
400
172
353
171
400
172
357
170
400
172
353
172
400
171
351
171
400
171
354
170
400
171
352
170
400
171
353
171
398
173
351
172
398
173
353
172
402
175
355
174
402
175
358
174
397
176
353
175
395
172
347
171
395
172
351
171
400
177
355
176
400
177
356
176
394
174
349
173
394
174
347
174
396
172
351
171
396
174
349
174
396
174
349
173
396
174
352
173
398
174
352
173
398
174
353
173
401
174
353
173
402
174
356
173
402
174
355
173
402
174
357
173
402
174
358
173
398
171
351
171
398
171
354
170
398
171
352
170
395
175
348
175
395
175
349
175
400
173
352
173
400
173
353
173
400
173
353
172
401
173
353
173
401
173
353
172
402
173
355
173
402
176
355
175
402
176
357
175
402
176
358
175
396
171
352
170
402
177
355
176
402
177
356
176
405
170
363
169
405
170
357
170
408
173
360
172
408
173
359
172
408
173
361
172
408
172
360
171
408
172
363
171
405
176
357
175
405
176
359
175
405
176
358
175
407
176
359
175
407
172
360
171
407
172
363
171
409
171
363
170
405
175
358
174
405
175
359
174
409
172
363
171
407
175
359
174
410
171
363
170
404
173
360
172
404
173
357
172
404
173
357
173
404
173
356
172
404
173
359
172
404
173
361
172
405
173
360
172
405
173
357
172
405
173
357
173
405
173
358
173
405
173
356
172
405
173
359
172
405
173
361
172
406
173
360
172
406
173
357
172
406
173
358
173
406
173
359
172
406
173
361
172
404
172
357
172
404
172
360
171
404
172
356
172
409
173
361
172
405
177
359
176
405
174
359
173
405
174
360
173
405
174
357
173
405
174
358
173
419
150
373
149
424
150
373
149
419
149
373
148
419
149
373
149
424
149
373
148
520
154
471
154
520
154
470
155
519
155
471
154
519
155
470
155
518
157
474
152
518
157
471
154
518
157
472
154
516
162
470
159
516
154
467
154
516
154
468
153
516
156
468
155
516
156
469
154
519
157
474
152
519
157
471
154
519
157
472
154
517
155
469
154
517
153
467
154
544
156
495
154
543
154
495
151
548
147
499
145
548
148
499
145
548
148
498
147
546
149
497
147
546
149
499
145
547
145
497
142
547
145
497
143
547
152
497
152
548
154
499
153
548
153
497
153
549
153
499
153
569
71
515
77
561
74
509
79
559
72
508
76
560
69
509
75
569
70
515
77
562
68
510
74
561
73
509
79
562
99
514
98
562
99
512
95
562
99
512
98
562
99
513
98
562
99
513
100
562
99
511
103
562
99
511
102
562
99
511
104
559
95
510
92
559
95
510
95
559
95
510
94
559
95
508
95
559
95
511
91
561
100
511
103
561
100
511
102
561
100
511
104
562
100
514
100
562
100
513
98
562
100
510
100
562
100
513
100
562
100
511
103
562
100
511
102
562
100
511
104
562
100
510
101
563
99
514
98
563
99
512
98
563
99
514
100
563
99
513
98
563
99
513
100
563
99
511
103
563
99
511
102
563
99
511
104
559
89
508
92
559
97
509
100
559
97
510
100
560
98
511
95
560
98
510
100
560
98
510
101
560
93
511
95
560
93
510
95
560
93
510
94
559
94
510
92
559
94
510
95
559
94
510
94
559
94
508
95
559
94
511
91
560
94
511
95
560
94
510
95
560
94
510
94
564
97
514
98
564
97
514
100
585
28
530
33
585
28
530
34
585
28
532
33
