plant_1_candidate.jpg
plant_1_reference.jpg
571
187
572
100
562
212
562
126
560
216
561
129
584
29
353
330
584
29
353
332
584
29
352
331
584
29
352
332
584
29
353
331
580
32
349
333
580
32
350
332
581
30
351
331
581
30
350
333
581
30
349
333
581
30
350
332
581
30
351
332
585
29
353
332
585
29
354
330
585
29
353
331
583
30
351
331
583
30
351
332
583
30
353
332
583
30
352
332
580
31
348
334
580
31
348
333
582
31
350
333
582
30
351
331
582
30
350
333
582
30
350
332
582
30
351
332
582
30
352
331
582
30
352
332
584
30
353
332
584
30
352
332
585
30
353
332
585
30
354
331
585
30
355
331
579
31
347
334
581
31
349
332
581
31
349
333
581
31
350
332
581
31
351
332
573
186
574
99
586
29
354
331
586
29
355
331
598
227
597
138
598
230
598
141
598
232
598
143
598
231
598
142
587
246
589
157
594
250
594
160
589
247
591
158
593
249
593
159
594
264
593
174
601
235
600
145
599
231
599
142
600
234
600
145
601
234
601
145
601
234
600
144
602
234
602
145
602
234
601
144
600
233
600
144
