Test1500.jpg
Test1503.jpg
573
211
581
309
562
187
579
283
562
187
578
283
562
187
581
281
562
187
580
281
351
301
337
313
264
158
305
149
264
158
305
150
264
158
303
148
264
158
304
149
264
158
303
149
419
221
429
262
363
223
374
244
363
223
375
244
352
281
343
295
352
281
342
297
352
281
343
297
352
281
344
296
354
215
368
233
343
281
335
292
562
190
580
285
562
190
579
283
562
190
578
286
562
190
581
285
562
190
578
285
562
190
579
285
403
221
414
257
403
221
413
256
82
207
121
133
386
215
399
245
386
215
400
245
386
215
397
244
260
162
298
151
260
162
300
151
260
162
298
150
327
227
338
235
351
215
365
232
351
215
367
233
351
215
366
232
566
192
582
288
566
192
583
288
566
192
581
287
566
192
581
288
566
192
584
289
566
192
582
287
566
192
584
287
566
192
583
289
263
156
303
148
268
158
306
150
268
158
308
150
78
208
118
132
78
208
118
133
78
208
117
132
312
319
293
316
565
193
582
288
565
193
581
287
565
193
581
288
565
193
582
287
565
193
583
289
382
218
395
246
382
218
394
246
351
212
365
228
351
212
366
229
356
284
347
299
567
193
582
288
567
193
583
288
567
193
584
289
567
193
582
287
567
193
583
289
568
187
585
283
568
187
585
284
563
191
580
285
563
191
581
287
563
191
580
287
563
191
581
285
563
191
582
287
563
191
579
287
563
191
580
286
401
220
412
256
401
220
413
256
362
217
375
238
362
217
376
238
334
227
344
238
317
308
301
307
317
308
300
306
317
308
303
308
563
193
580
287
563
193
579
287
563
193
580
286
290
235
301
230
273
138
319
134
273
138
319
133
49
211
91
125
356
282
346
298
356
282
348
297
356
282
347
297
504
237
506
308
373
282
365
303
373
282
364
303
130
188
171
132
378
217
391
244
378
217
392
244
364
233
371
254
353
215
367
233
353
215
367
232
353
215
368
233
353
215
366
232
376
217
391
244
376
217
388
243
130
190
169
135
130
190
169
133
288
236
300
228
288
236
299
230
288
236
300
229
354
284
345
299
392
218
403
249
358
225
369
244
362
291
350
308
365
222
377
244
365
222
378
244
333
227
343
237
367
221
378
244
568
188
585
283
568
188
585
284
353
216
367
233
426
224
435
269
394
233
402
264
337
312
319
319
337
312
320
318
351
282
343
295
351
282
342
297
392
217
403
249
353
287
342
301
247
138
294
125
353
218
367
235
353
218
367
236
504
236
506
308
410
210
423
247
338
310
320
318
380
215
394
243
380
215
396
244
380
215
394
242
388
234
395
263
386
216
399
245
386
216
400
245
386
216
398
245
566
220
572
316
566
220
572
315
274
152
317
148
355
284
345
299
355
284
344
300
422
223
431
266
422
223
432
266
364
289
352
307
359
217
372
236
359
217
373
237
397
233
404
266
352
287
342
301
382
214
400
243
382
214
394
242
381
214
394
242
386
217
399
246
386
217
398
246
402
222
414
257
402
222
413
256
400
233
406
267
260
295
252
275
260
295
253
275
260
295
254
274
260
295
254
275
242
307
230
279
242
307
230
280
370
233
379
256
370
233
376
256
417
219
429
258
268
283
264
266
268
283
263
266
371
232
380
256
371
232
379
255
371
232
380
255
371
232
379
256
380
214
394
242
80
206
120
132
80
206
119
132
80
206
119
131
262
154
303
144
391
218
402
249
391
218
403
249
353
217
367
235
353
217
368
235
257
294
252
273
264
153
305
145
269
157
308
150
269
157
309
151
313
307
299
305
386
271
378
298
386
271
379
298
386
271
377
298
569
193
584
289
569
193
585
288
564
190
580
285
564
190
581
287
564
190
581
285
564
190
582
287
564
190
580
286
245
296
240
270
261
158
301
148
415
232
421
272
415
232
421
271
415
232
422
272
353
286
342
301
366
227
375
249
275
129
324
125
275
129
324
126
275
129
325
125
261
162
300
150
261
162
298
151
261
162
300
151
273
152
316
147
273
152
314
147
355
285
344
300
275
130
324
126
567
192
582
288
567
192
583
288
567
192
584
289
567
192
585
288
567
192
582
287
567
192
584
287
567
192
583
289
271
153
314
148
251
110
307
102
251
110
308
100
568
193
583
288
568
193
584
289
568
193
583
289
258
293
252
273
406
219
418
256
406
219
417
256
339
277
333
286
403
208
417
244
566
221
572
316
274
133
322
129
274
133
321
129
383
214
400
243
272
156
313
151
392
231
401
263
263
157
303
148
263
157
304
149
263
157
303
149
380
276
373
300
265
287
262
269
351
283
342
297
351
283
343
297
385
218
400
247
263
295
253
275
263
295
257
276
263
295
255
276
263
295
254
275
263
295
255
275
80
208
119
132
360
215
373
234
360
215
375
236
543
195
557
282
421
223
431
266
382
274
375
299
382
274
374
299
382
274
373
300
382
274
373
299
410
217
422
256
564
192
582
288
564
192
583
288
564
192
581
287
564
192
580
287
564
192
581
288
564
192
582
287
564
192
580
286
80
210
118
136
565
192
582
288
565
192
583
288
565
192
581
287
565
192
580
287
565
192
581
288
565
192
582
287
565
192
583
289
271
158
309
152
271
158
310
152
271
158
309
151
268
156
307
148
388
216
399
246
389
221
401
252
354
281
346
296
354
281
345
296
371
233
380
256
371
233
379
256
385
213
400
243
47
210
90
124
47
210
91
125
369
220
381
244
389
216
401
247
352
282
342
297
352
282
343
297
352
282
344
296
380
232
388
258
380
232
387
258
273
140
318
135
91
214
128
143
273
284
271
270
352
284
343
297
352
284
343
298
413
232
419
271
383
218
398
246
383
218
395
246
383
218
394
246
351
300
337
312
351
300
337
313
420
220
430
262
81
206
121
133
81
206
121
132
82
206
122
132
82
206
122
133
266
157
306
150
266
157
306
148
266
157
305
149
266
157
305
150
266
157
305
148
424
222
434
267
314
307
299
305
314
307
300
306
378
216
394
243
378
216
392
243
247
139
294
126
436
176
459
225
269
283
263
266
277
152
319
149
277
152
317
148
277
152
319
148
80
207
119
132
80
207
119
131
287
236
300
228
272
155
313
151
272
155
311
149
272
155
312
149
351
214
367
232
351
214
365
230
390
216
401
247
376
222
387
248
564
191
583
288
564
191
581
287
564
191
580
287
564
191
581
288
564
191
581
285
564
191
582
287
564
191
579
287
564
191
580
286
48
210
90
124
48
210
91
125
355
225
366
243
419
219
429
261
389
229
397
259
379
217
391
244
379
217
393
245
379
217
392
244
375
232
385
257
318
308
300
306
318
308
303
308
266
154
307
148
266
154
307
146
80
209
118
134
80
209
118
133
265
295
257
276
265
295
255
276
272
152
314
148
272
152
316
147
272
152
313
146
272
152
314
147
368
220
381
244
561
189
579
283
561
189
578
283
561
189
578
285
561
189
577
283
398
231
406
266
398
231
405
264
398
231
405
265
354
216
367
233
354
216
368
233
565
221
571
316
383
231
388
258
383
231
389
258
407
211
420
248
289
234
300
228
266
286
262
269
384
217
399
246
384
217
398
246
384
217
398
245
389
233
398
264
389
233
397
263
402
220
412
256
402
220
413
256
274
134
321
130
388
215
399
245
388
215
400
245
382
215
394
243
382
215
396
244
382
215
397
244
312
307
299
305
273
142
317
137
355
283
346
298
372
231
379
255
372
231
380
255
372
235
378
259
385
216
399
245
385
216
400
245
385
216
398
245
273
156
313
151
416
231
423
271
384
231
389
258
81
208
120
134
561
192
578
286
561
192
579
285
408
212
420
248
377
215
394
243
377
215
390
241
377
215
391
242
81
209
120
134
276
152
317
148
276
152
319
148
274
284
270
270
274
284
271
270
388
233
397
263
261
295
252
275
261
295
253
275
261
295
254
275
261
295
255
275
47
212
91
125
130
187
171
132
425
223
434
267
425
223
435
268
364
217
377
238
364
216
377
238
406
221
416
258
409
219
422
256
396
233
404
266
396
233
402
264
328
227
338
235
415
231
421
271
415
231
422
272
415
231
420
270
272
284
271
270
565
191
582
288
565
191
583
288
565
191
581
287
565
191
580
287
565
191
581
288
565
191
581
285
565
191
582
287
565
191
584
287
565
191
580
286
396
231
404
264
396
231
405
264
396
231
405
265
351
221
364
238
356
212
371
231
356
212
372
232
561
191
580
285
561
191
578
286
561
191
578
285
561
191
579
285
569
194
584
289
569
194
583
289
362
280
354
297
338
229
349
242
338
229
348
242
45
209
90
124
273
153
314
148
560
191
578
283
560
191
578
285
560
191
577
283
353
282
343
297
353
282
344
296
353
282
345
296
353
282
343
298
261
293
252
273
246
138
294
125
276
127
326
124
276
127
327
125
560
189
579
283
560
189
578
283
560
189
577
283
269
285
270
270
344
307
327
317
387
270
379
297
387
270
380
297
339
282
331
291
361
217
374
238
361
217
375
238
79
206
119
132
79
206
118
132
79
206
118
133
79
206
119
131
265
158
306
150
265
158
305
149
265
158
305
150
265
158
303
148
265
158
304
149
265
158
305
148
265
158
303
149
383
217
399
246
383
217
398
245
383
217
395
246
387
216
399
246
319
308
303
308
387
215
399
245
387
215
400
245
383
215
396
244
383
215
397
244
383
274
373
300
270
159
309
152
270
159
310
152
260
294
254
274
260
294
252
273
279
285
273
272
354
217
368
235
359
215
373
234
79
208
118
134
79
208
118
132
79
208
118
133
79
208
117
132
563
192
580
285
563
192
581
287
563
192
580
287
563
192
581
288
563
192
581
285
563
192
582
287
563
192
579
287
563
192
580
286
559
190
578
283
559
190
577
283
331
227
341
237
331
227
342
237
411
218
422
256
