Test48_rot.png
Test49_rot.png
371
59
338
54
371
59
345
52
371
59
339
54
371
59
341
53
371
59
342
53
371
59
344
52
367
59
338
54
367
59
339
54
367
59
341
53
372
59
338
54
372
59
345
52
372
59
339
54
372
59
351
50
372
59
341
53
372
59
342
53
372
59
344
52
374
59
345
52
374
59
351
50
374
59
341
53
374
59
342
53
374
59
344
52
374
59
354
49
374
59
352
50
379
59
351
50
379
59
358
48
379
59
355
49
379
59
354
49
379
59
352
50
390
58
363
46
390
58
359
47
390
58
364
46
390
58
360
47
390
58
394
36
381
59
351
50
381
59
349
51
381
59
358
48
381
59
355
49
381
59
354
49
381
59
352
50
384
64
356
54
384
64
359
53
399
58
376
42
399
58
373
43
403
58
373
43
391
58
363
46
391
58
364
46
391
58
360
47
400
58
376
42
400
58
373
43
402
238
425
233
400
239
425
233
400
238
425
233
396
253
425
249
412
64
380
47
412
64
381
47
411
63
381
46
416
148
418
135
416
147
418
135
416
147
417
134
416
150
418
138
411
167
417
158
413
260
441
250
405
267
437
260
414
261
441
250
421
166
427
158
424
165
429
158
423
168
429
158
423
168
429
159
429
168
434
155
429
166
433
152
429
166
434
154
429
166
434
155
428
166
434
154
428
166
434
155
438
58
408
33
438
58
407
33
459
148
432
139
459
148
433
139
459
149
432
139
457
169
461
150
455
169
459
147
457
171
462
149
457
171
461
150
480
61
430
29
478
61
430
29
481
61
430
29
470
172
477
149
481
235
507
207
481
238
508
211
481
242
510
215
481
242
509
215
482
237
509
209
483
237
509
209
483
237
509
208
483
237
508
207
483
237
511
210
482
241
508
212
482
241
510
213
482
241
509
212
482
242
510
214
481
243
510
215
481
243
510
216
481
243
509
215
490
250
521
219
481
244
510
216
481
244
511
217
481
246
509
217
503
269
537
231
