paris_invalides_000662_pt_5.png
paris_invalides_000663.jpg
297
200
301
184
297
200
298
181
297
200
302
184
302
209
306
193
302
209
306
194
311
222
314
209
311
222
315
212
311
222
315
211
311
222
314
210
311
222
317
214
311
222
313
208
311
222
316
212
311
222
310
203
311
222
314
208
290
198
292
181
310
211
314
198
310
211
313
196
310
211
314
197
309
216
311
199
309
216
310
200
309
216
311
202
309
216
311
201
309
216
311
200
309
216
310
198
318
235
322
223
318
235
321
223
290
204
291
185
293
190
290
169
312
223
314
209
312
223
320
217
312
223
317
212
312
223
315
211
312
223
316
211
312
223
316
212
312
223
314
208
305
225
304
204
301
219
300
197
301
219
297
195
301
219
298
195
217
210
180
186
309
212
313
200
309
212
313
198
309
212
314
201
309
212
312
198
309
229
313
217
315
229
320
218
315
229
320
217
315
229
321
219
315
229
321
220
296
197
301
180
296
197
297
178
296
197
298
178
296
197
299
180
296
197
301
181
296
197
299
179
295
197
297
178
295
197
297
179
295
197
299
180
291
208
293
191
203
224
163
211
203
224
165
208
203
224
163
210
203
224
167
205
307
225
306
205
307
225
310
212
295
194
299
178
295
194
294
174
295
194
259
106
295
194
258
105
312
218
318
211
312
218
316
205
312
218
315
206
312
218
313
201
312
218
314
202
312
218
316
206
312
218
314
203
312
218
315
205
295
213
294
193
198
232
162
213
198
232
163
212
295
204
297
187
295
204
296
185
295
204
296
186
199
227
165
205
197
232
163
210
305
210
304
190
305
210
308
194
305
210
309
195
305
210
308
195
315
228
320
218
315
228
320
217
315
228
321
219
315
228
320
216
298
194
259
103
315
226
320
215
315
226
317
212
315
226
315
207
315
226
320
216
315
226
317
211
315
226
315
208
314
235
318
224
314
235
319
225
309
217
311
199
309
217
310
200
309
217
311
202
309
217
311
201
309
217
311
200
309
217
314
208
308
208
313
196
308
208
311
192
308
208
311
193
308
208
314
197
308
208
307
189
308
208
304
186
305
213
306
195
305
213
307
196
305
213
306
194
294
205
296
188
294
205
296
187
294
205
297
188
199
228
164
208
199
228
165
206
199
228
163
210
301
203
301
184
301
203
302
184
301
203
304
186
250
216
208
191
306
226
311
216
306
226
304
204
307
204
306
185
307
204
305
184
217
212
178
190
213
211
178
186
284
211
285
193
305
211
308
194
305
211
308
195
196
228
160
209
196
228
159
211
314
230
321
220
302
220
300
197
315
231
321
220
305
222
305
204
305
222
306
205
308
219
312
209
308
219
310
204
308
219
310
205
308
219
314
211
308
219
313
210
308
219
310
203
216
213
178
190
317
226
320
212
317
226
320
213
308
211
312
198
308
211
310
194
318
232
321
219
318
232
321
220
311
217
311
199
311
217
313
200
311
217
315
206
311
217
313
201
311
217
314
202
311
217
314
203
311
217
315
205
312
222
311
202
312
222
317
212
312
222
316
211
312
222
315
207
312
222
320
216
312
222
317
211
312
222
315
208
312
222
314
208
312
226
310
204
312
226
317
215
312
226
316
215
312
226
313
210
315
224
318
211
315
224
315
206
315
224
315
207
315
224
320
213
315
224
315
205
290
203
291
185
293
200
293
180
304
214
307
199
304
214
303
195
298
197
301
180
298
197
299
178
298
197
299
179
309
226
315
217
305
217
308
203
305
217
308
202
305
217
307
199
305
217
308
201
302
207
304
190
302
207
301
186
302
207
302
187
308
210
310
193
308
210
313
198
308
210
310
194
308
210
307
191
308
210
306
190
196
229
162
208
196
229
159
211
196
229
159
212
196
229
161
209
252
216
208
191
302
201
301
180
302
201
301
181
302
201
304
183
302
201
306
185
302
201
305
184
292
190
289
169
313
227
317
215
318
228
320
213
312
219
320
215
312
219
315
206
312
219
315
207
312
219
316
206
312
219
314
203
312
219
315
205
302
218
300
197
302
218
298
195
302
218
300
196
305
214
307
197
305
214
306
195
305
214
307
196
302
203
302
184
302
203
305
185
302
203
304
186
278
220
281
203
311
229
315
217
315
222
316
205
315
222
320
212
315
222
320
213
315
222
316
206
315
222
315
205
305
216
308
200
305
216
308
202
305
216
307
199
305
216
308
201
219
199
226
104
308
206
306
185
308
206
305
185
308
206
305
184
306
203
306
185
311
225
315
214
311
225
313
211
311
225
312
209
311
225
310
204
311
225
310
205
311
225
316
215
311
225
313
210
308
207
311
192
308
207
305
185
215
209
180
183
314
222
318
211
314
222
315
206
314
222
320
213
314
222
316
206
314
222
315
205
318
226
320
212
252
215
208
191
252
215
207
191
317
225
320
212
310
213
313
200
310
213
313
198
310
213
314
201
310
213
312
198
316
229
320
218
316
229
320
217
316
229
321
219
316
229
320
216
316
222
316
205
293
204
296
188
293
204
296
187
293
204
293
184
305
215
308
200
305
215
307
197
309
209
313
196
309
209
311
192
309
209
313
194
309
209
311
193
309
209
314
197
309
209
307
189
315
230
320
218
315
230
321
219
315
230
321
220
311
215
313
200
311
215
316
205
311
215
313
201
311
215
314
201
311
215
314
202
311
215
312
198
311
215
316
206
311
215
314
203
308
212
309
195
308
212
313
201
308
212
312
198
272
215
209
191
272
215
208
191
272
215
207
191
304
211
306
193
304
211
306
195
304
211
306
194
313
226
320
218
313
226
315
212
313
226
314
210
313
226
317
214
313
226
313
208
313
226
317
215
305
207
307
190
305
207
307
189
305
207
304
186
295
203
296
185
295
203
298
186
303
208
304
190
303
208
302
187
214
212
180
186
300
215
300
197
300
215
298
195
300
215
300
196
220
198
226
104
220
198
227
103
294
202
296
185
294
202
298
186
310
215
313
200
310
215
315
206
310
215
313
201
310
215
314
202
310
215
312
198
310
215
314
203
310
215
315
205
310
215
311
198
195
229
159
210
195
229
160
209
195
229
159
211
298
203
301
186
298
203
302
187
298
203
299
184
215
213
178
190
317
229
320
216
301
210
301
192
200
225
165
205
200
225
159
212
200
225
162
209
218
209
182
184
307
207
311
192
307
207
311
193
307
207
307
189
307
207
304
186
291
201
292
182
291
201
293
182
291
201
294
184
291
201
294
183
291
201
293
184
303
225
301
202
308
213
311
199
308
213
309
195
308
213
311
198
197
228
162
208
197
228
159
212
194
231
159
211
292
205
294
187
292
205
296
190
292
205
295
189
313
231
319
222
311
214
314
198
311
214
313
200
311
214
316
205
311
214
313
198
311
214
314
201
311
214
312
198
315
223
318
211
315
223
315
206
315
223
320
212
315
223
320
213
315
223
316
206
315
223
315
205
312
220
320
215
312
220
315
206
312
220
315
207
312
220
311
201
312
220
317
211
312
220
314
203
312
220
315
205
312
220
315
208
307
221
308
203
307
221
311
210
292
189
290
170
296
200
298
181
296
200
298
182
296
200
296
180
305
209
308
194
305
209
302
187
305
209
309
194
305
209
307
191
305
209
306
190
303
212
307
197
303
212
301
192
293
189
290
169
308
220
308
203
308
220
313
211
308
220
312
209
308
220
311
208
308
220
308
202
308
220
310
204
308
220
312
210
308
220
310
205
308
220
308
201
308
220
310
203
214
214
178
190
311
218
315
206
311
218
313
201
311
218
315
207
311
218
311
201
311
218
317
211
311
218
314
203
311
218
315
205
311
218
311
200
311
218
315
208
301
202
305
185
318
234
322
223
297
199
297
179
297
199
299
180
297
199
301
181
198
231
163
211
198
231
162
213
306
221
308
207
306
221
305
200
315
221
316
205
315
221
320
212
315
221
316
206
317
228
320
215
216
208
180
183
309
208
311
192
309
208
313
194
309
208
313
193
311
227
316
217
311
227
314
214
312
224
314
209
312
224
315
211
312
224
316
211
312
224
314
210
312
224
317
214
312
224
313
208
312
224
316
212
312
224
314
208
302
206
301
186
302
206
302
187
302
206
306
190
313
234
318
224
313
234
319
225
293
206
294
187
293
206
296
190
293
206
295
189
293
206
296
189
301
211
298
189
301
211
301
192
302
202
301
181
302
202
304
183
302
202
305
185
302
202
305
184
292
196
296
180
311
216
313
200
311
216
313
201
311
216
314
201
311
216
314
202
311
216
316
206
311
216
314
203
311
216
315
205
291
200
293
182
291
200
294
184
291
200
292
181
291
200
294
183
309
218
310
200
309
218
314
209
309
218
311
202
309
218
315
211
309
218
314
210
309
218
313
208
309
218
311
201
309
218
309
200
309
218
310
203
309
218
314
208
318
229
320
215
317
227
318
211
317
227
320
213
293
192
291
172
