Test123_rot.jpg
Test127_rot.jpg
276
162
286
145
152
122
191
55
152
122
191
56
152
122
190
58
472
59
508
134
472
59
507
134
450
42
495
107
450
42
494
108
450
42
495
108
450
42
493
107
450
42
494
107
429
206
406
249
429
206
407
252
429
206
406
252
381
77
416
112
381
77
417
111
309
87
338
90
309
87
337
89
309
87
338
89
335
103
364
116
455
150
454
211
455
150
455
211
333
113
357
123
333
113
360
125
333
113
359
124
333
113
357
124
333
113
358
124
423
281
370
314
423
281
369
313
423
281
369
315
423
281
371
311
423
281
372
310
423
281
370
312
423
281
371
312
432
208
408
253
432
208
409
253
432
208
407
252
432
208
408
249
285
165
294
150
285
165
293
152
285
165
293
151
285
165
294
151
377
186
367
210
377
186
368
210
377
186
367
211
145
96
196
30
145
96
195
31
454
156
451
215
454
156
451
216
302
87
337
87
302
87
338
88
302
87
336
87
275
158
288
142
275
158
287
141
275
158
288
140
333
133
349
141
382
191
370
215
382
191
369
215
382
191
369
217
410
188
395
223
410
188
393
223
410
188
396
224
410
188
397
226
410
188
398
226
410
188
394
223
410
188
396
225
410
188
396
226
244
280
208
239
244
280
207
240
244
280
207
238
244
280
207
241
244
280
207
239
244
280
206
240
427
184
414
228
154
113
194
51
154
113
194
53
154
113
193
53
154
113
193
51
154
113
192
53
489
123
495
198
489
123
495
199
292
159
302
150
292
159
302
148
292
159
298
149
292
159
301
149
292
159
303
150
292
159
303
148
292
159
302
151
292
159
303
149
292
159
299
149
292
159
300
150
292
159
299
150
306
127
328
126
306
127
327
127
306
127
330
128
306
127
329
127
306
127
329
126
306
127
326
126
442
67
477
129
359
217
338
229
149
99
200
32
293
87
337
87
293
87
333
87
293
87
338
88
293
87
336
87
293
87
332
87
460
151
456
212
460
151
457
213
460
151
458
213
460
151
457
212
460
151
459
213
452
46
495
112
452
46
494
113
452
46
495
113
452
46
494
115
452
46
495
115
452
46
493
113
452
46
494
112
452
46
496
113
452
46
496
112
452
46
494
114
328
104
348
110
328
104
354
112
328
104
356
114
328
104
358
114
328
104
351
111
328
104
354
113
328
104
352
112
328
104
347
110
328
104
357
113
328
104
353
113
328
104
356
112
328
104
353
112
328
104
350
111
328
104
351
112
421
282
369
313
421
282
370
312
421
282
365
315
496
168
484
244
306
128
328
126
306
128
327
127
306
128
330
128
306
128
325
126
306
128
331
129
306
128
329
128
306
128
329
127
306
128
326
126
420
277
370
308
394
73
431
113
394
73
431
114
394
73
430
114
416
280
364
310
379
191
368
215
379
191
367
217
382
76
417
111
295
87
337
87
295
87
339
85
295
87
340
87
295
87
338
85
295
87
340
86
295
87
338
88
295
87
336
87
295
87
339
86
418
298
360
324
244
252
218
212
244
252
219
215
244
252
217
210
145
98
194
32
145
98
195
31
145
98
195
32
320
104
349
109
320
104
347
109
320
104
348
110
320
104
354
112
320
104
345
109
320
104
351
111
320
104
352
112
320
104
352
110
320
104
347
110
320
104
346
109
320
104
349
110
320
104
353
112
320
104
350
111
302
140
318
135
302
140
319
136
302
140
318
136
302
140
317
135
302
140
320
136
302
140
320
137
291
159
298
148
291
159
302
150
291
159
302
148
291
159
298
149
291
159
301
149
291
159
297
149
291
159
303
148
291
159
297
148
291
159
299
149
291
159
302
147
291
159
300
150
291
159
299
150
501
119
507
200
256
243
233
208
256
243
232
210
256
243
232
211
256
243
233
209
422
275
371
308
422
275
370
308
514
123
519
211
514
123
516
210
151
96
202
31
151
96
201
32
151
96
200
34
151
96
200
32
195
133
224
82
195
133
226
84
195
133
224
83
195
133
225
85
334
106
360
116
467
57
502
131
467
57
503
130
256
254
228
222
403
35
455
83
403
35
455
82
410
189
393
226
410
189
395
226
410
189
393
223
410
189
396
224
410
189
397
226
410
189
394
223
410
189
396
225
410
189
396
227
410
189
396
226
260
298
213
262
286
163
295
149
286
163
294
150
286
163
293
152
286
163
293
151
286
163
294
151
395
231
364
257
386
188
374
216
386
188
375
214
386
188
376
213
152
94
202
31
152
94
201
32
152
94
202
30
275
164
286
145
334
133
350
142
334
113
360
126
334
113
360
125
334
113
359
124
334
113
358
124
244
249
220
213
244
249
219
207
154
112
194
51
154
112
193
51
242
256
215
215
242
256
214
216
242
256
215
216
242
256
216
214
242
256
214
217
242
256
215
214
450
143
452
201
450
143
451
202
450
143
451
201
507
135
507
216
507
135
508
218
507
135
507
217
507
135
507
218
419
282
366
314
419
282
365
315
259
250
233
219
245
256
218
217
245
256
218
216
245
256
217
213
245
256
217
217
242
251
217
209
242
251
218
212
242
251
216
212
242
251
218
216
242
251
217
210
242
251
217
213
242
251
216
211
242
251
218
214
471
60
507
134
471
60
504
134
471
60
503
135
458
61
493
129
458
61
492
131
458
61
494
130
458
61
493
130
454
150
454
211
283
152
297
139
393
233
364
257
309
86
337
87
309
86
338
88
309
86
336
87
324
103
349
109
324
103
348
110
324
103
354
112
324
103
351
111
324
103
352
110
324
103
349
110
324
103
356
112
324
103
353
112
324
103
350
111
235
252
210
210
235
252
211
209
455
159
450
217
457
48
497
117
457
48
498
118
457
48
498
117
457
48
498
116
457
48
496
115
457
48
499
116
457
48
497
116
457
48
496
118
457
48
496
119
452
45
495
112
452
45
494
113
452
45
495
113
452
45
494
115
452
45
495
115
452
45
493
113
452
45
494
112
452
45
496
113
452
45
496
112
452
45
494
114
470
56
507
130
470
56
505
132
470
56
506
130
470
56
505
131
287
195
282
178
287
195
283
178
374
135
387
161
374
135
387
160
374
135
386
160
286
194
282
178
286
194
281
178
475
118
485
192
475
118
484
193
475
118
485
189
475
118
485
191
471
59
504
134
316
77
360
84
331
101
361
112
481
167
467
235
481
167
468
235
334
130
351
140
274
156
287
139
274
156
288
142
274
156
287
141
274
156
286
142
274
156
289
139
274
156
288
140
309
84
344
87
309
84
343
86
309
84
340
87
309
84
338
85
309
84
340
86
309
84
343
85
309
84
343
87
309
84
339
86
152
91
201
30
152
91
202
30
402
64
442
108
402
64
441
111
402
64
442
107
402
64
442
109
402
64
441
112
490
121
496
198
287
193
282
178
287
193
283
178
310
82
343
84
310
82
344
85
310
82
342
84
310
82
343
85
144
96
196
30
327
104
348
110
327
104
354
112
327
104
356
114
327
104
351
111
327
104
354
113
327
104
352
112
327
104
347
110
327
104
357
113
327
104
349
110
327
104
353
113
327
104
356
112
327
104
353
112
327
104
350
111
327
104
351
112
254
246
230
215
254
246
232
210
254
246
231
211
254
246
231
212
254
246
230
210
151
95
202
31
151
95
201
32
151
95
202
30
151
95
200
32
311
87
337
89
276
160
288
142
276
160
289
144
276
160
286
142
401
62
442
107
401
62
441
107
158
93
208
33
303
85
344
87
303
85
344
85
303
85
341
85
303
85
343
86
303
85
339
85
303
85
340
87
303
85
338
85
303
85
340
86
303
85
343
85
303
85
343
87
303
85
340
85
303
85
339
86
303
85
338
84
360
205
345
217
360
205
345
214
301
87
337
87
301
87
340
87
301
87
338
88
301
87
336
87
307
128
328
126
307
128
327
127
307
128
330
128
307
128
325
126
307
128
331
129
307
128
329
128
307
128
329
127
307
128
326
126
307
128
332
129
503
120
509
201
503
120
509
202
453
37
500
107
453
37
499
108
453
37
501
107
453
37
501
106
453
37
500
108
496
175
480
249
482
114
493
188
511
125
516
210
321
101
352
108
431
216
403
258
431
216
402
258
431
216
404
258
431
216
404
257
431
216
402
260
431
216
403
256
310
70
356
76
380
76
416
112
380
76
417
111
256
262
225
228
256
262
226
228
192
132
222
82
469
56
507
129
422
281
369
313
422
281
370
312
153
115
194
51
153
115
193
53
153
115
192
54
153
115
193
51
153
115
192
53
420
282
369
313
420
282
366
314
420
282
365
315
449
140
452
197
449
140
451
200
317
104
344
109
317
104
349
109
317
104
345
108
317
104
347
109
317
104
348
110
317
104
354
112
317
104
346
108
317
104
345
109
317
104
344
108
317
104
343
108
317
104
347
110
317
104
346
109
317
104
349
110
194
135
225
85
153
150
180
85
153
150
179
85
381
78
416
112
257
259
227
225
382
190
370
215
360
204
345
217
360
204
345
214
424
185
411
229
424
185
410
228
151
151
177
83
151
151
177
84
423
278
369
313
423
278
371
311
423
278
370
312
308
129
330
128
308
129
331
129
308
129
329
128
252
256
225
220
422
282
369
313
422
282
371
311
422
282
370
312
417
191
402
228
417
191
401
230
417
191
401
229
417
191
397
226
417
191
398
226
417
191
396
227
417
191
396
226
250
243
229
208
250
243
228
206
250
243
229
207
250
243
229
206
250
243
227
207
250
243
228
205
446
47
488
112
299
265
264
248
299
265
265
249
299
265
264
249
299
265
264
247
399
35
454
82
421
186
408
230
421
186
408
228
334
102
364
116
507
119
514
202
507
119
514
203
246
243
225
208
246
243
224
204
246
243
223
204
190
128
221
78
313
103
345
108
313
103
344
108
313
103
346
107
417
189
402
228
417
189
396
224
417
189
398
226
481
118
490
192
481
118
490
191
188
129
221
78
300
83
343
84
300
83
344
85
300
83
342
84
300
83
343
85
300
83
343
83
300
83
345
84
287
204
278
185
287
204
281
182
287
204
278
186
287
204
278
188
156
94
206
32
156
94
208
31
303
71
350
74
277
161
289
145
277
161
286
145
277
161
288
142
277
161
289
144
277
161
286
142
311
80
343
84
311
80
342
84
311
80
358
86
311
80
343
83
311
80
355
86
311
80
357
86
311
80
340
81
311
80
343
82
273
159
286
145
273
159
286
142
274
161
286
145
274
161
286
142
250
313
198
270
250
313
200
271
250
313
199
271
392
72
428
113
392
72
429
113
395
233
364
257
245
281
208
239
245
281
207
240
245
281
207
238
245
281
209
243
245
281
207
241
245
281
207
239
245
281
206
240
360
206
345
217
369
35
421
69
369
35
422
69
369
35
423
68
369
35
422
68
369
35
425
69
469
57
505
131
316
102
349
109
316
102
347
109
316
102
346
108
316
102
348
108
316
102
352
108
316
102
346
107
333
130
351
140
450
145
451
202
146
98
194
32
146
98
195
32
177
228
167
163
449
38
494
106
153
117
194
53
153
117
190
56
153
117
193
53
153
117
191
55
153
117
192
54
153
117
191
54
153
117
191
56
153
117
192
53
301
84
344
87
301
84
343
84
301
84
344
85
301
84
342
84
301
84
341
85
301
84
343
86
301
84
339
85
301
84
338
85
301
84
343
85
301
84
340
85
301
84
338
84
510
125
516
210
310
129
331
129
310
129
332
130
377
185
367
210
377
185
368
210
377
185
368
209
377
185
367
211
480
167
467
235
480
167
468
235
248
313
198
270
248
313
197
270
245
246
222
207
245
246
222
205
245
246
221
204
308
87
338
88
308
87
337
89
308
87
338
89
474
169
466
234
474
169
465
234
474
169
464
233
155
122
194
57
320
100
351
107
320
100
350
106
320
100
360
110
152
93
202
31
152
93
201
32
152
93
202
30
312
127
335
128
312
127
332
128
312
127
335
129
235
246
212
204
242
276
208
233
242
276
208
236
242
276
207
233
242
276
207
236
372
136
384
161
372
136
384
162
478
169
467
235
478
169
468
235
155
93
206
32
155
93
205
31
155
93
206
30
462
150
460
213
462
150
460
212
462
150
459
213
256
260
226
226
457
151
456
211
457
151
455
212
457
151
456
212
457
151
456
213
457
151
455
211
457
151
457
213
457
151
457
212
304
140
320
136
304
140
320
137
275
155
290
140
275
155
288
142
275
155
287
141
275
155
289
139
275
155
288
140
303
139
320
135
303
139
320
134
303
139
320
136
506
131
507
212
506
131
508
213
390
68
430
106
293
163
301
152
293
160
302
150
293
160
301
149
293
160
303
150
293
160
302
151
293
160
301
152
293
160
303
149
293
160
300
150
293
160
299
150
257
256
228
223
257
256
228
222
308
82
343
84
308
82
344
85
308
82
342
84
308
82
343
85
308
82
343
83
308
82
345
84
308
82
349
86
326
100
351
107
326
100
350
106
287
192
283
178
155
112
194
51
155
112
194
53
155
112
193
51
244
277
208
236
454
44
499
112
454
44
498
112
454
44
495
112
454
44
495
113
454
44
499
111
454
44
496
115
454
44
500
111
454
44
498
110
454
44
497
115
454
44
497
113
454
44
496
113
454
44
496
112
454
44
498
111
454
44
498
114
481
116
491
190
481
116
490
192
481
116
490
191
481
116
491
189
480
113
491
187
292
161
302
150
292
161
298
149
292
161
301
149
292
161
302
151
292
161
301
152
292
161
299
149
292
161
300
150
292
161
299
150
393
74
428
113
393
74
429
113
286
162
294
149
286
162
294
148
286
162
297
149
286
162
295
149
286
162
296
148
286
162
294
150
286
162
293
151
286
162
295
148
286
162
294
151
329
104
354
112
329
104
360
114
329
104
356
114
329
104
358
114
329
104
358
115
329
104
354
113
329
104
352
112
329
104
347
110
329
104
357
113
329
104
353
113
329
104
356
112
329
104
353
112
329
104
351
112
478
165
468
230
478
165
468
233
244
245
222
207
244
245
221
204
390
71
427
110
390
71
429
109
390
71
428
111
358
168
357
186
358
168
358
184
391
74
426
113
391
74
428
113
254
245
230
215
254
245
232
210
254
245
232
211
254
245
231
211
254
245
231
212
254
245
230
210
321
104
347
109
321
104
348
110
321
104
354
112
321
104
351
111
321
104
352
112
321
104
352
110
321
104
347
110
321
104
349
110
321
104
353
113
321
104
353
112
321
104
350
111
321
104
351
112
314
80
343
84
314
80
343
83
390
70
429
109
424
278
371
312
312
87
337
89
259
298
213
261
259
298
213
262
450
147
450
205
148
95
198
30
148
95
198
31
356
217
333
228
356
217
332
229
453
39
497
109
453
39
497
107
453
39
496
107
453
39
500
107
453
39
500
109
453
39
499
108
453
39
499
109
453
39
498
108
453
39
500
108
449
139
452
197
481
117
490
192
481
117
490
191
276
159
288
142
309
81
343
84
309
81
342
84
309
81
343
83
309
81
345
84
309
81
340
81
309
81
346
84
309
81
348
85
309
81
343
82
309
81
349
86
287
205
276
191
287
205
278
185
287
205
277
187
287
205
278
186
287
205
278
188
286
197
281
181
286
197
280
179
286
197
281
178
409
190
393
226
409
190
395
226
409
190
394
227
409
190
396
227
409
190
396
226
403
66
441
111
403
66
441
113
403
66
442
109
403
66
441
112
500
114
507
196
500
114
509
196
500
114
511
196
303
87
337
87
303
87
338
88
303
87
336
87
393
72
431
112
393
72
431
113
449
160
443
215
453
46
495
112
453
46
494
113
453
46
495
113
453
46
494
115
453
46
495
115
453
46
494
112
453
46
496
113
453
46
496
112
453
46
494
114
303
86
344
87
303
86
341
85
303
86
343
86
303
86
340
87
303
86
338
85
303
86
340
86
303
86
343
87
303
86
340
85
303
86
339
86
308
81
343
84
308
81
344
85
308
81
342
84
308
81
347
84
308
81
343
83
308
81
345
84
308
81
340
81
308
81
346
84
308
81
348
85
308
81
343
82
308
81
349
86
412
188
396
223
412
188
395
223
412
188
396
224
412
188
397
226
412
188
398
226
412
188
394
223
412
188
396
225
510
139
508
222
510
139
509
221
510
139
510
222
510
139
508
223
510
139
509
222
244
256
216
214
244
256
217
217
295
81
338
80
295
81
343
82
257
247
232
216
257
247
232
211
257
247
233
209
257
247
233
213
150
101
199
35
296
160
302
150
296
160
303
150
296
160
302
151
296
160
301
152
425
186
411
229
425
186
410
228
151
120
190
56
151
120
191
55
151
120
191
54
151
120
191
56
151
120
190
58
321
45
378
59
390
73
426
113
390
73
428
111
390
73
428
113
390
73
426
112
305
128
328
126
305
128
327
127
305
128
330
128
305
128
325
126
305
128
329
128
305
128
329
127
305
128
326
126
454
43
499
112
454
43
498
112
454
43
497
109
454
43
500
110
454
43
499
111
454
43
500
111
454
43
498
110
454
43
500
109
454
43
499
109
454
43
497
113
454
43
496
113
454
43
496
112
454
43
498
111
454
43
498
114
257
263
226
228
257
263
226
229
333
129
349
139
333
129
351
140
154
114
194
51
154
114
194
53
154
114
193
53
336
132
351
142
336
132
350
141
402
188
388
221
402
188
389
221
388
113
408
146
457
61
493
129
457
61
492
131
457
61
493
130
450
43
494
108
450
43
495
108
394
74
430
115
394
74
431
114
394
74
430
114
426
274
374
310
403
68
441
113
403
68
441
118
403
68
441
112
403
68
442
118
376
136
388
163
376
136
387
164
457
34
505
103
457
34
505
104
457
34
504
107
457
34
504
105
457
34
504
106
443
40
486
105
480
165
468
233
296
157
306
149
296
157
305
149
458
67
492
132
458
67
492
133
409
186
397
223
409
186
396
223
409
186
392
222
455
158
451
217
278
160
290
145
278
160
289
145
278
160
291
146
278
160
288
142
278
160
289
144
278
160
293
146
278
160
292
146
386
190
374
216
243
282
208
239
243
282
207
240
243
282
207
238
243
282
207
241
243
282
207
239
243
282
206
240
243
282
207
236
243
282
205
243
243
282
206
242
249
314
198
270
249
314
197
270
249
314
199
271
255
262
224
228
255
262
225
228
304
83
343
84
304
83
344
85
304
83
342
84
304
83
341
85
304
83
343
86
304
83
343
85
304
83
340
85
304
83
338
84
395
74
431
114
273
153
287
139
195
129
226
80
380
191
370
215
380
191
368
215
380
191
369
215
380
191
369
217
249
243
229
208
249
243
228
206
249
243
226
206
249
243
229
207
249
243
227
207
249
243
228
205
453
43
498
112
453
43
495
112
453
43
497
109
453
43
498
110
453
43
499
109
453
43
497
113
453
43
496
113
453
43
496
112
453
43
498
111
286
198
281
181
286
198
279
180
286
198
280
179
286
198
279
179
313
81
343
84
313
81
344
85
313
81
342
84
313
81
343
85
301
139
316
135
301
139
318
135
301
139
317
135
316
103
349
109
316
103
345
108
316
103
347
109
316
103
346
108
316
103
348
108
316
103
344
108
316
103
346
107
316
103
352
110
316
103
351
109
316
103
346
109
385
188
374
214
385
188
375
214
385
188
376
213
423
186
410
228
423
186
408
228
479
165
468
230
479
165
468
233
257
248
231
217
257
248
232
216
257
248
231
218
257
248
233
213
300
87
337
87
300
87
340
87
300
87
338
88
300
87
336
87
300
87
343
87
300
87
339
86
449
142
451
201
449
142
451
200
319
102
349
109
319
102
348
108
319
102
352
108
319
102
351
109
424
186
411
229
424
186
410
228
429
207
406
249
429
207
407
252
429
207
406
252
242
247
218
207
242
247
219
205
242
247
218
208
242
247
219
207
446
40
490
106
446
40
489
106
446
40
489
105
446
40
490
107
306
126
328
126
306
126
329
127
306
126
329
126
450
141
452
199
450
141
452
201
450
141
451
202
450
141
451
201
444
41
489
106
444
41
489
105
444
41
487
107
444
41
486
107
429
215
403
258
429
215
402
258
429
215
404
258
429
215
404
257
429
215
401
258
429
215
402
256
429
215
400
258
429
215
401
256
429
215
403
256
361
207
345
217
395
178
388
208
402
62
442
108
402
62
442
107
402
62
441
107
402
62
442
109
247
313
197
270
247
313
196
271
308
83
344
87
308
83
343
84
308
83
344
85
308
83
342
84
308
83
341
85
308
83
343
86
308
83
339
85
308
83
343
85
308
83
343
87
308
83
340
85
308
83
338
84
242
255
215
215
242
255
216
213
242
255
215
216
242
255
216
214
242
255
215
214
288
191
285
178
466
60
502
131
466
60
502
132
314
104
344
109
314
104
349
109
314
104
345
108
314
104
347
109
314
104
346
108
314
104
345
109
314
104
344
108
314
104
343
108
314
104
346
109
520
129
521
218
520
129
522
218
370
40
420
73
336
103
364
116
378
186
369
210
378
186
369
211
457
62
493
129
457
62
492
131
457
62
492
132
457
62
493
130
455
51
494
118
455
51
495
118
455
51
495
119
455
51
496
118
455
51
496
119
455
51
494
119
468
65
503
135
477
168
466
234
477
168
465
234
477
168
467
235
477
168
468
235
477
168
468
233
151
100
199
35
371
35
422
69
371
35
423
68
371
35
422
68
371
35
425
69
421
277
370
308
259
299
213
262
456
149
456
211
456
149
455
211
405
188
391
222
405
188
392
222
405
188
390
222
331
104
360
114
331
104
356
114
331
104
358
114
331
104
361
115
331
104
358
115
331
104
359
115
331
104
360
116
331
104
360
115
331
104
357
113
331
104
356
112
310
83
344
87
310
83
341
85
310
83
343
86
310
83
343
85
310
83
343
87
310
83
340
85
287
208
276
191
482
113
493
188
482
113
493
187
521
129
521
218
521
129
522
218
521
129
520
218
451
160
445
216
377
187
367
210
377
187
366
214
377
187
367
211
247
247
223
206
247
247
223
207
153
153
180
85
153
153
179
85
403
67
441
111
403
67
441
113
403
67
441
118
403
67
441
112
403
67
442
118
431
215
403
258
431
215
402
258
431
215
404
258
431
215
404
257
431
215
403
256
453
44
495
112
453
44
495
113
453
44
498
110
453
44
494
112
453
44
497
113
453
44
496
113
453
44
496
112
453
44
498
111
153
124
190
58
301
81
343
84
301
81
347
84
301
81
343
83
301
81
345
84
301
81
340
81
301
81
346
84
301
81
348
85
301
81
343
82
154
111
194
51
154
111
193
51
457
63
493
129
457
63
492
131
457
63
492
132
457
63
493
130
252
243
229
208
252
243
228
206
252
243
231
205
252
243
229
207
252
243
229
206
252
243
228
205
252
243
230
210
153
156
179
85
477
48
516
126
477
48
516
127
292
162
302
151
292
162
301
152
292
162
300
150
292
162
299
150
507
134
507
216
510
162
498
243
243
251
217
209
243
251
218
212
243
251
219
215
243
251
217
210
243
251
218
208
243
251
216
211
243
251
218
214
310
87
338
90
310
87
337
89
310
87
338
89
310
87
336
89
481
119
490
192
481
119
490
191
396
29
453
75
422
195
404
238
422
195
405
237
418
192
402
228
418
192
401
230
418
192
401
229
418
192
397
226
418
192
403
231
251
313
200
271
251
313
199
271
309
129
330
128
309
129
331
129
309
129
329
128
457
49
497
117
457
49
497
120
457
49
498
118
457
49
498
117
457
49
495
118
457
49
495
119
457
49
497
116
457
49
496
118
457
49
496
119
457
49
498
120
330
104
354
112
330
104
360
114
330
104
356
114
330
104
358
114
330
104
361
115
330
104
358
115
330
104
359
115
330
104
357
113
330
104
356
112
330
104
351
112
418
188
406
230
418
188
404
227
447
42
490
107
447
42
491
108
447
42
492
107
303
126
328
126
303
126
329
126
420
190
406
230
420
190
402
228
420
190
404
231
420
190
406
231
420
190
405
231
420
190
404
227
379
187
368
215
379
187
370
211
379
187
369
215
379
187
369
211
384
191
374
216
302
139
320
135
302
139
318
135
302
139
320
134
302
139
317
135
302
139
320
136
151
155
177
84
151
155
176
85
507
136
508
218
507
136
507
217
507
136
507
218
507
136
508
219
174
229
165
162
402
35
455
83
402
35
455
82
402
35
454
82
402
35
454
83
190
133
222
82
318
103
349
109
318
103
345
108
318
103
347
109
318
103
346
108
318
103
348
108
318
103
346
107
318
103
352
110
318
103
351
109
318
103
346
109
258
244
234
212
258
244
234
213
258
244
234
211
208
144
234
94
367
35
418
67
367
35
421
67
189
129
221
78
273
160
286
145
505
130
507
212
505
130
508
212
505
130
508
213
242
250
217
209
242
250
218
212
242
250
218
207
242
250
217
210
242
250
218
208
242
250
216
211
307
70
353
75
423
185
411
229
423
185
410
228
448
140
451
198
311
69
358
76
326
103
348
110
326
103
354
112
326
103
351
111
326
103
352
110
326
103
357
113
326
103
349
110
326
103
356
112
326
103
353
112
326
103
350
111
275
163
286
145
419
185
408
228
244
247
220
205
244
247
221
209
244
247
219
205
244
247
220
206
424
277
371
311
424
277
372
310
424
277
371
312
418
190
402
228
418
190
401
229
418
190
398
226
418
190
403
231
310
71
355
76
310
71
354
76
310
71
357
77
319
76
362
85
511
162
498
243
256
255
228
222
448
47
490
113
452
48
494
113
452
48
495
113
452
48
494
115
452
48
495
115
452
48
493
113
452
48
494
114
470
57
505
132
470
57
505
131
488
122
496
198
488
122
495
198
488
122
495
199
257
245
233
208
257
245
234
212
257
245
234
213
257
245
232
211
257
245
234
211
257
245
233
209
257
245
233
213
422
274
371
308
422
274
370
308
499
168
486
244
408
186
397
223
408
186
391
222
408
186
392
222
408
186
390
222
254
263
224
228
254
263
223
228
254
263
224
227
443
43
487
107
443
43
488
107
335
129
351
140
509
124
513
208
424
279
370
314
424
279
371
312
153
114
194
51
153
114
193
51
416
189
402
228
416
189
396
224
416
189
397
226
416
189
398
226
416
189
396
225
312
81
343
84
312
81
344
85
312
81
342
84
312
81
343
85
312
81
343
83
457
35
505
103
457
35
505
104
457
35
504
107
457
35
503
107
457
35
504
105
457
35
504
106
277
156
290
140
277
156
289
139
417
192
401
230
417
192
401
229
417
192
397
226
417
192
398
226
417
192
396
226
421
188
406
230
421
188
406
231
421
188
404
227
311
83
343
86
311
83
343
87
337
133
351
142
337
133
349
141
337
133
351
143
337
133
350
142
242
252
217
209
242
252
218
212
242
252
216
213
242
252
216
212
242
252
218
216
242
252
217
210
242
252
217
213
242
252
216
214
242
252
216
211
242
252
218
214
475
167
464
231
475
167
466
234
475
167
465
234
475
167
468
233
475
167
464
233
252
313
200
271
252
313
199
271
312
129
334
130
312
129
335
131
312
129
332
130
291
161
302
150
291
161
298
149
291
161
301
149
291
161
297
149
291
161
302
151
291
161
301
152
291
161
299
149
291
161
300
150
291
161
299
150
400
35
454
82
385
191
374
216
157
93
208
31
155
110
194
51
155
110
193
51
457
152
455
212
457
152
456
212
457
152
456
213
327
103
354
112
327
103
351
111
327
103
352
110
327
103
357
113
327
103
349
110
327
103
356
112
327
103
353
112
327
103
350
111
498
118
506
197
501
113
508
194
501
113
511
196
375
135
387
161
375
135
387
160
375
135
387
164
375
135
388
161
327
113
354
122
327
113
354
123
327
113
351
121
327
113
352
121
327
113
353
122
260
250
234
219
260
250
234
220
260
250
234
218
455
43
499
112
455
43
498
112
455
43
497
109
455
43
501
111
455
43
500
110
455
43
499
111
455
43
501
109
455
43
500
111
455
43
498
110
455
43
500
109
455
43
499
109
455
43
499
114
455
43
497
113
455
43
501
113
455
43
496
112
455
43
499
115
455
43
498
111
455
43
498
114
421
281
369
313
421
281
366
314
383
189
374
214
257
252
230
219
257
252
231
217
257
252
231
218
303
140
318
135
303
140
320
136
303
140
320
137
287
212
276
191
158
90
208
31
430
190
413
235
455
73
487
135
301
85
344
87
301
85
344
85
301
85
342
84
301
85
341
85
301
85
343
86
301
85
339
85
301
85
338
85
301
85
340
86
301
85
343
85
301
85
343
87
301
85
340
85
301
85
339
86
301
85
338
84
416
193
394
227
416
193
394
228
416
193
396
227
509
141
507
223
422
273
371
308
422
273
370
308
393
73
429
113
463
141
465
203
463
141
465
202
331
103
360
114
331
103
358
114
331
103
361
115
331
103
357
113
431
208
408
253
431
208
409
253
431
208
407
252
463
151
460
213
449
41
495
107
449
41
494
108
449
41
493
107
449
41
494
107
449
41
492
107
142
170
162
95
142
170
162
96
430
215
403
258
430
215
402
258
430
215
404
258
430
215
404
257
430
215
401
258
430
215
402
256
430
215
403
256
421
189
406
230
421
189
406
231
421
189
405
231
421
189
404
227
235
251
211
209
143
170
162
96
193
130
222
80
315
104
344
109
315
104
349
109
315
104
345
108
315
104
347
109
315
104
346
108
315
104
348
108
315
104
345
109
315
104
344
108
315
104
343
108
315
104
346
109
315
104
349
110
194
132
224
82
194
132
224
83
279
161
290
145
279
161
289
145
279
161
291
146
279
161
288
142
279
161
289
144
279
161
293
146
279
161
292
146
156
152
182
87
156
152
182
86
156
152
182
85
156
152
182
84
156
152
180
85
385
190
374
216
277
163
289
145
277
163
286
145
431
165
428
214
431
165
424
212
421
185
408
228
275
156
290
140
275
156
288
142
275
156
287
141
275
156
289
139
275
156
288
140
322
74
364
84
315
101
351
107
477
49
516
126
477
49
516
127
242
248
217
209
242
248
218
207
242
248
218
208
242
248
219
207
242
248
219
209
286
210
276
191
154
93
205
31
154
93
206
30
143
169
162
95
143
169
162
96
259
249
233
219
259
251
232
220
259
251
233
219
479
167
466
234
479
167
467
235
479
167
468
235
479
167
468
233
304
84
344
87
304
84
344
85
304
84
342
84
304
84
341
85
304
84
343
86
304
84
339
85
304
84
338
85
304
84
340
86
304
84
343
85
304
84
343
87
304
84
340
85
304
84
339
86
304
84
338
84
462
151
460
213
462
151
460
212
462
151
459
213
283
153
297
139
417
295
360
323
417
295
359
323
417
295
358
323
302
81
343
84
302
81
344
85
302
81
342
84
302
81
347
84
302
81
343
83
302
81
345
84
302
81
340
81
302
81
346
84
302
81
348
85
302
81
343
82
303
84
344
87
303
84
343
84
303
84
344
85
303
84
342
84
303
84
341
85
303
84
343
86
303
84
339
85
303
84
338
85
303
84
340
86
303
84
343
85
303
84
343
87
303
84
340
85
303
84
338
84
446
42
490
107
446
42
491
108
467
61
501
133
442
42
486
107
294
159
304
149
294
159
302
150
294
159
301
149
294
159
303
150
294
159
303
148
294
159
302
151
294
159
301
152
294
159
303
149
294
159
300
150
294
159
305
149
371
41
419
74
386
178
379
206
445
41
490
106
445
41
489
106
445
41
489
105
445
41
488
107
142
169
162
95
142
169
162
96
293
154
303
145
293
154
304
145
431
207
408
253
431
207
409
253
431
207
407
252
431
207
408
248
431
207
408
249
422
185
410
228
422
185
408
228
255
259
226
224
255
259
227
225
255
259
226
226
258
298
213
261
234
247
212
204
277
162
289
145
277
162
291
146
277
162
286
145
277
162
289
144
244
250
220
213
244
250
219
209
379
189
368
215
379
189
369
215
390
75
426
113
295
84
343
86
295
84
340
85
449
143
451
201
449
143
451
200
386
186
375
214
386
186
376
213
259
252
232
220
302
148
314
144
478
49
516
127
429
214
403
258
429
214
402
258
429
214
404
258
429
214
404
257
429
214
401
258
429
214
402
256
429
214
401
256
429
214
403
256
332
104
360
114
332
104
358
114
332
104
361
115
332
104
359
115
332
104
360
115
332
104
357
113
332
104
356
112
381
190
370
215
381
190
369
215
303
82
343
84
303
82
344
85
303
82
342
84
303
82
343
85
303
82
343
83
303
82
345
84
332
131
347
140
332
131
349
140
155
126
192
60
430
216
403
258
430
216
402
258
430
216
404
258
430
216
404
257
430
216
401
258
430
216
402
256
430
216
402
260
430
216
403
256
242
253
216
213
242
253
216
212
242
253
217
213
242
253
216
214
242
253
216
211
242
253
217
217
481
166
467
235
481
166
468
235
481
166
468
233
258
262
227
228
260
248
234
219
260
248
234
218
444
40
489
105
370
41
419
74
250
311
198
270
250
311
200
270
319
104
349
109
319
104
345
108
319
104
347
109
319
104
348
110
319
104
354
112
319
104
346
108
319
104
345
109
319
104
344
108
319
104
343
108
319
104
347
110
319
104
346
109
319
104
349
110
429
216
403
258
429
216
402
258
429
216
404
258
429
216
404
257
429
216
400
259
429
216
401
258
429
216
402
256
429
216
402
260
429
216
400
258
429
216
401
256
429
216
403
256
148
100
195
35
373
136
384
161
373
136
384
160
373
136
384
162
378
187
368
215
378
187
369
211
453
41
497
109
453
41
497
107
453
41
499
111
453
41
496
107
453
41
498
110
453
41
500
109
453
41
499
108
453
41
499
109
453
41
498
111
453
41
498
108
453
41
500
108
302
85
344
87
302
85
344
85
302
85
341
85
302
85
343
86
302
85
339
85
302
85
338
85
302
85
340
86
302
85
343
85
302
85
343
87
302
85
340
85
302
85
339
86
302
85
338
84
423
188
408
230
423
188
408
228
451
158
446
214
420
276
370
308
274
162
286
145
455
50
494
118
455
50
495
118
455
50
494
117
455
50
495
119
455
50
496
118
455
50
496
119
455
50
494
119
311
104
345
108
311
104
346
108
311
104
348
108
311
104
344
108
311
104
343
108
251
243
229
208
251
243
228
206
251
243
229
207
251
243
229
206
251
243
228
205
251
243
230
210
411
189
395
226
411
189
396
224
411
189
397
226
411
189
398
226
411
189
394
223
411
189
396
225
411
189
396
227
411
189
396
226
481
114
491
188
481
114
493
188
151
99
199
35
151
99
200
34
455
49
494
118
455
49
495
118
455
49
494
117
455
49
495
119
455
49
496
118
455
49
496
119
455
49
494
119
156
154
182
87
156
154
182
86
156
154
182
85
156
154
180
85
360
207
345
217
455
46
499
112
455
46
498
112
455
46
495
113
455
46
498
116
455
46
496
115
455
46
497
116
455
46
497
115
455
46
495
115
455
46
499
114
455
46
497
113
455
46
496
113
455
46
496
112
455
46
499
115
455
46
498
114
497
168
484
244
497
168
484
243
497
168
485
245
274
153
287
139
274
153
289
139
274
153
288
140
455
41
499
112
455
41
497
109
455
41
501
111
455
41
500
110
455
41
499
111
455
41
501
109
455
41
500
107
455
41
500
111
455
41
498
110
455
41
500
109
455
41
499
108
455
41
499
109
455
41
498
111
455
41
498
108
455
41
500
108
474
168
466
234
474
168
465
234
474
168
464
233
367
139
378
162
258
253
231
220
258
253
230
222
318
104
349
109
318
104
345
108
318
104
347
109
318
104
348
110
318
104
346
108
318
104
345
109
318
104
344
108
318
104
343
108
318
104
347
110
318
104
346
109
318
104
349
110
148
99
196
34
455
36
502
107
455
36
502
108
455
36
503
108
455
36
500
107
455
36
504
107
455
36
502
106
455
36
503
107
455
36
501
107
455
36
504
106
455
36
501
106
299
87
337
87
299
87
340
87
299
87
340
86
299
87
338
88
299
87
336
87
299
87
343
87
299
87
339
86
298
265
264
247
298
265
263
244
311
82
343
84
311
82
344
85
311
82
342
84
311
82
343
85
421
187
408
230
421
187
406
230
421
187
408
228
421
187
404
227
310
104
345
108
310
104
344
108
401
234
369
261
401
234
369
262
401
234
369
263
401
234
370
260
244
282
208
239
244
282
207
240
244
282
207
238
244
282
207
241
244
282
207
239
244
282
206
240
244
282
206
242
425
188
411
229
425
188
411
234
450
48
493
113
456
136
459
199
456
136
461
195
456
136
460
198
456
136
461
194
456
136
460
197
156
155
182
87
156
155
182
86
156
155
180
85
193
131
224
82
193
131
222
80
297
262
263
244
459
69
492
133
419
281
365
315
292
164
301
152
311
81
343
84
311
81
342
84
311
81
343
83
364
135
378
156
401
233
369
261
401
233
369
262
401
233
370
260
490
122
496
198
326
113
351
121
420
191
404
232
420
191
406
230
420
191
402
228
420
191
403
231
420
191
404
231
420
191
406
231
420
191
405
231
420
191
404
227
254
264
223
228
258
258
228
225
307
81
343
84
307
81
344
85
307
81
342
84
307
81
347
84
307
81
343
85
307
81
343
83
307
81
345
84
307
81
340
81
307
81
346
84
307
81
348
85
307
81
343
82
307
81
349
86
273
155
287
139
273
155
287
141
273
155
286
142
273
155
288
140
156
92
206
32
156
92
208
30
256
247
232
210
256
247
232
211
256
247
231
211
256
247
231
212
390
69
428
108
303
138
320
133
303
138
319
133
303
138
320
134
506
136
507
218
234
246
212
204
304
87
337
87
304
87
340
87
304
87
338
88
304
87
338
89
520
126
520
216
358
170
356
188
358
170
357
186
358
170
357
187
151
97
201
32
151
97
199
35
151
97
200
34
312
70
358
76
312
70
354
75
312
70
358
77
312
70
356
76
313
79
358
86
313
79
355
86
313
79
357
86
313
79
356
85
435
209
409
253
151
98
199
35
151
98
200
34
274
154
287
139
274
154
287
141
274
154
289
139
274
154
288
140
423
273
371
308
395
29
453
75
458
65
492
131
458
65
492
132
458
65
492
133
275
154
290
140
275
154
289
139
275
154
288
140
390
67
430
106
453
45
495
112
453
45
494
113
453
45
495
113
453
45
496
115
453
45
494
115
453
45
495
115
453
45
494
112
453
45
497
113
453
45
496
113
453
45
496
112
453
45
494
114
478
48
516
127
421
276
371
308
421
276
370
308
358
174
355
190
333
101
364
114
458
151
456
211
458
151
455
212
458
151
456
212
458
151
456
213
458
151
455
211
458
151
457
213
458
151
457
212
378
185
369
209
378
185
369
210
378
185
369
211
275
159
288
142
275
159
286
142
145
95
196
30
450
46
493
113
450
46
494
112
417
194
401
230
153
155
177
84
153
155
180
85
153
155
179
85
456
49
497
117
456
49
497
120
456
49
498
118
456
49
494
118
456
49
498
117
456
49
495
118
456
49
498
116
456
49
495
119
456
49
497
116
456
49
496
118
456
49
496
119
335
104
364
117
335
104
364
116
362
191
350
211
362
191
349
210
362
191
350
209
362
191
352
208
362
191
349
211
362
191
351
208
362
191
350
210
260
252
233
219
399
61
439
105
399
61
440
105
175
230
166
164
156
151
182
87
156
151
182
86
156
151
182
85
156
151
182
84
156
151
180
85
242
281
208
239
242
281
207
240
242
281
207
238
242
281
207
241
242
281
207
239
242
281
205
238
242
281
206
240
242
281
207
236
242
281
206
236
242
281
206
242
482
115
490
189
482
115
491
190
482
115
492
189
482
115
490
191
482
115
491
189
451
149
450
208
451
149
450
207
451
48
494
113
451
48
493
113
451
48
494
114
417
193
401
230
417
193
401
229
429
190
413
235
332
102
363
114
331
129
349
139
155
91
205
31
155
91
206
30
421
197
404
238
315
79
358
86
315
79
357
86
423
195
406
239
423
195
406
237
423
195
405
237
497
169
485
246
430
208
408
253
430
208
407
252
430
208
406
252
377
137
388
163
377
137
387
164
310
103
346
107
249
313
198
270
249
313
197
270
249
313
199
271
375
134
387
161
375
134
387
160
375
134
386
160
375
134
387
164
375
134
388
161
419
189
406
230
419
189
402
228
419
189
405
231
419
189
404
227
409
191
393
226
409
191
395
226
409
191
394
227
409
191
394
228
409
191
396
227
409
191
393
228
366
118
386
142
421
196
404
238
497
118
504
198
259
253
232
220
259
253
231
220
425
277
373
311
307
127
328
126
307
127
330
128
307
127
329
127
307
127
329
126
307
127
326
126
429
217
403
258
429
217
402
258
429
217
400
259
429
217
401
258
429
217
402
256
429
217
402
260
429
217
400
258
429
217
401
256
429
217
403
256
416
190
402
228
416
190
395
226
416
190
401
230
416
190
401
229
416
190
396
224
416
190
397
226
416
190
398
226
416
190
396
225
416
190
396
226
421
274
371
308
421
274
370
308
248
245
225
208
248
245
224
204
505
127
509
210
156
93
206
32
156
93
208
31
156
93
208
30
455
44
499
112
455
44
498
112
455
44
501
111
455
44
501
114
455
44
500
110
455
44
499
111
455
44
500
111
455
44
498
110
455
44
497
115
455
44
499
114
455
44
497
113
455
44
496
113
455
44
501
113
455
44
496
112
455
44
499
115
455
44
498
111
455
44
498
114
468
64
503
135
424
274
372
310
308
84
344
87
308
84
341
85
308
84
343
86
308
84
339
85
308
84
340
87
308
84
338
85
308
84
340
86
308
84
343
85
308
84
343
87
308
84
340
85
308
84
339
86
248
314
197
270
248
314
196
271
