Test211_rot.jpg
Test212_rot.jpg
259
203
261
191
259
203
286
225
263
197
262
180
263
202
262
187
263
202
264
191
263
202
293
227
263
202
288
224
263
202
290
224
263
202
292
226
263
203
264
194
264
199
265
187
264
199
269
192
261
203
261
189
261
203
261
191
261
203
264
194
261
203
286
225
286
216
293
227
286
216
290
224
286
216
291
224
286
216
292
226
286
216
302
238
286
216
300
236
286
216
301
236
281
211
302
237
281
211
302
238
281
211
303
239
281
211
301
236
284
214
291
224
284
214
302
236
284
214
302
237
284
214
302
238
284
214
300
236
284
214
301
236
278
216
261
189
278
216
261
191
278
216
286
226
278
216
288
224
278
216
286
225
278
211
301
239
278
211
302
237
278
211
302
238
278
211
300
236
278
211
301
236
278
211
302
240
284
213
302
236
284
213
302
237
284
213
302
238
284
213
303
239
284
213
301
236
273
210
261
189
274
217
260
196
276
210
301
239
276
210
302
241
276
210
300
236
276
210
301
236
276
210
302
240
280
211
302
237
280
211
302
238
280
211
303
239
280
211
301
236
282
208
303
233
278
212
301
239
278
212
302
241
278
212
302
238
278
212
300
236
278
212
301
236
278
212
302
240
280
213
301
239
280
213
302
237
280
213
302
238
280
213
300
236
280
213
301
236
280
213
302
240
278
209
302
237
283
214
290
224
283
214
291
224
283
214
292
226
283
214
301
239
283
214
302
237
283
214
302
238
283
214
300
236
283
214
301
236
274
215
261
191
274
215
260
193
273
217
260
196
273
217
260
193
288
212
303
233
291
217
302
236
299
221
306
242
299
221
302
236
288
225
260
194
288
225
260
193
287
226
260
194
287
226
260
196
287
226
260
193
294
221
293
227
294
221
301
239
294
221
300
236
299
222
302
236
299
222
302
237
299
222
302
238
299
222
303
239
286
220
261
189
286
220
261
191
286
220
292
229
286
220
294
230
286
220
286
225
288
226
260
194
288
226
260
193
296
222
300
236
296
222
301
236
296
219
306
242
298
221
302
236
298
221
302
237
289
225
260
194
289
225
260
193
292
222
300
240
293
222
300
240
289
219
293
227
289
219
294
229
289
219
301
239
289
219
302
241
295
221
302
238
295
221
300
236
295
221
301
236
286
223
260
194
286
223
260
193
286
223
261
195
300
223
302
237
300
223
302
238
301
222
302
236
300
222
302
236
300
222
302
237
310
223
310
241
308
224
308
241
304
220
311
243
304
220
310
241
304
220
310
242
304
218
311
240
312
230
302
237
318
225
308
232
320
226
302
225
320
226
303
226
345
245
313
244
