paris_invalides_000662_pt_3.png
paris_invalides_000663.jpg
306
212
313
194
306
212
311
193
306
212
304
186
306
212
311
192
306
212
313
196
191
229
162
213
191
229
163
212
191
229
165
208
191
229
163
211
275
202
279
179
193
228
168
206
276
202
279
179
313
231
320
216
313
231
320
215
313
231
320
217
291
196
292
171
291
196
294
173
291
196
293
172
291
196
293
173
291
196
294
174
292
216
294
193
288
202
293
182
288
202
292
181
189
226
165
202
299
204
304
183
299
204
301
181
299
204
305
184
310
223
315
205
310
223
315
208
310
223
315
207
310
223
314
203
310
223
315
206
301
214
306
194
301
214
307
196
301
214
306
193
301
214
306
195
306
211
305
185
306
211
313
194
306
211
311
192
306
211
313
193
275
201
279
179
298
214
303
195
298
214
301
192
298
214
298
189
299
209
301
186
299
209
304
190
299
209
302
187
287
193
289
171
287
193
287
169
287
193
288
170
303
213
309
194
303
213
308
194
303
213
304
190
303
213
302
187
303
213
309
195
303
213
307
191
304
212
310
193
304
212
307
189
304
212
310
194
289
203
294
183
289
203
293
182
300
212
306
194
300
212
306
193
300
212
304
190
292
198
298
178
292
198
299
178
292
198
297
178
292
198
299
179
292
198
294
174
292
198
256
104
293
201
299
180
293
201
297
179
293
201
298
181
309
222
311
201
309
222
315
205
309
222
311
202
309
222
315
208
309
222
315
207
309
222
314
203
309
222
317
211
309
222
315
206
292
200
299
180
292
200
297
179
292
200
293
176
292
200
297
178
190
227
165
205
190
227
165
206
300
219
303
198
300
219
305
200
285
198
289
176
285
198
291
178
292
207
297
187
292
207
296
186
307
215
310
193
307
215
313
198
190
230
162
213
190
230
163
212
190
230
163
211
290
210
295
190
290
210
295
189
313
233
321
219
313
233
321
220
313
233
320
217
313
233
320
218
303
208
305
185
303
208
304
186
303
208
306
185
305
225
308
203
297
201
301
180
297
201
299
178
309
220
315
205
309
220
313
201
309
220
314
201
309
220
314
202
309
220
316
206
309
220
313
200
309
220
314
203
289
198
291
175
289
198
297
179
289
198
292
176
289
198
293
176
289
198
291
174
292
206
294
183
292
206
298
186
292
206
296
185
314
226
316
205
307
229
315
217
316
240
322
223
316
240
321
223
302
210
307
190
302
210
307
189
299
207
302
184
299
207
304
186
299
207
301
184
226
208
202
179
287
203
293
182
287
203
290
180
287
203
294
184
287
203
292
182
303
215
308
195
306
221
311
202
306
221
310
203
299
210
304
190
309
223
311
201
309
223
311
202
309
223
316
211
309
223
315
208
309
223
314
208
309
223
317
212
309
223
315
207
316
231
320
212
189
227
165
203
303
206
304
183
303
206
306
185
303
206
305
184
307
214
307
190
307
214
311
193
307
214
314
198
307
214
313
196
313
229
320
215
313
229
315
207
288
203
294
183
288
203
293
182
288
203
292
181
288
203
292
182
286
197
288
174
286
205
291
185
290
195
289
169
290
195
292
171
290
195
294
173
290
195
290
170
290
195
293
172
290
195
290
169
290
195
291
172
290
195
293
173
290
195
294
174
304
216
310
198
304
216
310
197
304
216
308
195
304
228
306
205
304
228
305
204
305
227
308
207
303
219
308
200
303
219
307
199
303
219
308
201
303
219
308
202
307
216
312
198
307
216
313
198
307
216
310
194
302
220
308
203
302
220
305
200
306
225
308
203
306
225
310
204
306
225
311
208
306
225
314
214
306
225
310
205
306
225
312
210
285
201
290
180
285
201
292
182
310
225
311
202
310
225
320
216
310
225
315
208
310
225
314
208
310
225
317
212
310
225
317
211
189
230
163
210
307
213
313
194
307
213
311
193
307
213
311
192
307
213
314
197
307
213
313
196
305
210
305
185
305
210
313
194
305
210
304
186
305
210
311
192
294
205
296
181
294
205
297
183
294
205
299
184
295
211
301
192
295
211
298
189
289
196
291
173
289
196
289
171
289
196
291
172
289
196
297
178
289
196
288
170
289
196
292
174
301
209
307
190
301
209
304
186
301
209
307
189
301
209
301
184
305
220
310
204
305
220
310
200
305
220
310
203
298
215
303
195
298
215
301
192
298
215
300
193
279
218
283
198
189
232
163
211
309
232
316
217
315
231
320
213
302
214
306
194
302
214
306
193
302
214
308
195
194
225
165
208
194
225
167
207
194
225
167
205
194
225
169
202
316
236
321
219
285
200
290
180
285
200
290
179
285
200
292
181
311
231
317
215
305
211
311
193
305
211
304
186
305
211
311
192
295
204
298
181
295
204
298
182
295
204
301
184
290
211
295
192
190
228
163
210
190
228
165
206
190
228
164
208
311
227
320
216
311
227
315
208
311
227
317
212
286
204
292
184
301
213
306
194
301
213
306
193
301
213
304
190
301
213
308
195
306
217
311
199
306
217
310
198
306
217
311
198
306
217
310
197
306
217
309
195
189
231
163
211
315
234
320
217
305
212
311
193
305
212
310
193
294
206
297
183
310
229
317
215
295
209
298
186
313
230
320
216
313
230
320
215
313
230
315
208
306
216
312
198
306
216
311
198
296
218
300
197
296
218
298
195
296
218
297
195
310
224
311
201
310
224
315
205
310
224
320
216
310
224
320
215
310
224
315
208
310
224
315
207
310
224
317
211
310
224
315
206
306
215
312
198
306
215
310
194
308
217
313
201
308
217
314
201
308
217
313
198
286
195
287
171
288
195
291
173
288
195
289
171
288
195
287
169
288
195
291
172
288
195
288
170
288
195
292
174
307
217
313
201
307
217
312
198
307
217
313
200
313
228
315
205
313
228
318
211
313
228
320
213
313
228
315
206
296
201
301
180
296
201
298
178
296
201
301
181
296
201
299
178
296
201
299
179
284
199
290
179
290
200
291
175
290
200
292
176
290
200
296
180
290
200
294
179
299
222
300
197
299
222
298
195
289
208
294
187
289
208
295
189
188
234
163
211
309
221
315
205
309
221
313
201
309
221
314
202
309
221
315
207
309
221
314
203
309
221
315
206
294
202
299
180
294
202
297
179
294
202
298
181
299
218
303
198
299
218
305
200
191
225
165
205
191
225
166
201
191
225
165
204
302
227
305
204
302
227
304
204
283
198
286
176
291
207
297
187
291
207
297
188
291
207
294
184
291
207
296
186
291
207
296
187
301
210
306
190
301
210
302
187
301
210
307
191
314
240
320
224
189
233
163
212
197
212
177
182
295
200
301
180
295
200
298
178
295
200
299
178
295
200
299
179
292
210
297
190
292
210
296
190
292
210
296
189
288
197
291
175
288
197
292
176
288
197
289
172
288
197
293
176
288
197
291
174
316
234
320
215
291
205
294
183
291
205
296
185
305
216
311
199
305
216
310
198
305
216
311
198
305
216
310
197
305
216
309
195
306
213
307
190
306
213
311
193
306
213
310
193
306
213
313
196
312
235
322
223
298
202
301
180
313
226
315
205
313
226
320
212
313
226
316
205
313
226
316
206
313
226
320
213
188
233
163
210
312
227
318
211
312
227
320
215
312
227
315
207
303
210
302
184
303
210
307
190
303
210
304
186
303
210
307
189
312
236
319
222
312
236
321
223
285
199
290
179
308
218
313
201
308
218
314
201
308
218
314
202
308
218
313
198
308
218
313
200
308
218
314
203
298
223
301
202
254
214
256
189
254
214
256
190
254
214
259
189
254
214
255
189
304
207
306
185
304
207
305
184
300
210
304
190
300
210
302
187
310
227
316
212
310
227
314
209
298
205
302
184
300
213
306
194
300
213
306
195
312
228
320
215
312
228
315
208
312
228
317
211
286
200
290
179
286
200
293
180
306
222
310
204
306
222
310
205
306
222
310
203
313
227
315
205
313
227
318
211
313
227
316
206
313
227
320
213
313
227
315
206
188
228
159
212
212
197
226
104
303
220
308
203
303
220
308
200
303
220
307
199
303
220
308
201
303
220
308
202
308
216
314
198
308
216
313
198
308
216
313
196
302
221
303
198
302
221
305
200
304
208
305
185
304
208
304
183
304
208
306
185
304
208
305
184
313
236
322
223
313
236
321
223
314
231
320
215
290
203
293
180
302
213
306
193
302
213
308
194
302
213
309
195
302
213
308
195
290
207
293
184
290
207
296
188
290
207
296
187
290
207
293
185
297
215
297
190
297
215
300
193
