Test6.jpg
Test7.jpg
243
316
191
318
240
316
188
318
240
316
190
318
247
317
199
318
254
344
205
345
256
344
205
345
262
318
213
323
262
318
212
324
264
318
213
319
261
317
210
321
266
320
215
317
264
321
213
319
264
321
213
323
265
318
215
317
261
318
210
321
261
318
209
320
260
321
210
321
260
321
209
320
261
321
210
321
261
321
209
320
261
319
210
321
261
319
209
320
296
317
246
318
296
317
247
318
296
317
246
317
297
316
247
317
297
316
246
318
297
316
247
318
297
316
246
317
298
316
247
317
298
316
247
318
292
320
242
320
295
319
244
320
295
317
246
318
292
319
242
320
294
319
244
320
297
317
247
317
297
317
246
318
297
317
247
318
293
316
243
316
427
123
375
124
429
126
380
126
429
126
379
126
429
126
379
127
427
131
375
132
427
131
375
130
424
131
375
132
429
127
375
127
429
127
379
126
429
127
379
127
428
131
375
132
429
128
375
127
429
128
379
127
459
301
407
297
469
308
417
299
470
308
417
299
481
349
424
350
481
349
423
350
481
349
435
348
481
349
430
349
481
351
428
351
481
351
424
351
481
351
421
351
481
351
430
349
475
351
419
350
475
351
428
351
475
351
424
350
475
351
424
351
475
351
420
350
475
351
423
350
475
351
430
349
472
351
416
350
472
351
419
350
472
351
428
351
472
351
424
350
472
351
424
351
472
351
418
349
472
351
420
350
472
351
423
350
474
349
423
347
474
349
425
348
474
349
418
349
488
270
433
266
489
270
433
266
487
279
436
277
487
279
437
277
487
279
432
276
487
279
432
275
487
279
433
277
491
293
440
289
491
293
441
289
491
293
442
290
491
293
439
288
489
294
440
289
489
294
439
288
489
292
440
289
489
292
439
288
494
295
443
292
494
295
444
291
494
295
443
290
494
292
443
290
485
291
434
285
485
291
435
285
494
293
444
291
494
293
443
290
492
291
440
289
492
291
439
288
492
294
440
289
492
294
442
290
492
294
439
288
493
295
442
290
493
295
443
292
493
295
444
291
489
297
440
294
489
297
439
293
494
297
443
292
494
297
445
292
494
297
444
291
490
300
440
294
518
325
464
320
517
348
462
346
530
244
474
240
529
244
474
240
530
243
473
239
530
243
475
239
530
243
474
240
531
243
475
239
531
243
474
240
531
244
474
240
523
315
467
311
520
318
463
314
520
318
465
314
522
312
469
308
522
312
470
308
522
312
472
308
526
313
469
308
526
313
470
308
521
318
463
314
521
318
465
314
525
312
469
308
525
312
470
308
525
312
472
308
526
312
469
308
526
312
470
308
526
312
472
308
529
312
469
308
529
312
470
308
529
312
472
308
532
311
470
308
522
318
463
314
522
318
465
314
523
312
469
308
523
312
470
308
523
312
472
308
521
348
466
346
527
351
474
349
528
351
474
349
546
263
492
260
546
263
490
260
546
264
492
260
546
264
490
260
544
263
490
260
547
295
494
291
546
285
487
279
546
282
487
279
590
282
531
276
585
281
526
275
585
280
525
274
585
280
526
275
600
232
543
229
600
232
542
228
600
232
542
227
601
232
542
227
600
235
542
229
602
295
547
292
602
295
546
291
601
296
546
292
606
298
548
292
606
298
548
293
606
298
549
294
606
298
546
292
606
298
547
292
606
298
546
293
606
298
548
294
606
298
550
294
606
298
546
291
606
301
547
295
606
296
547
290
606
296
548
292
606
296
546
292
606
296
547
292
606
296
551
293
606
296
546
291
605
301
547
295
606
295
547
290
606
295
546
291
605
295
547
290
605
295
548
292
605
295
546
291
604
295
547
290
604
295
548
292
604
295
546
291
