32_32_l.jpg
32_32_r.jpg
591
263
421
282
588
260
418
279
298
171
142
192
608
264
432
282
608
264
432
283
608
264
433
282
607
264
432
282
607
264
432
283
607
264
431
282
607
264
433
282
605
263
431
282
588
258
416
278
594
263
421
282
594
263
423
282
595
259
424
280
595
259
423
278
603
265
429
284
591
262
422
281
591
262
421
282
595
256
422
276
593
262
422
281
593
262
421
282
593
262
423
282
602
267
429
287
481
270
326
293
592
261
422
281
592
261
421
282
592
261
422
280
592
261
419
280
605
266
431
286
605
266
430
286
607
262
433
281
607
262
434
281
604
266
431
286
604
266
430
286
597
255
426
275
597
255
424
275
558
264
391
285
558
264
393
283
593
258
423
278
595
260
422
281
595
260
424
280
595
260
422
280
588
259
414
280
588
259
415
280
588
259
416
278
588
259
417
278
586
261
415
281
586
261
415
280
605
269
429
287
603
266
431
286
603
266
430
286
