42_42_l.jpg
42_42_r.jpg
288
389
366
402
419
397
275
405
425
400
285
408
407
398
268
405
407
398
266
406
407
398
267
405
407
398
261
406
407
398
266
405
532
408
384
413
532
408
373
412
455
251
320
262
541
246
396
261
541
246
397
261
541
246
396
262
541
246
397
262
319
202
186
205
403
398
261
405
403
398
260
406
403
398
261
406
529
406
372
410
529
406
377
410
529
406
374
409
529
406
370
410
529
406
371
410
529
406
369
410
529
406
375
410
529
406
374
410
392
204
262
214
392
204
261
214
392
204
263
214
392
204
262
213
392
204
263
213
477
262
337
274
477
262
337
276
477
262
343
274
477
262
335
276
477
262
343
273
434
394
289
400
434
394
290
401
543
260
398
275
591
122
445
154
591
122
435
154
591
122
444
154
530
403
376
407
530
403
376
406
343
391
431
403
343
391
428
403
431
417
283
424
470
318
329
327
470
318
331
328
470
318
327
327
474
268
337
280
474
268
336
282
474
268
336
281
474
268
336
280
474
268
336
279
474
268
335
281
448
422
298
428
425
402
286
409
425
402
280
409
425
402
283
409
425
402
285
409
546
418
392
421
449
412
299
417
423
399
280
407
322
404
382
415
550
411
387
414
386
190
259
198
318
203
186
205
318
203
187
205
541
398
376
402
510
398
363
402
510
398
357
402
510
398
352
402
510
398
362
402
510
398
359
402
510
398
353
402
544
412
384
415
544
412
387
414
544
412
388
415
544
412
387
415
544
412
382
415
544
412
390
416
524
410
375
414
402
244
268
252
389
393
416
403
542
399
372
402
542
399
366
402
542
399
356
401
542
399
376
402
542
399
371
402
415
393
276
401
415
393
271
400
411
216
277
225
411
216
279
225
376
217
246
225
494
263
352
274
405
397
261
405
405
397
266
405
400
247
265
256
400
247
266
256
444
393
301
400
444
393
299
400
532
399
372
402
532
399
366
402
532
399
363
402
532
399
290
401
532
399
376
402
532
399
367
402
532
399
362
402
532
399
371
402
358
407
424
418
358
407
212
415
382
407
238
415
445
395
299
402
414
420
268
428
414
420
269
427
426
387
282
394
316
399
364
411
316
399
372
410
316
399
365
410
316
399
377
410
316
399
370
411
316
399
370
410
316
399
371
410
316
399
366
410
316
399
369
410
316
399
375
410
316
399
374
410
316
399
367
410
316
399
368
411
316
399
364
410
390
196
261
206
390
196
260
206
390
196
260
207
384
228
255
236
384
228
254
235
384
228
253
235
472
416
324
420
546
416
396
420
546
416
389
419
403
320
259
328
403
320
257
328
403
320
258
328
477
305
338
315
477
305
337
314
477
305
337
315
436
393
289
400
436
393
290
401
527
406
372
410
527
406
377
410
527
406
374
409
527
406
370
410
527
406
371
410
527
406
369
410
527
406
375
410
527
406
374
410
406
392
261
400
594
122
445
154
594
122
440
154
594
122
446
154
594
122
444
154
508
397
366
402
508
397
363
402
508
397
357
402
508
397
356
401
508
397
362
402
508
397
359
402
472
262
334
274
472
262
335
276
472
262
335
274
433
387
290
394
433
387
290
393
495
248
353
261
495
248
353
262
547
416
396
420
547
416
389
419
443
420
296
427
483
318
336
327
384
235
253
242
413
422
269
429
284
389
366
402
284
389
363
402
284
389
357
402
284
389
362
402
284
389
359
402
320
403
375
414
412
253
278
262
457
265
318
275
457
265
320
274
457
265
317
276
457
265
319
274
457
265
318
274
457
265
318
276
392
205
262
214
392
205
263
214
310
398
372
410
310
398
374
409
310
398
370
410
310
398
371
410
310
398
369
410
310
398
375
410
310
398
374
410
310
398
285
408
502
414
351
419
418
229
286
241
447
422
298
428
429
401
285
409
429
401
285
408
428
423
282
431
495
249
353
262
459
298
319
306
520
406
370
410
520
406
369
410
518
397
366
401
518
397
372
402
518
397
366
402
518
397
363
402
518
397
376
402
518
397
367
402
518
397
362
402
518
397
371
402
562
410
402
413
562
410
407
414
436
387
290
394
436
387
292
394
351
406
418
418
305
398
372
410
305
398
374
409
305
398
371
410
305
398
375
410
305
398
374
410
474
249
337
261
474
249
336
262
474
249
337
262
474
249
335
261
474
249
335
262
474
249
336
261
411
393
271
400
473
250
332
262
473
250
336
262
473
250
337
262
473
250
335
262
374
217
246
225
475
265
337
276
475
265
336
278
475
265
336
277
475
265
335
276
475
265
337
277
475
265
336
279
355
402
414
413
355
402
415
414
355
402
423
413
360
399
435
410
360
399
430
410
443
394
299
402
443
394
291
401
309
403
375
414
352
400
414
413
352
400
418
412
352
400
415
412
350
394
432
406
350
394
428
406
460
306
318
315
460
306
320
315
460
306
320
312
460
306
320
314
460
306
318
314
460
306
319
314
460
306
320
311
310
397
376
408
310
397
373
408
310
397
374
409
525
405
372
410
525
405
374
409
525
405
370
410
525
405
371
410
525
405
369
410
525
405
375
410
525
405
374
410
513
397
366
401
513
397
372
402
513
397
366
402
513
397
363
402
513
397
357
402
513
397
376
402
513
397
367
402
513
397
362
402
513
397
359
402
513
397
371
402
313
396
373
408
313
396
376
407
389
196
261
205
389
196
261
206
389
196
260
206
389
196
260
207
440
424
293
431
543
246
397
262
350
396
420
408
281
389
357
402
281
389
362
402
281
389
359
402
440
395
292
401
552
413
390
416
522
413
369
417
522
413
368
417
479
305
338
315
479
305
337
314
479
305
337
315
476
305
338
315
476
305
337
314
476
305
337
315
475
263
337
274
475
263
337
276
475
263
334
274
475
263
336
277
475
263
335
276
475
263
337
277
475
263
335
274
423
421
274
428
423
421
278
428
306
397
373
408
436
386
290
394
436
386
290
393
454
388
309
394
351
402
414
413
351
402
415
414
567
410
411
413
567
410
412
413
567
410
409
413
389
197
261
206
389
197
260
207
426
400
285
408
541
245
396
261
541
245
397
261
561
412
403
415
421
393
280
401
421
393
280
400
441
417
294
424
531
414
384
417
457
290
318
298
524
397
366
401
524
397
372
402
524
397
376
402
524
397
371
402
384
233
253
239
392
254
261
262
452
263
315
273
373
221
244
228
373
221
243
228
456
264
318
275
456
264
320
274
456
264
319
274
456
264
318
274
420
399
280
407
420
399
276
407
420
399
278
407
459
304
318
314
459
304
320
311
418
398
275
405
418
398
274
406
388
195
261
205
388
195
260
206
528
413
373
417
528
413
374
416
434
387
290
394
434
387
292
394
476
299
335
306
588
122
440
154
588
122
435
154
579
188
426
211
473
262
337
274
473
262
334
274
473
262
335
276
473
262
335
274
433
386
290
393
530
397
366
401
530
397
376
402
421
231
288
239
421
231
286
239
425
216
293
225
425
216
293
228
540
423
393
426
532
414
384
417
392
399
246
407
457
251
320
262
392
216
263
225
392
216
262
225
494
248
353
262
415
399
272
407
415
399
273
407
415
399
272
406
415
399
276
407
415
399
274
406
308
400
370
411
308
400
373
412
455
417
304
422
328
201
196
205
424
405
279
413
424
386
282
394
469
413
323
417
458
306
318
314
548
413
387
415
548
413
390
416
456
266
318
275
456
266
317
276
456
266
318
276
554
417
400
420
474
271
336
282
474
271
337
283
474
271
337
282
474
271
335
281
472
317
329
327
472
317
331
328
472
317
336
327
525
401
376
406
454
417
304
422
496
302
353
312
387
409
244
417
410
215
277
225
410
215
276
225
457
289
318
298
514
398
372
402
514
398
366
402
514
398
363
402
514
398
357
402
514
398
367
402
514
398
362
402
514
398
359
402
514
398
371
402
514
398
353
402
373
220
244
228
373
220
244
226
493
262
352
274
537
422
387
425
421
400
280
407
421
400
277
408
421
400
278
407
376
205
247
214
376
205
246
214
460
301
318
308
425
401
286
409
425
401
283
409
425
401
285
409
425
401
285
408
384
227
255
236
384
227
254
235
360
401
423
413
360
401
210
410
360
401
429
412
416
398
272
406
416
398
275
405
416
398
274
406
564
410
402
413
564
410
407
414
459
306
318
315
459
306
320
312
459
306
318
314
459
306
319
314
524
407
370
411
524
407
373
412
597
122
445
154
597
122
446
154
425
420
279
427
405
393
261
401
405
393
263
400
508
396
356
401
417
404
273
412
417
404
276
411
521
397
366
401
521
397
372
402
521
397
376
402
521
397
371
402
554
414
395
417
456
269
317
279
456
269
318
280
456
269
318
279
531
399
372
402
531
399
366
402
531
399
363
402
531
399
376
402
531
399
367
402
531
399
362
402
531
399
371
402
309
397
376
408
309
397
373
408
309
397
374
409
531
400
366
402
536
398
366
401
536
398
372
402
536
398
376
402
536
398
367
402
536
398
371
402
391
216
263
225
391
216
262
225
425
411
279
418
390
403
415
414
521
401
376
406
406
386
261
394
407
387
266
394
407
387
261
395
410
397
268
405
410
397
266
405
455
395
311
401
315
397
373
408
315
397
374
409
315
403
375
414
473
263
337
276
473
263
334
274
473
263
335
276
473
263
335
274
394
254
261
262
373
233
243
239
434
386
290
393
406
397
261
405
406
397
266
405
408
215
276
225
496
262
354
274
496
262
352
274
457
266
318
275
457
266
317
276
457
266
318
276
355
400
418
412
355
400
427
411
355
400
415
412
414
392
271
400
444
387
299
394
444
387
295
394
389
195
261
205
389
195
260
206
421
403
280
410
421
403
276
411
421
403
276
410
421
403
283
411
509
132
301
157
455
266
318
275
455
266
317
276
455
266
318
276
424
406
282
414
424
406
278
413
424
406
284
414
424
406
279
413
424
406
279
414
314
399
364
411
314
399
372
410
314
399
365
410
314
399
377
410
314
399
370
411
314
399
370
410
314
399
371
410
314
399
366
410
314
399
369
410
314
399
375
410
314
399
374
410
314
399
367
410
314
399
368
411
425
228
293
239
545
412
384
415
545
412
387
414
545
412
388
415
545
412
387
415
545
412
382
415
545
412
390
416
309
396
373
408
309
396
376
407
414
393
271
401
414
393
271
400
456
251
320
262
455
272
320
282
567
409
411
413
567
409
412
413
567
409
407
412
567
409
409
413
559
410
402
413
417
399
272
407
417
399
273
407
417
399
276
407
417
399
274
406
417
399
278
407
542
413
384
415
542
413
388
415
542
413
395
417
542
413
384
417
542
413
387
415
542
413
382
415
542
413
390
416
542
413
385
416
483
315
338
324
355
396
430
407
424
387
282
394
570
410
414
413
570
410
415
414
570
410
411
413
570
410
412
413
570
410
409
413
306
401
373
412
478
303
338
315
478
303
337
314
316
402
384
413
316
402
373
412
356
401
418
412
356
401
423
413
356
401
429
412
387
190
260
198
459
300
319
306
459
300
318
308
456
274
318
285
390
220
259
228
390
220
259
226
423
386
282
394
279
389
357
402
279
389
362
402
279
389
359
402
471
262
334
274
499
398
352
402
499
398
353
402
514
397
366
401
514
397
372
402
514
397
366
402
514
397
363
402
514
397
357
402
514
397
356
401
514
397
376
402
514
397
367
402
514
397
362
402
514
397
371
402
458
271
320
282
304
397
373
408
436
392
289
400
470
319
329
327
470
319
331
328
414
386
273
394
414
386
271
394
479
314
338
324
313
401
373
412
386
416
247
426
428
401
286
409
428
401
283
409
428
401
285
409
428
401
285
408
512
420
359
424
518
396
366
401
407
386
261
394
317
396
373
408
317
396
376
407
425
242
292
252
382
409
239
417
382
409
237
417
382
409
242
418
404
247
269
254
517
131
310
156
458
305
318
314
462
415
312
419
462
415
321
419
462
415
314
421
527
405
372
410
527
405
377
410
527
405
376
408
527
405
373
408
527
405
374
409
527
405
375
410
527
405
374
410
431
415
285
422
494
249
353
262
375
205
247
214
375
205
246
214
525
406
372
410
525
406
370
410
525
406
371
410
525
406
369
410
525
406
375
410
525
406
374
410
525
406
368
411
417
422
269
429
277
389
357
402
277
389
359
402
580
188
426
211
441
394
292
401
441
394
290
401
441
394
291
401
390
216
262
225
507
210
366
228
416
399
272
407
416
399
273
407
416
399
276
407
416
399
274
406
416
399
278
407
418
231
286
241
485
416
336
420
519
397
366
402
519
397
367
402
519
397
371
402
399
403
262
411
412
421
268
428
308
403
375
414
390
219
263
225
390
219
259
226
390
219
262
225
435
394
290
401
418
422
269
429
422
399
280
407
422
399
278
407
439
394
292
401
439
394
290
401
439
394
291
401
562
413
407
416
478
306
338
315
478
306
337
314
478
306
337
315
524
406
370
411
524
406
370
410
524
406
369
410
524
406
374
410
477
268
337
280
477
268
336
281
477
268
336
280
361
401
210
410
532
413
384
417
532
413
373
417
532
413
374
416
496
303
353
312
404
397
261
405
446
393
299
400
497
304
353
312
393
204
262
214
393
204
261
214
393
204
263
214
393
204
263
213
348
396
423
408
353
401
414
413
353
401
418
412
353
401
412
413
353
401
423
413
353
401
415
412
475
250
336
262
475
250
337
262
475
250
335
262
474
270
336
282
474
270
336
281
474
270
337
282
474
270
335
281
418
242
286
252
517
419
364
423
357
404
417
415
476
266
336
278
476
266
336
277
476
266
336
280
476
266
337
277
476
266
336
279
563
412
407
416
563
412
403
415
360
403
210
412
411
215
277
225
411
215
279
225
411
215
276
225
455
389
309
394
455
389
309
395
413
229
281
239
508
207
367
224
527
411
375
414
527
411
374
416
532
400
366
402
376
206
247
214
376
206
246
214
419
400
280
407
419
400
276
407
419
400
277
408
419
400
278
407
366
197
233
206
366
197
234
205
351
395
432
406
351
395
428
406
351
395
430
407
459
299
319
306
459
299
318
308
384
408
244
417
527
404
376
408
527
404
373
408
527
404
376
407
527
404
374
409
377
218
246
225
416
386
273
394
354
400
418
412
354
400
415
412
467
314
324
323
526
405
372
410
526
405
377
410
526
405
374
409
526
405
371
410
526
405
375
410
526
405
374
410
425
231
292
239
533
406
372
410
533
406
365
410
533
406
377
410
533
406
374
409
533
406
370
410
533
406
371
410
533
406
369
410
533
406
375
410
533
406
374
410
533
406
367
410
533
406
364
410
474
318
329
327
474
318
331
328
474
318
336
327
474
318
327
327
458
266
318
276
387
196
261
205
387
196
260
206
456
275
318
285
355
403
415
414
355
403
417
415
353
406
418
418
409
399
266
406
409
399
271
406
409
399
270
406
351
392
428
403
352
403
415
414
352
403
413
415
352
403
417
415
548
410
387
414
548
410
384
413
474
264
337
276
474
264
336
277
474
264
335
276
474
264
337
277
430
418
284
426
475
249
337
261
475
249
336
262
475
249
337
262
475
249
335
261
475
249
335
262
475
249
336
261
528
408
373
412
425
217
293
228
520
405
365
410
520
405
366
410
417
403
276
411
417
403
276
410
496
298
354
307
526
397
366
401
526
397
376
402
477
265
336
278
477
265
336
277
477
265
337
277
477
265
336
279
329
202
196
205
552
415
393
418
552
415
403
418
389
234
259
241
474
263
337
274
474
263
337
276
474
263
334
274
474
263
336
277
474
263
335
276
474
263
337
277
474
263
335
274
495
262
354
274
495
262
352
274
474
248
337
261
474
248
335
261
474
248
336
261
385
220
259
229
405
387
261
395
532
406
372
410
532
406
365
410
532
406
377
410
532
406
374
409
532
406
370
410
532
406
371
410
532
406
366
410
532
406
369
410
532
406
375
410
532
406
374
410
532
406
367
410
532
406
364
410
393
216
263
225
393
216
262
225
480
319
336
327
530
404
376
408
530
404
373
408
530
404
376
407
530
404
374
409
429
416
283
424
534
417
378
420
534
417
386
420
477
269
337
280
477
269
336
281
477
269
337
282
477
269
336
280
383
228
253
236
383
228
253
235
503
414
351
419
495
247
353
261
456
250
320
262
444
394
292
401
444
394
299
402
318
396
373
408
542
398
376
402
459
297
320
304
408
420
259
427
454
263
318
274
454
263
315
273
414
398
272
406
414
398
275
405
414
398
271
406
414
398
270
406
414
398
274
406
347
396
423
408
307
403
375
414
529
405
377
410
529
405
376
408
529
405
373
408
529
405
374
409
529
405
375
410
529
405
374
410
476
267
337
280
476
267
336
278
476
267
336
281
476
267
336
280
476
267
336
279
476
267
335
281
