image_2740.jpg
image_2739.jpg
280
220
284
111
280
220
285
112
280
220
284
119
280
220
284
121
280
220
284
120
279
219
284
111
278
221
283
117
280
223
284
113
280
222
285
112
280
222
284
113
279
226
283
117
280
226
285
112
280
226
284
114
280
226
284
118
280
226
284
119
280
226
284
121
280
226
284
120
277
222
281
117
280
227
285
112
280
227
284
114
280
227
285
115
280
227
284
113
280
227
284
115
280
227
284
118
280
227
284
119
280
227
285
116
280
227
284
121
280
227
284
117
280
227
284
120
280
228
285
112
280
228
284
114
280
228
285
115
280
228
284
113
280
228
284
115
280
228
284
118
280
228
284
119
280
228
285
116
280
228
284
117
280
228
284
120
279
228
284
111
279
228
284
114
279
228
284
113
279
228
284
115
279
228
283
116
279
228
283
117
279
228
284
117
280
229
285
112
280
229
284
114
280
229
285
115
280
229
284
115
280
229
284
118
280
229
284
119
280
229
285
118
280
229
285
116
280
229
284
117
280
229
284
120
276
230
281
117
278
231
284
113
278
231
283
116
278
231
283
117
280
231
285
115
280
231
285
118
280
231
285
116
279
229
284
114
279
229
284
113
279
229
284
115
279
229
283
116
279
229
284
118
279
229
283
117
279
229
284
117
279
237
284
119
279
237
285
118
279
237
285
120
279
237
284
121
279
237
284
120
278
235
284
114
278
235
284
115
278
235
283
116
278
235
284
118
278
235
283
117
278
235
284
119
278
235
284
121
278
235
284
117
278
235
284
120
279
238
284
121
279
238
284
120
280
237
286
120
280
237
285
118
280
237
286
121
280
237
285
120
280
237
285
121
280
237
285
122
284
220
288
118
285
223
289
113
285
223
289
114
285
223
290
115
285
223
289
120
285
223
290
116
285
223
289
119
285
226
289
113
285
226
289
114
285
226
290
115
284
225
287
120
284
225
287
122
284
225
288
113
284
225
289
113
284
225
289
114
284
225
288
118
281
227
286
112
281
227
286
120
281
227
285
118
281
227
285
120
281
227
285
121
281
227
285
122
285
227
289
113
285
227
289
114
285
227
290
115
282
224
286
112
282
224
287
112
282
224
286
120
282
224
286
121
286
225
290
115
286
225
290
116
286
225
290
117
282
222
286
112
282
222
287
112
282
222
286
120
282
222
286
121
282
222
285
122
284
227
289
113
284
227
289
114
286
224
290
115
286
224
290
116
286
224
290
117
287
221
290
120
287
221
290
121
285
225
289
113
285
225
289
114
285
225
290
115
285
225
289
119
283
224
287
112
283
224
287
120
283
224
288
113
284
226
289
113
284
226
289
114
284
226
288
118
284
221
287
120
284
221
287
122
284
221
288
113
284
221
289
113
284
221
289
114
284
221
288
118
284
221
288
120
286
226
290
115
286
226
290
116
285
224
289
113
285
224
289
114
285
224
290
115
285
224
289
119
281
225
286
112
281
225
285
112
281
225
285
118
281
225
285
120
281
225
285
121
281
225
285
122
282
221
286
112
282
221
286
120
282
221
285
122
286
227
290
115
286
227
290
116
286
227
290
117
283
225
287
112
283
225
286
120
283
225
287
120
283
225
286
121
283
225
288
113
283
229
288
113
281
230
286
112
281
230
285
118
281
230
285
120
281
230
286
117
281
230
285
121
281
231
285
118
281
231
285
120
281
231
286
117
281
228
286
112
281
228
285
115
281
228
286
120
281
228
285
118
281
228
285
120
281
228
286
117
281
228
285
116
281
228
285
121
286
230
290
115
286
230
290
116
286
230
290
120
286
230
290
117
284
233
289
113
284
233
289
114
284
233
289
120
284
233
289
119
283
231
288
113
283
231
288
118
284
231
289
113
284
231
289
114
285
231
290
115
285
231
289
120
285
231
290
116
285
231
289
119
285
231
290
117
287
230
290
120
286
231
290
116
286
231
290
117
284
228
289
113
284
228
289
114
285
234
290
115
285
234
290
116
285
234
290
120
285
234
290
117
281
238
286
120
281
238
287
120
281
238
286
121
285
240
290
121
283
237
289
119
283
238
289
119
287
235
292
117
286
236
292
117
286
237
292
117
282
237
287
120
282
237
287
122
282
237
288
118
284
237
290
116
284
237
290
120
284
237
289
121
284
237
290
117
284
237
289
122
281
236
286
120
281
236
287
120
281
236
286
121
281
236
286
117
285
235
290
120
282
242
287
130
283
257
288
146
283
257
289
149
284
260
288
146
284
260
289
149
287
259
291
147
287
259
291
146
285
259
290
149
287
258
291
146
283
261
288
150
283
261
288
149
284
258
290
149
285
260
290
149
286
260
291
149
286
260
291
150
287
260
292
149
287
260
291
147
287
260
291
146
284
259
289
149
284
259
290
149
282
262
286
149
284
263
288
150
284
263
288
149
284
263
289
152
288
230
292
117
288
228
292
117
290
263
294
150
289
263
294
151
289
263
294
152
343
272
344
167
345
273
346
168
347
273
348
168
345
274
346
168
350
273
351
168
352
274
353
169
