Test1310_rot.PNG
Test1311_rot.PNG
316
317
417
278
550
318
583
114
550
318
583
113
407
178
381
113
551
318
583
114
551
318
583
113
323
320
423
276
323
320
424
276
552
317
583
112
534
315
572
126
403
210
402
142
403
210
401
143
536
319
577
123
536
319
580
119
536
319
579
120
536
319
583
115
554
312
582
106
554
312
581
106
535
317
578
118
402
210
401
143
550
316
582
113
554
314
581
107
554
314
581
106
550
317
582
114
550
317
583
114
550
317
583
113
286
175
295
200
286
175
295
199
324
321
425
277
324
321
426
277
404
210
402
142
404
210
401
143
378
208
385
159
404
208
401
142
322
320
423
276
