Test21.jpg
Test22.jpg
384
333
526
332
384
333
525
332
360
229
474
225
360
229
475
225
382
325
521
323
408
333
550
332
408
333
549
332
374
323
510
319
374
323
511
319
376
321
513
318
382
323
521
321
382
323
523
321
382
323
520
320
382
323
524
321
413
329
556
329
413
329
552
328
375
322
513
318
358
232
472
229
358
232
475
228
358
232
474
227
381
320
520
317
379
323
521
321
379
323
517
320
385
320
520
317
373
319
511
316
383
333
525
332
360
231
474
227
375
324
512
320
376
324
512
320
410
331
551
330
355
228
469
224
413
328
556
328
413
328
554
328
383
320
520
317
379
325
519
323
379
325
521
323
351
228
468
223
