41_41_l.jpg
41_41_r.jpg
210
350
48
351
216
353
55
356
216
353
55
355
218
352
56
354
217
353
55
356
217
353
55
355
217
353
56
355
218
353
55
356
218
353
55
355
218
353
56
355
218
356
56
359
220
357
57
360
220
357
56
359
220
357
58
360
226
364
63
369
226
364
65
369
222
358
59
360
224
363
60
368
226
367
68
372
228
368
68
372
228
368
72
372
228
368
73
372
227
367
68
372
240
356
84
358
238
356
79
358
238
356
82
358
238
356
81
358
238
356
81
357
238
356
84
358
236
351
83
353
235
353
76
355
235
353
75
355
235
353
78
355
238
353
76
355
238
353
78
355
235
354
60
355
235
354
76
356
235
354
75
355
235
354
74
356
235
354
78
356
235
354
80
356
235
354
82
356
237
355
56
355
237
355
76
356
237
355
79
357
237
355
84
357
237
355
83
357
237
355
81
358
237
355
82
357
237
355
81
357
237
355
84
358
239
355
84
357
233
356
79
358
234
348
73
350
234
353
76
355
234
353
78
355
237
353
76
355
237
353
75
355
237
353
78
355
240
353
87
355
239
354
85
356
238
355
76
356
238
355
74
356
238
355
78
356
238
355
79
357
238
355
84
357
238
355
82
358
238
355
83
357
238
355
82
357
238
355
81
357
235
351
77
353
240
355
85
357
240
355
86
357
237
351
72
352
237
351
83
353
234
356
79
358
234
356
74
358
234
356
81
358
231
366
70
370
234
361
79
364
237
360
82
361
234
363
76
367
237
363
83
365
233
368
73
372
233
368
74
372
233
368
76
372
234
369
76
374
237
370
76
374
243
354
88
356
242
355
86
357
249
358
95
359
249
358
93
359
249
358
95
361
249
358
94
359
248
361
93
363
243
358
88
361
242
361
86
363
246
360
90
363
246
360
89
363
250
358
95
359
250
358
93
359
250
358
94
359
241
359
84
361
241
359
87
361
243
362
88
365
244
360
89
363
244
358
88
361
241
372
79
378
243
370
85
375
252
356
97
357
253
352
99
354
253
352
101
354
257
353
101
354
257
353
102
354
257
353
101
355
257
353
102
355
258
353
101
354
258
353
102
354
259
353
101
354
259
353
102
354
255
353
99
354
255
353
100
355
255
353
101
354
255
353
102
354
255
353
101
355
255
353
102
355
257
356
104
358
251
357
95
358
251
357
95
359
255
359
102
362
258
364
104
368
255
361
99
363
255
361
101
363
255
361
102
363
251
361
97
363
251
361
94
364
251
361
95
364
253
358
99
359
252
361
97
363
252
361
99
363
252
361
95
364
253
359
99
359
256
361
101
363
256
361
102
363
258
360
102
363
258
360
104
363
252
357
99
359
254
361
99
363
254
361
101
363
254
361
102
363
350
353
197
352
350
353
196
353
350
353
196
352
350
366
196
364
354
350
202
349
354
349
200
349
353
350
200
349
352
349
198
349
353
367
199
365
363
346
208
345
376
353
218
352
375
357
217
355
