S36_01.png
S36_02.png
330
139
193
81
331
141
193
83
331
141
194
83
338
159
201
101
338
159
201
102
338
159
201
103
328
161
193
100
338
164
198
103
338
164
201
103
338
160
201
102
338
160
201
103
337
164
198
103
335
165
198
103
341
161
201
100
341
161
201
101
341
161
201
102
341
165
201
102
341
165
201
103
350
152
212
97
340
159
201
100
340
159
201
101
340
159
201
102
340
159
203
101
340
159
202
100
351
161
213
104
345
152
208
97
363
111
231
61
363
111
232
58
363
111
230
60
363
111
231
60
363
111
229
61
363
112
231
61
363
112
231
60
360
111
226
61
364
110
231
61
364
110
231
60
361
109
229
60
362
110
229
60
362
110
228
61
362
110
230
60
362
110
229
61
362
111
229
60
362
111
228
61
362
111
231
61
362
111
230
60
362
111
231
60
362
111
229
61
364
111
231
61
361
112
229
60
361
112
228
61
361
112
230
60
361
112
229
61
363
113
231
61
352
155
214
99
352
155
214
100
376
78
244
27
376
78
245
28
375
142
242
90
375
142
245
90
375
142
250
93
375
141
242
90
375
141
241
88
375
141
244
89
375
141
245
90
377
142
242
90
377
142
245
90
377
142
250
93
372
143
236
89
376
144
241
91
388
81
251
28
388
81
252
28
388
81
251
29
388
80
252
28
378
80
244
27
380
109
250
59
380
112
250
59
390
147
259
96
390
147
259
97
390
147
259
98
378
142
242
90
378
142
245
90
378
142
250
93
378
142
248
90
388
145
258
95
383
147
252
95
383
147
251
96
383
147
251
97
390
145
260
95
390
144
260
95
378
144
250
93
378
144
252
95
380
140
247
88
380
140
250
88
380
140
248
90
382
139
252
88
382
139
249
87
382
139
250
88
384
140
253
90
384
140
255
90
384
146
253
95
384
146
252
95
384
146
255
96
384
146
254
96
414
152
280
105
414
152
282
106
414
152
282
107
414
152
282
104
415
150
282
102
415
150
282
103
415
150
282
104
414
147
282
102
414
147
282
103
414
147
283
100
414
147
282
100
416
147
282
102
416
147
282
103
416
147
283
100
416
147
282
100
416
147
284
101
409
150
277
104
409
150
276
103
409
150
276
100
414
148
282
102
414
148
282
103
414
148
283
100
414
148
282
100
414
148
282
104
416
139
286
90
416
139
286
93
416
139
286
94
416
144
282
102
416
144
283
100
416
144
282
100
416
144
284
101
416
141
286
93
416
141
286
94
408
152
276
103
415
142
283
100
415
142
282
100
411
148
279
102
416
143
283
100
416
143
282
100
416
143
286
94
415
149
282
102
415
149
282
103
415
149
283
100
415
149
282
100
415
149
284
101
415
149
282
104
414
150
282
102
414
150
282
103
414
150
282
104
414
151
282
103
414
151
280
105
414
151
282
106
414
151
282
104
410
151
277
104
414
153
280
105
414
153
282
106
414
153
282
107
415
153
283
106
415
153
283
107
415
153
282
106
415
153
282
107
414
154
282
106
414
154
282
107
414
154
280
109
417
139
286
93
417
139
286
94
557
143
394
111
556
143
394
111
556
143
392
111
556
140
397
109
557
144
394
112
557
144
395
112
558
145
394
112
558
145
396
113
567
139
400
106
569
143
402
109
569
143
400
110
563
147
388
113
570
142
402
109
565
145
394
112
565
145
400
113
565
145
403
113
565
145
395
112
565
145
401
113
567
146
396
113
567
146
400
113
567
146
403
113
567
146
397
113
567
146
401
113
568
140
400
106
562
140
402
109
562
140
399
108
564
149
387
115
563
150
385
116
563
150
388
116
571
146
400
113
571
146
401
113
568
147
396
113
560
143
398
111
567
144
399
111
567
144
398
111
567
144
402
111
571
140
400
106
572
144
399
111
572
144
402
111
562
149
387
115
565
149
387
115
561
141
397
109
560
146
396
113
568
139
400
106
564
151
387
118
561
142
397
109
563
153
386
120
600
147
436
114
