Test1500.jpg
Test1501_lg_1.jpg
367
235
409
238
367
235
406
238
367
235
406
239
77
222
90
221
353
286
390
298
242
152
268
148
423
188
470
190
371
233
411
237
237
139
263
134
265
287
292
296
60
209
77
213
78
221
90
221
234
146
259
139
425
188
474
190
368
234
407
237
368
234
409
238
368
234
406
238
368
234
406
239
368
234
405
238
373
282
411
294
239
152
266
147
239
152
265
147
236
152
263
147
353
287
390
298
510
272
569
283
510
272
570
284
510
272
570
283
370
233
407
237
370
233
406
238
370
233
411
237
370
234
409
238
370
234
411
238
370
234
411
237
370
234
410
238
365
238
406
241
509
272
569
283
298
252
332
254
270
291
300
299
76
221
89
221
78
217
91
217
75
220
88
219
90
207
104
207
233
145
259
139
372
233
409
238
372
233
411
237
371
235
413
237
371
235
412
238
427
189
477
191
