Test1027.jpg
Test1028.jpg
49
208
106
208
49
208
105
209
49
208
105
208
47
211
105
209
47
211
105
210
47
211
105
208
50
210
106
208
50
210
106
210
50
210
108
210
50
210
109
209
50
210
107
210
47
210
105
209
47
210
105
210
47
210
105
208
48
210
106
208
48
210
105
209
48
210
105
210
48
210
105
208
48
211
106
208
48
211
105
209
48
211
106
210
48
211
105
210
52
211
109
212
72
139
130
138
72
141
129
140
72
141
130
140
74
142
130
141
73
138
130
138
72
140
128
140
72
140
129
139
73
142
130
141
75
142
130
141
68
154
125
155
68
154
122
155
68
154
123
156
68
154
125
154
68
154
123
155
67
156
121
157
67
156
123
156
71
153
126
154
65
158
119
161
65
156
119
160
65
156
120
157
65
156
121
157
66
156
121
157
66
156
123
156
69
154
125
155
69
154
126
154
69
154
123
156
69
154
125
154
69
154
123
155
69
155
123
156
66
155
122
155
66
155
121
157
66
155
123
156
66
155
123
155
85
132
141
133
80
130
136
130
84
135
140
134
84
135
139
134
84
135
138
135
84
135
139
135
83
135
138
135
83
135
139
135
85
128
140
128
83
132
137
133
86
133
141
133
84
134
140
134
84
134
139
134
88
134
141
133
89
135
141
133
84
128
140
128
81
133
137
133
82
134
137
133
86
175
141
175
86
175
140
174
87
175
141
175
87
175
140
174
87
175
141
174
81
174
131
174
81
174
131
175
81
174
132
175
81
174
131
176
81
174
132
174
89
175
141
175
89
175
140
174
89
175
141
174
78
176
131
177
78
176
130
177
82
176
131
174
82
176
131
175
82
176
132
175
82
176
132
174
82
174
132
174
88
174
141
175
88
174
140
174
88
174
141
174
88
175
141
175
88
175
140
174
88
175
141
174
89
174
141
175
89
174
140
174
89
174
141
174
78
175
131
177
78
175
130
176
78
175
130
177
78
175
131
176
87
174
141
175
87
174
140
174
87
174
141
174
102
122
154
121
103
119
160
119
103
119
159
119
103
119
158
120
108
118
160
119
108
118
161
119
109
121
160
119
109
121
159
119
109
121
161
119
108
122
158
120
107
119
160
119
107
119
159
119
107
119
161
119
112
121
161
119
111
172
165
173
111
172
162
172
111
172
163
172
111
172
165
174
111
172
164
174
111
172
164
172
111
170
162
170
111
170
162
172
111
170
163
172
111
170
164
172
115
174
168
173
115
174
169
175
115
161
168
161
110
174
161
173
110
174
160
173
113
174
165
173
113
174
163
172
113
174
165
174
113
174
166
174
109
173
161
173
109
173
160
173
111
173
162
172
111
173
163
172
111
173
165
174
111
173
164
174
112
173
165
173
112
173
162
172
112
173
163
172
112
173
165
174
112
173
164
174
112
173
164
172
112
173
166
174
105
174
156
174
105
174
157
174
106
174
158
173
106
174
156
174
106
174
157
174
107
174
158
173
107
174
160
173
107
174
157
174
108
174
161
173
108
174
158
173
108
174
160
173
114
172
167
173
114
172
165
170
114
172
168
173
114
174
165
173
114
174
165
174
114
174
164
172
114
174
166
174
117
174
169
174
117
174
168
173
117
174
169
173
117
174
170
174
117
174
169
175
117
207
168
206
117
207
171
207
117
207
170
205
114
203
165
202
114
203
165
201
112
206
165
207
113
206
165
207
121
120
170
120
121
120
170
119
121
120
171
121
121
120
176
119
121
120
173
120
121
120
170
121
120
118
169
118
120
118
170
117
120
118
170
119
120
118
171
118
120
118
173
118
118
122
166
121
121
121
167
121
120
115
168
114
123
120
170
122
123
120
170
120
123
120
170
119
123
120
171
121
123
120
176
119
123
120
173
120
123
120
170
121
123
120
171
122
121
119
170
119
123
121
170
122
123
121
170
120
123
121
175
122
123
121
171
121
123
121
176
119
123
121
173
122
123
121
173
120
123
121
170
121
123
121
171
122
121
118
169
118
121
118
170
119
121
118
171
118
121
118
173
118
118
120
166
119
118
120
166
121
118
120
169
118
118
120
170
119
118
120
171
118
118
120
173
118
118
187
170
186
122
185
173
184
122
185
173
183
123
179
173
179
123
179
173
178
123
179
173
177
128
177
181
177
118
175
167
173
118
175
169
174
118
175
168
173
118
175
169
173
118
175
170
174
118
175
169
175
122
186
173
186
122
186
173
184
119
182
169
179
129
177
181
177
123
178
173
178
123
178
173
176
123
178
173
177
117
176
166
174
117
176
169
175
117
176
170
177
123
174
173
174
123
180
173
179
123
180
173
178
123
180
173
180
126
177
176
176
129
185
180
184
129
185
181
184
129
185
184
185
123
182
176
181
123
182
173
180
123
182
173
181
127
182
181
182
118
183
169
182
130
187
179
186
130
187
182
187
130
175
183
175
119
175
169
174
119
175
169
173
119
175
170
174
117
180
169
179
120
175
169
173
120
175
170
174
120
175
173
175
119
180
171
179
119
180
169
179
120
180
171
179
120
180
173
180
123
176
173
174
123
176
173
175
123
176
173
176
123
176
176
176
123
177
173
175
123
177
173
176
123
177
173
177
119
185
169
182
119
185
170
184
130
180
183
180
130
180
185
180
130
180
184
180
123
175
173
174
123
175
173
175
118
174
169
174
118
174
169
173
118
174
170
174
128
182
181
182
128
182
182
182
120
187
173
186
120
187
170
184
120
187
170
186
117
183
169
182
118
178
171
179
118
178
170
177
130
185
180
184
130
185
181
184
130
185
184
185
128
187
179
186
128
187
178
186
128
187
182
187
126
201
176
200
118
200
171
200
118
200
171
201
120
201
171
202
120
201
171
200
120
201
171
201
120
204
170
204
120
204
175
205
121
200
171
200
121
200
176
200
120
203
171
202
120
203
171
203
118
207
168
206
118
207
171
207
118
207
170
205
120
207
171
207
126
208
175
208
121
205
170
205
121
205
175
205
125
205
175
205
119
206
171
207
125
206
175
205
139
117
202
116
142
120
205
119
142
120
203
119
138
150
185
150
130
156
183
154
140
151
188
151
140
151
190
151
131
156
183
154
131
156
182
156
143
149
195
148
132
149
182
149
137
150
185
150
140
153
189
153
132
154
183
152
132
154
184
152
132
154
183
154
139
160
189
158
139
158
191
156
139
158
190
156
133
159
183
159
141
151
188
151
141
151
190
151
135
152
185
150
135
152
183
152
135
152
184
152
132
161
182
161
132
161
183
159
139
153
189
153
131
161
182
161
131
161
183
159
130
158
182
156
133
154
183
152
133
154
184
152
133
154
183
154
140
158
191
156
133
161
185
159
133
161
183
159
133
161
184
159
138
160
189
158
138
155
187
155
138
155
189
153
133
171
184
171
133
171
185
171
136
162
186
162
135
164
186
162
134
186
181
184
134
186
184
185
133
176
186
176
133
176
183
175
132
180
183
180
132
180
185
180
132
180
184
180
137
176
188
176
136
179
186
178
134
176
185
175
134
176
186
176
134
176
183
175
131
178
181
177
131
178
183
177
131
178
184
178
134
181
185
180
134
181
184
180
131
185
181
184
131
185
184
185
132
178
181
177
132
178
183
177
132
178
184
178
135
181
185
180
135
181
184
180
133
183
186
183
131
200
181
200
133
200
181
200
153
115
201
115
152
119
207
119
152
119
206
118
152
119
215
119
152
119
215
118
152
119
209
119
152
119
216
118
152
117
203
117
152
117
205
117
152
117
207
117
152
117
202
116
152
117
203
116
152
117
201
117
152
117
209
117
154
115
201
115
154
115
202
116
154
115
209
116
146
121
206
120
146
121
208
120
146
121
211
120
155
113
203
114
154
116
202
116
154
116
209
117
154
116
209
116
155
116
202
116
155
116
209
117
155
116
209
116
155
116
211
116
149
117
203
117
149
117
205
117
153
114
203
114
144
116
202
116
152
113
203
114
155
118
215
118
155
118
209
119
155
118
216
118
152
121
206
120
152
121
208
120
152
121
207
121
152
121
209
120
152
121
211
120
152
121
215
120
152
121
216
120
152
121
209
121
152
121
211
121
152
121
214
121
155
115
201
115
155
115
202
116
145
116
202
116
145
116
203
116
146
116
202
116
146
116
203
116
147
116
202
116
147
116
203
116
147
116
201
117
150
114
201
115
148
117
203
117
148
117
205
117
150
113
203
114
150
117
203
117
150
117
205
117
150
117
207
117
150
117
202
116
150
117
203
116
150
117
201
117
147
121
206
120
147
121
208
120
147
121
211
120
154
117
207
117
154
117
202
116
154
117
203
116
154
117
209
117
154
117
209
116
155
117
207
117
155
117
202
116
155
117
203
116
155
117
209
117
155
117
209
116
145
122
207
121
145
122
216
121
145
122
209
121
145
122
211
121
145
122
214
121
150
115
201
115
150
115
205
115
150
115
209
115
149
118
203
117
149
118
206
118
149
118
215
118
152
118
203
117
152
118
205
117
152
118
201
117
152
118
209
117
152
118
215
118
152
118
216
118
153
119
207
119
153
119
206
118
153
119
206
120
153
119
208
120
153
119
215
119
153
119
215
118
153
119
209
119
153
119
216
118
154
136
221
137
154
136
222
137
156
148
206
148
156
148
205
148
156
136
221
137
156
136
222
137
156
136
223
137
151
151
205
150
151
151
204
150
148
153
197
153
148
153
198
153
147
150
199
149
147
150
200
149
151
149
206
148
151
149
205
148
151
149
200
149
156
150
210
149
150
151
202
149
150
151
199
151
146
150
199
149
152
149
206
148
152
149
205
148
152
149
200
149
149
200
195
199
149
200
196
199
154
199
204
200
155
199
204
200
147
200
195
199
147
200
196
199
150
200
195
199
150
200
196
199
149
198
195
199
149
198
196
199
150
198
196
199
156
199
204
200
155
201
204
200
154
374
207
365
154
374
207
366
148
372
202
359
148
372
202
361
155
370
205
362
155
370
207
365
155
370
207
361
155
370
206
364
155
370
207
359
155
370
205
360
155
370
206
360
155
370
206
359
155
370
208
365
155
370
208
361
155
370
204
360
155
370
207
362
156
375
208
363
156
375
207
365
156
375
208
365
156
375
208
361
156
375
207
366
156
375
209
364
156
375
209
361
156
375
209
367
155
376
208
363
155
376
207
365
155
376
208
365
155
376
208
361
155
376
207
366
155
376
209
361
155
376
209
367
154
370
207
365
154
370
207
361
154
370
206
364
154
370
205
360
154
370
208
365
154
370
208
361
154
370
204
360
154
370
207
362
155
373
207
365
155
373
207
361
155
373
206
364
155
373
208
365
155
373
207
362
155
373
207
366
147
375
207
365
164
120
208
120
164
120
215
119
164
120
215
118
164
120
209
119
164
120
209
120
164
120
217
119
164
120
211
120
164
120
215
120
164
120
216
120
164
120
209
121
164
120
211
121
164
120
214
121
164
120
216
118
161
120
208
120
161
120
215
119
161
120
209
119
161
120
209
120
161
120
217
119
161
120
211
120
161
120
215
120
161
120
216
120
161
120
209
121
161
120
211
121
169
119
215
119
169
119
215
118
169
119
217
119
169
119
215
120
169
119
216
120
169
119
216
118
168
116
211
116
159
117
207
117
159
117
203
116
159
117
209
117
159
117
209
116
164
121
208
120
164
121
215
119
164
121
220
120
164
121
209
120
164
121
216
121
164
121
209
122
164
121
211
120
164
121
215
120
164
121
216
120
164
121
209
121
164
121
211
121
164
121
214
121
164
121
211
122
162
118
207
117
162
118
209
117
162
118
215
118
162
118
216
118
161
119
215
119
161
119
215
118
161
119
209
119
161
119
209
120
161
119
217
119
161
119
211
120
161
119
216
118
168
119
215
119
168
119
215
118
168
119
217
119
168
119
215
120
168
119
216
120
168
119
216
118
158
120
208
120
158
120
215
119
158
120
209
119
158
120
209
120
158
120
217
119
158
120
211
120
158
120
215
120
158
120
216
120
158
120
209
121
158
120
211
121
160
120
208
120
160
120
215
119
160
120
209
119
160
120
209
120
160
120
211
120
160
120
215
120
160
120
216
120
160
120
209
121
160
120
211
121
158
116
202
116
158
116
209
117
158
116
216
116
158
116
209
116
158
116
211
116
160
115
205
115
160
115
209
115
160
115
211
116
161
118
207
117
161
118
209
117
161
118
215
118
161
118
216
118
161
115
209
115
164
115
201
115
164
115
205
115
164
115
209
115
164
115
211
116
168
118
209
117
168
118
216
116
157
116
202
116
157
116
209
117
157
116
209
116
157
116
211
116
159
119
208
120
159
119
215
119
159
119
215
118
159
119
209
119
159
119
209
120
159
119
217
119
159
119
211
120
159
119
216
118
164
119
208
120
164
119
215
119
164
119
215
118
164
119
209
119
164
119
209
120
164
119
217
119
164
119
211
120
164
119
215
120
164
119
216
118
159
114
203
114
159
114
209
115
162
116
206
116
162
116
209
117
162
116
216
116
162
116
209
116
162
116
211
116
159
120
208
120
159
120
215
119
159
120
209
119
159
120
209
120
159
120
217
119
159
120
211
120
159
120
215
120
159
120
216
120
159
120
209
121
159
120
211
121
164
116
202
116
164
116
209
117
164
116
216
116
164
116
209
116
164
116
211
116
162
114
209
115
162
120
208
120
162
120
215
119
162
120
209
119
162
120
209
120
162
120
217
119
162
120
211
120
162
120
215
120
162
120
216
120
162
120
209
121
162
120
211
121
158
117
209
117
158
117
209
116
169
120
215
119
169
120
217
119
169
120
211
120
169
120
215
120
169
120
216
120
169
120
214
121
158
121
208
120
158
121
209
120
158
121
216
121
158
121
209
122
158
121
211
120
158
121
209
121
158
121
211
121
158
121
214
121
158
121
211
122
160
121
208
120
160
121
209
120
160
121
216
121
160
121
209
122
160
121
211
120
160
121
209
121
160
121
211
121
160
121
214
121
160
121
211
122
157
118
215
118
157
118
209
119
157
118
216
118
162
121
208
120
162
121
220
120
162
121
209
120
162
121
216
121
162
121
209
122
162
121
211
120
162
121
215
120
162
121
216
120
162
121
209
121
162
121
211
121
162
121
214
121
162
121
211
122
164
122
216
121
164
122
209
122
164
122
209
121
164
122
211
121
164
122
214
121
164
122
211
122
165
139
222
139
165
136
221
137
165
136
222
137
165
136
223
137
167
135
222
135
167
135
223
135
166
137
221
137
166
137
222
137
166
137
223
137
164
136
221
137
164
136
222
137
164
136
223
137
157
139
222
139
158
137
221
137
166
139
222
139
164
141
221
141
163
136
221
137
163
136
222
137
163
136
223
137
161
142
221
141
157
148
206
148
157
148
205
148
157
148
215
148
157
148
214
148
166
148
215
148
166
148
214
148
166
148
222
148
166
148
223
148
167
146
224
146
159
137
221
137
159
137
222
137
164
143
221
143
168
135
222
135
168
135
223
135
163
138
221
137
163
138
222
139
163
143
221
143
167
137
221
137
167
137
222
137
167
137
223
137
169
142
224
142
169
142
221
141
159
144
221
143
165
141
221
141
160
144
221
143
162
138
222
139
168
144
223
144
168
144
224
144
161
149
210
149
161
149
215
148
161
149
214
148
161
149
222
148
161
149
223
148
165
194
217
197
165
194
215
197
165
194
214
197
165
194
216
197
166
194
217
197
166
194
215
197
166
194
216
197
162
191
212
192
162
191
216
195
165
200
212
199
161
193
214
197
164
193
217
197
164
193
215
197
164
193
216
195
164
193
216
197
164
189
218
193
168
194
217
197
168
194
221
198
168
194
220
198
168
194
216
195
164
191
212
192
164
191
216
195
167
189
218
193
169
192
222
196
162
193
215
197
162
193
214
197
160
190
212
192
165
189
218
191
165
189
218
193
167
194
217
197
167
194
215
197
167
194
216
197
169
190
222
194
163
191
212
192
163
191
216
195
160
195
212
199
162
198
212
199
166
196
217
197
166
196
215
197
166
196
214
197
166
196
216
197
166
214
217
213
169
222
218
220
168
219
217
217
168
219
218
217
169
215
217
213
161
216
209
215
161
216
210
214
161
216
211
214
164
216
212
214
164
216
213
214
164
216
214
214
164
216
215
215
167
219
217
217
168
217
217
215
168
217
216
215
168
217
218
215
160
220
207
219
160
220
211
219
169
217
217
215
169
217
216
215
169
217
218
215
169
217
219
215
162
218
213
216
162
215
212
214
162
215
213
214
162
215
214
214
162
215
211
214
164
219
214
217
161
217
213
216
161
217
209
216
168
215
217
213
166
219
217
217
166
217
217
215
166
217
216
215
166
217
215
215
163
376
212
363
163
376
210
365
163
376
215
361
163
376
216
366
163
376
212
366
163
376
210
367
162
379
207
366
162
379
209
364
162
379
209
367
162
379
215
369
162
379
214
370
162
379
592
367
166
377
214
364
166
377
210
365
166
377
213
361
166
377
209
364
166
377
211
361
166
377
210
367
168
374
210
365
168
374
219
369
168
374
220
367
169
373
214
364
169
373
220
367
167
379
220
370
157
375
208
363
157
375
207
365
157
375
208
365
157
375
208
361
157
375
207
366
157
375
210
365
157
375
209
364
157
375
209
361
157
375
209
367
157
375
210
367
164
376
212
363
164
376
210
365
164
376
215
361
164
376
217
363
164
376
216
366
164
376
209
364
164
376
212
366
164
376
210
367
164
376
215
369
159
371
208
363
159
371
207
365
159
371
208
365
159
371
208
361
159
371
207
366
159
371
209
364
167
377
220
370
163
378
208
365
163
378
207
366
163
378
210
365
163
378
216
366
163
378
219
369
163
378
209
364
163
378
209
367
163
378
210
367
163
378
215
369
163
378
214
370
169
369
217
363
180
118
232
119
182
119
233
119
182
119
232
119
182
119
232
118
178
118
215
118
178
118
216
118
178
118
226
117
178
118
224
119
178
118
225
117
178
118
222
118
179
118
215
118
179
118
216
118
179
118
226
117
179
118
224
119
179
118
225
117
179
118
222
118
175
117
209
117
175
117
216
116
170
117
209
117
170
117
216
116
170
117
211
116
177
117
215
118
177
117
216
118
177
117
226
117
177
117
225
117
178
117
226
117
178
117
225
117
178
117
222
118
180
120
220
120
180
120
230
119
180
120
232
120
170
119
215
118
170
119
217
119
170
119
216
118
173
119
215
118
173
119
217
119
173
119
216
118
179
119
217
119
179
119
226
117
179
119
224
119
179
119
225
117
179
119
222
118
179
119
226
119
175
116
216
116
170
120
215
119
170
120
217
119
170
120
211
120
170
120
215
120
170
120
216
120
170
120
222
118
175
118
215
118
175
118
217
119
175
118
216
118
175
118
226
117
175
118
225
117
173
121
220
120
173
121
216
121
173
121
211
121
173
121
225
121
173
121
225
120
173
121
222
121
175
121
220
120
175
121
216
121
175
121
209
122
175
121
209
121
175
121
211
121
175
121
211
122
175
121
224
119
175
121
225
121
175
121
225
120
175
121
222
121
178
121
220
120
178
121
216
121
178
121
215
120
178
121
216
120
178
121
224
119
178
121
225
121
178
121
225
120
178
121
222
121
178
121
226
119
179
121
220
120
179
121
216
121
179
121
215
120
179
121
216
120
179
121
224
119
179
121
225
121
179
121
225
120
179
121
222
121
179
121
226
119
169
134
222
135
169
134
223
135
179
134
223
135
177
135
222
135
177
135
223
135
172
134
222
135
172
134
223
135
176
135
222
135
176
135
223
135
179
138
221
137
179
138
222
137
179
138
225
138
179
138
226
138
179
138
223
137
173
136
221
137
173
136
222
135
173
136
222
137
173
136
223
135
173
136
223
137
175
141
224
142
175
141
222
139
175
141
225
142
175
141
221
141
176
148
226
147
176
148
222
148
176
148
223
148
174
146
224
146
174
137
221
137
174
137
222
135
174
137
222
137
174
137
223
137
176
142
224
142
176
142
225
142
176
142
221
141
181
145
221
143
181
145
223
144
181
145
227
145
181
145
224
144
181
145
228
145
171
138
221
137
171
138
222
137
171
138
222
139
172
136
221
137
172
136
222
135
172
136
222
137
172
136
223
137
175
144
221
143
175
144
223
144
175
144
224
144
178
138
221
137
178
138
222
137
178
138
225
138
178
138
226
138
178
138
223
137
174
141
224
142
174
141
225
142
174
141
221
141
172
145
223
144
173
139
221
137
173
139
222
139
174
139
221
137
174
139
222
137
174
139
222
139
182
148
227
147
171
145
223
144
180
145
221
143
180
145
223
144
180
145
227
145
180
145
224
144
180
145
228
145
179
147
226
147
179
147
228
147
179
147
227
147
178
140
225
138
178
140
222
139
178
140
226
140
174
148
226
147
174
148
222
148
174
148
223
148
173
141
221
141
171
136
221
137
171
136
222
135
171
136
222
137
171
136
223
137
171
147
226
147
171
147
228
147
171
147
227
147
173
145
223
144
175
137
221
137
175
137
222
135
175
137
222
137
175
137
223
135
175
137
223
137
175
146
224
146
177
142
224
142
177
142
225
142
177
142
221
141
176
144
221
143
176
144
223
144
176
144
227
145
176
144
224
144
179
136
222
135
179
136
223
135
179
136
223
137
170
149
220
149
170
149
219
149
170
149
217
149
173
190
220
191
173
190
225
192
173
190
224
192
171
195
221
198
171
195
222
198
174
193
222
196
174
197
223
196
174
197
222
196
171
192
222
194
171
192
223
194
171
192
222
196
173
193
223
196
173
193
222
196
170
188
219
189
170
188
220
191
174
200
223
198
174
200
222
198
177
198
223
196
172
199
221
198
171
197
221
198
171
197
222
198
170
190
222
194
170
190
223
194
171
190
222
194
171
190
223
194
175
193
221
193
176
200
223
198
172
197
223
198
172
197
222
198
172
188
221
189
176
191
228
192
176
191
226
192
173
195
223
196
173
195
222
196
176
198
223
196
170
197
221
198
179
212
228
210
179
209
231
208
181
210
232
208
181
210
231
208
181
212
228
210
182
212
228
210
177
223
223
220
177
223
224
220
175
216
223
213
170
219
220
217
170
219
218
217
171
220
221
218
176
220
222
218
172
217
219
215
175
222
221
220
175
222
222
220
175
222
223
220
172
220
221
218
172
220
222
218
175
220
221
218
175
220
221
217
175
220
222
218
173
222
219
219
173
222
221
220
173
222
220
220
175
223
221
220
175
223
222
220
175
223
223
220
171
217
217
215
171
217
218
215
171
217
219
215
174
218
219
215
174
218
223
216
174
218
224
216
177
214
226
212
170
215
217
213
176
223
222
220
176
223
223
220
176
223
224
220
179
214
226
212
179
214
228
212
171
215
217
213
176
216
223
213
174
220
221
218
174
220
221
217
174
220
220
217
174
220
223
218
174
220
222
218
180
214
226
212
180
214
228
212
178
214
226
212
171
222
218
220
171
222
219
220
171
222
220
220
172
222
219
219
172
222
219
220
172
222
220
220
175
368
224
363
175
368
224
365
175
368
223
365
175
368
226
362
171
367
212
363
171
367
215
361
171
367
217
363
171
367
212
366
174
363
223
361
174
366
220
363
174
366
225
362
174
366
224
363
174
366
223
361
176
366
217
363
176
366
225
362
176
366
224
363
176
366
224
365
176
366
223
365
176
366
223
361
176
366
226
362
172
367
214
364
172
367
212
363
172
367
215
361
172
367
220
363
172
367
216
366
172
367
213
361
172
367
221
363
172
367
212
366
178
369
227
365
178
369
225
367
171
371
214
364
171
371
213
361
171
371
220
367
170
370
212
363
170
370
215
361
170
370
212
366
170
370
220
367
170
370
222
366
170
370
223
365
174
374
222
371
180
375
222
370
179
379
222
374
179
379
225
371
179
379
234
370
181
373
220
373
181
373
222
370
187
118
233
119
187
118
232
117
187
118
232
119
187
118
232
118
184
122
230
119
184
122
225
121
184
122
225
120
184
122
232
120
184
122
226
119
195
122
233
119
195
122
243
121
195
122
246
122
195
122
245
121
195
122
245
122
189
115
243
116
183
120
230
119
183
120
231
119
183
120
233
119
183
120
229
118
183
120
232
119
183
120
232
120
186
119
226
117
186
119
225
117
186
119
233
119
186
119
232
117
186
119
232
119
186
119
232
118
187
119
226
117
187
119
233
119
187
119
232
117
187
119
232
119
187
119
232
118
186
118
232
117
190
119
233
119
190
119
232
117
190
119
232
119
190
119
232
118
190
119
243
121
190
119
246
122
190
119
244
120
190
119
245
121
190
119
245
122
183
118
233
119
183
118
232
117
183
118
232
119
183
118
232
118
186
120
231
119
186
120
233
119
186
120
232
119
186
120
232
118
186
120
232
120
193
122
231
119
193
122
233
119
193
122
232
119
193
122
232
118
193
122
232
120
193
122
243
121
185
118
226
117
185
118
225
117
185
118
232
117
191
148
232
146
184
148
227
147
189
150
231
148
189
150
234
149
190
150
233
148
190
150
234
149
183
148
226
147
183
148
227
147
194
369
227
366
188
375
234
370
193
378
229
369
193
378
232
369
193
378
233
368
193
378
233
369
193
378
234
370
193
378
235
369
193
378
236
369
194
375
232
369
194
375
232
368
194
375
233
368
194
375
233
369
194
375
234
370
194
375
235
369
194
375
236
369
195
379
252
379
195
379
253
378
195
379
255
381
195
379
250
379
195
379
253
380
195
379
453
404
195
379
452
404
192
374
234
370
192
374
235
369
187
377
222
374
195
376
232
369
195
376
232
368
195
376
233
368
195
376
233
369
195
376
230
369
195
376
234
370
195
376
235
369
195
376
237
369
195
376
236
369
194
378
229
369
194
378
232
369
194
378
232
368
194
378
233
368
194
378
230
369
194
378
234
370
194
378
237
369
194
378
236
369
194
378
447
407
188
372
229
369
188
372
232
369
188
372
232
368
188
372
233
368
188
372
233
369
188
372
227
366
188
372
233
366
188
372
232
367
188
372
230
368
188
372
230
369
188
372
234
370
188
372
235
369
188
372
236
369
187
376
222
374
187
376
234
370
187
376
235
369
196
121
232
117
196
121
232
118
196
121
243
121
196
121
246
122
196
121
246
120
196
121
244
120
196
121
238
121
196
121
245
121
196
121
246
121
196
121
245
122
196
121
245
120
196
121
250
122
196
121
249
122
199
122
243
121
199
122
246
122
199
122
246
120
199
122
244
120
199
122
245
121
199
122
246
121
199
122
245
122
199
122
245
120
199
122
250
122
199
122
249
122
205
122
253
122
199
119
253
122
200
120
253
122
201
121
253
122
202
121
253
122
201
122
243
121
201
122
246
122
201
122
246
120
201
122
244
120
201
122
245
121
201
122
246
121
201
122
245
122
201
122
245
120
201
122
250
122
201
122
249
122
203
122
253
122
201
372
250
365
196
378
257
381
196
378
257
380
196
378
253
378
196
378
258
380
196
378
259
381
196
378
255
378
196
378
258
381
196
378
452
404
197
378
253
378
197
378
452
404
197
378
470
401
197
376
229
369
197
376
230
369
197
376
450
404
196
377
453
404
196
377
450
404
196
377
452
404
196
377
448
405
197
379
252
379
197
379
249
378
197
379
253
378
197
379
255
381
197
379
250
379
197
379
253
380
197
379
453
404
197
379
452
404
198
382
249
378
198
382
250
379
198
382
253
381
198
382
252
381
200
376
255
378
201
398
210
367
203
397
210
367
195
404
220
373
199
398
216
366
199
398
210
367
201
397
210
367
203
398
216
366
203
405
230
381
207
396
207
366
207
396
210
365
207
396
216
366
207
396
210
367
199
399
210
367
196
398
210
367
196
397
210
367
200
398
216
366
200
398
210
367
211
118
256
115
214
119
256
115
214
119
266
122
210
116
256
114
221
125
266
122
220
135
264
131
220
135
264
132
209
131
260
133
209
123
250
119
221
132
268
131
221
132
268
130
210
126
253
122
220
132
268
131
213
128
263
128
220
147
264
144
220
147
265
143
221
148
264
144
220
136
264
132
220
187
265
187
221
187
264
191
218
190
261
188
213
196
260
194
218
192
263
194
218
192
264
191
218
192
263
192
218
192
261
194
218
192
265
187
219
197
264
191
219
197
263
192
219
197
261
196
220
195
263
194
220
195
264
191
214
198
260
194
214
192
261
190
216
192
261
194
216
192
260
194
216
192
261
190
216
192
261
188
216
192
261
192
217
194
264
191
217
194
263
192
217
194
261
194
217
194
261
196
217
194
260
194
217
194
261
190
217
194
260
196
217
194
261
192
214
194
260
194
214
194
261
192
215
198
260
194
215
196
260
194
215
196
260
196
215
196
261
192
221
191
265
193
221
191
264
195
221
191
266
189
221
191
266
195
221
191
266
191
221
191
266
193
220
189
264
191
220
189
266
189
221
189
264
191
221
189
263
192
221
189
266
189
221
189
266
191
220
199
263
194
220
199
264
199
219
195
263
194
219
195
264
191
219
195
263
192
220
197
263
194
220
197
264
191
221
193
266
187
221
193
266
191
216
190
261
190
216
190
261
188
215
194
261
194
215
194
260
194
215
194
261
190
215
194
260
196
215
194
261
192
227
129
268
123
227
129
272
128
227
129
273
128
226
134
271
132
224
134
271
132
222
134
268
131
225
134
271
132
227
145
270
141
227
136
271
132
222
146
265
143
228
190
271
190
228
190
270
194
228
190
270
192
228
190
270
190
228
190
270
188
228
190
271
188
228
190
272
194
228
190
272
190
228
190
272
192
224
188
266
189
230
193
272
196
230
191
272
190
230
195
272
198
230
195
273
199
230
195
272
196
230
195
276
200
223
193
266
191
228
196
270
194
228
196
272
199
228
196
270
198
228
196
272
198
228
196
270
196
228
196
272
194
228
196
272
190
228
196
273
199
228
196
272
196
228
196
272
192
224
194
270
194
224
194
270
190
224
194
272
194
224
194
266
197
233
197
272
198
233
197
272
194
233
197
273
199
233
197
272
192
233
197
274
201
233
197
276
202
233
197
276
200
228
198
272
199
228
198
270
198
228
198
270
200
228
198
272
198
228
198
270
196
228
198
273
199
228
198
272
196
228
194
271
190
228
194
270
194
228
194
270
192
228
194
270
198
228
194
272
198
228
194
270
196
228
194
271
188
228
194
272
194
228
194
272
190
228
194
272
196
228
194
272
192
225
192
270
194
225
192
270
190
225
192
270
188
225
192
271
188
228
192
271
190
228
192
270
194
228
192
270
192
228
192
270
196
228
192
271
188
228
192
272
194
228
192
272
190
228
192
272
192
230
189
272
194
230
189
272
192
224
198
270
194
224
198
270
198
224
198
270
200
224
198
270
190
224
198
270
196
224
198
272
194
224
198
272
196
225
188
266
189
222
197
266
199
222
197
270
196
222
197
266
191
222
197
266
193
222
197
266
197
226
188
270
190
226
188
266
189
226
188
270
188
226
188
271
188
231
199
272
198
231
199
272
194
231
199
273
199
231
199
272
196
231
199
272
192
231
199
274
201
231
199
276
202
231
199
276
200
231
197
272
198
231
197
272
194
231
197
273
199
231
197
272
196
231
197
272
192
231
197
274
201
231
197
276
202
231
197
276
200
223
189
265
193
223
189
266
189
223
189
266
187
223
189
266
191
230
197
272
198
230
197
272
194
230
197
273
199
230
197
272
196
230
197
272
192
230
197
274
201
230
197
276
202
230
197
276
200
226
196
271
190
226
196
270
194
226
196
270
192
226
196
270
198
226
196
270
200
226
196
270
196
226
196
272
194
226
196
272
196
226
196
272
192
228
200
272
199
228
200
270
198
228
200
270
200
228
200
272
198
228
200
273
199
228
200
272
196
226
192
271
190
226
192
270
194
226
192
270
192
226
192
270
190
226
192
270
188
226
192
271
188
226
192
272
194
226
192
272
190
226
192
272
192
229
189
271
190
229
189
272
194
229
189
272
190
229
189
272
192
226
198
270
194
226
198
272
199
226
198
270
192
226
198
270
198
226
198
270
200
226
198
272
198
226
198
270
196
226
198
272
194
226
198
273
199
226
198
272
196
226
198
272
192
231
195
272
198
231
195
272
194
231
195
273
199
231
195
272
196
231
195
272
192
231
195
276
200
226
194
271
190
226
194
270
194
226
194
270
192
226
194
270
196
226
194
272
194
226
194
272
190
226
194
272
192
224
200
270
194
224
200
270
198
224
200
270
200
224
200
270
196
225
190
270
194
225
190
270
190
225
190
270
188
225
190
271
188
226
200
270
194
226
200
272
199
226
200
270
198
226
200
270
200
226
200
272
198
226
200
270
196
226
200
272
194
226
200
273
199
226
200
272
196
226
190
271
190
226
190
270
194
226
190
270
192
226
190
270
190
226
190
270
188
226
190
271
188
226
190
272
190
226
190
272
192
234
214
282
211
234
214
282
209
234
214
283
210
225
238
267
236
221
377
237
369
221
377
236
369
238
231
281
229
236
230
281
229
237
237
283
237
243
227
286
225
243
227
286
223
243
227
286
224
242
227
286
225
242
227
286
223
242
227
286
224
243
226
286
225
243
226
286
223
243
226
286
224
242
228
286
225
242
228
286
224
243
228
286
225
240
249
284
246
240
249
286
247
243
249
285
246
243
249
284
246
243
249
284
245
243
249
286
247
244
250
285
246
244
250
284
246
244
250
286
247
238
247
286
247
243
250
285
246
243
250
286
247
242
249
285
246
242
249
284
246
242
249
286
247
259
97
298
97
259
97
299
97
259
97
301
97
258
98
298
97
258
98
299
97
258
98
301
97
256
99
299
97
256
99
301
97
249
201
290
202
249
201
291
201
249
201
294
201
249
201
290
200
249
201
292
201
251
203
294
201
251
203
298
200
251
203
295
201
251
203
292
201
254
208
296
206
253
203
298
200
253
203
295
201
260
205
304
205
248
206
290
202
248
206
288
204
248
206
290
204
248
206
291
204
248
206
294
201
248
204
290
202
248
204
288
204
248
204
290
204
248
204
291
201
248
204
294
201
248
204
295
201
248
204
288
202
248
204
292
201
253
208
296
206
253
208
295
206
258
208
304
207
258
208
304
205
247
204
286
204
247
204
287
204
247
204
290
202
247
204
288
204
247
204
290
204
247
204
291
201
247
204
294
201
247
204
295
201
247
204
287
202
247
204
290
200
247
204
288
202
247
204
292
201
252
201
294
201
252
201
295
201
248
209
291
206
248
209
295
206
247
201
285
200
247
201
290
202
247
201
291
201
247
201
287
202
247
201
290
200
247
201
288
202
247
201
292
201
260
210
304
207
260
210
306
207
255
203
298
200
251
211
296
206
251
211
295
206
251
201
294
201
251
201
295
201
256
203
298
200
247
209
291
206
247
209
287
207
259
226
302
226
256
216
299
215
254
226
299
226
258
218
304
215
258
218
302
215
254
216
297
213
254
216
299
215
255
216
297
213
255
216
299
215
260
226
302
226
260
226
303
225
256
226
300
226
259
223
304
223
257
218
299
215
257
218
302
215
252
216
297
213
268
99
313
95
268
99
313
94
270
97
313
93
273
206
316
201
273
206
316
200
273
206
315
201
269
206
312
201
269
206
316
201
269
206
314
201
269
206
315
201
268
201
312
201
269
201
312
201
271
206
316
201
271
206
314
201
271
206
315
201
262
207
304
207
262
207
304
205
273
201
316
200
262
210
304
207
262
210
306
207
261
205
304
205
270
201
312
201
270
201
316
200
272
201
316
200
272
201
314
201
267
207
313
206
264
210
306
207
267
204
312
201
269
204
312
201
269
204
316
201
269
204
316
200
269
204
314
201
269
204
315
201
263
210
306
207
270
204
312
201
270
204
316
201
270
204
316
200
270
204
314
201
270
204
315
201
269
225
312
222
263
223
307
223
263
223
306
223
263
223
305
223
262
226
303
225
262
226
304
223
262
226
305
223
263
220
304
215
261
218
304
215
261
226
303
225
268
225
312
222
265
223
307
223
262
218
304
215
261
223
304
223
261
223
306
223
261
223
305
223
267
228
312
225
267
228
312
222
267
228
309
225
267
228
312
227
273
231
316
230
273
231
317
230
273
231
317
229
271
230
312
225
271
230
312
227
271
230
314
228
271
230
315
227
271
230
316
230
271
230
317
229
271
230
314
230
271
230
315
230
271
230
316
227
263
231
309
225
263
231
307
230
263
231
308
230
263
231
309
228
263
231
305
228
263
231
308
228
263
231
304
228
263
231
307
228
262
233
307
230
262
233
303
231
262
233
308
230
262
233
305
228
262
233
308
228
262
233
304
228
262
233
303
230
262
233
307
228
269
230
312
225
269
230
312
227
269
230
309
228
269
230
312
230
269
230
310
228
269
230
314
228
269
230
315
227
269
230
313
230
269
230
314
230
273
233
317
232
273
233
316
230
273
233
317
230
273
233
317
229
273
233
317
231
262
231
307
225
262
231
307
230
262
231
305
228
262
231
308
228
262
231
304
228
262
231
303
230
262
231
303
228
262
231
307
228
269
228
312
225
269
228
312
222
269
228
312
227
269
228
310
228
269
228
314
228
272
227
315
227
272
227
316
227
266
231
312
225
266
231
309
225
266
231
307
230
266
231
312
227
266
231
308
230
266
231
309
230
266
231
309
228
266
231
308
228
266
231
310
228
266
231
307
228
268
233
312
227
268
233
309
230
268
233
312
230
268
233
310
228
268
233
314
228
268
233
313
230
268
233
314
230
266
228
312
225
266
228
312
222
266
228
309
225
266
228
307
225
266
228
308
228
266
228
307
228
272
230
314
228
272
230
315
227
272
230
316
230
272
230
317
229
272
230
316
227
260
231
302
226
260
231
303
225
260
231
303
231
260
231
305
228
260
231
301
228
260
231
302
230
260
231
304
228
260
231
303
230
260
231
303
228
262
228
303
225
262
228
305
228
262
228
304
228
262
228
303
228
270
228
312
225
270
228
312
222
270
228
312
227
270
228
314
228
270
228
315
227
264
231
309
225
264
231
307
230
264
231
308
230
264
231
309
230
264
231
309
228
264
231
305
228
264
231
308
228
264
231
310
228
264
231
307
228
265
231
309
225
265
231
307
230
265
231
308
230
265
231
309
230
265
231
309
228
265
231
308
228
265
231
310
228
265
231
307
228
265
228
309
225
265
228
307
225
265
228
307
228
273
229
315
227
273
229
316
227
273
232
316
230
273
232
317
230
273
232
317
229
273
232
317
231
271
228
312
225
271
228
314
228
271
228
315
227
271
228
316
227
264
233
307
230
264
233
308
230
264
233
309
230
264
233
309
228
264
233
305
228
264
233
308
228
264
233
310
228
264
233
307
228
264
228
307
223
264
228
309
225
264
228
307
225
264
228
305
228
264
228
307
228
269
233
312
227
269
233
312
230
269
233
310
228
269
233
314
228
269
233
313
230
269
233
314
230
269
233
315
230
270
233
312
227
270
233
312
230
270
233
314
228
270
233
316
230
270
233
313
230
270
233
314
230
270
233
315
230
268
228
312
225
268
228
312
222
268
228
309
225
268
228
312
227
271
233
312
230
271
233
314
228
271
233
315
227
271
233
316
230
271
233
317
229
271
233
313
230
271
233
314
230
271
233
315
230
260
238
302
233
260
238
302
234
260
238
302
235
260
238
304
237
260
238
304
235
260
238
304
238
260
240
302
234
260
240
302
235
260
240
304
237
260
240
304
239
260
240
304
235
260
240
304
238
263
251
306
248
260
252
304
251
260
252
303
251
274
93
318
86
274
94
318
86
283
147
324
144
282
148
324
145
279
233
322
227
284
238
325
236
284
238
325
235
283
239
325
235
277
259
324
256
286
261
331
259
279
259
324
256
285
259
324
256
275
260
311
258
281
258
324
256
273
260
311
258
273
260
319
257
283
262
331
259
283
262
328
259
286
175
331
174
286
175
329
175
287
176
331
174
287
176
329
175
290
176
331
174
286
176
331
174
286
176
329
175
286
176
327
177
290
198
332
194
289
197
332
194
292
190
336
189
298
203
341
201
298
203
343
200
298
203
340
203
296
202
338
204
296
202
341
201
296
202
339
200
296
202
340
203
297
201
341
201
297
201
343
200
297
201
339
200
297
201
340
203
299
203
341
201
299
203
343
200
294
226
335
225
294
226
335
224
294
226
337
225
294
226
338
225
294
226
335
222
299
247
342
243
299
247
341
243
296
252
336
250
294
246
341
243
294
252
335
249
294
252
333
249
294
252
336
250
294
252
332
250
289
247
330
244
289
247
328
243
289
247
329
244
289
247
331
243
295
252
335
249
295
252
333
249
295
252
336
250
295
252
332
250
292
253
335
249
292
253
333
249
292
253
336
250
292
253
332
250
290
254
332
250
289
261
328
259
296
259
339
257
287
258
324
256
296
256
336
254
294
261
335
259
294
261
340
258
310
220
354
215
310
220
354
216
310
220
355
216
311
220
354
215
311
220
354
216
311
220
355
214
311
220
355
216
311
218
354
215
311
218
354
216
311
218
355
214
311
218
355
216
312
218
354
215
312
218
354
216
312
218
355
214
312
218
355
216
312
219
354
215
312
219
354
216
312
219
355
214
312
219
355
216
311
217
354
215
311
217
354
216
311
234
354
233
311
234
357
230
311
234
354
230
311
234
354
232
310
236
354
233
310
236
354
232
310
233
353
229
310
233
354
230
310
233
354
228
310
233
354
232
305
231
354
226
311
232
353
229
311
232
357
227
311
232
354
230
311
232
357
228
311
232
354
228
311
232
354
227
311
232
354
232
304
234
354
226
304
234
353
229
304
234
354
227
310
230
354
226
310
230
353
229
310
230
354
228
310
230
354
227
311
230
354
226
311
230
353
229
311
230
357
227
311
230
354
230
311
230
354
228
311
230
354
227
311
238
354
233
310
234
353
229
310
234
354
233
310
234
354
230
310
234
354
232
311
229
354
225
311
229
354
226
311
229
353
229
311
229
354
228
311
229
354
227
303
235
353
229
303
235
354
228
304
235
353
229
304
235
354
228
304
235
354
227
311
228
354
225
311
228
354
226
311
228
354
227
311
235
357
232
311
235
354
233
311
235
354
230
311
235
354
232
310
231
353
229
310
231
354
228
310
231
354
227
311
237
357
232
311
237
354
233
311
237
354
232
310
239
354
233
311
231
353
229
311
231
357
227
311
231
354
230
311
231
354
228
311
231
354
227
315
179
359
176
323
186
364
183
318
179
359
176
317
184
360
181
317
184
359
181
317
184
360
178
320
178
364
175
320
178
363
175
312
182
355
179
312
182
354
179
312
174
355
174
313
185
355
182
313
185
357
179
313
185
356
182
319
181
360
178
319
181
362
178
319
181
363
178
320
181
362
178
320
181
363
178
320
181
364
178
317
187
360
184
317
187
359
184
317
187
362
181
317
187
361
184
320
187
362
184
320
187
364
183
320
187
361
184
316
182
360
178
316
182
358
179
316
182
357
179
316
182
359
176
312
185
355
182
312
185
354
182
312
185
356
182
317
179
358
176
317
179
359
176
319
187
362
184
319
187
363
181
319
187
361
184
320
184
362
181
320
184
363
181
312
177
355
174
312
177
354
174
319
184
362
181
319
184
363
181
319
184
363
178
314
185
358
179
314
185
356
182
321
184
362
181
321
184
363
181
315
182
358
179
315
182
357
179
313
188
357
184
313
188
355
185
320
192
363
186
320
192
364
186
314
190
358
187
314
190
356
187
321
189
364
183
321
189
363
186
321
189
364
186
323
189
364
186
321
192
363
186
321
192
364
186
316
193
359
187
316
193
360
187
317
193
361
187
317
193
360
187
317
190
362
184
317
190
360
184
317
190
359
187
317
190
360
187
317
190
361
184
318
190
362
184
318
190
361
187
318
190
360
187
318
190
361
184
312
188
355
182
312
188
355
185
312
188
354
185
312
188
356
182
327
226
370
226
325
227
370
226
328
227
370
226
328
228
371
226
326
228
370
226
325
226
370
226
335
236
378
233
335
237
378
233
341
237
383
234
350
232
396
225
360
178
405
174
360
178
404
174
360
175
403
171
360
175
405
171
362
175
405
171
362
175
406
171
362
178
405
174
362
178
404
174
361
175
403
171
361
175
405
171
361
175
406
171
359
178
404
174
361
178
405
174
361
178
404
174
359
175
403
171
353
206
396
202
353
204
396
202
356
216
397
209
360
224
402
219
354
218
396
212
354
218
396
211
354
218
396
213
351
219
396
213
351
219
393
216
351
219
395
215
351
219
395
216
351
219
394
216
351
219
395
214
351
219
394
217
352
215
396
210
353
219
396
212
353
219
396
211
353
219
396
213
353
219
395
215
353
219
395
214
352
217
396
210
352
217
396
211
352
217
396
213
352
217
395
214
352
216
396
210
362
395
407
389
362
395
408
391
362
395
411
392
362
395
408
389
361
388
409
383
361
388
411
387
361
388
412
388
361
388
405
383
360
391
408
387
361
386
406
382
361
386
409
383
361
386
411
383
366
393
408
387
367
391
408
387
373
395
408
387
367
394
408
387
365
389
405
383
372
395
409
383
372
395
408
387
372
395
411
383
372
395
405
383
366
392
408
387
374
394
420
391
374
394
421
392
369
412
434
395
378
395
422
390
378
395
420
391
378
395
417
392
378
395
421
392
385
393
408
391
384
392
408
391
385
392
408
391
381
394
407
389
381
394
408
391
381
394
408
389
381
394
437
391
381
394
436
391
381
394
436
390
386
391
408
391
378
393
421
392
385
394
408
391
386
394
408
391
387
394
408
391
383
397
413
392
383
397
414
393
383
397
415
394
383
397
414
395
382
407
420
394
382
407
417
392
382
407
417
391
381
397
420
391
381
397
417
392
385
397
408
391
384
404
415
394
377
397
417
392
381
407
420
391
381
407
417
392
381
407
417
391
380
397
421
392
382
408
420
394
382
408
420
391
382
408
417
392
382
408
417
391
387
411
430
394
387
411
431
394
385
411
430
394
385
411
431
394
381
410
420
394
381
410
417
392
384
409
420
394
384
409
417
392
384
409
431
394
384
410
430
394
384
410
431
394
383
410
430
394
383
410
431
394
381
409
417
392
381
409
417
391
382
409
420
394
382
409
420
391
382
409
417
392
382
409
417
391
380
410
417
392
380
410
417
391
394
75
439
66
402
77
447
68
394
390
417
392
403
394
415
394
403
394
414
395
403
394
415
395
403
394
416
395
402
394
415
394
402
394
414
395
402
394
415
395
402
394
416
395
402
394
416
396
396
389
417
392
402
395
415
394
402
395
415
395
402
395
416
395
393
403
447
397
393
403
443
400
393
403
445
401
393
403
445
397
393
403
443
401
393
403
448
398
402
398
416
396
391
405
447
397
391
405
449
399
395
404
447
397
395
404
444
398
395
404
443
400
395
404
445
401
395
404
443
402
395
404
448
397
395
404
445
397
395
404
443
401
395
404
448
398
392
406
444
394
392
406
443
394
392
406
447
397
392
406
444
398
392
406
445
397
392
406
448
398
403
194
449
190
414
196
464
188
416
196
465
188
412
193
459
189
412
193
460
189
412
390
413
392
412
390
424
393
412
390
419
395
412
390
422
395
412
390
423
395
412
390
424
395
412
390
430
394
412
390
453
392
412
390
456
392
412
389
425
395
412
389
421
395
412
389
424
393
412
389
421
394
412
389
419
395
412
389
420
395
412
389
422
395
412
389
423
395
412
389
424
395
412
388
421
395
412
388
421
394
412
388
422
395
412
388
423
395
412
388
424
395
409
391
414
393
409
391
415
394
409
391
414
395
409
391
415
395
409
391
416
395
409
391
416
396
404
395
414
393
404
395
415
394
404
395
414
395
404
395
415
395
404
395
416
395
404
395
416
396
405
391
414
393
405
391
415
394
405
391
414
395
405
391
415
395
405
391
416
395
405
393
414
393
405
393
415
394
405
393
414
395
405
393
415
395
405
393
416
395
404
394
415
394
404
394
414
395
404
394
415
395
404
394
416
395
405
394
415
394
405
394
414
395
405
394
415
395
405
394
416
395
410
394
416
396
411
389
421
395
411
389
422
393
411
389
424
393
411
389
420
394
411
389
421
394
411
389
419
395
411
389
420
395
411
389
422
395
411
389
431
394
409
390
413
392
409
390
414
393
409
390
415
394
409
390
415
395
409
390
416
395
409
390
430
394
409
390
431
394
415
390
419
395
415
390
423
395
415
390
450
395
415
390
453
396
415
390
456
392
406
391
414
393
406
391
415
394
406
391
415
395
406
391
416
395
410
391
414
393
410
391
415
394
410
391
414
395
410
391
415
395
410
391
416
395
410
391
416
396
410
391
432
395
412
392
413
392
412
392
414
393
412
392
416
396
408
393
414
393
408
393
415
394
408
393
414
395
408
393
415
395
408
393
416
395
408
393
416
396
407
394
414
393
407
394
415
394
407
394
414
395
407
394
415
395
407
394
416
395
407
394
416
396
407
395
414
393
407
395
415
394
407
395
414
395
407
395
415
395
407
395
416
395
407
395
416
396
426
65
472
57
426
66
472
57
426
66
471
57
420
199
469
191
423
192
468
188
423
192
469
188
424
198
471
194
424
198
472
191
419
196
468
188
419
196
469
188
422
192
467
188
424
192
471
187
417
193
465
188
418
196
467
188
423
208
471
201
427
215
474
208
428
215
474
208
420
219
468
211
424
215
472
208
425
215
472
208
425
215
474
208
428
230
475
227
428
230
475
226
416
402
440
404
425
399
249
378
425
399
253
378
425
399
255
378
425
399
250
379
425
399
453
404
425
399
452
404
425
399
455
406
425
399
455
401
425
399
462
395
425
399
468
401
425
399
468
397
425
399
469
400
425
399
468
400
418
399
440
404
418
395
455
399
420
395
455
399
423
398
453
404
423
398
455
399
421
395
455
399
416
399
440
404
421
399
434
408
421
399
461
394
421
399
462
395
421
399
462
394
421
399
468
397
422
399
462
395
422
399
468
397
424
399
453
404
424
399
451
405
424
399
462
395
424
399
468
397
424
399
469
400
424
399
468
400
417
403
440
404
436
173
483
169
436
173
482
168
436
173
482
169
434
170
481
166
434
170
481
165
434
170
482
165
433
171
481
166
433
171
481
165
432
161
481
155
432
161
482
155
437
170
482
165
440
170
486
165
435
170
481
166
435
170
481
165
435
170
482
165
432
164
481
158
434
167
483
161
434
167
481
162
434
167
482
162
433
167
481
162
436
167
483
161
436
167
482
162
436
174
483
169
436
174
482
168
436
174
481
169
436
174
482
169
431
168
481
162
441
163
488
158
440
166
486
161
437
163
484
158
434
174
481
169
439
170
486
165
431
161
481
155
431
161
482
155
432
171
481
165
433
164
481
158
434
164
481
158
434
164
483
158
440
163
486
158
437
167
482
165
435
174
482
168
435
174
481
169
435
174
482
169
433
181
481
176
434
177
482
172
432
181
481
176
433
177
482
172
433
205
480
197
433
207
480
200
431
208
478
200
433
210
480
203
431
215
478
207
431
216
479
209
431
216
479
207
431
216
480
209
431
217
479
209
431
217
477
211
431
217
478
211
431
217
480
209
431
217
480
211
431
217
479
210
431
217
479
212
432
215
479
207
431
219
478
211
431
219
478
213
431
219
480
211
431
219
479
212
431
219
479
213
442
156
489
150
442
156
490
150
444
162
490
157
444
162
489
157
450
231
499
222
463
221
513
213
463
220
513
213
465
228
513
218
465
228
513
217
494
425
551
430
492
428
550
433
492
428
548
433
494
441
549
441
501
70
556
56
496
64
553
50
497
248
547
245
495
424
551
430
497
425
552
432
499
426
554
434
499
426
556
433
500
427
554
434
500
427
556
433
505
425
559
433
505
425
559
435
505
425
564
430
505
425
566
429
505
425
561
431
505
425
560
430
505
425
561
430
505
425
567
424
505
425
562
431
505
425
563
430
507
422
564
430
507
422
571
427
507
422
572
425
507
422
566
429
507
422
568
423
507
422
572
424
507
422
569
426
507
422
568
427
507
422
567
424
507
422
570
424
507
422
570
426
507
422
572
426
502
431
559
433
502
431
559
435
502
431
558
437
503
428
559
435
503
428
558
437
501
429
559
435
501
429
558
437
496
426
552
432
504
426
559
433
504
426
559
435
504
426
558
437
504
426
564
430
504
426
566
429
504
426
561
431
504
426
560
430
504
426
561
430
504
426
562
431
504
426
563
430
506
427
566
433
506
427
562
431
496
421
551
430
498
423
552
432
502
428
559
433
502
428
559
435
502
428
558
437
502
428
566
429
503
424
559
433
503
424
561
431
503
424
560
430
501
430
559
433
501
430
559
435
501
430
558
437
502
430
559
433
502
430
559
435
502
430
558
437
501
426
556
433
501
426
558
437
501
433
558
437
505
426
559
433
505
426
564
430
505
426
566
429
505
426
561
431
505
426
561
430
505
426
562
431
505
426
563
430
500
421
560
421
510
419
572
425
510
419
568
423
510
419
572
424
510
419
569
426
510
419
568
427
510
419
567
424
510
419
570
426
510
419
576
420
510
419
574
421
510
419
598
428
507
418
565
422
512
416
576
420
512
416
577
420
508
417
565
422
520
411
580
419
520
411
581
420
519
412
578
420
511
417
576
420
511
417
577
420
514
418
571
427
514
418
572
426
512
418
568
423
512
418
569
426
512
418
576
420
512
418
574
421
517
434
569
434
517
434
571
434
517
434
570
434
520
429
569
434
520
429
571
434
520
429
570
432
520
429
570
434
511
428
569
434
511
428
571
434
511
428
570
434
520
425
569
434
520
425
571
434
520
425
570
432
520
425
570
434
520
425
571
430
509
428
569
434
509
428
567
434
509
428
571
434
509
428
570
432
509
428
570
434
509
428
571
430
514
431
569
434
514
431
571
434
514
431
570
434
514
432
569
434
514
432
571
434
514
432
570
434
510
430
569
434
510
430
571
434
510
430
570
434
511
431
569
434
511
431
567
434
511
431
571
434
511
431
570
432
511
431
570
434
511
431
571
430
511
427
569
434
511
427
571
434
511
427
570
432
511
427
570
434
511
427
571
430
520
433
569
434
520
434
569
434
520
434
570
434
512
430
569
434
512
430
571
434
512
430
570
432
512
430
570
434
512
430
571
430
514
430
569
434
514
430
571
434
514
430
570
434
516
430
569
434
516
430
571
434
516
430
570
434
519
430
569
434
519
430
571
434
519
430
570
432
519
430
570
434
510
429
569
434
510
429
571
434
510
429
570
434
512
431
569
434
512
431
567
434
512
431
571
434
512
431
570
432
512
431
570
434
512
431
571
430
513
431
569
434
513
431
571
434
513
431
570
434
512
429
569
434
512
429
571
434
512
429
570
432
512
429
570
434
512
429
571
430
513
429
569
434
513
429
571
434
513
429
570
432
513
429
570
434
513
429
571
430
514
425
569
434
514
425
571
434
514
425
570
432
514
425
570
434
514
425
571
430
515
429
569
434
515
429
571
434
515
429
570
434
514
429
569
434
514
429
571
434
514
429
570
434
516
429
569
434
516
429
571
434
516
429
570
434
517
427
569
434
517
427
571
434
517
427
570
434
518
433
569
434
518
433
571
434
518
433
570
434
511
459
569
460
515
459
575
460
520
450
576
451
517
460
575
460
520
455
577
455
514
461
571
461
529
76
584
62
520
79
576
65
520
80
576
65
531
77
587
64
520
78
576
65
528
74
586
62
531
76
586
62
520
92
576
75
520
92
577
76
522
94
578
77
521
92
578
77
521
92
577
76
533
87
590
74
520
90
576
73
520
90
576
75
520
90
577
76
520
88
576
73
521
94
577
76
532
94
589
80
532
94
589
79
520
87
576
73
520
91
576
73
520
91
576
75
520
91
577
76
522
92
578
77
520
89
575
72
520
89
576
73
520
89
576
75
520
89
577
76
524
404
580
408
536
93
592
80
534
94
591
80
534
94
592
80
540
113
596
99
542
119
597
105
543
118
598
103
543
118
597
105
543
118
598
102
542
113
598
97
543
119
597
105
543
117
598
103
543
117
598
102
540
363
605
374
543
423
601
430
543
423
601
429
553
421
598
428
572
339
580
419
572
339
577
420
566
343
576
420
566
343
577
420
565
343
577
420
571
341
577
420
566
341
576
420
572
340
576
420
572
340
577
420
568
341
576
420
568
341
577
420
568
343
577
420
570
340
576
420
570
340
577
420
570
339
580
419
570
339
576
420
570
339
577
420
567
341
576
420
567
341
577
420
567
341
577
421
569
360
571
430
568
363
571
430
569
361
571
430
568
360
566
433
568
360
571
430
568
361
571
430
571
362
571
430
572
367
571
430
570
357
571
430
570
360
571
430
572
369
570
434
566
361
571
427
566
361
571
430
579
342
580
419
579
342
578
420
579
342
581
420
579
342
584
421
579
339
583
419
578
340
580
419
578
340
581
420
579
340
580
419
584
356
569
434
584
356
570
432
584
356
570
434
584
356
571
430
577
353
569
434
577
353
571
434
577
353
570
432
577
353
570
434
577
353
571
430
580
350
571
434
580
350
570
432
580
350
571
430
573
352
569
434
573
352
571
434
573
352
570
432
573
352
570
434
573
352
571
430
583
356
569
434
583
356
570
432
583
356
570
434
583
356
571
430
577
354
569
434
577
354
571
434
577
354
570
432
577
354
570
434
577
354
571
430
573
351
569
434
573
351
571
434
573
351
570
432
573
351
570
434
573
351
571
430
575
348
571
427
582
348
570
432
582
348
571
430
577
349
570
432
577
349
571
430
578
353
569
434
578
353
571
434
578
353
570
432
578
353
570
434
578
353
571
430
580
349
571
434
580
349
570
432
580
349
571
430
576
354
569
434
576
354
571
434
576
354
570
432
576
354
570
434
576
354
571
430
574
355
569
434
574
355
571
434
574
355
570
434
583
355
569
434
583
355
570
432
583
355
570
434
583
355
571
430
574
356
571
434
574
356
570
434
580
353
570
432
580
353
570
434
580
353
571
430
576
347
571
427
576
347
570
432
576
347
571
430
572
346
571
427
576
355
569
434
576
355
571
434
576
355
570
432
576
355
570
434
576
355
571
430
577
355
569
434
577
355
571
434
577
355
570
432
577
355
570
434
577
355
571
430
578
355
569
434
578
355
571
434
578
355
570
432
578
355
570
434
578
355
571
430
579
355
569
434
579
355
571
434
579
355
570
432
579
355
570
434
579
355
571
430
572
344
572
425
572
344
569
426
572
344
570
426
574
352
569
434
574
352
571
434
574
352
570
432
574
352
570
434
574
352
571
430
584
355
569
434
584
355
570
432
584
355
570
434
584
355
571
430
585
355
569
434
585
355
570
432
585
355
570
434
585
355
571
430
