35_35_l.jpg
35_35_r.jpg
295
211
93
209
296
211
93
209
298
213
96
211
364
15
167
15
362
17
169
17
363
20
169
19
354
193
160
189
355
194
163
191
353
191
161
188
353
191
158
187
352
191
158
187
355
193
161
189
369
61
170
55
369
61
171
52
367
61
170
55
367
61
170
51
367
61
171
52
369
63
170
55
364
180
169
177
376
185
180
181
374
185
179
181
374
185
180
181
374
185
181
180
376
188
182
184
376
180
182
176
376
180
183
176
374
180
182
176
377
198
182
196
377
198
182
197
371
199
176
197
375
199
181
197
371
201
177
199
376
197
181
196
375
198
180
195
375
198
180
196
375
198
181
196
376
199
181
197
376
199
182
197
376
199
180
196
376
198
181
197
376
198
182
196
376
198
181
196
374
200
179
198
374
200
180
198
372
201
177
199
372
201
178
199
377
197
182
196
372
230
176
228
372
230
178
227
372
230
179
228
372
230
178
229
372
230
182
229
374
230
176
228
374
230
179
228
374
230
178
229
374
230
182
229
374
226
178
225
374
226
178
223
375
225
179
223
375
225
178
223
376
225
180
222
376
225
180
223
376
225
179
223
376
225
182
222
375
226
178
225
376
224
180
222
376
224
180
223
376
224
179
223
376
224
182
222
375
230
176
228
375
230
179
228
375
230
178
229
375
230
182
229
390
183
195
178
382
178
190
176
382
178
190
175
382
178
189
176
383
180
190
176
383
180
191
177
383
180
189
176
389
181
195
178
382
179
189
176
386
243
201
243
387
245
198
244
387
244
198
244
390
216
195
216
399
247
208
245
399
247
206
245
399
247
205
244
399
247
210
244
399
248
208
245
399
248
206
246
399
248
203
245
399
248
206
245
399
248
207
246
399
248
211
245
395
246
201
243
401
247
208
245
401
247
206
245
401
247
205
244
401
247
211
245
401
247
210
244
399
249
206
246
399
249
207
246
392
244
201
243
403
249
207
246
403
249
212
246
402
244
209
243
403
246
207
243
403
246
215
244
403
246
212
244
403
246
212
243
403
246
209
243
403
246
210
244
401
245
207
243
401
245
212
243
401
245
209
243
400
247
208
245
400
247
206
245
400
247
205
244
400
247
211
245
400
247
210
244
391
243
201
243
403
245
212
243
403
245
209
243
401
248
208
245
401
248
206
245
401
248
207
246
401
248
211
245
411
247
219
244
411
247
218
244
416
248
225
246
415
245
223
243
415
245
223
242
410
254
220
251
410
254
220
252
409
248
218
245
415
243
222
240
415
243
223
240
415
243
223
241
415
249
225
246
412
250
219
247
416
244
223
241
416
244
225
241
416
244
223
242
412
247
219
244
412
247
218
244
412
256
220
252
412
256
220
253
415
247
225
244
406
248
211
245
406
248
216
246
411
245
220
243
414
255
220
251
414
255
226
254
412
245
220
243
412
245
223
243
406
245
212
243
404
250
209
247
404
246
215
244
404
246
212
244
404
246
212
243
404
246
209
243
404
246
210
244
410
250
219
247
406
246
215
244
406
246
218
244
406
246
212
243
416
252
224
248
405
247
215
244
405
247
212
244
405
247
210
244
421
234
225
233
421
234
229
231
420
240
227
236
420
240
227
237
420
240
225
238
420
240
225
237
417
235
223
234
418
237
225
233
418
237
227
234
419
239
225
236
419
239
226
236
419
239
227
236
419
239
226
235
419
239
225
238
419
239
224
236
419
239
225
237
416
240
223
238
416
240
222
237
416
240
224
236
424
240
231
237
424
240
229
238
424
240
231
238
428
243
230
243
428
243
230
242
428
243
232
240
428
243
231
241
422
234
229
231
416
231
222
230
427
234
232
232
418
233
225
230
420
243
226
241
420
243
225
241
426
240
231
237
426
240
230
240
426
240
232
237
426
240
231
238
421
236
226
235
421
236
227
234
425
236
232
232
425
236
230
235
419
234
225
233
416
238
222
235
416
238
222
237
418
238
225
236
418
238
226
235
418
238
222
237
418
238
227
234
418
238
224
236
419
243
226
241
419
243
223
241
419
243
225
241
426
243
230
242
426
243
231
241
425
243
230
242
425
243
230
240
425
243
231
241
423
239
229
238
423
239
230
235
427
239
231
237
427
239
232
237
421
235
225
233
421
235
227
234
421
235
229
231
417
241
223
238
417
241
225
238
417
241
221
239
420
236
226
235
420
236
227
234
418
236
225
233
418
236
223
234
428
240
233
238
428
240
232
240
428
240
236
235
422
241
229
238
418
245
223
243
418
245
226
241
418
245
223
242
420
247
226
244
421
244
226
241
417
244
226
241
417
244
223
241
417
244
225
241
417
244
223
242
417
246
223
243
417
246
226
244
417
246
225
244
419
252
224
248
419
252
229
250
416
260
225
256
429
263
236
259
417
260
225
256
425
268
234
265
425
268
234
264
426
269
234
265
442
205
247
204
442
205
249
204
441
206
247
204
441
206
249
204
441
204
247
203
441
204
249
203
441
204
247
204
441
204
247
202
441
204
248
203
440
205
247
203
440
205
247
204
440
205
248
203
433
234
240
231
433
234
235
234
433
234
238
232
439
238
242
235
439
238
241
237
439
238
243
235
439
238
244
235
439
238
240
237
439
238
244
234
440
233
244
231
440
233
245
231
440
233
242
231
440
233
247
231
440
233
242
230
442
237
242
235
442
237
247
234
442
237
243
235
442
237
244
235
442
237
244
234
442
237
246
234
442
237
249
234
441
232
244
231
441
232
245
231
441
232
242
231
441
232
247
231
431
236
236
235
431
236
235
234
431
236
238
232
433
236
236
235
433
236
238
235
439
236
242
235
439
236
242
234
439
236
243
235
439
236
244
235
439
236
244
234
435
238
242
235
435
238
242
234
435
238
238
235
435
238
236
237
435
238
240
237
431
239
233
238
431
239
232
240
431
239
236
235
431
239
238
235
431
239
236
237
436
239
242
235
436
239
238
238
436
239
241
237
436
239
240
237
440
239
241
237
440
239
244
235
440
239
240
237
438
235
244
231
438
235
242
234
438
235
238
235
438
235
244
234
438
235
242
231
436
236
242
234
436
236
238
235
440
236
242
235
440
236
242
234
440
236
247
234
440
236
243
235
440
236
244
235
440
236
244
234
440
236
246
234
442
233
244
231
442
233
245
231
442
233
247
231
431
237
236
235
431
237
235
234
431
237
238
235
439
234
244
231
439
234
245
231
439
234
242
231
439
234
242
230
435
239
238
238
435
239
241
237
435
239
236
237
435
239
240
237
430
235
235
234
430
235
238
232
439
239
241
237
439
239
243
235
439
239
244
235
439
239
240
237
441
239
241
237
441
239
240
237
439
240
241
237
434
241
238
238
437
232
240
231
437
232
244
231
437
232
242
231
437
232
242
230
430
242
230
242
430
242
232
240
430
242
231
241
437
233
240
231
437
233
244
231
437
233
242
231
437
233
242
230
432
269
236
267
433
267
239
264
434
267
239
264
433
264
239
261
443
182
249
179
443
182
248
181
443
182
249
180
446
185
252
184
446
185
251
182
446
185
251
183
446
185
252
182
449
180
255
180
449
180
255
179
443
190
250
190
443
190
250
189
443
190
251
191
443
190
250
192
443
190
248
192
444
185
251
186
444
185
251
183
446
181
252
182
447
187
252
184
447
187
251
183
447
187
253
183
447
188
251
183
447
188
252
188
449
178
255
179
445
190
251
191
445
190
251
192
445
190
250
192
443
191
250
190
443
191
250
189
443
191
251
191
443
191
251
192
443
191
250
192
442
186
248
188
444
181
249
179
444
181
251
182
444
181
248
181
444
181
249
180
448
187
254
185
448
187
252
184
448
187
254
186
448
187
254
187
448
187
253
183
447
181
253
181
448
188
252
184
448
188
254
190
448
188
254
186
448
188
254
187
448
188
254
189
449
179
255
180
449
179
255
179
447
189
253
190
447
189
253
191
442
190
248
188
442
190
250
190
442
190
248
189
442
190
250
189
442
190
248
192
442
190
247
192
447
184
252
182
447
184
253
183
444
190
250
190
444
190
250
189
444
190
251
191
444
190
250
192
442
181
249
179
442
181
248
181
442
181
247
180
442
181
249
180
444
191
250
190
444
191
251
191
444
191
251
192
444
191
250
192
443
199
249
198
442
192
250
190
442
192
250
192
442
192
248
192
445
204
251
204
445
204
249
203
445
204
251
203
449
192
254
190
449
192
253
191
449
192
254
191
449
192
254
192
443
198
249
197
444
198
249
197
447
193
252
192
447
193
252
193
448
196
253
196
448
196
254
197
448
196
254
196
448
199
254
200
448
199
254
199
442
198
248
197
442
198
249
197
442
198
250
197
442
198
249
198
446
201
250
200
446
201
251
200
448
192
253
191
448
192
252
192
448
192
254
192
445
198
250
197
448
198
254
198
442
199
248
197
442
199
249
197
442
199
247
197
442
199
249
198
445
192
251
191
445
192
251
192
445
192
250
192
448
197
254
197
448
197
254
198
442
201
249
200
442
201
248
200
442
201
248
201
444
201
250
200
444
201
249
200
445
201
250
200
445
201
249
200
445
201
251
200
443
193
250
190
443
193
251
191
443
193
251
192
443
193
250
192
446
193
251
192
446
193
252
192
446
193
252
193
453
233
257
231
453
233
257
232
453
233
259
230
444
234
247
234
444
234
246
234
444
234
245
231
444
234
247
231
444
234
250
231
444
234
249
233
444
234
249
234
444
234
252
232
446
238
251
234
444
235
247
234
444
235
244
234
444
235
246
234
444
235
250
231
444
235
249
233
444
235
249
234
444
235
251
234
444
236
247
234
444
236
244
234
444
236
246
234
444
236
249
233
444
236
249
234
444
236
251
234
454
232
259
230
447
236
247
234
447
236
249
233
447
236
249
234
447
236
251
234
447
236
252
232
447
233
250
231
447
233
249
233
447
233
253
230
447
233
252
232
455
231
259
230
443
235
247
234
443
235
244
234
443
235
246
234
443
235
247
231
443
235
249
233
443
235
249
234
455
232
259
230
462
282
263
277
455
284
260
279
456
284
260
280
456
284
260
279
457
282
262
276
457
282
260
279
459
284
263
280
458
282
262
276
458
282
263
276
458
282
263
277
458
282
260
279
474
31
271
40
474
31
272
41
471
34
271
42
471
34
268
42
471
34
271
40
471
34
272
41
475
34
268
46
469
34
268
42
469
34
265
41
474
35
268
46
474
35
271
42
474
35
272
44
470
35
271
42
470
35
268
42
481
230
283
228
481
230
284
228
468
278
270
273
479
274
280
268
479
274
279
268
474
270
276
263
474
270
276
262
477
269
276
263
477
269
277
262
480
271
281
264
478
270
278
265
478
270
279
264
474
273
275
267
474
273
276
267
474
273
276
268
481
274
282
267
477
271
278
265
477
271
278
266
477
271
279
264
478
271
278
265
478
271
278
266
478
271
279
264
473
279
273
274
471
269
275
262
477
273
278
266
474
271
275
267
473
270
276
263
473
270
276
262
469
278
270
273
475
272
275
267
475
272
276
267
492
132
297
135
492
132
296
135
492
132
296
136
489
128
295
131
489
128
295
132
481
134
286
138
493
127
299
131
482
269
280
264
482
269
278
265
482
269
280
263
482
269
279
264
482
269
281
264
482
269
282
264
486
267
284
262
481
260
281
257
482
267
280
264
482
267
280
263
482
267
281
261
482
267
279
264
484
268
284
262
484
268
280
264
484
268
280
263
484
268
279
264
484
268
281
264
484
268
282
264
484
267
280
264
484
267
280
263
484
267
279
264
484
267
281
264
488
268
284
262
488
268
285
263
506
132
303
135
506
132
304
135
501
134
301
137
507
131
304
134
505
132
304
136
505
132
303
135
505
132
304
135
503
133
301
137
503
133
302
137
505
133
304
136
505
133
304
137
502
134
301
139
502
134
301
138
502
134
301
137
502
134
302
137
504
137
301
139
508
131
304
134
510
133
305
136
