Test211_rot.jpg
Test212_rot.jpg
107
298
75
210
413
276
373
306
248
317
200
280
406
91
431
129
417
82
446
126
417
82
447
126
371
265
336
280
504
139
509
209
504
139
504
211
504
139
502
212
295
217
283
207
414
282
371
312
414
282
368
310
414
282
370
312
414
282
373
313
414
282
374
313
414
282
375
315
464
86
489
147
437
284
388
320
253
311
208
275
253
311
208
279
253
311
207
274
238
298
198
260
248
190
253
169
505
137
509
209
427
86
454
133
427
86
453
133
359
348
297
348
290
228
274
215
533
139
528
217
533
139
529
217
127
282
102
200
127
282
101
202
422
86
446
129
344
241
318
246
243
269
214
230
242
187
244
159
428
81
454
128
463
84
493
147
247
297
208
261
110
301
78
212
239
309
195
266
239
309
196
274
123
279
99
198
123
279
99
197
123
279
98
198
426
84
455
131
426
84
451
130
356
350
296
350
452
78
479
135
252
313
206
279
252
313
206
277
325
240
300
236
325
240
301
239
414
82
441
123
414
82
444
125
414
82
438
123
414
82
441
124
414
82
439
123
414
82
442
124
274
210
286
218
274
210
288
222
274
210
289
222
313
233
288
222
252
311
207
278
252
311
208
279
412
82
438
123
412
82
439
123
116
277
91
195
531
137
528
217
531
137
529
217
327
242
302
240
327
242
302
241
360
347
297
348
360
347
297
347
241
270
213
229
338
239
314
243
237
274
209
228
445
82
472
136
445
82
470
135
445
82
468
134
445
82
473
137
451
81
477
137
507
149
504
222
255
310
208
275
428
80
455
127
507
147
507
220
125
271
102
192
125
271
101
193
415
281
375
313
406
83
435
122
406
83
434
122
241
291
204
258
241
291
203
259
241
291
203
260
237
305
195
266
360
350
299
351
360
350
297
351
360
350
299
350
360
350
298
351
120
277
98
194
337
240
313
244
448
85
472
139
241
295
203
264
241
295
203
260
363
349
299
350
409
82
434
121
409
82
437
122
350
252
319
258
239
321
189
282
322
237
300
236
542
111
550
199
125
272
102
192
125
272
101
193
276
210
288
220
276
210
291
224
276
210
289
222
276
210
287
219
246
292
208
261
246
292
207
255
119
281
98
195
119
281
96
197
119
281
95
197
119
281
97
196
119
281
93
199
415
81
441
123
415
81
446
125
415
81
445
124
407
277
366
305
427
80
455
127
511
133
514
206
410
83
438
123
410
83
437
123
418
82
446
126
418
82
449
127
418
82
447
126
421
81
451
127
421
81
452
127
410
82
437
122
410
82
435
122
410
82
439
123
245
301
205
269
245
301
203
264
245
301
204
267
245
301
205
268
407
276
366
305
546
112
552
200
101
294
72
205
101
294
70
205
126
272
104
192
126
272
105
191
286
216
281
210
286
216
280
209
251
323
200
284
251
323
201
288
235
287
199
243
245
291
206
258
245
291
208
261
245
291
207
255
417
80
445
123
99
310
67
216
245
304
203
269
289
229
273
215
121
277
98
195
121
277
97
196
121
277
98
194
357
347
297
347
99
294
68
204
118
279
93
196
118
279
95
194
118
279
94
196
118
279
98
194
118
279
93
197
119
282
96
197
119
282
95
197
119
282
97
196
119
282
93
199
119
282
93
200
239
272
210
229
254
195
251
169
247
306
203
269
103
294
73
205
103
294
72
205
274
217
276
214
129
268
105
191
116
282
93
196
116
282
95
197
116
282
94
196
116
282
98
194
116
282
93
197
463
87
490
149
419
82
449
127
419
82
447
126
517
138
515
216
517
138
515
215
439
286
389
323
286
223
275
211
237
308
195
271
451
82
477
138
418
283
371
312
418
283
373
313
418
283
374
313
286
220
282
217
286
220
277
210
286
220
280
214
401
95
429
132
415
80
445
123
415
80
444
123
411
278
366
305
405
82
435
121
411
89
435
129
333
242
308
243
238
306
195
266
531
138
528
217
448
77
478
134
448
77
477
133
234
293
196
246
234
293
196
260
409
91
431
129
466
84
495
148
466
84
493
147
109
295
77
207
109
295
78
206
382
269
344
287
406
92
431
130
258
200
255
178
347
241
319
245
426
86
454
133
426
86
453
133
442
286
392
323
441
285
392
323
441
285
393
324
366
268
328
278
366
268
328
279
366
268
327
277
398
90
428
126
247
305
204
267
502
143
502
214
410
91
431
129
410
91
435
131
118
276
95
194
118
276
96
193
344
242
318
247
234
288
199
243
234
288
198
246
288
222
282
217
288
222
277
210
288
222
280
214
465
87
490
149
343
250
313
253
121
276
100
193
121
276
98
194
123
278
99
197
101
313
66
219
255
200
252
177
318
238
292
229
112
281
91
195
112
281
87
196
112
281
86
197
336
241
312
245
363
266
326
276
363
266
327
277
361
351
299
351
361
351
297
351
361
351
299
350
361
351
298
351
395
278
351
298
505
142
506
214
255
313
207
278
255
313
208
279
423
81
452
127
365
269
325
277
365
269
327
280
365
269
327
279
365
269
327
278
365
269
330
282
365
269
328
281
248
308
203
269
422
84
451
130
243
288
205
258
243
288
205
254
104
285
87
196
104
285
85
196
104
285
81
197
104
285
84
197
104
285
82
196
317
235
294
229
317
235
292
226
317
235
293
227
339
242
314
246
100
295
72
205
100
295
70
205
120
281
96
197
452
82
477
138
371
263
340
281
254
192
253
167
278
211
288
220
401
281
355
302
401
281
356
303
427
83
454
130
515
137
514
215
515
137
512
215
515
137
510
216
515
137
515
215
288
226
274
213
354
265
316
269
541
112
550
199
541
112
549
200
121
278
98
195
121
278
96
197
121
278
95
197
121
278
97
196
374
267
337
282
108
281
84
194
108
281
86
194
369
260
336
276
75
148
103
58
252
321
200
280
392
272
351
293
440
287
389
323
390
269
347
287
353
350
296
350
353
350
299
350
402
281
357
304
402
281
355
302
402
281
356
304
402
281
356
303
234
286
199
243
234
286
198
246
128
279
102
200
246
298
208
268
75
146
104
56
75
146
103
56
274
215
286
226
274
215
286
225
362
351
299
351
362
351
297
351
362
351
298
351
507
144
506
218
450
78
478
135
423
82
452
128
423
82
449
127
423
82
448
126
247
311
202
274
362
263
326
273
424
82
452
128
424
82
449
127
424
82
453
128
424
82
448
126
127
278
102
198
120
282
94
200
120
282
99
197
120
282
98
198
274
209
288
220
274
209
288
222
274
209
289
222
327
241
302
240
452
77
479
134
355
248
324
255
416
82
441
123
416
82
444
125
416
82
446
126
416
82
442
124
407
83
434
122
250
195
249
170
326
239
302
238
326
239
302
237
507
152
506
221
507
152
505
222
426
82
452
128
426
82
455
129
426
82
453
128
294
221
281
210
243
296
204
262
243
296
204
261
243
296
203
259
243
296
203
260
243
296
204
259
112
282
91
195
112
282
90
197
112
282
87
196
112
282
86
197
407
82
434
121
407
82
435
121
425
82
452
128
425
82
455
129
425
82
453
128
425
82
448
126
507
146
506
218
288
230
273
217
289
219
280
209
289
219
292
226
503
139
509
209
503
139
507
209
404
92
431
130
427
84
455
131
427
84
451
130
449
78
478
135
335
240
310
242
335
240
311
243
420
82
446
125
420
82
449
127
420
82
447
126
99
312
66
219
324
239
300
236
555
113
560
204
463
85
491
147
362
347
297
348
362
347
297
347
513
138
509
216
513
138
510
217
513
138
512
215
513
138
510
216
513
138
513
213
412
90
438
131
370
269
332
282
424
88
450
133
348
251
318
256
328
243
304
243
506
151
504
221
506
151
506
221
506
151
504
222
506
151
505
222
253
313
207
278
236
287
200
247
236
287
200
245
400
94
429
131
122
276
98
195
122
276
97
196
288
229
273
217
415
87
442
129
239
186
240
156
239
186
241
157
239
186
242
157
320
241
261
191
411
81
435
121
411
81
436
121
106
299
75
210
550
111
556
200
128
268
105
191
247
298
206
262
422
81
451
127
422
81
452
127
119
278
94
196
119
278
98
194
252
309
208
275
252
309
207
274
411
82
437
122
411
82
438
123
411
82
435
122
411
82
439
123
411
82
434
122
289
225
275
211
289
225
276
214
124
282
102
198
338
244
312
247
239
293
200
256
364
267
328
278
364
267
327
278
364
267
326
276
364
267
328
279
364
267
327
277
431
88
454
135
427
81
454
128
427
81
452
127
414
80
445
123
414
80
444
123
414
80
441
122
349
252
319
258
242
292
204
262
242
292
205
258
242
292
204
261
242
292
204
258
242
292
204
257
242
292
204
259
293
224
280
214
541
113
549
200
363
350
299
351
363
350
299
350
363
350
298
351
549
113
553
201
102
312
66
219
416
81
446
125
416
81
445
124
108
295
77
207
108
295
78
206
326
243
302
243
429
78
458
126
364
268
327
280
364
268
327
279
364
268
326
276
74
146
103
56
107
296
77
207
255
316
206
279
239
312
195
277
239
312
195
271
239
312
195
276
239
312
195
275
325
239
302
238
325
239
301
236
280
211
292
223
280
211
269
192
247
266
219
230
372
261
338
277
238
188
237
156
413
93
429
131
236
304
195
266
443
143
444
191
126
269
102
192
108
296
77
207
315
236
292
229
516
138
514
215
516
138
515
216
516
138
515
215
112
280
91
195
112
280
87
196
375
258
344
276
296
219
288
215
296
219
284
209
507
140
510
212
507
140
508
214
507
140
506
214
80
145
108
57
253
196
252
172
413
82
438
123
413
82
439
123
413
82
442
124
402
85
433
123
254
315
206
279
421
82
452
128
421
82
446
125
421
82
449
127
421
82
447
126
421
82
448
126
351
350
299
350
238
272
210
229
113
280
91
195
113
280
87
196
120
280
98
195
120
280
96
197
120
280
95
197
120
280
97
196
408
83
437
123
408
83
434
122
369
269
331
281
240
312
196
276
240
312
195
271
240
312
196
274
253
310
208
275
253
310
207
274
295
221
282
210
406
82
434
121
406
82
435
121
244
289
206
258
244
289
207
255
244
289
207
252
443
81
468
133
242
293
204
262
242
293
204
261
242
293
204
258
242
293
203
259
242
293
204
257
242
293
204
259
115
282
90
198
115
282
93
196
115
282
95
194
115
282
89
198
115
282
94
196
115
282
93
197
418
291
366
319
418
291
366
318
102
294
73
205
102
294
72
205
235
285
199
243
356
351
297
351
356
351
299
350
356
351
298
351
283
214
270
195
253
314
206
279
351
351
299
351
351
351
297
351
351
351
299
350
351
351
298
351
100
312
66
219
255
194
253
169
278
212
290
224
278
212
292
226
278
212
291
224
278
212
289
222
278
212
293
227
284
213
272
196
284
213
273
197
100
316
67
221
408
82
434
121
408
82
437
122
408
82
435
121
247
318
198
279
448
78
475
133
317
237
292
229
317
237
294
230
411
90
431
129
397
282
351
303
328
241
303
239
471
87
494
150
545
111
552
199
448
84
474
139
364
350
299
351
364
350
297
351
364
350
299
350
364
350
298
351
240
314
195
277
240
314
195
276
240
314
195
275
326
241
302
240
326
241
301
239
326
241
302
241
419
281
374
311
458
83
482
141
399
282
354
304
399
282
351
303
242
285
208
244
254
322
204
286
108
301
75
212
259
195
356
299
503
143
502
214
249
318
200
280
523
136
523
214
409
83
437
123
409
83
434
122
357
350
297
351
357
350
299
350
280
213
268
194
280
213
292
226
280
213
293
227
104
286
87
196
104
286
86
197
104
286
85
198
104
286
81
197
104
286
84
197
122
274
100
193
122
274
98
194
417
81
446
125
417
81
448
126
417
81
445
124
414
89
437
130
414
89
438
130
414
89
435
129
287
226
276
217
287
226
274
213
114
282
90
198
114
282
93
196
114
282
90
197
114
282
95
194
114
282
96
193
114
282
89
198
