Test1501_blur2.jpg
Test1500.jpg
484
258
451
258
484
258
452
259
484
258
450
258
413
214
380
215
413
214
378
216
413
214
377
215
384
246
353
247
384
246
354
247
384
246
351
249
384
246
352
248
384
246
351
248
384
246
353
248
478
253
445
254
429
219
399
220
429
219
397
219
429
219
395
219
429
219
396
220
429
219
398
219
429
219
398
220
607
192
566
192
607
192
565
191
607
192
565
193
607
192
567
192
607
192
567
193
607
192
565
192
607
192
568
193
607
192
569
193
607
192
564
192
384
298
351
300
560
331
525
330
560
331
524
330
560
331
525
331
481
224
448
225
481
224
447
225
467
242
431
242
392
222
360
224
392
222
361
224
602
190
563
192
602
190
563
191
602
190
563
193
602
190
564
190
602
190
561
191
602
190
562
190
602
190
561
192
422
266
390
267
319
285
289
288
305
131
274
133
253
111
220
111
433
219
399
220
433
219
400
218
433
219
400
219
433
219
401
218
433
219
402
218
433
219
401
220
433
219
398
220
433
219
402
220
422
265
390
267
555
344
520
344
555
344
519
343
381
299
351
300
381
299
351
301
329
300
299
303
110
204
72
204
325
145
294
147
325
145
293
147
557
342
520
341
320
144
288
146
320
144
289
145
320
144
289
146
417
301
385
302
417
301
386
302
393
215
361
217
508
260
468
261
508
260
473
261
508
260
472
261
508
260
471
261
555
343
519
343
536
170
501
171
536
170
501
170
536
170
502
171
349
306
318
308
349
306
317
308
349
306
317
307
349
306
319
308
334
319
304
322
432
217
397
219
432
217
400
218
432
217
400
219
432
217
398
219
432
217
398
217
432
217
398
218
432
217
401
218
432
217
400
217
397
219
365
221
318
133
287
134
322
145
291
147
389
281
357
284
512
249
477
249
512
249
478
249
383
286
353
287
383
286
352
287
383
286
353
286
383
286
351
288
235
99
201
100
235
99
202
100
234
99
201
100
234
99
202
100
412
274
382
274
412
274
380
276
412
274
383
274
383
247
353
249
383
247
351
249
383
247
352
248
383
247
351
250
383
247
351
248
383
247
353
248
382
286
352
287
382
286
351
288
601
192
563
192
601
192
563
191
601
192
561
191
601
192
562
190
601
192
561
192
318
232
288
236
341
304
311
306
555
347
519
347
382
248
351
249
382
248
351
250
606
192
566
192
606
192
565
191
606
192
564
191
606
192
565
193
606
192
567
192
606
192
567
193
606
192
565
192
606
192
568
193
606
192
564
192
375
305
345
306
375
305
346
306
375
305
344
307
398
220
366
221
398
220
365
222
466
254
435
255
466
254
434
255
604
191
566
192
604
191
563
192
604
191
563
191
604
191
565
191
604
191
563
193
604
191
564
191
604
191
565
193
604
191
564
190
604
191
565
192
604
191
564
192
390
223
359
224
390
223
358
225
104
204
65
207
395
220
363
222
277
116
245
116
277
116
245
117
605
191
566
192
605
191
563
192
605
191
563
191
605
191
565
191
605
191
563
193
605
191
564
191
605
191
565
193
605
191
564
190
605
191
567
192
605
191
567
193
605
191
565
192
605
191
564
192
394
215
362
217
358
227
329
228
339
319
308
321
339
319
308
322
339
319
309
323
511
249
477
249
468
226
435
227
468
226
434
227
468
226
435
226
316
127
285
128
387
282
355
283
387
282
355
285
387
282
356
284
387
282
355
284
387
282
357
284
387
282
356
282
387
282
354
284
416
231
386
232
416
231
385
232
416
231
386
233
307
127
275
129
348
305
318
308
348
305
317
308
348
305
317
307
348
305
319
308
383
285
353
287
383
285
352
287
383
285
353
286
383
285
351
288
513
262
478
263
440
219
408
221
440
219
409
219
440
219
406
221
440
219
406
219
440
219
408
220
357
218
328
221
357
218
328
220
331
301
302
304
511
262
478
263
107
204
65
207
512
261
478
262
512
261
480
262
512
261
479
262
512
261
475
262
512
261
478
263
512
261
476
262
394
221
362
223
393
221
361
223
561
331
525
330
561
331
527
331
561
331
524
330
588
258
552
256
395
221
363
222
395
221
363
223
237
99
204
100
237
99
205
100
400
218
368
220
397
216
364
217
412
216
379
217
412
216
376
217
412
216
378
217
590
258
554
256
397
220
364
222
397
220
365
221
397
220
365
222
360
217
330
220
381
248
351
250
435
217
400
218
435
217
400
219
435
217
404
218
435
217
403
218
435
217
401
218
435
217
402
218
435
217
403
217
355
228
325
229
355
228
326
229
357
225
328
227
435
220
402
222
435
220
403
221
435
220
401
220
435
220
402
220
505
258
468
259
595
195
556
196
573
258
536
257
573
258
535
257
560
334
524
333
306
128
275
130
306
128
275
129
501
261
468
263
415
216
383
217
415
216
383
218
415
216
384
217
415
216
382
218
448
219
416
220
448
219
415
219
448
219
417
219
330
300
302
304
330
300
299
303
543
269
510
269
414
272
382
274
414
272
383
274
417
270
386
271
429
215
398
217
429
215
396
217
388
243
356
245
388
243
358
244
388
243
360
243
388
243
357
244
388
243
357
245
453
219
421
220
453
219
420
220
560
335
524
334
560
335
523
334
430
215
398
217
430
215
396
217
339
303
306
305
559
335
524
334
559
335
523
334
343
304
312
307
343
304
314
307
343
304
313
307
343
304
311
306
453
222
421
223
453
222
420
223
453
222
422
223
398
219
366
221
346
305
318
308
346
305
317
308
346
305
312
307
346
305
314
307
346
305
313
307
346
305
317
307
336
321
305
324
537
170
502
171
348
306
318
308
348
306
317
308
348
306
317
307
348
306
319
308
414
300
383
301
446
218
413
219
446
218
412
220
446
218
414
218
446
218
413
218
446
218
414
219
387
243
356
245
387
243
358
244
387
243
357
244
387
243
357
245
340
318
309
320
340
318
308
321
533
251
494
250
352
307
323
308
352
307
319
308
339
320
309
324
339
320
308
322
339
320
309
323
341
303
312
307
341
303
311
306
603
192
563
192
603
192
563
191
603
192
565
191
603
192
563
193
603
192
564
191
603
192
565
193
603
192
564
190
603
192
565
192
603
192
564
192
596
204
557
204
320
143
289
145
442
220
408
221
442
220
409
219
442
220
410
221
442
220
409
222
442
220
410
222
442
220
408
220
442
220
411
220
511
171
477
172
356
226
326
227
356
226
327
227
385
246
354
247
385
246
353
249
385
246
352
248
385
246
353
248
393
222
361
223
393
222
361
224
385
245
353
247
385
245
354
247
385
245
355
246
385
245
356
245
385
245
352
248
385
245
357
245
413
274
382
274
413
274
380
276
413
274
383
274
311
312
280
315
112
200
76
202
465
242
431
242
387
244
357
246
387
244
354
247
387
244
355
246
387
244
356
245
387
244
358
244
387
244
357
245
316
126
285
128
608
187
568
187
608
187
570
188
608
187
568
188
511
175
476
176
410
215
379
217
410
215
376
217
410
215
378
216
410
215
378
217
355
227
325
229
355
227
326
229
397
226
366
227
519
248
485
248
353
336
323
337
485
257
451
258
485
257
452
259
485
257
451
257
485
257
453
258
485
257
452
258
452
218
419
221
452
218
419
219
452
218
420
220
396
220
364
222
387
283
355
283
387
283
355
285
387
283
356
284
387
283
355
284
387
283
357
284
106
204
65
207
602
191
563
192
602
191
563
191
602
191
563
193
602
191
564
191
602
191
564
190
602
191
561
191
602
191
562
190
602
191
561
192
602
191
564
192
556
342
520
341
238
99
204
100
238
99
205
100
419
231
386
232
419
231
388
233
419
231
387
233
419
231
385
232
419
231
386
233
321
145
290
146
404
231
371
233
404
231
371
232
404
231
375
232
404
231
372
233
354
227
325
229
354
227
326
229
603
191
563
192
603
191
563
191
603
191
565
191
603
191
563
193
603
191
564
191
603
191
564
190
603
191
565
192
603
191
561
192
603
191
564
192
307
126
276
127
429
218
397
219
429
218
395
219
429
218
396
220
429
218
398
219
429
218
398
218
429
218
393
219
429
218
398
220
116
204
80
206
116
204
79
206
353
328
325
329
488
259
455
260
488
259
455
261
483
224
448
225
483
224
450
224
483
224
450
225
439
219
406
221
439
219
406
219
484
257
451
258
484
257
452
259
484
257
451
257
484
257
450
258
484
257
452
258
606
191
566
192
606
191
565
191
606
191
564
191
606
191
565
193
606
191
567
192
606
191
567
193
606
191
565
192
606
191
568
193
606
191
564
192
371
186
342
188
371
186
341
188
105
203
65
207
347
305
318
308
347
305
317
308
347
305
314
307
347
305
313
307
347
305
317
307
347
305
319
308
388
244
357
246
388
244
358
244
388
244
357
245
538
170
503
171
538
170
502
171
361
226
333
228
332
301
302
304
385
280
352
282
385
280
353
282
385
280
354
281
449
219
417
220
449
219
416
220
449
219
417
219
449
219
418
218
554
345
520
344
554
345
518
344
554
345
520
345
554
345
518
345
532
251
494
250
604
189
563
192
604
189
563
191
604
189
565
191
604
189
564
191
604
189
564
190
604
189
562
190
604
189
564
192
505
285
471
285
505
285
470
284
453
221
421
223
453
221
420
223
453
221
422
223
311
311
280
315
311
311
280
314
414
216
379
217
414
216
383
217
414
216
383
218
414
216
382
218
414
216
378
217
394
222
362
223
488
225
453
226
389
243
358
244
389
243
360
243
389
243
357
245
375
185
342
188
375
185
345
188
512
260
478
261
512
260
473
261
512
260
472
261
512
260
480
261
512
260
475
262
512
260
471
261
512
260
476
262
360
228
331
229
360
228
332
229
452
225
422
226
452
225
419
226
452
225
421
226
452
225
418
226
473
244
438
244
420
217
391
218
420
217
385
218
420
217
388
218
420
217
390
219
454
222
421
223
454
222
423
222
454
222
422
223
535
175
500
176
306
129
275
130
386
245
357
246
386
245
353
247
386
245
354
247
386
245
355
246
386
245
357
245
487
258
453
258
487
258
455
260
487
258
455
259
335
302
305
305
455
222
423
222
455
222
425
224
455
222
422
223
455
222
424
222
559
334
524
334
559
334
524
333
413
213
380
215
413
213
380
214
413
213
382
215
413
213
381
214
413
213
377
215
399
299
369
301
423
266
390
267
555
345
520
344
555
345
518
344
555
345
520
345
555
345
518
345
518
248
485
248
443
221
410
221
443
221
411
222
443
221
412
220
443
221
409
222
443
221
410
222
443
221
411
220
511
260
468
261
511
260
478
261
511
260
473
261
511
260
472
261
511
260
475
262
511
260
471
261
511
260
476
262
423
232
389
233
423
232
388
233
423
232
388
234
447
218
413
219
447
218
415
219
447
218
414
218
447
218
414
219
596
203
556
204
596
203
557
204
596
203
558
204
559
350
526
350
424
217
392
218
424
217
391
218
424
217
392
217
424
217
391
217
424
217
390
219
424
217
393
219
438
218
404
218
438
218
406
219
464
242
429
242
481
257
449
259
481
257
449
258
105
204
65
207
319
135
288
138
433
217
400
218
433
217
400
219
433
217
398
219
433
217
398
217
433
217
398
218
433
217
401
218
433
217
402
218
433
217
400
217
307
125
276
127
404
281
373
282
403
231
371
233
403
231
370
233
403
231
371
232
403
231
372
231
600
190
560
191
600
190
561
191
600
190
561
189
600
190
562
190
600
190
561
192
462
238
430
237
462
238
429
238
432
219
399
220
432
219
397
219
432
219
400
218
432
219
400
219
432
219
396
220
432
219
398
219
432
219
401
220
432
219
398
220
561
332
525
331
514
247
479
247
514
247
480
246
411
212
380
214
350
306
318
308
350
306
317
308
350
306
319
308
361
186
330
188
488
258
455
260
488
258
455
259
596
200
557
200
580
195
544
195
430
218
399
220
430
218
397
219
430
218
395
219
430
218
400
218
430
218
396
220
430
218
398
219
430
218
398
218
430
218
398
220
439
220
406
221
439
220
406
219
439
220
408
220
597
198
557
198
597
198
557
199
477
224
442
224
477
224
444
224
530
251
494
250
118
204
81
206
337
303
306
305
354
226
325
229
354
226
326
229
243
35
208
35
359
228
330
230
359
228
331
229
502
284
470
284
364
223
336
224
446
221
412
222
446
221
413
222
407
278
375
280
342
309
311
311
436
220
402
222
436
220
403
221
436
220
402
220
489
259
455
260
489
259
455
261
600
191
560
191
600
191
561
191
600
191
561
189
600
191
562
190
600
191
561
192
399
216
367
218
399
216
366
217
333
301
302
304
117
205
81
206
457
255
425
256
454
219
421
220
601
189
562
187
601
189
560
191
601
189
561
191
601
189
561
189
601
189
562
190
601
189
561
192
560
332
525
331
345
305
317
308
345
305
312
307
345
305
314
307
345
305
313
307
304
139
273
141
383
248
353
249
383
248
351
249
383
248
351
250
412
275
380
276
412
275
379
277
421
232
389
233
421
232
388
233
421
232
387
233
421
232
388
234
358
217
329
220
358
217
328
220
427
218
397
219
427
218
395
219
427
218
396
220
427
218
391
220
427
218
398
218
427
218
393
219
337
317
306
320
405
280
373
282
436
219
402
222
436
219
404
218
436
219
403
221
436
219
403
218
436
219
401
220
436
219
402
220
109
204
72
204
465
254
433
255
465
254
435
255
465
254
434
255
399
219
367
221
386
283
355
283
386
283
355
285
386
283
356
284
386
283
355
284
386
283
354
284
598
189
557
192
598
189
559
190
598
189
560
189
598
189
559
189
520
248
485
248
414
273
382
274
414
273
383
274
381
286
351
288
292
292
261
295
292
292
263
295
608
193
566
192
608
193
567
192
608
193
568
193
608
193
569
193
419
268
387
270
535
171
501
171
535
171
500
172
512
262
478
263
511
174
476
175
306
131
274
133
601
191
563
191
601
191
561
191
601
191
562
190
601
191
561
192
451
219
419
221
451
219
419
219
304
136
273
138
400
217
368
218
400
217
367
218
319
144
288
146
319
144
289
145
568
216
531
216
477
256
444
257
430
219
399
220
430
219
397
219
430
219
395
219
430
219
400
219
430
219
396
220
430
219
398
219
430
219
398
220
400
219
368
220
400
219
367
221
359
229
330
230
453
210
420
211
453
210
421
211
397
215
364
216
397
215
365
217
319
138
288
139
319
138
288
140
317
129
286
131
317
129
286
130
116
203
80
206
116
203
79
206
561
329
526
328
556
341
520
341
556
341
520
340
556
345
520
344
556
345
518
344
556
345
520
345
580
194
544
194
109
203
73
204
109
203
72
204
590
200
551
201
599
190
560
191
599
190
559
190
599
190
560
189
599
190
561
189
422
229
390
230
422
229
389
229
422
229
386
231
317
284
286
287
317
284
289
288
462
234
430
233
462
234
430
234
555
346
520
345
555
346
518
345
295
292
265
295
305
133
274
134
401
299
369
301
401
299
371
300
389
244
357
246
401
218
368
220
401
218
369
220
441
220
408
221
441
220
409
219
441
220
409
222
441
220
408
220
537
169
501
170
391
222
359
224
327
307
296
310
445
218
412
218
445
218
413
219
445
218
412
220
445
218
414
218
445
218
413
218
445
218
411
220
559
333
524
333
340
303
311
306
106
203
72
204
419
217
385
218
419
217
388
218
469
243
434
243
400
216
367
217
400
216
368
218
400
216
367
218
382
247
351
249
382
247
352
248
382
247
351
248
382
247
353
248
328
300
299
303
452
210
420
211
452
210
419
212
342
304
312
307
342
304
313
307
342
304
311
306
536
171
501
171
536
171
502
171
411
275
378
278
411
275
380
276
411
275
379
277
351
307
318
308
351
307
319
308
598
204
559
204
382
299
351
300
382
299
351
301
305
132
274
134
386
244
353
247
386
244
355
246
386
244
356
245
386
244
358
244
386
244
357
244
386
244
357
245
361
228
333
229
361
228
332
229
293
292
263
295
410
277
377
278
410
277
378
278
410
277
379
277
110
203
73
204
110
203
72
204
446
269
414
270
388
282
356
284
388
282
355
284
388
282
357
284
556
344
520
344
556
344
519
343
401
219
368
220
401
219
369
220
317
128
286
130
512
171
477
172
531
251
494
250
557
341
520
340
376
305
345
306
376
305
346
306
376
305
344
307
353
307
323
308
381
285
351
288
449
212
416
213
557
340
520
339
410
276
377
278
410
276
378
278
410
276
379
277
429
217
397
219
429
217
395
219
429
217
398
219
429
217
398
217
429
217
398
218
429
217
393
219
429
217
396
217
383
246
353
247
383
246
354
247
383
246
351
249
383
246
352
248
383
246
351
248
383
246
353
248
408
278
377
278
408
278
375
280
597
188
558
189
338
315
307
318
513
248
478
248
598
203
559
204
598
203
558
204
558
340
520
339
444
217
412
218
444
217
411
218
444
217
410
217
444
217
411
220
362
230
334
230
419
232
388
233
419
232
387
233
419
232
386
233
419
232
388
234
443
217
409
219
443
217
411
218
443
217
410
217
604
192
566
192
604
192
563
192
604
192
563
191
604
192
565
191
604
192
563
193
604
192
564
191
604
192
565
193
604
192
564
190
604
192
565
192
604
192
564
192
425
218
395
219
425
218
392
218
425
218
391
220
425
218
390
219
425
218
393
219
608
192
567
192
450
222
416
225
450
222
416
223
306
127
275
130
306
127
275
129
390
224
359
224
390
224
358
225
462
237
430
237
