Test1024.jpg
Test1023.jpg
202
164
106
152
203
165
110
152
203
165
106
152
203
165
108
153
203
165
106
153
205
165
110
152
205
165
106
152
205
165
108
153
208
164
115
150
204
165
110
152
204
165
106
152
204
165
108
153
201
166
106
153
205
171
109
160
205
171
112
160
205
171
110
161
205
171
112
162
205
171
114
161
201
170
107
159
201
170
106
159
201
168
106
156
204
166
108
153
204
173
112
162
205
253
124
254
210
165
115
150
210
164
115
150
211
165
115
150
212
165
115
150
209
164
115
150
211
164
115
150
216
178
139
175
216
178
138
175
216
178
141
177
216
178
139
176
220
183
137
178
220
183
138
177
220
183
138
175
220
183
137
176
220
183
137
177
218
181
138
175
215
180
138
175
215
180
137
176
215
180
137
177
216
184
134
179
217
178
139
175
217
178
138
175
217
178
139
176
217
182
138
175
217
182
137
176
217
182
137
177
215
184
134
179
218
185
137
178
218
185
134
179
218
186
134
179
219
186
134
179
220
187
134
179
217
181
139
175
217
181
138
175
217
181
140
178
217
181
137
176
217
181
139
176
217
181
137
177
228
190
143
184
222
181
139
175
222
181
138
175
222
181
139
176
223
185
137
178
223
185
138
177
223
185
138
175
223
185
137
176
223
185
137
177
224
190
139
185
222
185
137
178
222
185
137
176
222
185
137
177
222
185
137
179
228
188
143
184
227
192
142
186
249
182
162
178
249
182
163
177
249
182
158
176
249
182
166
174
249
182
168
176
249
182
167
174
249
182
167
177
249
182
166
175
248
184
162
178
248
184
163
177
248
184
168
176
248
184
167
177
248
184
166
175
249
185
162
178
249
185
163
177
251
183
162
178
251
183
163
177
251
183
166
175
250
185
162
178
250
184
162
178
250
184
163
177
250
183
162
178
250
183
163
177
250
183
167
174
250
183
166
175
252
184
162
178
252
184
163
177
248
182
162
178
248
182
163
177
248
182
158
176
248
182
166
174
248
182
168
176
248
182
167
174
248
182
167
177
248
182
166
175
247
185
162
178
247
185
163
177
247
185
167
177
247
181
168
173
247
181
163
177
247
181
158
176
247
181
166
174
247
181
168
176
247
181
167
174
247
181
167
177
247
181
166
175
248
183
162
178
248
183
163
177
248
183
166
174
248
183
168
176
248
183
167
177
248
183
166
175
251
184
162
178
251
184
163
177
272
187
186
182
272
187
184
179
273
187
186
182
272
188
186
182
269
187
227
195
269
187
228
195
273
227
206
226
272
228
206
226
272
228
205
227
273
228
206
226
273
228
205
227
271
256
179
256
267
251
176
251
267
251
173
250
267
251
175
250
267
251
177
251
267
251
174
250
267
251
175
251
271
251
176
251
271
251
175
250
271
251
177
251
271
251
175
251
266
250
170
249
266
250
173
250
266
250
175
250
266
250
174
250
270
251
176
251
270
251
175
250
270
251
177
251
270
251
174
250
270
251
175
251
277
191
189
183
277
191
193
184
277
191
191
185
277
191
190
185
277
191
193
186
286
182
202
178
286
182
203
178
280
188
192
181
280
188
191
181
280
188
198
182
282
191
200
187
284
181
203
178
284
181
200
177
284
181
217
182
276
188
188
180
281
191
200
187
277
189
192
181
277
189
189
183
277
189
193
184
277
189
193
183
277
189
191
181
278
189
194
182
278
189
192
181
278
189
193
184
278
189
193
183
278
189
191
181
280
189
192
181
280
189
191
181
281
189
199
184
285
181
217
182
276
190
189
183
276
190
191
185
276
190
190
185
278
190
189
183
278
190
193
184
278
190
193
183
278
190
191
181
274
188
186
182
274
188
189
183
274
187
188
180
275
188
188
180
279
222
209
222
276
227
206
226
276
227
205
227
276
227
210
227
278
222
209
222
276
223
209
222
278
225
206
226
279
232
207
231
275
234
207
231
276
234
207
231
278
232
207
231
283
252
216
254
283
252
214
253
283
252
218
254
281
255
206
254
277
255
202
254
284
254
213
254
284
254
214
254
286
251
219
253
286
251
213
251
285
251
213
251
285
310
205
309
282
309
205
309
291
183
203
178
299
183
215
180
299
183
232
184
299
183
233
184
290
191
254
201
294
183
205
178
294
183
209
179
294
183
215
180
294
183
217
182
296
183
209
179
296
183
215
180
296
183
217
182
296
183
232
184
296
183
233
184
290
181
215
180
294
191
218
189
294
191
219
189
294
191
219
190
294
191
213
186
294
191
214
186
294
191
218
186
294
191
219
186
294
191
220
187
294
191
210
188
294
191
212
188
294
191
215
189
294
191
217
191
294
191
221
192
291
182
205
178
291
182
209
179
291
182
215
180
291
182
217
182
298
180
247
186
289
191
219
189
293
191
218
189
293
191
219
189
293
191
214
186
293
191
218
186
293
191
215
189
293
191
217
191
287
182
203
178
299
181
247
186
299
181
250
187
299
181
247
187
295
180
247
186
295
180
247
187
295
182
215
180
295
182
232
184
295
182
233
184
296
180
247
186
292
179
247
186
296
184
205
178
296
184
209
179
296
184
215
180
296
184
213
182
296
184
217
182
296
184
232
184
296
184
233
184
296
184
223
185
296
184
222
185
296
184
254
193
297
184
215
180
297
184
217
182
297
184
232
184
297
184
233
184
297
184
223
185
298
184
215
180
298
184
217
182
298
184
232
184
298
184
233
184
299
185
209
179
299
185
215
180
299
185
213
182
299
185
217
182
299
185
232
184
299
185
233
184
299
185
223
185
299
185
222
185
299
185
226
186
289
181
209
179
292
181
215
180
292
181
232
184
292
181
233
184
288
218
213
216
289
218
213
216
288
249
213
251
294
253
219
253
294
253
219
254
294
253
222
254
294
255
219
254
289
250
213
251
291
255
216
254
292
255
216
254
299
285
221
286
305
184
232
184
305
184
233
184
312
184
247
186
312
184
250
187
312
184
247
187
302
185
217
182
302
185
233
184
303
185
217
182
303
185
233
184
304
185
215
180
304
185
232
184
304
185
233
184
304
185
252
190
303
182
247
186
303
182
250
187
303
182
247
187
306
206
221
203
306
206
223
204
306
206
222
201
306
206
232
202
306
206
223
203
306
206
229
201
306
206
230
202
306
206
225
203
306
206
224
205
306
206
230
205
305
209
225
208
305
209
223
207
305
209
224
205
305
209
222
205
305
209
230
206
305
214
228
212
305
204
221
198
305
204
224
199
305
204
222
201
305
204
232
202
305
204
229
199
305
204
229
201
305
204
230
202
305
204
225
203
304
215
234
215
302
214
228
212
302
214
244
215
304
214
228
212
305
210
225
208
305
210
223
207
305
210
227
208
301
214
228
212
301
214
244
215
308
217
241
217
309
217
241
217
310
225
233
223
304
223
233
223
308
225
233
223
308
220
225
217
300
219
221
217
312
218
241
217
304
221
227
219
309
220
229
217
309
220
225
217
311
239
249
232
311
239
250
232
311
239
253
232
311
239
251
233
311
239
252
233
309
233
235
230
309
238
249
232
309
238
250
232
309
238
253
232
311
233
235
230
312
239
249
232
312
239
250
232
312
239
253
232
312
239
251
233
312
239
252
233
310
238
249
232
310
238
250
232
310
238
253
232
310
238
251
233
310
238
252
233
305
239
249
232
305
239
250
232
305
239
251
233
306
239
249
232
306
239
250
232
306
239
251
233
306
239
252
233
307
239
249
232
307
239
250
232
307
239
251
233
307
239
252
233
308
239
249
232
308
239
250
232
308
239
251
233
301
253
227
254
301
253
228
254
304
250
228
249
309
254
228
254
307
254
228
254
307
251
232
252
312
250
247
252
312
250
247
253
312
250
247
251
306
252
232
252
308
253
232
252
305
254
227
254
305
254
228
254
306
254
227
254
306
254
228
254
308
254
228
254
308
251
232
252
310
251
232
252
310
251
248
255
310
254
228
254
303
251
232
252
311
251
232
252
311
251
247
253
304
251
232
252
306
251
232
252
304
254
227
254
304
254
228
254
307
301
225
303
320
188
252
190
320
188
247
190
317
188
252
190
317
188
251
192
321
189
252
190
321
189
247
190
321
189
251
192
321
188
252
190
321
188
247
190
314
184
247
186
314
184
250
187
314
184
247
187
313
184
247
186
313
184
250
187
313
184
247
187
318
188
252
190
318
188
247
190
318
188
251
192
319
188
252
190
319
188
247
190
317
185
247
186
317
185
250
187
317
185
247
187
317
189
252
190
317
189
251
192
316
184
247
186
316
184
250
187
316
184
247
187
320
229
246
227
320
229
244
226
320
229
246
226
323
225
251
223
322
229
246
227
322
229
244
226
322
229
246
226
317
224
246
222
314
230
235
228
323
220
256
219
321
229
244
226
321
229
246
226
325
247
253
251
325
247
256
251
325
247
254
250
315
249
247
252
315
249
247
253
315
249
247
251
315
249
250
250
323
255
253
255
323
255
249
256
323
255
250
253
323
255
255
254
323
255
248
255
323
255
249
255
323
255
255
255
323
256
253
255
323
256
249
256
323
256
248
255
323
256
249
255
321
249
247
252
321
249
250
253
321
249
253
251
321
249
247
253
321
249
247
251
321
249
254
250
321
249
250
250
324
251
258
251
324
251
247
252
324
251
250
253
324
251
253
251
324
251
256
251
324
251
257
250
324
251
247
253
324
251
247
251
324
251
255
254
324
251
254
250
324
251
255
255
324
251
250
250
316
250
247
252
316
250
250
253
316
250
247
253
316
250
247
251
316
250
250
250
320
256
249
256
320
256
248
255
320
256
249
255
324
256
253
255
324
256
249
256
324
256
248
255
324
256
249
255
324
256
255
255
316
251
247
252
316
251
250
253
316
251
247
253
316
251
247
251
317
251
247
252
317
251
250
253
317
251
247
253
317
251
247
251
317
251
250
250
320
251
247
252
320
251
250
253
320
251
253
251
320
251
247
253
320
251
247
251
320
251
255
254
320
251
254
250
320
251
250
250
320
248
247
252
320
248
253
251
320
248
247
251
320
248
254
250
320
248
250
250
317
250
247
252
317
250
250
253
317
250
247
253
317
250
247
251
317
250
250
250
313
251
247
252
313
251
247
253
313
251
247
251
320
247
253
251
320
247
247
251
320
247
254
250
320
247
250
250
315
251
247
252
315
251
250
253
315
251
247
253
315
251
247
251
319
256
249
256
319
256
248
255
319
256
249
255
329
190
252
190
329
191
252
190
329
191
251
192
329
191
254
193
327
190
252
190
327
190
251
192
326
197
254
195
327
200
254
201
329
199
260
199
337
202
260
199
331
200
260
199
331
200
254
201
325
198
254
195
333
201
260
199
333
201
254
201
332
203
253
203
332
203
254
201
332
203
254
202
332
203
253
204
332
203
254
204
327
204
253
203
327
204
254
201
327
204
254
202
327
204
251
204
327
204
253
204
327
204
251
202
327
204
251
203
327
204
254
204
335
199
260
199
332
200
260
199
332
200
254
201
337
200
260
199
330
201
254
201
330
201
254
202
328
202
253
203
328
202
254
201
328
202
254
202
328
202
251
203
327
198
254
195
336
202
260
199
336
202
254
201
328
198
260
199
328
198
254
195
336
199
260
199
329
198
260
199
331
198
260
199
335
200
260
199
336
200
260
199
338
200
260
199
327
199
260
199
327
199
254
195
330
199
260
199
337
201
260
199
331
199
260
199
338
201
260
199
332
199
260
199
333
199
260
199
331
202
253
203
331
202
254
201
331
202
254
202
328
252
258
251
328
252
253
255
328
252
253
251
328
252
256
251
328
252
257
250
328
252
255
254
328
252
254
250
328
252
255
255
326
256
253
255
326
256
249
256
326
256
248
255
326
256
249
255
326
256
255
255
330
256
255
255
329
252
258
251
329
252
256
251
329
252
255
254
329
252
255
255
327
255
253
255
327
255
249
256
327
255
255
254
327
255
249
255
327
255
255
255
330
255
253
255
330
255
255
255
327
256
253
255
327
256
249
256
327
256
255
254
327
256
255
255
328
256
253
255
328
256
249
256
328
256
255
255
346
254
269
256
346
254
271
256
345
254
269
256
347
253
267
251
347
253
262
251
350
256
269
256
350
256
271
256
350
256
271
255
350
256
276
256
350
256
274
256
350
256
275
256
349
252
267
251
347
255
269
256
347
255
271
256
348
253
267
251
347
254
269
256
347
254
271
256
347
254
271
255
344
255
269
256
354
243
288
249
360
243
288
249
360
243
289
250
364
248
294
253
364
248
289
250
364
248
291
255
364
248
294
250
364
248
294
251
357
246
286
251
357
246
288
249
357
246
289
250
356
253
283
252
356
253
283
256
356
253
284
254
356
253
286
251
356
253
285
251
356
248
286
251
356
248
285
251
356
248
288
249
356
254
283
252
356
254
283
256
356
254
284
254
356
254
286
251
356
254
285
251
356
254
282
256
356
254
288
249
364
255
294
253
364
255
294
255
364
255
290
256
364
255
291
255
364
255
292
255
364
255
292
256
364
255
296
251
364
255
290
255
364
255
294
250
364
255
294
251
364
255
295
251
352
253
283
252
362
246
288
249
362
246
289
250
353
253
283
252
353
253
281
255
353
253
285
251
358
253
284
254
358
253
286
251
358
253
285
251
358
253
288
249
358
253
289
250
357
248
286
251
357
248
285
251
357
248
288
249
357
248
288
256
359
243
288
249
359
243
289
250
364
250
294
253
364
250
289
250
364
250
291
255
364
250
292
255
364
250
290
255
364
250
294
250
364
250
294
251
364
250
295
251
354
252
283
252
354
252
284
254
354
252
285
251
360
256
286
251
360
256
288
249
360
256
290
256
360
256
289
250
360
256
288
256
360
256
290
255
364
252
294
253
364
252
294
255
364
252
290
256
364
252
291
255
364
252
292
255
364
252
292
256
364
252
290
255
364
252
294
250
364
252
294
251
364
252
295
251
356
246
286
251
356
246
285
251
356
246
288
249
355
253
283
252
355
253
284
254
355
253
286
251
355
253
285
251
357
247
286
251
357
247
285
251
357
247
288
249
357
247
289
250
357
247
288
256
357
253
283
252
357
253
284
254
357
253
286
251
357
253
285
251
357
253
288
249
360
253
286
251
360
253
285
251
360
253
288
249
360
253
289
250
360
253
288
256
361
253
286
251
361
253
288
249
361
253
289
250
361
253
288
256
363
253
294
253
363
253
290
256
363
253
289
250
363
253
291
255
363
253
292
255
363
253
292
256
363
253
290
255
363
253
294
250
363
253
294
251
364
253
294
253
364
253
294
255
364
253
290
256
364
253
291
255
364
253
292
255
364
253
292
256
364
253
290
255
364
253
294
250
364
253
294
251
364
253
295
251
361
245
288
249
361
245
289
250
363
254
294
253
363
254
290
256
363
254
289
250
363
254
291
255
363
254
292
255
363
254
292
256
363
254
290
255
363
254
294
250
363
254
294
251
363
255
294
253
363
255
294
255
363
255
290
256
363
255
289
250
363
255
291
255
363
255
292
255
363
255
292
256
363
255
290
255
363
255
294
250
363
255
294
251
363
255
295
251
358
243
288
249
358
243
289
250
354
256
281
256
354
256
283
256
354
256
284
254
354
256
282
256
352
252
283
252
352
252
281
255
352
252
280
250
355
256
281
256
355
256
283
256
355
256
284
254
355
256
286
251
355
256
285
251
355
256
282
256
409
253
343
252
409
253
342
252
408
256
331
252
408
256
333
251
408
256
332
253
411
255
333
251
411
255
342
253
411
255
343
252
411
255
342
252
411
255
343
253
411
253
343
252
411
253
342
252
404
253
331
252
404
253
333
251
404
253
329
252
414
255
342
253
414
255
343
252
414
255
342
252
414
255
343
253
404
254
331
252
404
254
333
251
404
254
329
252
405
254
331
252
405
254
333
251
405
254
329
252
413
254
343
252
413
254
342
252
405
253
331
252
405
253
333
251
410
252
343
252
410
252
342
252
408
252
343
252
408
252
342
252
412
251
346
254
412
251
343
252
412
251
342
252
403
254
331
252
403
254
333
251
403
254
328
252
403
254
329
252
406
254
331
252
406
254
333
251
407
254
331
252
407
254
333
251
412
254
343
252
412
254
342
252
414
251
343
252
414
251
342
252
409
255
342
252
413
255
342
253
413
255
343
252
413
255
342
252
413
255
343
253
405
256
331
252
405
256
333
251
405
256
329
252
412
250
343
252
412
250
342
252
418
256
347
255
419
255
349
252
420
256
347
253
420
256
350
256
420
256
349
252
420
256
347
255
420
256
348
253
420
256
350
253
420
256
354
256
420
256
355
256
418
255
347
255
486
257
404
252
486
257
403
251
