Test766.jpg
Test767.jpg
326
87
195
79
362
218
222
225
362
218
225
223
362
218
223
221
362
218
225
222
362
218
224
217
362
218
224
222
359
220
221
220
360
222
222
225
360
221
222
225
360
221
221
224
358
217
221
218
368
98
237
80
368
95
235
80
370
100
239
85
370
100
237
85
368
96
235
80
370
97
236
84
369
99
239
85
369
99
237
83
369
99
237
85
377
180
247
178
377
179
247
178
379
179
247
178
378
179
247
178
414
135
286
138
414
135
285
137
410
137
282
139
410
135
282
137
413
136
283
137
412
137
282
138
427
126
296
128
422
126
296
128
426
126
296
128
420
130
292
132
418
137
289
139
418
137
290
139
417
134
288
137
424
136
296
137
424
136
297
138
417
135
286
138
417
135
285
137
417
135
288
137
419
130
292
132
426
137
297
138
421
131
292
132
421
138
290
139
419
136
289
139
419
136
292
138
419
136
290
139
419
136
288
137
422
136
292
137
422
136
292
138
422
136
293
138
423
137
292
138
423
137
293
138
423
130
292
132
420
131
292
132
423
129
297
130
423
129
295
130
423
129
298
130
423
131
297
132
423
131
295
133
424
132
295
134
424
135
295
137
424
135
296
137
420
136
289
139
420
136
292
138
420
136
290
139
420
136
288
137
422
137
292
138
422
137
290
139
430
124
302
125
430
124
303
125
430
124
304
125
433
125
305
126
435
124
305
126
431
123
303
124
442
120
318
120
442
120
319
120
438
124
310
125
440
125
311
126
440
125
313
126
432
122
303
124
452
123
324
125
452
123
323
125
452
123
321
126
452
123
328
124
446
124
321
124
446
124
320
125
446
125
323
125
446
125
321
126
446
125
319
126
448
124
324
125
448
124
323
125
448
124
321
124
448
124
321
126
448
124
319
126
448
124
320
125
447
121
320
122
447
121
322
121
447
121
324
121
447
121
321
121
447
121
321
122
447
121
323
122
447
121
326
120
446
123
322
123
446
123
321
124
446
123
320
125
448
123
322
123
448
123
321
124
448
123
319
126
448
123
320
125
448
123
327
122
445
125
321
126
445
125
319
126
446
120
323
120
446
120
320
122
446
120
322
121
446
120
320
120
446
120
324
120
446
120
321
121
446
120
318
122
447
125
324
125
447
125
323
125
447
125
321
126
447
125
319
126
449
125
324
125
449
125
323
125
449
125
321
126
449
125
328
124
454
127
325
130
453
130
326
132
455
149
325
155
443
142
312
146
454
142
324
147
453
140
322
145
453
140
323
145
444
143
312
146
444
143
312
147
442
146
312
149
448
142
318
146
448
144
317
148
448
144
319
148
448
144
318
148
443
144
312
147
447
142
316
146
447
142
318
145
453
146
322
152
453
146
323
151
448
147
317
152
451
141
322
145
448
145
317
150
448
145
319
149
458
139
329
143
460
133
331
137
457
137
328
141
457
139
329
143
457
139
329
142
582
87
429
115
582
87
430
115
585
91
434
119
583
92
432
118
584
91
432
118
583
88
428
116
583
89
429
118
580
88
429
115
580
88
428
116
583
91
432
118
582
88
429
116
582
88
428
116
584
92
434
119
592
92
439
122
592
93
439
122
594
87
442
116
591
101
442
131
