Test21.jpg
Test22.jpg
52
182
201
173
49
202
203
174
49
202
204
174
50
202
200
188
49
201
203
174
49
201
205
174
49
201
204
174
49
200
205
174
53
183
203
174
53
183
205
174
53
183
200
189
53
183
200
188
53
183
212
175
156
310
508
321
190
311
506
317
279
220
397
213
281
242
407
235
336
234
452
230
337
236
458
230
351
232
469
228
363
319
497
316
361
326
500
322
361
326
502
322
370
318
508
315
385
315
519
313
385
315
529
314
385
315
526
313
385
315
525
313
385
318
517
315
383
321
518
318
387
316
519
313
393
316
526
313
414
326
559
327
429
325
570
327
429
325
565
327
