paris_invalides_000662_sm_7.jpg
paris_invalides_000663.jpg
293
257
320
212
293
257
315
205
293
257
320
213
288
252
315
207
288
252
315
206
288
252
311
200
288
252
317
211
288
252
315
205
288
252
311
201
288
252
315
208
213
242
167
192
213
242
168
190
213
242
167
191
283
239
313
193
283
239
311
192
283
239
313
194
283
246
310
197
283
246
308
194
283
246
310
198
283
246
306
193
283
246
308
195
283
246
311
200
283
246
306
194
283
246
311
198
283
246
311
199
283
246
311
202
283
246
311
201
283
246
310
200
288
249
314
201
288
249
313
201
288
249
316
205
288
249
314
203
288
249
315
205
288
249
312
198
288
249
316
206
288
249
313
200
288
249
314
202
257
250
278
192
276
244
300
193
276
244
303
195
273
239
297
188
273
239
298
189
291
250
314
198
275
241
298
189
273
244
300
196
218
234
174
181
218
234
175
179
221
242
174
191
221
242
178
186
221
242
173
191
274
242
300
193
274
242
297
190
280
246
307
199
280
246
308
200
280
246
308
202
280
246
307
197
280
246
308
201
280
246
310
204
287
248
314
201
287
248
313
201
287
248
309
195
287
248
316
205
287
248
311
198
287
248
314
203
287
248
315
205
287
248
312
198
287
248
313
200
287
248
314
202
222
243
180
186
222
242
178
186
222
242
180
186
293
255
320
212
293
255
320
213
219
232
175
179
291
253
314
201
291
253
313
201
291
253
316
205
291
253
314
203
291
253
320
212
291
253
316
206
291
253
320
213
291
253
313
200
291
253
314
202
210
247
169
190
220
234
174
182
220
244
175
192
220
244
174
191
220
244
180
186
286
246
314
201
286
246
313
198
286
246
316
205
286
246
312
198
286
246
309
194
286
246
310
194
286
246
314
202
217
244
171
193
217
244
174
188
217
244
173
191
217
244
175
187
285
245
314
201
285
245
313
198
285
245
306
190
285
245
312
198
285
245
309
194
285
245
313
200
285
245
310
194
285
245
314
202
286
240
313
193
292
255
316
205
292
255
314
203
292
255
320
212
292
255
316
206
292
255
320
213
292
255
314
202
217
239
173
185
217
239
169
190
217
239
167
192
217
239
170
189
217
239
176
183
217
239
172
187
217
239
168
190
217
239
167
191
292
258
320
216
293
256
316
205
293
256
320
212
293
256
320
213
220
238
176
183
220
238
171
189
220
238
177
182
220
238
173
187
220
238
170
190
220
238
176
184
218
240
169
190
218
240
170
189
218
240
170
191
218
240
172
187
218
240
171
189
218
240
173
187
218
240
170
190
218
240
167
194
218
240
176
184
291
255
318
211
291
255
315
205
291
255
320
213
291
255
320
215
275
242
301
192
278
238
301
186
279
243
306
195
279
243
307
196
279
243
307
197
215
244
170
191
215
244
171
189
215
244
173
187
282
244
310
197
282
244
313
201
282
244
309
195
282
244
308
194
282
244
310
198
282
244
306
193
282
244
304
190
282
244
308
195
282
244
311
200
282
244
311
198
282
244
312
198
282
244
311
199
219
235
174
181
219
235
173
184
219
235
174
182
217
236
174
181
217
236
175
179
217
236
174
182
218
236
174
181
218
236
173
184
218
236
174
182
218
246
173
193
218
246
174
191
280
244
306
195
280
244
307
196
280
244
306
194
280
244
311
202
280
244
307
197
280
244
309
200
280
244
310
200
219
234
174
181
219
234
175
179
219
234
174
182
290
252
314
201
290
252
313
201
290
252
316
205
290
252
314
203
290
252
320
212
290
252
315
205
290
252
312
198
290
252
316
206
290
252
313
200
290
252
314
202
288
255
310
203
273
247
297
195
219
237
173
185
219
237
176
183
219
237
172
187
219
237
173
184
219
237
177
182
207
254
161
209
207
254
159
211
207
254
160
209
207
254
159
210
207
254
159
212
285
251
310
203
285
251
313
208
285
251
311
202
285
251
307
197
285
251
309
200
287
244
311
193
287
244
314
197
287
244
311
192
287
244
313
194
216
238
173
184
216
238
174
182
221
235
176
183
221
235
177
182
218
242
170
193
218
242
174
188
218
242
175
187
218
242
167
198
218
242
169
194
226
241
183
185
226
241
184
185
226
241
184
186
226
241
183
186
289
250
314
201
289
250
316
205
289
250
314
203
289
250
312
198
289
250
316
206
289
250
313
200
289
250
314
202
277
247
303
198
218
243
174
188
218
243
173
191
218
243
175
187
277
243
301
192
286
252
310
203
286
252
314
208
286
252
313
208
286
252
314
209
286
252
311
202
286
252
307
197
286
252
309
200
286
252
310
200
276
243
303
195
276
243
301
192
212
244
169
190
212
244
167
192
212
244
168
190
212
244
167
191
222
234
176
183
222
234
177
182
289
247
311
193
289
247
314
197
289
247
313
196
289
247
314
198
225
238
182
184
225
238
182
183
225
238
180
186
228
247
185
192
253
249
274
189
253
249
273
189
218
237
173
185
218
237
173
184
218
237
174
182
221
245
178
190
210
252
161
209
210
252
162
208
282
245
310
197
282
245
308
194
282
245
310
198
282
245
306
193
282
245
307
196
282
245
308
195
282
245
311
200
282
245
306
194
282
245
311
198
282
245
311
199
282
245
311
202
282
245
311
201
282
245
310
200
276
245
300
193
276
245
303
198
228
243
184
189
289
254
315
207
289
254
317
212
289
254
317
211
289
254
311
202
289
254
311
201
289
254
315
208
289
246
311
193
289
246
314
197
289
246
311
192
289
246
313
194
220
232
174
181
220
232
175
179
292
256
318
211
292
256
315
205
292
256
320
213
275
238
298
186
224
234
181
180
292
253
314
201
292
253
320
212
290
249
314
198
276
239
298
186
221
241
178
186
221
241
173
191
221
241
180
183
220
235
173
185
223
233
177
182
291
256
320
216
291
256
320
215
290
251
314
201
290
251
316
205
290
251
313
200
290
251
314
202
251
248
273
189
223
238
181
182
223
238
178
186
223
238
180
183
216
239
173
185
216
239
173
184
216
239
168
190
216
239
167
191
275
244
300
193
294
258
315
205
294
258
320
213
214
246
170
193
214
246
165
202
214
246
170
191
214
246
169
194
284
251
307
199
284
251
310
203
284
251
308
200
284
251
310
205
284
251
308
201
284
251
310
204
216
246
171
193
216
246
172
193
216
246
173
191
283
248
306
195
283
248
310
203
283
248
307
196
283
248
306
194
283
248
311
202
283
248
307
197
283
248
310
200
284
245
314
201
284
245
310
197
284
245
313
201
284
245
309
195
284
245
308
194
284
245
311
198
284
245
314
203
284
245
312
198
284
245
309
194
284
245
313
200
284
245
310
194
284
245
314
202
285
244
307
190
285
244
313
198
285
244
310
193
285
244
311
193
285
244
313
196
285
244
314
198
285
244
310
194
216
243
175
187
216
243
171
189
216
243
173
187
280
240
302
187
286
253
310
203
286
253
310
204
215
239
173
184
215
239
174
182
287
245
310
193
287
245
311
193
287
245
307
189
287
245
313
196
287
245
314
198
207
253
159
211
207
253
160
209
207
253
159
210
213
246
170
191
213
246
171
189
213
246
170
190
214
242
173
185
214
242
169
190
214
242
167
192
214
242
170
189
214
242
172
187
214
242
168
190
287
246
313
198
287
246
310
193
287
246
314
198
287
246
310
194
215
242
169
190
215
242
170
189
215
242
172
187
215
242
171
189
215
242
173
187
215
242
170
190
215
242
167
194
289
245
313
193
289
245
311
192
289
245
313
194
286
242
311
192
226
239
183
185
218
239
173
185
218
239
169
190
218
239
167
192
218
239
170
189
218
239
176
183
218
239
172
187
218
239
171
189
218
239
177
182
218
239
173
187
218
239
176
184
279
248
305
200
288
251
315
207
288
251
318
211
288
251
313
201
288
251
315
206
288
251
311
200
288
251
314
203
288
251
315
205
288
251
311
199
288
251
313
200
288
251
314
202
275
243
300
193
275
243
303
195
279
242
306
194
273
241
297
190
280
237
304
186
286
250
310
198
286
250
308
195
286
250
311
200
286
250
311
199
286
250
311
202
286
250
311
201
286
250
310
200
216
242
170
189
216
242
170
191
216
242
172
187
216
242
171
189
216
242
173
187
216
242
170
190
216
242
167
194
227
239
183
186
282
246
306
195
282
246
310
198
282
246
306
193
282
246
307
196
282
246
308
195
282
246
306
194
282
246
311
202
282
246
307
197
282
246
311
201
282
246
310
200
290
248
314
197
290
248
313
196
290
248
314
198
274
243
300
193
214
240
168
190
214
240
167
191
222
244
178
190
286
241
313
194
286
241
306
185
206
256
159
212
285
243
307
190
285
243
310
193
285
243
307
189
285
243
314
197
285
243
313
196
285
243
314
198
285
243
310
194
283
249
307
199
283
249
310
203
283
249
308
200
283
249
310
205
283
249
307
197
283
249
310
204
284
248
306
195
284
248
310
198
284
248
307
196
284
248
311
200
284
248
306
194
284
248
311
202
284
248
311
201
284
248
310
200
293
259
320
216
293
259
320
215
219
233
174
181
219
233
175
179
280
245
306
195
280
245
310
203
280
245
308
200
280
245
307
196
280
245
307
197
280
245
309
200
273
242
297
190
217
245
173
192
217
245
172
193
217
245
173
191
288
250
314
201
288
250
313
201
288
250
316
205
288
250
315
206
288
250
314
203
288
250
315
205
288
250
316
206
288
250
313
200
288
250
314
202
291
251
313
198
225
246
184
189
229
252
186
197
223
239
181
182
223
239
178
186
223
239
182
183
223
239
180
183
278
247
303
198
278
247
305
200
225
243
184
186
225
243
183
186
272
246
297
195
252
250
274
191
278
244
301
192
