all_souls_000065.jpg
all_souls_000066.jpg
361
196
301
203
363
195
301
203
364
195
301
203
365
197
302
206
365
197
302
207
365
197
301
204
365
197
303
206
365
197
301
203
373
198
308
204
373
198
309
205
373
198
319
204
366
199
307
206
366
199
302
206
366
199
302
207
366
199
301
204
366
199
303
206
365
198
307
206
365
198
302
206
365
198
302
207
365
198
301
204
365
198
303
206
365
198
301
203
365
195
301
203
374
198
319
204
372
200
310
208
390
202
330
210
403
206
344
213
403
206
346
216
403
206
347
216
403
206
345
216
403
206
345
214
409
209
352
211
409
209
352
212
406
208
346
216
406
208
347
216
408
208
351
211
408
208
347
216
408
208
352
211
406
209
346
216
406
209
347
216
436
83
378
92
