paris_invalides_000666.jpg
paris_invalides_000663.jpg
353
192
310
200
353
192
311
202
353
192
311
201
353
192
311
200
353
192
310
198
352
191
310
200
352
191
311
201
350
196
305
200
350
196
308
207
353
195
310
203
353
195
310
204
160
214
162
213
163
202
165
202
349
192
308
202
349
192
308
201
360
203
321
219
360
203
320
217
174
222
175
221
353
193
310
200
353
193
311
202
353
193
311
201
164
205
164
208
164
205
165
206
352
192
310
200
352
192
309
200
352
192
311
202
243
127
230
148
170
204
172
204
246
132
233
152
215
161
208
177
160
213
162
213
160
213
163
211
353
194
309
200
353
194
311
202
354
195
311
202
350
191
308
201
350
191
309
200
350
191
308
200
353
190
311
198
347
196
305
204
163
204
165
202
163
204
165
203
163
204
165
204
349
194
305
200
247
143
235
161
163
206
164
208
163
206
165
206
163
206
165
205
351
190
310
200
249
157
242
174
249
157
241
174
348
196
305
204
348
196
306
205
164
206
165
208
164
206
164
208
248
157
242
174
248
157
241
174
166
220
168
218
169
203
171
202
248
142
235
161
