Test1027.jpg
Test1028_3.jpg
225
194
254
242
225
194
255
243
225
194
256
243
225
194
255
241
226
194
255
241
231
199
260
240
292
266
346
247
225
192
255
241
104
126
126
272
230
197
260
240
292
263
346
243
229
193
260
240
228
196
260
240
228
196
259
243
228
196
257
240
228
198
259
243
290
266
346
247
231
197
260
240
223
197
255
243
226
196
259
243
226
196
256
243
231
195
258
239
100
126
124
274
224
192
252
241
265
100
213
142
231
193
258
237
225
196
255
243
225
196
259
243
225
196
256
243
223
193
252
241
228
194
258
239
228
194
260
240
228
194
257
240
230
195
258
239
230
195
260
240
226
198
259
243
