Test1027.jpg
Test1029.jpg
71
160
162
100
71
160
161
100
71
160
162
98
71
157
168
96
70
159
162
100
70
159
161
100
70
159
162
98
69
158
162
98
69
161
162
100
69
161
161
100
72
157
168
96
69
159
162
98
115
121
218
76
115
121
219
75
116
122
218
76
117
125
219
79
117
125
218
79
117
125
218
80
111
168
194
118
111
168
194
119
111
168
195
119
111
174
193
123
111
174
193
124
115
178
193
124
115
178
194
126
115
178
195
126
110
178
190
126
113
178
192
126
109
177
190
126
111
177
191
125
111
177
192
126
105
178
183
124
105
178
186
126
105
178
184
125
105
178
183
125
106
178
186
126
106
178
184
125
106
178
188
126
107
178
186
126
107
178
188
126
108
178
188
126
114
176
193
123
114
176
193
124
114
176
195
126
114
178
193
124
114
178
194
126
117
178
195
126
117
211
189
161
117
211
188
161
111
211
180
158
112
210
182
159
112
210
183
159
114
211
182
159
114
211
184
159
114
211
183
159
113
210
182
159
113
210
184
159
113
210
183
159
112
211
180
158
112
211
182
159
121
124
219
79
121
124
218
79
121
124
218
80
129
126
221
84
129
126
221
85
129
126
222
84
129
126
225
85
129
126
226
84
129
126
224
85
129
126
223
84
129
126
227
84
129
126
226
85
129
126
227
85
121
121
221
77
121
121
219
77
121
121
220
78
121
121
219
78
121
121
221
78
121
121
223
78
120
122
221
77
120
122
219
77
120
122
220
78
120
122
219
78
118
126
218
79
118
126
219
80
118
126
218
80
118
126
220
80
129
122
220
80
129
122
225
82
129
122
224
80
129
122
222
81
129
122
225
81
121
125
218
80
126
123
218
80
120
119
218
74
120
119
219
75
123
119
218
76
123
124
219
80
123
124
218
80
123
124
220
80
123
124
224
80
123
124
222
81
122
120
218
76
121
123
219
79
121
123
218
79
121
123
218
80
123
125
218
82
123
125
219
82
123
125
222
81
121
122
219
79
121
122
219
77
121
122
220
78
121
122
219
78
121
122
221
78
121
122
218
79
121
122
223
78
123
122
219
79
123
122
220
78
123
122
219
78
123
122
221
78
123
122
218
79
123
122
219
80
123
122
218
80
123
122
220
80
123
122
224
79
121
126
218
82
121
126
219
82
121
126
222
81
128
181
208
137
128
179
209
135
129
181
209
138
129
181
208
137
126
181
208
137
129
179
209
135
130
191
208
148
130
179
209
135
127
181
208
137
125
213
192
164
125
213
193
165
125
213
193
164
118
204
190
156
118
204
190
155
118
204
191
155
118
204
191
156
118
204
191
154
120
205
190
156
120
205
195
156
120
205
191
155
120
205
191
156
120
208
189
157
120
208
190
158
120
208
189
159
120
208
194
160
120
208
189
158
121
204
195
156
121
204
191
155
121
204
191
156
120
207
189
157
120
207
190
158
120
207
194
160
120
207
189
158
118
211
189
161
118
211
188
161
120
211
189
161
120
211
188
161
125
208
194
161
125
208
194
160
121
209
194
161
121
209
194
160
121
209
193
161
126
213
192
164
126
213
193
165
126
213
193
164
125
209
194
161
125
209
194
160
125
209
193
161
119
210
189
161
119
210
188
161
119
210
193
161
125
210
194
161
125
210
193
161
135
123
225
83
135
123
226
83
135
123
227
84
135
123
224
83
141
124
225
85
141
124
229
86
141
124
226
85
141
124
227
85
141
124
232
87
141
124
233
87
142
125
227
86
142
125
229
86
142
125
232
87
142
125
233
87
139
126
227
86
139
126
227
87
139
126
232
87
139
126
233
87
142
121
236
84
139
125
227
86
139
125
229
86
139
125
226
85
139
125
227
85
139
125
226
86
139
125
232
87
139
125
233
87
143
126
227
87
138
124
226
84
138
124
227
84
138
124
227
85
139
121
225
81
142
124
229
86
142
124
226
85
142
124
227
85
133
125
221
85
133
125
222
84
133
125
225
85
133
125
227
86
133
125
226
84
133
125
224
85
133
125
223
84
133
125
227
84
133
125
226
85
133
125
227
85
133
125
226
86
133
122
225
82
133
122
225
81
133
122
229
82
138
126
227
86
138
126
227
87
138
126
229
86
138
126
226
86
138
126
223
87
138
126
232
87
138
126
233
87
143
122
226
83
143
122
235
86
143
122
238
86
138
154
225
113
138
154
222
113
130
160
212
114
130
160
212
115
130
160
213
116
140
155
224
115
131
160
212
115
131
160
216
115
131
160
213
116
131
160
218
116
131
160
215
117
143
153
227
114
137
154
221
113
137
154
225
113
137
154
222
113
132
158
216
115
133
163
215
120
133
163
217
121
141
155
226
116
136
161
219
119
136
161
222
119
134
156
218
113
134
156
221
113
134
156
220
115
134
156
217
113
134
156
224
115
135
156
218
113
135
156
221
113
135
156
217
113
135
156
222
113
132
160
216
115
132
160
218
116
131
165
213
121
131
165
214
122
130
162
214
119
130
162
212
118
142
153
227
114
133
158
216
115
133
158
218
116
133
158
220
115
133
165
217
123
133
165
213
121
133
165
214
122
133
165
216
123
133
165
217
121
137
188
212
145
136
185
212
142
134
190
210
146
134
190
208
145
134
190
211
147
133
180
212
137
133
180
211
136
133
180
209
135
137
180
215
138
137
185
214
143
137
185
212
142
138
190
211
147
136
183
213
140
131
182
209
138
131
182
208
137
131
182
211
139
132
179
212
136
132
179
559
321
140
191
211
147
143
182
219
141
136
190
210
146
136
190
211
147
137
183
213
140
141
191
211
147
131
189
210
146
131
189
208
145
141
184
216
142
132
182
209
138
132
182
211
139
138
188
212
145
141
186
214
143
141
186
215
144
139
186
214
143
139
186
212
142
140
186
214
143
140
186
215
144
133
187
210
143
133
187
209
143
132
209
194
160
152
123
240
87
146
125
227
87
149
121
240
86
149
121
240
85
148
121
240
86
150
121
240
86
150
121
240
85
150
121
249
88
145
122
235
86
145
122
240
86
145
122
238
86
145
122
240
87
149
122
240
86
149
122
238
86
149
122
240
87
152
122
240
86
152
122
240
87
152
122
248
89
146
123
227
85
146
123
238
86
146
123
236
87
146
123
240
87
153
123
240
87
153
123
248
89
144
151
233
113
144
151
229
113
147
194
215
152
147
192
216
150
153
205
216
165
152
205
216
165
164
124
248
91
164
124
252
92
164
124
251
92
161
124
248
91
161
124
252
92
161
124
251
92
159
121
244
87
159
121
247
88
161
123
252
92
168
123
260
95
168
123
252
92
158
124
248
91
158
124
251
93
158
124
252
92
158
124
251
92
160
124
248
91
160
124
252
92
160
124
251
92
161
122
244
87
168
122
248
89
159
123
252
92
164
123
252
92
159
124
248
91
159
124
251
93
159
124
252
92
159
124
251
92
162
124
248
91
162
124
252
92
162
124
251
92
158
121
244
87
158
121
241
86
158
121
247
88
157
122
244
87
157
122
247
88
157
122
248
89
162
125
248
91
162
125
251
93
162
125
253
94
162
125
252
92
162
125
251
92
165
143
254
114
165
143
256
113
166
143
254
114
166
143
256
113
161
144
254
114
162
144
254
114
164
145
254
114
163
142
256
113
169
146
254
114
165
145
254
114
162
142
256
113
180
122
253
91
180
122
250
90
180
122
254
91
180
122
261
95
182
123
260
95
182
123
261
95
178
122
253
91
178
122
250
90
178
122
256
93
178
122
254
91
178
122
248
89
178
122
254
92
179
122
253
91
179
122
250
90
179
122
256
93
179
122
254
91
179
122
248
89
179
122
254
92
177
121
253
91
177
121
247
88
177
121
248
89
178
121
253
91
178
121
247
88
178
121
254
91
178
121
248
89
180
124
248
91
180
124
260
95
180
124
259
95
180
124
252
92
180
124
251
92
180
124
261
95
180
124
261
96
179
123
248
91
179
123
253
91
179
123
252
92
179
123
254
92
175
120
244
87
175
120
248
87
175
120
249
88
175
120
247
88
175
125
251
93
178
125
248
91
178
125
251
93
178
125
253
94
178
125
255
95
178
125
252
92
178
125
251
92
179
125
248
91
179
125
251
93
179
125
253
94
179
125
255
95
179
125
251
92
174
131
251
98
174
131
247
98
182
130
258
98
182
130
258
99
182
130
257
100
172
129
252
96
172
129
250
96
174
133
247
100
174
133
247
98
180
135
247
100
180
135
248
100
180
136
247
100
180
133
251
100
180
133
247
98
175
133
251
100
175
133
247
100
175
133
247
98
175
133
248
100
178
133
251
100
178
133
247
98
179
133
251
100
179
133
247
98
181
136
247
100
181
136
248
100
182
136
247
100
182
136
248
100
169
134
247
100
169
134
248
100
173
134
247
100
170
134
247
100
170
134
248
100
172
134
247
100
172
145
254
114
171
142
256
113
173
143
256
113
174
143
256
113
170
144
254
114
170
144
256
113
181
145
254
114
182
209
244
178
177
227
234
193
177
227
232
192
177
227
234
192
177
227
233
192
177
227
235
193
175
220
234
185
177
222
233
187
176
224
233
189
176
224
234
190
182
227
238
194
182
227
239
195
175
226
232
191
175
226
232
192
175
226
234
192
175
226
233
192
172
224
232
189
175
224
233
189
175
224
232
189
175
224
234
190
173
226
232
191
173
226
232
192
178
224
237
191
178
224
236
191
175
227
232
191
175
227
232
192
175
227
233
192
181
227
238
194
181
227
237
194
176
222
233
187
174
222
233
187
176
227
232
191
176
227
234
193
176
227
232
192
176
227
234
192
176
227
233
192
182
223
241
191
176
220
234
185
174
224
233
189
174
224
232
189
174
224
234
190
180
225
239
192
180
225
237
191
180
225
238
192
180
225
236
191
182
225
239
192
182
225
240
193
180
227
236
193
180
227
236
194
180
227
238
194
180
227
237
194
184
126
258
96
184
126
259
95
184
126
261
96
183
124
260
95
183
124
259
95
183
124
261
95
183
122
248
89
208
149
284
128
221
150
299
135
221
150
300
136
210
151
284
128
210
148
285
126
210
148
286
127
220
151
299
135
220
151
299
136
220
151
300
137
220
151
300
136
220
151
299
137
221
152
299
136
221
152
300
137
221
152
299
137
221
152
299
138
221
152
300
138
208
148
285
126
208
148
286
127
210
149
286
127
211
149
286
127
220
152
299
136
220
152
300
137
220
152
299
137
220
152
299
138
221
151
299
135
221
151
299
136
221
151
300
137
221
151
300
136
208
146
285
126
208
146
286
127
209
151
284
128
209
151
285
131
209
147
285
126
209
147
286
127
208
151
284
130
208
151
285
131
210
147
286
127
220
172
289
153
217
165
286
139
217
170
291
156
217
170
292
155
215
171
287
154
217
174
288
157
218
172
291
156
218
172
290
156
219
172
289
153
221
166
296
153
214
171
287
154
219
170
292
155
217
190
280
173
217
190
282
174
217
190
285
169
217
190
283
170
217
190
280
175
220
191
284
173
220
191
283
174
220
191
286
172
220
191
282
174
220
191
288
170
220
191
287
170
220
189
286
169
220
189
284
173
220
189
283
174
220
189
287
170
217
188
284
168
217
188
285
166
217
188
286
165
221
191
285
176
221
191
284
173
221
191
286
172
221
191
286
174
221
191
283
177
221
191
288
170
221
191
287
170
216
190
279
172
216
190
281
171
216
190
283
170
221
189
285
176
221
189
284
173
221
189
283
174
221
189
286
172
221
189
286
174
221
189
282
174
221
189
283
177
221
189
288
170
221
189
287
170
218
194
284
173
218
194
283
174
218
194
282
174
218
194
281
178
218
194
283
177
218
194
280
175
213
202
273
182
213
202
274
181
213
200
273
182
213
200
274
181
218
196
283
174
218
196
281
178
218
196
283
177
218
196
278
181
211
195
274
174
211
195
274
176
219
201
280
182
219
201
277
187
219
201
279
186
215
192
279
172
215
192
280
173
215
192
281
171
215
192
276
175
215
192
278
174
215
192
283
170
220
199
281
178
220
199
280
182
214
202
274
183
214
202
274
181
214
196
274
178
214
196
278
174
214
196
277
178
214
196
273
178
214
196
275
179
216
196
282
174
216
196
277
178
216
196
280
175
216
196
275
179
217
198
277
182
217
198
278
181
217
198
276
182
212
197
274
176
212
197
274
178
212
197
273
178
210
199
274
176
210
199
274
178
210
199
273
178
214
198
277
178
214
198
275
179
214
204
273
185
214
204
273
182
214
204
274
183
215
202
274
183
215
202
274
181
215
202
276
182
209
199
274
176
209
199
273
178
221
199
283
183
221
199
281
182
221
199
280
182
221
199
282
183
215
200
277
182
215
200
274
181
215
200
275
179
215
200
276
182
221
195
285
176
221
195
286
174
221
195
285
178
221
195
284
180
220
193
284
173
220
193
283
174
220
193
286
172
220
193
283
177
221
193
285
176
221
193
286
174
221
193
285
178
221
193
283
177
221
193
284
180
220
203
280
182
220
203
277
187
220
203
279
186
219
199
281
178
219
199
283
177
219
199
280
182
220
201
280
182
220
201
279
186
210
197
274
174
210
197
274
176
209
201
273
178
221
197
285
178
221
197
284
180
221
197
281
182
221
197
280
182
216
194
280
173
216
194
282
174
216
194
278
174
216
194
277
178
216
194
280
175
216
194
275
179
215
198
277
178
215
198
274
181
215
198
275
179
215
198
279
179
216
192
279
172
216
192
280
173
216
192
282
174
216
192
278
174
216
192
283
170
216
192
280
175
223
150
299
135
223
150
300
136
223
149
300
134
224
149
300
134
222
150
299
135
222
150
300
136
223
151
299
136
222
152
299
136
223
152
299
136
228
194
286
181
228
194
291
177
224
192
286
174
224
192
285
178
224
192
284
180
224
192
290
176
224
192
289
173
224
192
288
175
224
192
288
177
224
192
289
178
224
192
289
176
224
192
288
173
224
192
287
177
230
199
285
187
230
199
285
185
223
197
285
178
223
197
284
180
223
197
283
183
223
197
284
182
223
197
282
183
228
200
285
187
228
200
285
190
228
200
285
185
224
198
283
183
228
202
285
187
228
202
285
190
228
202
285
185
228
198
285
187
228
198
285
185
225
196
283
183
224
202
284
191
224
202
283
183
224
202
281
185
224
202
286
181
224
202
283
186
224
202
284
182
224
202
281
187
224
202
282
183
224
202
282
190
225
192
285
178
225
192
284
180
225
192
286
181
225
192
290
176
225
192
289
173
225
192
288
175
225
192
288
177
225
192
289
178
225
192
289
176
225
192
287
177
225
192
291
177
222
201
281
185
222
201
281
187
226
192
284
180
226
192
286
181
226
192
290
176
226
192
288
175
226
192
291
175
226
192
288
177
226
192
289
178
226
192
289
176
226
192
287
177
226
192
291
177
231
203
285
187
231
191
294
176
231
191
293
176
223
193
286
174
223
193
285
178
223
193
284
180
223
193
288
175
230
201
285
187
230
201
285
185
226
200
285
187
226
200
285
190
226
200
285
185
228
204
285
187
228
204
285
190
228
204
285
185
226
196
286
181
226
196
288
177
226
196
289
178
226
196
287
177
226
202
284
191
226
202
285
187
226
202
285
190
226
202
285
185
226
198
285
187
226
198
286
181
226
198
285
185
224
204
281
191
224
204
284
191
224
204
283
183
224
204
281
185
224
204
283
186
224
204
284
182
224
204
281
187
224
204
282
183
224
204
282
190
225
194
285
178
225
194
284
180
225
194
286
181
225
194
284
182
225
194
288
175
225
194
288
177
225
194
289
178
225
194
287
177
226
204
284
191
226
204
285
187
226
204
283
183
226
204
285
190
226
204
283
186
226
204
285
185
226
194
286
181
226
194
290
176
226
194
288
175
226
194
288
177
226
194
289
178
226
194
289
176
226
194
287
177
221
237
269
217
221
237
270
217
222
237
269
217
222
237
271
218
222
237
270
217
221
238
266
217
221
238
267
218
221
238
268
218
222
238
269
217
222
238
268
218
247
161
325
156
246
254
284
237
246
254
286
240
246
254
289
245
246
254
289
243
255
217
309
209
256
217
309
209
254
212
310
204
258
217
309
209
256
212
310
204
258
212
313
205
259
217
309
209
255
212
310
204
257
212
310
204
258
227
308
217
258
227
308
219
258
227
305
219
258
227
306
219
252
228
301
217
252
228
300
220
259
230
308
219
259
230
307
222
258
225
308
217
257
230
304
218
257
230
305
219
257
230
306
219
257
230
303
221
257
230
304
221
251
228
299
220
256
220
305
213
252
223
304
213
254
222
305
213
254
222
304
213
259
225
308
217
259
225
309
217
259
225
308
219
254
230
302
220
254
230
300
220
254
230
303
218
260
230
309
220
260
230
307
224
260
230
307
222
260
230
308
222
256
230
304
218
256
230
302
220
256
230
305
219
256
230
303
218
256
230
303
221
256
230
304
221
259
227
308
217
259
227
309
217
259
227
308
219
259
227
306
219
273
210
324
210
265
206
320
204
265
206
321
204
262
206
320
204
269
210
323
212
269
210
324
213
269
210
323
207
269
210
322
207
269
210
325
205
269
210
324
210
264
211
318
206
263
206
320
204
263
206
321
204
271
210
323
212
271
210
324
213
271
210
324
210
262
211
316
205
265
211
320
209
262
214
314
208
262
214
315
208
264
206
320
204
264
206
321
204
266
216
318
214
266
211
321
209
266
211
320
209
266
211
321
212
267
211
321
209
267
211
322
207
267
211
320
209
267
211
321
212
268
213
323
212
268
213
321
209
268
213
321
212
270
213
323
212
270
213
324
213
270
213
324
210
265
208
320
204
265
208
322
207
265
208
321
204
267
208
320
204
267
208
324
205
267
208
323
207
267
208
322
207
267
208
325
205
267
208
321
204
269
208
324
205
269
208
323
207
269
208
325
205
263
214
315
208
270
208
324
205
270
208
325
205
272
229
316
224
272
229
320
226
272
229
320
223
272
229
315
224
272
229
321
224
272
229
318
225
265
221
315
216
265
221
314
216
269
226
316
222
269
226
319
220
269
226
317
222
269
226
318
222
269
226
320
220
269
226
319
222
267
227
315
221
267
227
313
223
267
227
316
222
267
227
317
219
267
227
316
219
267
227
314
221
269
229
316
222
269
229
316
224
269
229
317
222
269
229
318
222
269
229
320
223
269
229
315
224
269
229
321
224
269
229
318
225
273
225
322
221
273
225
319
220
273
225
321
222
273
225
318
222
273
225
320
220
273
225
319
222
263
227
310
220
262
230
307
224
262
230
309
222
262
230
310
223
262
230
309
225
263
224
314
216
263
224
313
218
264
224
315
216
264
224
314
216
264
224
314
218
264
224
313
218
270
224
319
220
270
224
318
219
270
224
320
220
273
228
321
222
273
228
316
224
273
228
317
222
273
228
318
222
273
228
319
222
273
228
320
223
273
228
321
223
273
228
321
224
273
228
318
225
273
227
316
222
273
227
321
222
273
227
317
222
273
227
318
222
273
227
319
222
273
227
320
223
273
227
321
223
273
227
321
224
272
226
319
220
272
226
321
222
272
226
317
222
272
226
318
222
272
226
319
222
272
226
320
223
272
226
321
223
273
230
316
224
273
230
317
227
273
230
320
226
273
230
318
225
273
230
316
227
273
222
324
220
262
219
313
213
261
230
307
224
261
230
308
222
261
230
309
222
265
224
315
216
265
224
314
216
265
224
314
218
266
224
315
219
268
224
318
217
268
224
317
219
268
224
318
219
268
224
316
219
269
224
317
219
269
224
319
220
269
224
318
219
269
221
318
217
269
221
319
217
263
219
314
213
263
219
313
213
266
227
315
221
266
227
313
223
266
227
315
219
266
227
316
219
266
227
314
221
268
229
313
223
268
229
316
222
268
229
316
224
268
229
317
222
268
229
318
222
268
229
315
224
265
227
311
223
265
227
313
223
265
227
315
219
265
227
314
221
273
226
322
221
273
226
319
220
273
226
321
222
273
226
317
222
273
226
318
222
273
226
319
222
273
226
320
223
273
226
321
223
262
222
313
213
261
227
308
219
261
227
309
220
261
227
310
220
273
229
316
224
273
229
320
226
273
229
320
223
273
229
321
224
273
229
318
225
267
232
312
226
267
232
314
226
273
235
312
231
273
235
315
229
273
235
318
228
273
235
319
229
273
235
316
230
273
235
317
230
273
235
314
232
273
235
318
232
273
235
315
232
271
234
315
229
271
234
318
228
271
234
319
229
271
234
317
227
271
234
316
230
271
234
319
228
271
234
317
230
271
234
313
229
271
234
316
227
263
235
310
225
263
235
310
228
263
235
309
225
262
237
305
228
262
237
305
229
262
237
306
227
269
234
312
229
269
234
315
229
269
234
318
228
269
234
313
229
269
234
316
227
273
237
314
232
273
237
318
232
273
237
315
232
262
235
310
225
262
235
305
228
262
235
307
224
262
235
305
229
262
235
306
227
262
235
309
225
269
232
317
227
269
232
314
226
269
232
316
227
272
231
318
228
272
231
317
227
272
231
320
226
272
231
319
228
272
231
318
225
272
231
316
227
266
235
311
228
266
235
312
229
266
235
310
228
268
237
312
229
268
237
311
231
268
237
312
231
268
237
315
229
268
237
316
230
268
237
317
230
268
237
313
229
268
237
315
232
266
232
311
223
266
232
312
226
266
232
313
223
272
234
315
229
272
234
318
228
272
234
319
229
272
234
317
227
272
234
316
230
272
234
319
228
272
234
317
230
272
234
313
229
272
234
316
227
260
235
304
226
260
235
305
228
260
235
304
228
260
235
307
224
260
235
305
229
260
235
306
227
260
235
307
222
260
235
305
224
262
232
310
225
262
232
307
224
262
232
306
227
262
232
308
222
262
232
309
222
262
232
310
223
262
232
311
223
262
232
309
225
270
232
318
228
270
232
317
227
270
232
314
226
270
232
320
226
270
232
319
228
270
232
316
227
264
235
310
225
264
235
310
228
264
235
309
225
265
235
311
228
265
235
310
228
265
232
310
225
265
232
310
223
265
232
311
223
265
232
312
226
265
232
313
223
273
233
315
229
273
233
318
228
273
233
319
229
273
233
317
227
273
233
316
230
273
233
319
228
273
233
317
230
273
233
316
227
273
236
315
229
273
236
316
230
273
236
317
230
273
236
314
232
273
236
318
232
273
236
315
232
271
232
315
229
271
232
318
228
271
232
317
227
271
232
314
226
271
232
320
226
271
232
319
228
271
232
316
227
264
237
310
228
264
232
310
225
264
232
310
223
264
232
311
223
264
232
309
225
264
232
313
223
269
237
312
229
269
237
311
231
269
237
312
231
269
237
315
229
269
237
316
230
269
237
317
230
269
237
313
229
269
237
315
232
270
237
311
231
270
237
312
231
270
237
315
229
270
237
316
230
270
237
317
230
270
237
313
229
270
237
318
232
270
237
315
232
268
232
312
226
268
232
314
226
271
237
312
231
271
237
315
229
271
237
316
230
271
237
317
230
271
237
314
232
271
237
318
232
271
237
315
232
261
253
301
243
260
244
303
237
260
244
303
234
260
244
301
233
260
244
304
234
273
248
315
242
273
248
314
243
273
246
315
242
273
246
315
240
273
246
314
243
273
246
315
241
260
256
298
247
260
256
299
246
273
249
314
243
261
254
301
243
279
237
322
234
279
237
323
234
279
237
324
235
279
237
324
237
279
237
323
232
279
237
323
231
279
237
324
236
279
237
325
237
279
237
323
235
279
230
324
228
279
230
321
224
279
230
325
226
281
241
324
239
281
241
322
238
284
240
330
243
284
240
329
243
286
240
330
243
286
240
329
243
286
239
330
243
286
239
329
243
284
242
324
239
284
242
325
242
284
242
328
245
284
242
329
246
284
242
328
246
284
242
326
245
284
242
327
244
284
242
329
243
284
242
325
244
284
242
326
244
284
242
328
243
284
242
327
243
284
242
329
244
278
243
322
241
278
243
320
239
278
243
316
239
278
243
319
242
278
243
323
242
278
243
320
242
278
243
320
243
278
243
320
240
278
243
322
243
283
243
324
242
283
243
323
242
283
243
323
241
283
243
325
242
283
243
326
245
283
243
327
244
283
243
325
244
283
243
326
244
283
243
327
243
281
256
320
256
279
257
320
256
280
257
320
256
281
257
320
256
284
257
320
256
284
257
323
256
291
180
351
187
290
185
347
193
290
185
351
190
290
202
344
207
299
193
356
200
289
204
346
213
289
204
344
214
289
201
344
207
289
201
338
208
289
201
344
205
287
202
338
208
298
207
350
215
298
207
351
215
298
207
350
216
296
206
349
214
289
206
346
213
289
206
344
214
289
206
345
214
289
206
342
215
289
206
347
213
297
205
351
211
297
209
349
216
297
209
350
217
297
209
350
215
297
209
351
215
297
209
350
216
297
210
350
217
297
210
351
215
297
210
350
216
298
208
350
217
298
208
351
215
298
208
350
216
297
245
334
248
297
245
335
247
297
245
334
247
299
251
337
254
299
251
335
254
299
251
336
254
299
251
339
255
292
243
335
247
292
243
332
246
292
243
334
247
292
243
333
247
287
245
328
245
287
245
329
246
287
245
328
246
287
245
326
245
287
245
327
244
287
245
325
244
287
245
326
244
287
245
330
246
290
256
327
257
290
256
329
258
296
256
327
257
293
250
330
252
293
250
332
253
293
250
333
253
294
250
334
252
294
250
334
254
294
250
330
252
294
250
332
253
294
250
333
253
290
245
331
246
290
245
331
247
290
245
328
245
290
245
329
246
290
245
328
246
290
245
332
246
290
245
332
247
290
245
327
244
290
245
330
246
290
245
329
244
294
244
334
248
294
244
335
247
294
244
332
246
294
244
334
247
294
244
333
247
294
245
334
248
294
245
331
246
294
245
331
247
294
245
335
247
294
245
332
246
294
245
332
247
294
245
334
247
294
245
333
247
288
244
331
246
288
244
331
247
288
244
328
245
288
244
329
246
288
244
327
244
288
244
329
243
288
244
330
246
288
244
328
243
288
244
327
243
288
244
329
244
290
250
327
251
290
250
330
252
290
244
331
246
290
244
331
247
290
244
329
246
290
244
332
246
290
244
332
247
290
244
330
246
290
244
328
243
290
244
329
244
290
244
333
247
289
251
325
250
289
251
327
251
289
251
326
251
293
251
330
252
293
251
332
253
289
245
331
246
289
245
331
247
289
245
328
245
289
245
329
246
289
245
328
246
289
245
327
244
289
245
330
246
289
245
327
243
289
245
329
244
291
244
334
248
291
244
331
246
291
244
331
247
291
244
332
246
291
244
332
247
291
244
330
246
291
244
328
243
291
244
329
244
291
244
333
247
293
245
334
248
293
245
331
246
293
245
331
247
293
245
335
247
293
245
332
246
293
245
332
247
293
245
334
247
293
245
335
248
293
245
330
246
293
245
333
247
295
256
327
257
295
256
328
258
292
244
331
246
292
244
331
247
292
244
335
247
292
244
332
246
292
244
332
247
292
244
334
247
292
244
335
248
292
244
329
244
292
244
333
247
299
257
336
260
299
257
333
260
299
257
334
260
290
261
321
260
290
261
321
261
292
257
324
257
292
257
325
257
292
257
327
257
292
257
328
258
292
257
329
258
292
257
326
257
290
258
324
257
290
258
325
257
290
258
327
257
290
258
328
258
290
258
326
257
290
258
329
259
287
262
321
260
287
262
321
261
289
262
321
261
301
230
351
234
310
224
358
231
311
224
358
231
301
227
352
231
303
227
352
231
303
227
351
234
311
222
358
231
305
225
352
231
302
227
352
231
312
222
358
231
312
223
360
232
312
223
358
231
312
223
358
233
303
225
352
231
303
226
352
231
302
228
352
231
302
228
351
234
304
227
352
231
304
227
351
234
305
227
351
234
310
240
346
249
299
233
351
235
299
239
338
243
311
239
346
249
305
243
343
251
315
183
374
199
315
183
372
196
315
183
373
196
315
183
376
197
318
183
376
197
317
188
372
201
317
188
377
202
317
188
373
202
317
188
377
200
317
188
375
202
317
188
374
202
312
186
371
198
312
186
373
199
312
186
372
199
312
186
370
201
313
189
372
201
313
189
373
202
313
189
370
201
314
178
375
194
319
185
377
200
320
185
377
202
320
185
377
200
317
191
373
204
317
191
374
205
317
191
375
205
320
191
376
205
316
186
372
201
316
186
373
199
316
186
372
199
316
186
374
199
312
189
372
201
312
189
369
201
312
189
372
199
312
189
370
201
317
183
376
197
319
191
374
205
319
191
375
205
319
191
376
205
320
188
377
202
313
178
375
194
312
181
371
196
312
181
372
196
312
181
373
196
319
188
377
202
319
188
377
200
319
188
375
202
319
188
374
202
314
189
372
201
314
189
373
202
314
189
374
202
321
188
377
202
315
186
373
199
315
186
372
199
315
186
374
199
317
199
371
212
313
192
369
204
313
192
370
204
313
192
371
204
318
203
370
217
314
194
371
207
314
194
372
207
314
194
370
207
321
193
376
208
321
193
377
208
317
202
369
215
317
202
370
215
323
199
376
214
318
204
370
217
323
196
377
211
312
197
368
209
315
197
371
210
315
197
372
210
316
197
371
210
316
197
372
210
317
197
371
210
317
197
372
210
317
197
373
210
317
194
374
207
317
194
372
207
317
194
376
205
318
194
374
207
318
194
375
208
312
192
368
203
312
192
369
204
312
192
370
204
312
192
371
204
322
199
376
214
312
200
368
212
312
200
367
212
314
200
368
212
314
200
369
212
315
200
368
212
315
200
369
212
333
235
377
249
333
235
377
250
333
235
379
247
331
241
370
258
331
241
373
257
331
232
377
243
331
232
377
244
335
231
377
249
335
231
377
250
335
231
381
243
335
231
379
247
335
237
373
257
332
231
377
243
332
231
377
244
332
231
379
243
334
231
377
249
334
231
377
250
334
231
381
243
334
231
379
244
334
231
379
247
334
231
379
243
334
235
377
249
334
235
377
250
334
235
379
247
329
230
376
242
336
237
375
257
336
237
377
255
334
238
373
257
335
232
377
249
335
232
377
250
335
232
379
247
335
240
375
257
335
240
375
258
335
240
377
255
335
241
375
257
335
241
375
258
331
231
377
243
331
231
377
244
336
243
374
261
329
247
369
262
331
247
369
262
330
246
369
262
339
234
386
244
341
240
381
259
364
227
405
250
357
233
400
258
389
76
486
118
417
71
512
120
418
71
512
120
437
167
497
222
442
160
501
219
465
119
547
190
466
121
548
191
466
234
506
297
466
234
507
298
