Test1310_rot.PNG
Test1311_rot.PNG
109
50
81
232
110
50
82
232
110
50
81
232
110
50
81
230
110
50
81
231
112
73
101
250
112
73
100
251
113
73
101
250
115
79
103
251
113
78
100
251
139
84
128
239
143
81
128
235
141
78
125
233
140
82
127
238
140
83
127
238
140
83
128
238
140
84
128
238
140
84
128
239
140
79
124
235
139
77
122
235
139
77
123
234
139
77
123
235
139
79
124
235
141
77
124
232
141
77
123
233
140
77
124
232
140
77
123
234
140
77
125
232
140
77
123
233
139
85
128
240
139
85
128
241
139
86
128
241
156
151
186
274
154
152
186
275
155
151
186
275
156
156
190
277
156
156
189
277
157
157
192
277
163
155
195
271
164
155
195
271
162
154
195
271
156
158
191
278
156
158
192
278
169
80
146
216
169
80
146
215
170
82
148
216
169
79
145
215
169
79
146
215
181
152
206
256
187
56
144
185
194
98
178
208
194
98
178
207
208
30
138
151
208
31
138
152
227
172
251
240
228
172
251
240
228
171
251
240
253
144
251
201
262
151
264
194
262
150
264
194
263
150
264
194
263
151
264
194
266
175
280
212
287
61
216
117
287
176
295
200
286
175
295
200
287
175
295
200
288
308
389
294
298
321
408
296
297
323
408
296
303
176
309
184
324
321
426
277
324
321
427
277
318
316
419
276
322
318
422
275
322
319
422
276
322
319
422
275
322
319
423
275
322
319
423
276
323
319
424
276
323
319
423
276
323
319
424
275
322
320
424
276
322
320
422
276
322
320
423
276
322
320
424
275
323
320
424
276
323
320
425
275
323
320
425
277
323
320
423
276
323
320
424
275
318
317
419
276
348
206
358
180
348
205
358
180
348
205
358
179
349
206
360
180
351
320
441
255
348
320
441
258
361
57
264
62
361
57
263
63
352
177
341
153
380
208
386
158
378
208
386
158
378
208
385
159
384
210
389
154
384
210
390
154
387
210
390
154
394
88
312
59
400
89
320
53
394
87
312
59
393
87
310
62
393
87
312
59
399
89
320
53
393
209
399
144
393
209
398
145
393
209
395
148
397
208
398
144
399
206
397
142
397
205
397
141
401
204
398
139
401
204
400
137
401
204
397
140
401
204
397
141
400
204
398
139
400
204
397
140
400
204
397
141
398
207
400
140
398
207
399
141
398
207
398
142
454
174
414
80
454
175
414
80
454
173
414
80
492
316
542
152
492
316
541
153
530
295
552
111
526
312
562
126
526
312
563
126
531
315
569
125
531
315
570
125
532
316
569
125
532
316
570
125
533
318
580
119
533
318
579
120
533
318
578
118
527
313
564
125
527
313
565
125
527
313
562
126
527
313
563
126
528
313
564
125
528
313
565
125
528
313
563
126
534
315
569
122
534
315
571
123
534
315
569
125
534
315
570
125
534
315
578
118
534
321
580
119
534
321
585
117
534
321
581
121
534
321
585
118
534
321
579
120
534
321
580
122
534
321
578
123
534
321
579
123
534
314
568
121
534
314
569
122
534
314
571
123
534
314
569
125
534
314
570
125
535
312
567
121
535
312
567
119
536
316
577
117
536
316
577
116
536
316
578
118
535
317
580
119
535
317
577
117
535
317
578
118
535
313
567
119
535
313
568
121
535
313
569
122
536
319
580
119
536
319
577
123
536
319
585
117
536
319
581
121
536
319
576
123
536
319
583
115
536
319
582
114
536
319
579
120
536
319
585
115
536
319
580
122
536
319
583
114
536
319
583
116
536
319
578
123
536
319
579
123
536
319
584
115
536
319
578
118
536
319
575
124
536
319
585
114
533
323
579
125
533
322
585
118
533
324
582
126
