base1.jpg
base2.jpg
85
178
35
173
85
178
38
174
86
178
36
173
86
178
35
173
86
178
38
174
87
178
36
173
87
178
35
173
87
178
38
174
87
178
46
175
86
410
37
420
88
410
37
420
96
368
97
376
95
375
95
383
95
375
97
381
96
376
95
384
96
376
96
384
96
376
95
383
96
376
94
384
97
376
95
383
120
184
60
178
121
184
60
178
121
184
67
178
125
188
61
182
117
188
65
184
121
189
65
184
122
191
59
185
122
191
62
186
117
183
55
177
117
183
60
178
117
183
56
176
119
187
61
182
117
184
55
177
117
184
60
178
124
188
61
182
127
184
60
178
127
184
67
178
127
184
68
178
126
184
60
178
126
184
67
178
126
184
68
178
129
184
60
178
129
184
67
178
129
184
68
178
120
191
57
185
120
191
62
186
119
183
60
178
119
183
56
176
119
183
67
178
131
184
67
178
131
184
72
178
131
184
68
178
143
186
163
220
143
186
167
221
143
186
160
219
143
186
161
219
137
184
75
177
137
184
160
219
132
185
60
178
131
185
60
178
140
186
165
222
145
186
166
220
145
186
162
219
145
186
160
218
145
186
169
220
145
186
167
220
149
186
85
178
149
186
169
218
149
186
168
218
149
188
166
220
149
188
167
220
148
187
166
220
148
187
167
219
148
187
169
220
148
187
167
220
156
189
81
178
156
189
167
219
150
186
85
178
150
186
86
178
150
186
169
218
150
186
168
218
145
187
163
220
145
187
160
219
145
187
161
219
145
187
164
220
149
187
167
219
149
187
169
220
150
187
167
219
156
158
77
151
158
187
87
178
157
188
85
178
157
188
87
178
158
188
85
178
158
188
87
178
158
189
82
178
158
189
85
178
169
218
113
214
169
220
114
216
168
218
113
214
199
383
127
385
317
256
299
257
321
256
299
257
321
256
296
256
345
258
292
256
345
258
293
256
345
258
298
256
350
259
301
257
343
259
299
257
343
258
292
256
343
258
293
256
343
258
294
256
343
258
296
256
343
258
298
256
350
256
312
255
344
259
299
257
346
259
299
257
348
259
299
257
355
256
312
255
352
257
317
256
352
257
321
256
352
257
316
256
352
257
314
256
363
260
302
258
363
260
301
258
358
259
306
257
358
259
301
257
358
259
302
257
359
256
312
255
354
256
312
255
358
263
310
265
355
260
302
258
355
260
304
259
364
264
310
265
357
260
302
258
357
260
301
258
361
265
312
267
353
257
314
256
364
260
302
258
364
260
301
258
358
256
312
255
360
258
301
256
366
259
299
257
368
259
301
257
368
259
302
257
368
259
303
257
373
268
313
267
372
260
302
258
372
260
321
259
373
265
318
267
373
265
319
268
373
265
320
266
373
265
317
268
377
265
315
265
373
266
315
267
373
266
319
268
373
266
317
268
375
267
315
267
375
267
317
268
377
267
315
267
377
267
318
267
377
267
319
268
377
267
317
268
377
259
301
256
377
259
306
257
377
259
305
257
377
259
303
257
377
259
324
257
377
259
326
258
377
258
316
256
371
260
302
258
371
260
304
259
371
260
301
258
371
260
321
259
367
266
313
267
367
266
314
267
369
266
313
267
369
266
314
267
369
266
317
268
374
256
312
255
373
267
313
267
373
267
314
267
376
267
315
267
376
267
314
267
376
267
317
268
372
257
317
256
372
257
321
256
370
259
301
257
370
259
302
257
370
259
303
257
374
268
313
267
376
263
302
260
387
203
339
204
390
198
351
195
390
198
348
196
390
198
342
202
390
198
347
197
390
198
348
197
390
198
343
199
389
201
339
204
389
201
342
202
389
201
346
202
389
201
344
202
389
201
345
202
389
201
345
203
386
202
339
204
390
195
351
195
390
195
348
196
390
195
347
197
390
195
348
197
390
195
343
199
390
202
349
203
390
202
342
204
390
202
339
204
390
202
342
202
390
202
346
202
390
202
346
204
390
202
344
202
390
202
345
202
390
202
345
203
387
197
343
198
387
197
347
195
387
197
343
199
389
197
351
195
389
197
348
196
389
197
347
197
389
197
348
197
389
197
343
199
388
193
350
193
388
193
350
191
390
201
339
204
390
201
342
202
390
201
346
202
390
201
346
204
390
201
344
202
390
201
345
202
390
201
345
203
390
203
349
203
390
203
342
204
390
203
339
204
390
203
342
202
390
203
346
202
390
203
346
204
390
203
344
202
390
203
345
202
390
203
345
203
388
205
342
204
390
205
342
204
390
205
346
204
384
256
310
254
384
256
312
255
386
256
310
254
386
256
312
255
380
258
311
256
380
258
312
256
380
258
317
256
380
258
321
256
380
258
316
256
380
258
314
256
380
258
338
257
379
261
304
259
384
262
311
260
384
262
303
259
384
262
304
259
384
262
318
260
380
266
315
265
380
266
377
265
380
266
380
266
381
260
301
257
381
260
305
257
381
260
302
257
381
260
303
257
381
260
324
257
381
260
326
258
388
260
306
257
388
260
312
258
388
260
326
258
388
260
337
259
388
260
336
259
388
260
340
260
388
260
344
259
388
260
346
259
388
260
348
259
388
260
389
259
383
259
306
257
383
259
305
257
383
259
317
256
383
259
321
256
383
259
324
257
386
259
306
257
386
259
305
257
386
259
324
257
386
259
326
258
387
262
318
260
389
259
324
257
389
259
326
258
384
266
315
265
384
266
330
268
384
266
377
265
384
266
375
267
384
266
377
267
384
266
376
267
384
266
380
266
382
268
315
267
382
268
318
267
382
268
319
268
382
268
317
268
382
268
382
268
387
260
312
258
387
260
337
259
387
260
336
259
387
260
340
260
387
260
344
259
387
260
346
259
387
260
348
259
390
269
382
268
390
260
337
259
390
260
336
259
390
260
327
259
390
260
334
260
390
260
345
258
390
260
350
259
390
260
340
260
390
260
344
259
390
260
346
259
390
260
348
259
390
260
380
258
390
260
386
259
387
257
312
255
387
257
321
256
381
261
302
258
381
261
304
259
381
261
301
258
388
261
312
258
388
261
321
259
388
261
323
259
388
261
339
261
388
261
341
261
388
261
363
260
388
261
368
259
388
261
373
259
388
261
383
259
388
259
306
257
388
259
305
257
388
259
324
257
388
259
326
258
389
262
318
260
387
256
310
254
383
264
333
266
390
259
306
257
390
259
326
258
390
259
345
258
390
259
350
259
390
259
346
259
390
259
348
259
381
266
315
265
381
266
377
265
381
266
375
267
381
266
380
266
389
258
321
256
389
258
338
257
389
258
348
257
386
266
315
265
386
266
330
268
386
266
333
269
386
266
377
265
386
266
375
267
386
266
377
267
386
266
376
267
386
266
380
266
390
268
382
268
390
258
321
256
390
258
338
257
390
258
348
257
379
271
320
271
379
271
321
271
398
256
312
255
391
260
326
258
391
260
337
259
391
260
336
259
391
260
327
259
391
260
334
260
391
260
345
258
391
260
350
259
391
260
340
260
391
260
344
259
391
260
346
259
391
260
348
259
391
260
358
259
391
260
380
258
391
260
388
260
391
260
386
259
391
260
389
259
391
260
388
259
403
261
383
259
394
260
348
259
394
260
363
260
394
260
368
259
394
260
373
259
394
260
380
258
394
260
383
259
394
260
386
259
395
260
363
260
395
260
368
259
395
260
373
259
395
260
380
258
396
258
348
257
402
257
338
257
402
257
418
258
401
260
350
259
401
260
340
260
401
260
339
261
401
260
348
259
401
260
341
261
401
260
388
260
401
260
383
259
401
260
386
259
401
260
389
259
401
260
387
260
401
260
390
260
401
260
388
259
401
260
391
260
402
260
326
258
402
260
337
259
402
260
336
259
402
260
334
260
402
260
350
259
402
260
340
260
402
260
344
259
402
260
346
259
402
260
348
259
402
260
386
259
402
260
389
259
402
260
388
259
402
260
390
259
402
260
389
258
392
259
326
258
392
259
345
258
392
259
350
259
392
259
351
258
392
259
346
259
392
259
348
259
392
259
357
258
402
259
337
259
402
259
345
258
402
259
350
259
402
259
343
259
402
259
340
260
402
259
343
258
402
259
351
258
402
259
344
259
402
259
348
259
391
268
382
268
400
265
349
269
400
265
359
268
400
265
360
268
400
265
381
266
392
260
326
258
392
260
337
259
392
260
336
259
392
260
327
259
392
260
334
260
392
260
345
258
392
260
350
259
392
260
343
259
392
260
340
260
392
260
344
259
392
260
346
259
392
260
348
259
403
258
348
257
403
260
337
259
403
260
340
260
403
260
344
259
403
260
388
260
403
260
386
259
403
260
388
259
399
257
338
257
401
257
338
257
401
257
418
258
401
259
337
259
401
259
345
258
401
259
350
259
401
259
343
259
401
259
351
258
401
259
344
259
401
259
348
259
401
259
386
256
393
260
327
259
393
260
334
260
393
260
350
259
393
260
340
260
393
260
344
259
393
260
346
259
393
260
348
259
393
260
380
258
393
260
386
259
395
267
382
268
398
267
382
268
401
258
348
257
407
259
306
257
407
259
305
257
407
259
384
256
412
264
341
267
412
264
354
265
412
264
359
267
412
264
360
266
412
264
361
265
412
264
357
267
412
264
376
264
412
264
373
265
412
264
373
266
412
264
375
262
412
264
374
263
412
264
365
268
412
264
376
263
412
264
383
264
407
260
326
258
407
260
337
259
407
260
336
259
407
260
340
260
407
260
344
259
407
260
346
259
407
260
389
259
415
265
359
267
415
265
357
267
415
265
376
264
415
265
373
265
415
265
373
266
415
265
367
266
415
265
365
268
415
265
383
264
415
265
386
266
409
257
419
258
409
257
418
258
415
267
384
266
415
267
386
266
415
267
390
268
415
267
391
268
416
267
384
266
416
267
386
266
416
267
390
268
416
267
391
268
407
257
397
256
407
257
414
259
407
257
415
259
407
257
419
258
407
257
418
258
404
257
397
256
404
257
418
258
428
264
346
267
428
264
368
265
419
267
318
265
419
267
318
267
419
267
377
265
419
267
375
267
419
267
377
267
419
267
368
268
419
267
376
267
419
267
380
266
419
267
384
266
420
261
373
259
428
268
368
265
428
268
377
265
428
268
373
266
428
268
375
267
428
268
377
267
428
268
367
266
428
268
369
266
428
268
373
267
428
268
376
267
428
268
365
268
428
268
417
270
422
269
349
269
422
269
361
268
422
269
373
268
422
269
377
265
422
269
373
266
422
269
375
267
422
269
377
267
422
269
368
268
422
269
373
267
422
269
376
267
422
269
365
268
422
269
374
268
422
269
380
266
422
269
384
266
422
269
381
266
422
269
417
270
424
264
344
266
424
264
348
266
424
264
346
267
424
264
346
268
424
264
375
262
424
264
376
263
421
265
340
267
421
265
342
267
421
265
339
266
421
265
344
266
421
265
348
266
421
265
341
267
421
265
346
267
421
265
359
267
421
265
360
266
421
265
364
264
421
265
368
265
421
265
373
265
421
265
375
262
421
265
374
263
421
265
376
263
429
266
368
265
429
266
369
266
424
267
376
264
424
267
373
265
424
267
373
266
424
267
367
266
424
267
365
268
424
267
383
264
424
267
381
266
422
268
377
265
422
268
373
266
422
268
375
267
422
268
377
267
422
268
368
268
422
268
367
266
422
268
369
266
422
268
376
267
422
268
365
268
422
268
384
266
422
268
383
264
429
262
348
266
429
262
375
262
429
262
379
261
429
262
381
261
417
270
380
266
417
270
390
269
417
270
388
269
422
271
382
268
422
271
388
269
422
271
422
271
425
270
336
271
425
270
336
270
425
270
338
270
425
270
349
269
425
270
342
271
425
270
361
268
425
270
377
267
425
270
368
268
425
270
380
266
425
270
384
266
425
270
381
266
425
271
336
271
425
271
338
270
425
271
349
269
425
271
342
271
425
271
343
270
425
271
361
268
425
271
368
268
425
271
372
269
425
271
370
269
425
271
371
269
425
271
380
266
425
271
382
268
425
271
381
266
425
271
422
271
427
271
336
271
427
271
338
270
427
271
342
271
427
271
343
270
427
271
380
266
427
271
382
268
427
271
390
269
427
271
422
271
427
271
425
270
426
271
336
271
426
271
338
270
426
271
342
271
426
271
343
270
426
271
361
268
426
271
377
267
426
271
368
268
426
271
380
266
426
271
384
266
438
263
360
266
438
263
357
267
438
263
376
264
438
263
373
265
438
263
374
263
438
263
376
263
438
263
384
262
438
263
381
261
438
263
383
264
430
265
342
267
430
265
346
267
430
265
346
268
430
265
368
265
430
265
373
265
430
265
367
266
430
265
369
266
430
265
376
263
435
268
343
270
435
268
373
268
435
268
377
265
435
268
373
266
435
268
375
267
435
268
377
267
435
268
368
268
435
268
372
269
435
268
373
267
435
268
376
267
435
268
365
268
435
268
374
268
435
268
371
269
435
268
380
266
435
268
381
266
435
268
417
270
435
268
425
270
434
264
346
267
434
264
346
268
434
264
359
267
434
264
357
267
434
264
368
265
434
264
376
264
434
264
373
265
434
264
373
266
434
264
374
263
434
264
365
268
434
264
376
263
434
264
383
264
432
266
373
265
432
266
373
266
432
266
367
266
432
266
369
266
432
266
365
268
432
266
383
264
432
266
417
270
439
260
373
259
439
260
372
260
439
260
377
259
439
260
371
260
439
260
374
260
439
260
383
259
439
260
386
259
439
258
388
260
439
258
386
259
439
258
389
259
439
258
387
260
439
258
390
260
439
258
388
259
439
258
390
259
439
258
389
258
439
258
391
260
441
257
374
256
441
257
386
256
441
257
389
259
441
257
387
257
441
257
389
257
441
257
387
256
441
257
390
259
441
257
389
258
441
257
390
258
441
257
391
260
441
257
395
260
441
257
392
260
441
257
393
260
442
257
374
256
442
257
389
257
442
257
387
256
442
257
394
260
442
257
395
260
442
257
393
260
439
266
343
269
439
266
359
267
439
266
368
265
439
266
376
264
439
266
373
265
439
266
377
265
439
266
373
266
439
266
375
267
439
266
367
266
439
266
369
266
439
266
376
267
439
266
383
264
438
267
343
270
438
267
360
267
438
267
377
265
438
267
373
266
438
267
375
267
438
267
377
267
438
267
368
268
438
267
367
266
438
267
369
266
438
267
376
267
438
267
365
268
438
267
380
266
438
267
384
266
438
267
383
264
438
267
422
269
438
267
417
270
440
267
349
269
440
267
343
270
440
267
360
267
440
267
377
265
440
267
373
266
440
267
375
267
440
267
377
267
440
267
368
268
440
267
367
266
440
267
373
267
440
267
376
267
440
267
365
268
440
267
371
269
440
267
380
266
440
267
381
266
440
267
422
269
440
267
417
270
440
267
425
270
438
258
368
259
438
258
373
259
438
258
376
258
438
258
377
259
438
258
377
258
438
258
370
259
438
258
380
258
438
258
386
259
438
258
389
259
438
258
390
260
438
258
388
259
438
258
390
259
438
258
389
258
438
258
391
260
437
258
368
259
437
258
373
259
437
258
376
258
437
258
377
259
437
258
377
258
437
258
370
259
437
258
380
258
437
258
383
259
437
258
386
259
437
258
389
259
437
258
390
260
437
258
388
259
436
256
449
262
440
263
346
267
440
263
346
268
440
263
360
266
440
263
364
264
440
263
361
265
440
263
357
267
440
263
376
264
440
263
373
265
440
263
375
262
440
263
374
263
440
263
376
263
440
263
384
262
440
263
381
261
440
263
383
264
441
258
372
257
441
258
389
259
441
258
390
260
441
258
390
259
441
258
389
258
441
258
391
260
439
264
346
267
439
264
346
268
439
264
360
266
439
264
357
267
439
264
376
264
439
264
373
265
439
264
374
263
439
264
376
263
439
264
384
262
439
264
383
264
432
265
343
269
432
265
346
267
432
265
346
268
432
265
360
267
432
265
368
265
432
265
376
264
432
265
373
265
432
265
373
266
432
265
367
266
432
265
369
266
432
265
365
268
432
265
376
263
432
265
383
264
431
266
368
265
431
266
373
265
431
266
373
266
431
266
367
266
431
266
369
266
431
266
383
264
434
260
372
260
434
260
377
259
434
260
371
260
434
260
374
260
434
260
383
259
432
259
373
259
432
259
372
260
432
259
376
258
432
259
377
259
432
259
371
260
432
259
370
259
432
259
380
258
432
259
383
259
432
259
386
259
437
260
373
259
437
260
372
260
437
260
377
259
437
260
371
260
437
260
374
260
437
260
383
259
437
260
386
259
432
267
373
268
432
267
377
265
432
267
373
266
432
267
375
267
432
267
377
267
432
267
368
268
432
267
369
266
432
267
373
267
432
267
376
267
432
267
365
268
432
267
374
268
432
267
384
266
432
267
417
270
431
268
373
268
431
268
377
265
431
268
373
266
431
268
375
267
431
268
373
267
431
268
376
267
431
268
374
268
430
269
373
268
430
269
368
268
430
269
372
269
430
269
374
268
432
269
373
268
432
269
375
267
432
269
377
267
432
269
368
268
432
269
372
269
432
269
373
267
432
269
376
267
432
269
374
268
432
269
380
266
432
271
370
269
432
271
371
269
432
271
382
268
432
271
422
271
432
271
425
271
432
271
426
271
439
270
382
268
439
270
422
271
439
270
425
271
439
270
426
271
452
256
389
257
452
256
387
256
449
260
373
259
449
260
372
260
449
260
377
259
449
260
371
260
449
260
383
259
449
260
386
259
453
257
384
256
453
257
386
256
453
257
387
257
453
257
389
257
453
257
387
256
453
257
389
258
453
257
390
258
453
257
403
260
453
267
430
269
449
262
400
265
449
262
402
266
445
264
360
266
445
264
357
267
445
264
376
264
445
264
373
265
445
264
374
263
445
264
404
269
448
266
359
267
448
266
360
267
448
266
377
265
448
266
373
266
448
266
365
268
448
266
422
269
448
266
422
268
448
266
417
270
448
266
425
270
450
256
396
258
450
256
402
259
450
256
403
258
450
256
399
257
450
256
401
259
450
256
391
256
450
256
401
258
450
256
404
259
449
258
389
259
449
258
387
257
449
258
389
257
449
258
390
259
449
258
389
258
449
258
390
258
449
258
391
260
449
258
395
260
449
258
392
260
449
258
393
260
454
258
389
259
454
258
387
257
454
258
390
259
454
258
389
258
448
265
376
264
448
265
419
267
448
265
422
268
449
259
366
259
449
259
380
258
449
259
386
259
449
259
389
259
449
259
390
260
449
259
388
259
449
259
390
259
449
259
389
258
449
259
391
260
449
259
392
260
449
266
359
267
449
266
360
267
449
266
373
265
449
266
377
265
449
266
373
266
449
266
365
268
449
266
383
264
449
266
422
269
449
266
422
268
449
266
417
270
448
258
372
257
448
258
389
259
448
258
390
259
448
258
389
258
448
258
391
260
448
258
392
260
443
268
370
269
443
268
371
269
443
268
382
268
443
268
425
270
443
268
426
271
453
260
383
259
463
173
414
176
463
173
411
176
463
173
411
177
466
177
414
176
464
176
411
178
464
176
414
176
464
176
411
176
464
176
411
177
462
177
411
178
462
177
411
176
462
177
411
177
456
176
405
176
456
176
405
177
465
174
414
176
465
174
411
176
461
177
411
178
461
177
411
177
463
176
411
178
463
176
411
176
463
176
411
177
460
177
407
178
458
173
405
176
455
174
405
176
463
174
411
178
463
174
414
176
463
174
411
176
463
174
411
177
462
176
411
178
462
176
411
176
462
176
411
177
465
176
411
178
465
176
414
176
465
176
411
177
462
172
411
176
467
176
414
176
463
177
411
178
463
177
411
176
463
177
411
177
463
178
411
178
463
178
411
177
466
256
359
256
466
256
397
256
466
256
399
257
466
256
391
256
468
257
391
256
466
257
391
256
463
259
389
259
465
269
382
268
461
263
429
266
461
263
431
266
460
257
396
258
460
257
391
256
464
265
360
267
457
259
389
259
457
259
390
260
457
259
388
259
457
259
391
260
460
260
373
259
460
260
377
259
460
260
383
259
460
260
386
259
463
256
398
256
463
256
397
256
463
256
402
257
463
256
402
256
463
256
399
257
463
256
401
257
463
256
391
256
463
256
404
257
458
256
403
258
458
256
399
257
458
256
391
256
458
256
401
258
465
264
360
266
465
264
361
265
464
258
374
256
464
258
387
256
460
256
397
256
460
256
403
258
460
256
399
257
460
256
391
256
460
256
401
258
458
267
370
269
458
267
371
269
459
267
370
269
461
267
368
268
461
267
372
269
461
267
382
268
457
260
388
260
457
260
383
259
457
260
386
259
457
260
387
260
463
257
397
256
463
257
399
257
463
257
391
256
467
270
320
271
467
270
321
271
464
270
326
273
471
267
425
270
472
268
425
270
478
263
424
264
476
262
424
264
481
256
414
257
481
256
408
256
481
256
415
256
481
256
409
257
481
256
428
256
481
256
433
256
481
256
436
256
481
256
432
257
471
259
384
256
471
259
386
256
471
259
387
256
478
260
401
260
478
260
402
260
478
260
402
259
478
260
403
258
478
260
403
260
478
260
401
259
478
260
401
258
478
260
412
260
478
260
407
260
478
260
404
259
478
260
415
260
478
260
432
261
473
259
384
256
471
270
320
271
471
270
321
271
494
270
430
269
494
270
432
269
502
269
435
268
495
269
431
268
513
264
451
262
517
263
449
262
517
263
451
262
517
264
449
262
507
265
445
264
507
265
456
264
511
261
449
260
512
261
449
260
512
261
453
260
511
262
451
262
507
263
451
262
519
263
449
262
519
263
453
260
518
264
449
262
518
264
451
262
518
264
461
263
507
261
449
260
507
261
449
259
510
271
460
270
524
264
449
262
524
264
451
262
524
264
461
263
527
257
481
256
527
260
441
258
528
258
468
257
528
258
471
259
528
258
473
259
528
264
465
264
529
260
471
262
532
260
471
262
532
260
476
262
527
263
468
264
527
263
465
264
522
266
457
264
531
267
471
270
524
260
441
258
524
260
448
258
581
227
521
228
581
227
520
229
581
227
520
228
578
228
520
229
578
228
520
228
580
228
521
228
580
228
520
229
580
228
520
228
583
228
521
228
583
228
524
230
583
228
520
229
583
228
520
228
583
230
522
230
583
230
524
230
583
230
520
229
579
227
521
228
579
227
520
228
579
228
520
229
579
228
520
228
581
228
521
228
581
228
520
229
581
228
520
228
584
228
521
228
584
228
524
230
584
228
520
229
584
228
520
228
580
230
520
229
596
113
531
116
596
113
529
116
596
113
530
116
592
113
529
116
592
113
530
116
597
276
534
273
605
277
545
274
