paris_invalides_000662_pt_10.png
paris_invalides_000663.jpg
221
239
158
222
225
228
159
214
225
227
159
214
224
228
159
214
222
232
159
216
222
232
159
215
223
230
159
214
223
230
159
215
223
230
163
210
224
231
162
213
224
231
163
212
225
230
162
213
225
230
163
213
225
230
163
212
226
228
162
213
232
217
167
197
232
217
170
191
232
216
167
194
232
216
173
187
232
216
171
189
232
216
172
187
232
216
170
191
232
216
170
190
230
220
167
198
232
218
167
198
232
218
170
193
232
218
174
188
230
218
167
194
230
218
173
187
230
218
171
189
230
218
170
191
230
218
170
190
237
207
174
181
237
207
174
182
236
209
173
184
236
209
174
182
237
209
173
184
237
209
173
185
237
211
173
187
237
211
172
187
237
211
176
184
237
211
176
183
237
211
177
182
236
212
169
190
236
212
173
187
236
212
171
189
236
212
170
189
236
212
172
187
236
212
170
190
236
212
176
184
236
212
176
183
237
212
173
187
237
212
171
189
237
212
176
184
237
212
175
187
236
213
173
187
236
213
171
189
236
213
170
190
236
213
176
184
236
213
175
187
236
213
174
188
235
210
173
184
235
210
173
185
235
210
174
182
236
211
168
190
236
211
169
190
236
211
173
185
236
211
173
187
236
211
170
189
236
211
172
187
236
211
176
183
234
213
168
190
234
213
167
192
234
213
169
190
234
213
173
185
234
213
173
187
234
213
171
189
234
213
170
189
234
213
172
187
234
213
170
190
235
211
168
190
235
211
167
191
235
211
173
184
235
211
173
185
235
211
172
187
235
217
173
191
236
215
175
187
236
215
174
188
238
209
173
185
238
209
176
183
238
209
177
182
240
208
176
184
240
208
176
183
240
208
177
182
240
206
177
182
239
209
176
184
239
209
176
183
239
209
177
182
241
211
181
182
241
211
180
183
241
211
178
186
240
210
175
187
239
214
178
186
238
215
178
186
242
207
181
180
311
255
322
272
320
211
320
212
328
258
339
272
328
258
339
273
327
257
338
272
327
257
338
271
327
257
338
273
327
260
338
273
327
258
338
272
327
258
338
271
327
258
338
273
327
259
338
272
327
259
338
273
328
257
339
271
328
257
339
272
328
257
339
273
328
256
339
272
328
256
339
273
328
254
339
272
328
254
339
273
328
255
339
273
356
295
405
344
