36_36_l.jpg
36_36_r.jpg
37
89
192
66
39
91
192
66
39
91
192
67
40
93
189
67
364
30
240
37
364
32
240
39
365
33
241
40
365
33
240
39
364
34
240
41
404
46
281
57
404
46
278
57
404
46
280
57
405
48
279
59
406
48
279
59
407
47
281
58
407
47
280
58
406
47
279
59
406
46
281
57
406
46
280
57
406
46
281
58
406
46
280
58
412
41
289
53
412
41
289
54
413
41
289
53
413
41
289
54
412
42
287
54
412
42
289
54
411
42
287
54
411
42
289
54
411
43
285
55
412
43
289
56
413
43
287
56
413
43
288
56
413
43
289
56
411
44
285
55
411
44
287
56
411
44
286
56
412
49
285
61
410
49
283
61
410
49
285
61
410
49
284
61
410
48
283
61
410
48
285
61
410
48
284
60
410
48
284
61
426
67
298
80
431
65
301
77
431
65
305
80
431
65
302
79
433
65
301
77
433
65
305
79
433
65
305
80
433
65
302
79
433
65
306
80
433
65
307
81
436
52
309
66
436
52
309
67
436
53
309
67
437
52
309
66
437
52
310
66
435
52
309
66
435
52
309
67
432
52
306
65
435
53
308
68
439
49
312
64
439
49
313
65
439
49
311
64
439
49
313
64
440
52
313
65
440
52
313
68
438
50
310
64
438
50
311
64
439
53
311
67
444
49
316
66
444
49
317
67
443
49
316
66
444
51
316
66
444
51
317
67
443
52
316
66
