paris_invalides_000662_sm_2.jpg
paris_invalides_000663.jpg
260
224
262
190
299
217
302
187
299
217
301
186
291
201
290
169
310
228
308
195
310
228
311
200
310
228
310
197
310
228
311
199
310
228
310
198
310
228
311
198
310
228
311
201
301
229
300
196
301
229
300
197
197
232
165
208
306
227
307
197
306
227
307
196
306
227
306
194
306
227
306
195
272
237
277
206
294
213
297
183
307
230
308
201
307
230
307
199
307
230
308
200
307
230
308
202
279
233
281
203
312
234
314
210
312
234
317
214
312
234
314
209
312
234
310
203
312
234
315
211
294
212
296
181
311
225
310
194
311
225
313
196
311
225
310
193
311
225
314
198
283
242
284
212
314
235
311
201
314
235
311
202
295
220
296
189
295
220
297
190
312
226
313
196
312
226
310
193
312
226
314
197
312
226
314
198
305
235
305
204
305
235
304
204
294
215
296
185
294
215
298
186
278
212
279
179
296
217
298
186
292
209
296
180
292
209
294
179
293
204
292
171
293
204
293
172
306
233
305
200
315
236
320
215
295
207
299
178
310
227
309
195
310
227
310
197
310
227
312
198
310
227
311
198
291
209
294
179
291
209
294
180
308
227
307
196
308
227
308
195
308
227
311
200
308
227
310
197
308
227
310
198
308
227
311
201
307
229
307
197
307
229
307
196
307
229
307
199
307
229
308
200
307
229
306
195
307
229
309
200
260
225
262
191
291
204
291
172
296
211
297
179
307
238
304
204
196
232
167
205
260
223
259
189
298
216
299
184
298
216
301
186
298
212
299
180
298
212
301
181
306
226
307
196
306
226
306
194
306
226
306
195
306
226
306
193
310
226
309
194
310
226
312
198
195
232
165
206
195
232
164
208
291
211
293
180
303
216
304
186
303
216
305
185
292
214
294
183
292
214
293
182
292
214
294
184
305
227
307
197
305
227
306
195
293
208
297
179
293
208
297
178
314
232
315
205
303
237
301
202
310
225
309
194
310
225
310
194
310
225
312
198
310
225
310
193
310
225
313
198
312
229
313
200
312
229
313
201
312
229
314
203
311
224
313
194
311
224
313
196
311
224
310
193
311
224
314
197
311
224
311
193
307
231
308
201
307
231
307
199
307
231
308
202
307
231
308
203
293
207
297
178
307
227
307
197
307
227
307
196
307
227
308
195
307
227
306
195
307
227
310
200
296
219
297
188
296
219
298
189
297
215
299
184
293
211
296
181
293
211
294
179
304
234
300
197
303
226
303
195
194
231
165
204
311
233
310
203
290
215
292
184
307
226
307
196
307
226
308
195
303
234
301
202
313
236
314
210
313
236
317
214
313
236
310
203
313
236
315
211
310
229
308
195
310
229
311
200
310
229
310
198
310
229
310
200
310
229
311
201
310
229
311
202
311
234
314
211
311
234
315
212
311
234
310
204
296
210
299
180
296
210
301
181
296
210
297
178
197
233
168
206
197
233
167
207
317
246
321
223
310
224
310
194
310
224
313
196
310
224
310
193
310
224
314
198
310
224
311
193
301
213
304
183
302
214
306
185
302
214
304
183
302
214
305
184
310
233
310
205
301
216
304
186
301
216
301
184
301
216
302
184
312
231
311
201
194
232
165
205
312
228
314
202
312
228
313
200
312
228
312
198
312
228
314
201
312
228
313
198
300
223
301
192
300
223
303
195
295
219
296
188
284
233
286
204
300
229
300
196
300
229
300
197
296
216
298
186
309
232
308
201
309
232
310
205
314
236
311
202
304
236
301
202
