paris_invalides_000665.jpg
paris_invalides_000663.jpg
165
222
159
211
168
223
163
210
168
223
163
211
170
220
165
206
170
220
164
208
170
220
163
210
170
220
163
211
169
223
162
213
169
223
163
211
169
223
163
212
167
225
162
213
168
224
162
213
168
224
163
212
180
200
162
213
180
200
163
212
179
202
162
213
179
202
163
212
174
216
167
205
174
216
167
207
177
218
170
208
180
223
174
212
176
219
169
209
176
219
170
208
176
219
171
205
176
220
169
209
176
220
170
208
171
216
165
204
171
216
165
205
171
216
162
209
171
216
162
208
172
216
165
204
172
216
165
205
172
216
165
206
172
216
164
208
172
216
163
210
172
219
167
205
172
219
165
208
172
219
163
211
172
219
163
212
175
225
169
214
178
226
171
216
178
219
170
211
178
219
173
206
171
218
165
205
171
218
165
206
171
218
164
208
171
218
163
210
171
221
162
213
171
221
163
211
171
221
163
212
171
221
163
213
175
221
169
209
175
221
167
212
175
221
170
208
180
221
173
212
171
219
165
206
171
219
164
208
171
219
162
213
171
219
163
210
171
219
165
208
171
219
163
211
171
223
162
216
171
223
165
212
171
223
163
213
172
217
165
205
172
217
165
206
172
217
164
208
172
217
163
210
172
217
165
208
172
217
163
211
177
223
169
214
174
219
165
212
173
216
167
205
173
216
165
206
173
216
165
208
173
216
163
211
180
226
172
217
179
227
172
217
175
228
168
218
175
228
169
217
173
227
166
219
188
184
181
180
187
186
181
180
187
182
182
177
189
184
181
180
184
186
177
182
189
179
184
174
182
191
170
191
187
188
180
183
187
188
181
182
192
176
184
174
240
94
224
103
240
95
224
104
239
122
223
124
239
122
222
123
240
123
223
126
240
123
223
124
240
123
223
125
240
123
224
125
236
124
219
125
236
124
219
130
236
124
219
127
236
124
219
129
237
124
219
127
237
124
219
129
234
126
216
129
239
123
223
126
239
123
223
124
239
123
223
125
237
122
219
125
234
121
217
126
234
121
218
125
234
121
218
124
234
121
218
123
234
121
217
127
239
124
223
126
239
124
223
125
237
125
219
127
240
122
223
124
240
122
223
125
240
122
224
125
236
126
219
130
236
126
219
127
236
126
219
129
236
128
219
130
236
128
218
132
236
128
219
132
236
128
220
133
236
128
219
131
235
129
218
133
235
129
218
132
235
129
219
132
235
129
219
131
233
129
216
134
233
129
216
133
233
129
215
134
233
129
217
134
235
128
219
130
235
128
218
133
235
128
219
129
235
128
218
132
235
128
219
132
235
128
219
131
234
127
218
132
234
128
218
133
234
128
218
132
234
128
217
134
234
129
219
130
234
129
218
133
234
129
216
134
234
129
218
132
234
129
217
134
236
129
218
133
236
129
219
132
236
129
220
133
231
175
226
175
232
174
226
174
245
92
226
104
244
92
225
104
244
92
226
103
244
92
226
104
243
90
224
103
241
95
225
104
246
91
228
103
246
91
227
103
246
91
226
104
247
92
228
106
241
94
224
103
241
94
225
103
241
94
224
104
242
94
225
104
249
90
230
104
244
122
228
125
244
122
228
122
244
122
229
123
244
122
227
124
244
122
229
125
244
122
228
126
244
123
228
125
244
123
227
124
244
123
229
125
244
123
228
126
245
121
228
122
245
121
229
123
241
119
224
120
244
125
228
125
244
125
228
126
241
122
223
124
242
122
226
124
242
122
226
123
242
122
227
124
241
123
223
124
241
123
223
125
241
123
224
125
243
121
226
124
243
121
226
123
243
121
226
121
243
121
228
122
243
121
227
124
242
125
226
126
244
121
228
122
244
121
229
123
244
121
227
124
247
168
239
171
246
169
239
171
280
89
259
100
280
89
259
101
278
95
256
106
280
95
259
106
279
126
254
125
280
128
254
130
278
167
230
169
281
90
259
101
281
90
260
102
282
92
260
102
282
93
260
104
281
93
260
106
281
93
259
104
281
93
260
104
281
94
260
106
281
127
256
129
281
127
255
127
281
127
255
128
283
127
257
127
283
127
258
128
284
127
259
129
284
127
259
128
284
127
258
128
340
202
310
200
340
202
311
201
340
202
311
200
340
203
310
200
340
203
311
202
340
203
311
201
338
203
308
201
339
203
309
200
338
204
308
202
338
204
308
201
340
204
309
200
340
204
310
200
340
204
311
202
337
208
306
205
336
208
305
204
342
204
311
200
342
206
311
202
342
206
314
208
341
207
310
203
341
207
310
204
341
207
313
208
346
211
320
216
342
207
316
212
342
207
314
209
342
207
314
208
342
207
317
214
342
207
315
211
346
212
320
217
395
361
378
344
395
361
380
344
395
361
383
344
395
361
382
344
394
361
378
344
