Test506.jpg
Test507.jpg
177
354
84
363
243
334
124
347
220
165
157
161
220
165
161
161
220
165
159
160
220
165
158
160
220
165
157
162
220
165
156
162
220
165
159
162
428
285
353
285
229
165
167
160
178
353
85
362
178
353
82
362
188
351
89
361
188
351
88
361
214
162
156
159
217
165
157
161
217
165
156
162
231
182
168
178
309
323
224
330
182
354
91
362
182
354
90
362
182
354
88
363
182
354
86
362
182
354
89
362
218
165
157
161
218
165
157
162
218
165
156
162
251
333
156
343
251
333
160
341
251
333
158
342
251
333
158
341
470
282
386
283
223
164
164
160
223
164
160
159
223
164
161
161
223
164
159
160
223
164
162
159
223
164
161
159
223
165
166
160
223
165
164
160
223
165
161
161
223
165
165
160
223
165
160
162
223
165
159
162
215
162
156
159
429
285
353
285
218
163
157
160
218
163
156
160
218
163
156
159
218
163
158
158
222
164
157
160
222
164
157
161
222
164
160
159
222
164
159
160
222
164
158
160
222
164
162
159
222
164
161
159
225
282
166
281
307
324
223
331
226
165
166
160
226
165
164
160
226
165
167
160
226
165
165
160
226
165
162
162
249
334
147
344
249
334
156
343
249
334
160
341
249
334
158
342
278
329
195
335
264
330
167
340
264
330
168
339
264
330
166
340
281
326
200
332
219
163
157
160
219
163
160
159
219
163
158
160
219
163
156
160
219
163
156
159
219
163
158
158
219
164
157
160
219
164
157
161
219
164
159
160
219
164
158
160
219
164
156
160
219
164
156
159
280
328
199
334
225
165
166
160
225
165
164
160
225
165
167
160
225
165
165
160
225
165
161
162
225
165
162
162
188
350
89
360
233
282
175
280
306
323
219
331
215
163
156
159
247
335
153
344
187
353
91
362
187
353
93
361
187
353
90
362
187
353
89
362
264
329
168
339
264
329
165
339
420
287
352
285
255
327
143
339
284
327
204
332
305
322
220
329
181
354
90
362
181
354
86
362
181
354
89
362
295
325
211
332
295
325
210
332
278
330
192
337
307
323
219
331
246
335
147
344
246
335
153
344
265
330
167
340
265
330
166
340
338
187
280
187
224
164
164
160
224
164
161
161
224
164
162
159
188
353
91
362
188
353
90
362
188
353
89
362
195
349
93
359
214
163
156
159
