Test211_rot.jpg
Test212_rot.jpg
240
314
195
276
240
314
195
275
240
314
195
277
531
137
529
217
531
137
528
217
328
241
303
239
324
239
300
236
338
244
312
247
452
77
479
134
431
88
454
135
364
350
297
351
364
350
299
351
364
350
298
351
364
350
299
350
371
265
336
280
419
281
374
311
125
271
101
193
125
271
102
192
370
269
332
282
326
241
302
240
326
241
302
241
326
241
301
239
245
304
203
269
349
252
319
258
253
196
252
172
531
138
528
217
415
87
442
129
294
221
281
210
541
112
550
199
541
112
549
200
246
292
207
255
246
292
208
261
426
82
453
128
426
82
452
128
426
82
455
129
419
82
449
127
419
82
447
126
107
298
75
210
409
82
437
122
409
82
434
121
286
216
281
210
286
216
280
209
242
293
204
257
242
293
204
262
242
293
203
259
242
293
204
258
242
293
204
261
242
293
204
259
236
304
195
266
288
222
277
210
288
222
282
217
288
222
280
214
407
277
366
305
254
315
206
279
289
229
273
215
278
212
292
226
278
212
293
227
278
212
290
224
278
212
291
224
278
212
289
222
426
84
455
131
426
84
451
130
75
146
104
56
75
146
103
56
234
288
199
243
234
288
198
246
401
281
356
303
401
281
355
302
335
240
311
243
335
240
310
242
410
82
439
123
410
82
437
122
410
82
435
122
343
250
313
253
545
111
552
199
127
278
102
198
392
272
351
293
253
313
207
278
99
312
66
219
411
278
366
305
280
213
292
226
280
213
268
194
280
213
293
227
115
282
89
198
115
282
90
198
115
282
95
194
115
282
93
196
115
282
94
196
115
282
93
197
99
294
68
204
252
321
200
280
452
78
479
135
523
136
523
214
248
308
203
269
325
239
301
236
325
239
302
238
401
95
429
132
100
312
66
219
255
194
253
169
109
295
78
206
109
295
77
207
362
347
297
347
362
347
297
348
443
81
468
133
439
286
389
323
258
200
255
178
112
280
87
196
112
280
91
195
422
84
451
130
363
349
299
350
442
286
392
323
411
82
434
122
411
82
439
123
411
82
437
122
411
82
438
123
411
82
435
122
416
82
442
124
416
82
446
126
416
82
444
125
416
82
441
123
451
81
477
137
429
78
458
126
123
279
99
197
123
279
98
198
123
279
99
198
288
226
274
213
119
281
98
195
119
281
96
197
119
281
97
196
119
281
93
199
119
281
95
197
422
86
446
129
100
316
67
221
402
85
433
123
417
81
445
124
417
81
446
125
417
81
448
126
107
296
77
207
395
278
351
298
121
277
98
195
121
277
98
194
121
277
97
196
253
314
206
279
471
87
494
150
274
215
286
225
274
215
286
226
443
143
444
191
362
263
326
273
122
276
98
195
122
276
97
196
445
82
472
136
445
82
470
135
445
82
468
134
445
82
473
137
235
285
199
243
402
281
356
303
402
281
356
304
402
281
357
304
402
281
355
302
239
293
200
256
339
242
314
246
118
279
98
194
118
279
95
194
118
279
93
196
118
279
94
196
118
279
93
197
362
351
297
351
362
351
299
351
362
351
298
351
288
229
273
217
517
138
515
216
517
138
515
215
424
82
453
128
424
82
452
128
424
82
449
127
424
82
448
126
427
80
455
127
237
308
195
271
465
87
490
149
423
82
452
128
423
82
449
127
423
82
448
126
325
240
300
236
325
240
301
239
336
241
312
245
104
286
86
197
104
286
84
197
104
286
87
196
104
286
81
197
104
286
85
198
118
276
95
194
414
282
370
312
414
282
373
313
414
282
375
315
414
282
368
310
414
282
374
313
414
282
371
312
247
318
198
279
322
237
300
236
360
347
297
347
360
347
297
348
354
265
316
269
425
82
453
128
425
82
452
128
425
82
455
129
425
82
448
126
418
82
446
126
418
82
449
127
418
82
447
126
417
82
446
126
417
82
447
126
418
283
373
313
418
283
374
313
418
283
371
312
74
146
103
56
351
351
297
351
351
351
299
351
351
351
298
351
351
351
299
350
235
287
199
243
333
242
308
243
293
224
280
214
409
83
434
122
409
83
437
123
284
213
272
196
284
213
273
197
406
83
434
122
406
83
435
122
119
282
93
200
119
282
96
197
119
282
97
196
119
282
93
199
119
282
95
197
114
282
89
198
114
282
90
198
114
282
90
197
114
282
95
194
114
282
93
196
237
274
209
228
238
272
210
229
255
200
252
177
549
113
553
201
397
282
351
303
289
225
275
211
289
225
276
214
410
83
437
123
410
83
438
123
234
293
196
260
247
298
206
262
121
278
98
195
121
278
96
197
121
278
97
196
121
278
95
197
119
278
98
194
119
278
94
196
243
296
204
262
243
296
203
259
243
296
204
261
243
296
203
260
243
296
204
259
364
268
327
279
364
268
327
280
364
268
326
276
102
294
73
205
102
294
72
205
236
287
200
245
236
287
200
247
414
82
442
124
414
82
439
123
414
82
444
125
414
82
441
124
414
82
438
123
414
82
441
123
283
214
270
195
423
81
452
127
241
291
203
259
241
291
204
258
241
291
203
260
287
226
274
213
287
226
276
217
239
309
195
266
239
309
196
274
369
260
336
276
252
309
208
275
252
309
207
274
122
274
100
193
122
274
98
194
464
86
489
147
252
313
206
279
252
313
206
277
128
279
102
200
239
321
189
282
406
92
431
130
110
301
78
212
414
89
437
130
414
89
435
129
414
89
438
130
356
350
296
350
315
236
292
229
406
82
435
121
406
82
434
121
355
248
324
255
428
81
454
128
289
219
292
226
289
219
280
209
357
347
297
347
253
311
208
279
253
311
208
275
253
311
207
274
126
269
102
192
448
77
478
134
448
77
477
133
338
239
314
243
101
313
66
219
503
143
502
214
505
137
509
209
407
83
434
122
412
82
439
123
412
82
438
123
507
146
506
218
507
152
506
221
507
152
505
222
238
306
195
266
247
311
202
274
507
144
506
218
505
142
506
214
120
282
99
197
120
282
98
198
120
282
94
200
449
78
478
135
243
288
205
258
243
288
205
254
254
322
204
286
507
140
508
214
507
140
510
212
507
140
506
214
241
295
203
264
241
295
203
260
410
91
431
129
451
82
477
138
411
81
435
121
411
81
436
121
414
80
444
123
414
80
441
122
414
80
445
123
422
81
452
127
422
81
451
127
250
195
249
170
251
323
201
288
251
323
200
284
511
133
514
206
274
209
288
222
274
209
288
220
274
209
289
222
408
83
434
122
408
83
437
123
427
81
454
128
427
81
452
127
328
243
304
243
274
210
286
218
274
210
288
222
274
210
289
222
515
137
510
216
515
137
515
215
515
137
512
215
515
137
514
215
371
263
340
281
448
84
474
139
382
269
344
287
128
268
105
191
344
242
318
247
506
151
506
221
506
151
505
222
506
151
504
221
506
151
504
222
533
139
529
217
533
139
528
217
441
285
393
324
441
285
392
323
295
221
282
210
369
269
331
281
416
81
445
124
416
81
446
125
415
81
445
124
415
81
446
125
415
81
441
123
516
138
515
216
516
138
515
215
516
138
514
215
75
148
103
58
238
298
198
260
421
82
446
125
421
82
452
128
421
82
449
127
421
82
448
126
421
82
447
126
278
211
288
220
116
277
91
195
513
138
510
217
513
138
510
216
513
138
509
216
513
138
513
213
513
138
512
215
502
143
502
214
255
313
207
278
255
313
208
279
313
233
288
222
103
294
73
205
103
294
72
205
237
305
195
266
327
242
302
240
327
242
302
241
286
223
275
211
247
306
203
269
407
276
366
305
337
240
313
244
246
298
208
268
120
281
96
197
243
269
214
230
125
272
101
193
125
272
102
192
440
287
389
323
286
220
277
210
286
220
282
217
286
220
280
214
280
211
292
223
280
211
269
192
351
350
299
350
254
192
253
167
428
80
455
127
108
301
75
212
255
316
206
279
317
237
292
229
317
237
294
230
234
286
199
243
234
286
198
246
101
294
70
205
101
294
72
205
555
113
560
204
372
261
338
277
244
289
207
255
244
289
206
258
244
289
207
252
408
82
435
121
408
82
437
122
408
82
434
121
290
228
274
215
99
310
67
216
420
82
446
125
420
82
449
127
420
82
447
126
417
80
445
123
245
301
205
268
245
301
205
269
245
301
204
267
245
301
203
264
426
86
453
133
426
86
454
133
245
291
207
255
245
291
208
261
245
291
206
258
413
82
442
124
413
82
439
123
413
82
438
123
249
318
200
280
398
90
428
126
248
317
200
280
411
89
435
129
550
111
556
200
295
217
283
207
126
272
105
191
126
272
104
192
504
139
502
212
504
139
509
209
504
139
504
211
127
282
101
202
127
282
102
200
458
83
482
141
463
87
490
149
288
230
273
217
124
282
102
198
364
267
327
277
364
267
328
278
364
267
326
276
364
267
328
279
364
267
327
278
108
296
77
207
120
277
98
194
374
267
337
282
546
112
552
200
421
81
452
127
421
81
451
127
541
113
549
200
415
80
444
123
415
80
445
123
252
311
207
278
252
311
208
279
108
295
78
206
108
295
77
207
450
78
478
135
448
85
472
139
102
312
66
219
406
91
431
129
390
269
347
287
259
195
356
299
366
268
327
277
366
268
328
278
366
268
328
279
415
281
375
313
120
280
98
195
120
280
96
197
120
280
97
196
120
280
95
197
239
272
210
229
242
187
244
159
542
111
550
199
413
93
429
131
448
78
475
133
113
280
87
196
113
280
91
195
326
239
302
237
326
239
302
238
503
139
509
209
80
145
108
57
399
282
354
304
399
282
351
303
357
350
297
351
357
350
299
350
407
82
435
121
407
82
434
121
347
241
319
245
361
351
297
351
361
351
299
351
361
351
298
351
361
351
299
350
112
282
86
197
112
282
87
196
112
282
91
195
112
282
90
197
248
190
253
169
104
285
85
196
104
285
82
196
104
285
84
197
104
285
87
196
104
285
81
197
427
83
454
130
320
241
261
191
427
84
455
131
427
84
451
130
276
210
288
220
276
210
291
224
276
210
289
222
276
210
287
219
121
276
100
193
121
276
98
194
463
85
491
147
247
266
219
230
247
305
204
267
350
252
319
258
327
241
302
240
409
91
431
129
116
282
98
194
116
282
93
196
116
282
94
196
116
282
95
197
116
282
93
197
242
285
208
244
112
281
86
197
112
281
87
196
112
281
91
195
317
235
292
226
317
235
293
227
317
235
294
229
360
350
297
351
360
350
299
351
360
350
298
351
360
350
299
350
359
348
297
348
123
278
99
197
254
195
251
169
356
351
297
351
356
351
298
351
356
351
299
350
253
310
208
275
253
310
207
274
405
82
435
121
318
238
292
229
255
310
208
275
247
297
208
261
238
188
237
156
427
86
453
133
427
86
454
133
363
350
299
351
363
350
298
351
363
350
299
350
326
243
302
243
348
251
318
256
274
217
276
214
239
186
241
157
239
186
240
156
239
186
242
157
424
88
450
133
242
292
204
257
242
292
204
262
242
292
205
258
242
292
204
258
242
292
204
261
242
292
204
259
404
92
431
130
466
84
495
148
466
84
493
147
241
270
213
229
100
295
70
205
100
295
72
205
411
90
431
129
507
149
504
222
363
266
327
277
363
266
326
276
413
276
373
306
507
147
507
220
353
350
296
350
353
350
299
350
400
94
429
131
365
269
327
279
365
269
327
280
365
269
328
281
365
269
327
278
365
269
325
277
365
269
330
282
463
84
493
147
296
219
284
209
296
219
288
215
418
291
366
319
418
291
366
318
106
299
75
210
437
284
388
320
344
241
318
246
452
82
477
138
