paris_invalides_000662_lt_3.jpg
paris_invalides_000663.jpg
172
263
158
222
175
261
161
222
175
261
159
225
175
261
161
223
175
261
159
224
176
261
161
222
176
261
161
223
177
260
161
222
177
260
161
223
175
262
161
222
175
262
159
225
175
262
161
223
175
262
159
224
174
262
159
224
178
257
161
222
178
259
161
223
178
258
161
222
178
258
161
223
188
220
174
181
188
220
175
179
317
216
304
183
317
216
305
184
317
215
304
183
317
215
305
184
320
219
304
183
320
219
306
185
320
219
305
184
335
255
320
216
335
254
320
215
335
265
322
225
336
265
321
223
336
265
322
224
336
266
321
223
336
266
322
225
336
266
322
224
