30_30_l.jpg
30_30_r.jpg
469
221
345
233
291
126
170
131
291
126
168
131
352
154
235
163
365
216
247
224
365
216
246
223
365
216
246
224
365
216
249
228
365
216
250
228
365
216
248
229
365
216
245
226
365
216
248
228
365
216
247
223
365
216
248
224
302
252
182
256
444
263
325
272
360
204
245
222
360
204
246
221
366
170
250
180
366
170
248
181
366
170
249
179
366
170
249
181
366
170
250
179
352
207
235
217
352
207
234
215
514
295
386
303
514
295
386
302
491
293
364
302
376
153
260
165
444
265
325
272
356
132
240
141
250
184
123
189
250
184
125
188
250
184
124
189
319
166
201
173
319
166
202
173
319
166
202
174
319
166
201
174
468
223
345
236
357
149
241
159
357
149
241
160
357
149
241
161
369
138
253
149
365
212
248
221
365
212
249
221
365
212
247
222
365
212
246
221
365
212
248
222
365
212
248
220
365
212
247
223
365
212
249
220
362
150
245
161
319
27
206
37
319
27
201
38
319
27
202
38
512
294
384
303
512
294
384
302
553
289
418
301
553
289
417
299
553
289
416
299
553
289
419
299
553
289
419
298
553
289
418
298
553
289
420
301
553
289
417
301
522
296
392
303
372
129
258
141
372
129
260
144
437
234
314
244
323
171
203
178
323
171
208
177
323
171
210
178
323
171
208
178
323
171
211
178
356
157
241
167
356
184
240
193
356
184
240
194
356
184
240
195
366
217
247
224
366
217
246
224
366
217
249
228
366
217
251
228
366
217
250
228
366
217
248
229
366
217
245
226
366
217
248
228
366
217
248
224
352
204
234
213
352
204
234
215
456
233
336
242
551
290
418
301
551
290
419
302
551
290
417
299
551
290
416
299
551
290
415
301
551
290
417
301
551
290
416
300
532
202
402
215
533
298
407
302
533
298
408
302
533
298
408
303
533
298
405
305
357
180
240
189
230
196
104
199
518
292
389
302
518
292
389
301
345
126
227
137
363
211
247
224
363
211
246
223
363
211
246
224
363
211
248
221
363
211
245
222
363
211
247
222
363
211
246
221
363
211
248
222
363
211
248
220
363
211
247
223
363
211
246
222
363
211
248
224
500
280
376
287
564
282
428
290
358
138
241
148
358
138
242
148
369
187
253
197
474
250
354
257
341
198
224
207
522
297
392
303
444
261
325
270
358
128
242
138
357
153
242
166
357
153
241
161
375
132
262
145
375
132
260
145
388
217
272
226
473
228
350
240
473
228
349
241
493
334
365
342
493
334
366
342
366
186
249
195
366
186
250
195
366
186
248
191
523
295
393
300
523
295
393
302
444
260
327
268
498
293
374
302
340
204
223
213
340
204
223
212
351
157
234
166
497
281
376
287
497
281
372
289
497
281
372
290
497
281
373
290
527
296
396
303
557
287
421
296
552
291
418
301
552
291
419
302
552
291
417
301
509
294
382
303
509
294
382
302
455
229
333
239
455
229
333
240
455
229
331
240
455
229
333
241
455
229
334
240
357
207
240
217
351
206
234
213
351
206
232
217
351
206
234
215
231
201
103
202
231
201
103
203
351
187
235
196
351
187
235
195
351
187
234
198
463
230
342
241
463
230
340
241
463
230
340
242
463
230
341
241
499
293
374
302
354
188
238
194
354
188
238
195
454
227
333
237
454
227
332
238
454
227
332
236
499
280
376
287
526
296
394
303
365
190
248
196
515
294
386
301
515
294
386
303
515
294
386
302
367
126
255
139
556
287
420
297
556
287
421
296
556
287
419
296
373
130
260
144
373
130
260
145
470
226
346
239
495
281
372
289
495
281
369
290
495
281
370
289
491
334
365
342
491
334
365
341
445
261
325
270
352
190
235
198
249
185
121
190
464
251
343
259
462
234
339
246
352
203
234
211
352
203
234
213
352
203
234
212
366
210
249
221
366
210
248
222
366
210
249
220
357
215
240
225
357
215
242
227
460
232
340
241
460
232
340
242
460
232
341
241
357
185
240
193
357
185
240
189
357
185
240
194
357
185
241
195
357
185
240
195
445
263
325
272
364
214
247
224
364
214
246
223
364
214
246
224
364
214
248
221
364
214
245
222
364
214
247
222
364
214
245
226
364
214
246
221
364
214
248
222
364
214
247
223
364
214
246
222
364
214
248
224
360
137
244
147
351
204
234
213
351
204
234
212
476
236
354
246
514
293
386
301
514
293
386
302
523
294
393
300
523
294
392
300
364
207
248
221
364
207
249
221
364
207
248
217
364
207
248
220
319
167
201
173
319
167
202
173
319
167
202
174
319
167
201
174
579
274
444
281
579
274
441
282
579
274
438
282
520
295
390
304
520
295
390
303
365
211
248
221
365
211
249
221
365
211
247
222
365
211
248
222
365
211
248
220
365
211
249
220
351
162
235
172
351
162
234
171
351
162
234
172
315
28
200
38
315
28
201
38
315
28
202
38
371
129
258
141
371
129
257
141
508
295
382
303
476
293
358
295
476
293
357
298
476
293
357
297
476
293
357
295
366
190
249
195
366
190
248
196
499
279
376
287
528
297
396
303
528
297
396
305
524
295
393
300
524
295
392
303
524
295
393
302
498
281
376
287
498
281
374
290
498
281
373
290
512
293
384
302
525
296
393
303
453
228
333
237
453
228
332
238
453
228
331
239
529
296
396
303
529
296
396
305
352
216
234
225
351
163
235
172
351
163
234
171
351
163
234
172
293
125
172
130
359
142
241
152
359
142
242
152
362
140
246
150
320
176
215
178
553
288
417
299
553
288
419
299
553
288
419
298
553
288
418
298
553
288
420
297
250
183
123
189
250
183
124
189
376
156
260
167
351
191
235
198
351
191
234
198
351
191
234
201
357
162
241
172
357
162
241
171
523
290
392
299
488
334
361
341
488
334
360
342
456
257
335
266
380
159
264
170
380
159
264
171
393
217
277
229
359
133
242
143
359
133
241
143
359
133
243
143
321
176
215
178
321
176
213
178
374
130
260
144
374
130
262
145
374
130
260
145
357
151
241
159
357
151
241
160
357
151
241
161
357
142
241
152
357
142
240
152
357
142
240
153
365
181
250
189
365
181
249
189
365
181
248
191
367
127
255
141
353
203
234
213
489
334
364
340
489
334
363
342
489
334
363
341
583
273
444
281
232
201
103
202
232
201
103
203
510
294
383
303
510
294
382
302
231
198
104
200
324
166
207
173
324
166
209
173
338
199
221
206
351
154
235
163
478
234
354
246
498
279
376
287
436
243
316
252
351
198
233
207
350
203
234
211
350
203
231
215
475
294
358
295
475
294
350
299
475
294
357
298
475
294
357
297
362
123
253
134
362
123
251
134
358
133
242
143
358
133
241
143
358
133
243
143
471
244
351
252
359
184
242
194
515
293
386
301
515
293
386
302
351
202
234
211
351
202
234
212
499
281
376
287
499
281
374
290
354
162
237
172
455
249
336
258
474
220
350
233
419
245
298
254
365
210
248
221
365
210
249
221
365
210
248
222
365
210
248
220
365
210
249
220
490
334
364
341
490
334
364
340
490
334
363
342
490
334
363
341
464
263
343
271
351
189
235
196
351
189
235
195
351
189
235
198
351
189
234
198
363
214
247
224
363
214
246
223
363
214
246
224
363
214
248
221
363
214
245
222
363
214
247
222
363
214
245
226
363
214
246
221
363
214
248
222
363
214
247
223
363
214
246
222
363
214
248
224
549
291
413
300
365
185
249
189
365
185
248
191
509
295
382
303
358
155
242
166
376
154
260
165
523
291
392
299
523
291
392
300
471
234
347
246
358
142
241
152
358
142
240
152
358
142
240
153
358
142
242
152
516
295
388
302
362
216
247
224
362
216
246
223
362
216
246
224
362
216
245
226
362
216
248
228
362
216
247
223
362
216
248
224
470
224
346
237
475
290
357
295
357
138
241
148
525
294
393
302
554
291
418
301
554
291
419
303
554
291
419
302
554
291
420
302
554
291
420
301
554
291
418
303
318
172
203
178
371
213
254
223
344
126
227
137
458
247
336
256
358
191
241
200
358
191
241
198
358
191
241
201
358
191
241
199
351
152
235
163
492
334
365
342
492
334
366
342
492
334
365
341
514
294
385
302
514
294
386
301
514
294
386
303
514
294
386
302
467
247
346
255
356
143
238
154
356
143
240
152
356
143
240
153
359
136
243
146
460
233
340
242
460
233
341
241
361
151
245
161
366
174
249
184
366
174
250
184
550
290
415
301
550
290
413
300
550
290
417
301
550
290
416
300
555
287
420
297
555
287
421
296
555
287
419
296
521
296
392
303
521
296
390
304
459
230
337
241
459
230
338
240
459
230
338
241
459
230
337
242
459
230
336
242
459
230
338
239
351
190
235
198
351
190
234
198
519
293
389
302
519
293
389
301
366
116
254
131
365
179
249
189
351
186
235
196
351
186
235
195
351
186
234
198
352
206
234
213
352
206
235
217
352
206
234
215
352
141
236
151
349
198
232
207
349
198
233
205
321
171
203
178
555
293
419
303
555
293
418
303
366
175
249
184
366
175
249
185
498
282
374
290
498
282
373
290
470
239
348
248
230
188
104
191
516
294
388
302
534
295
407
302
357
188
240
197
357
188
240
193
357
188
241
198
357
188
241
199
357
188
240
194
357
188
241
195
357
188
240
195
551
289
418
301
551
289
417
299
551
289
416
299
551
289
419
299
551
289
419
298
551
289
418
298
551
289
417
301
551
289
416
300
511
294
383
303
351
142
236
151
437
237
314
247
437
237
315
246
443
261
325
270
320
171
203
178
365
213
247
224
365
213
246
223
365
213
246
224
365
213
248
221
365
213
249
221
365
213
245
222
365
213
247
222
365
213
246
221
365
213
248
222
365
213
248
220
365
213
247
223
365
213
246
222
365
213
249
220
365
213
248
224
366
169
250
180
366
169
249
179
366
169
249
181
366
169
250
179
365
207
248
221
365
207
249
221
365
207
248
220
365
207
249
220
550
289
418
301
550
289
417
299
550
289
416
299
550
289
418
298
550
289
417
301
550
289
416
300
316
28
201
38
455
248
334
257
357
155
242
166
357
155
241
167
352
186
235
196
352
186
235
195
352
186
235
198
556
286
421
296
358
162
241
172
358
162
241
171
444
262
325
270
357
184
240
193
357
184
240
194
357
184
241
195
357
184
240
195
356
186
240
197
356
186
240
193
356
186
240
189
356
186
240
194
356
186
240
195
490
285
364
294
490
285
366
293
460
247
339
256
325
171
208
177
325
171
210
178
325
171
208
178
325
171
211
178
362
115
252
129
396
217
280
230
352
188
235
196
352
188
235
195
352
188
235
198
457
232
337
241
457
232
338
241
457
232
337
242
457
232
336
242
363
212
247
224
363
212
246
223
363
212
246
224
363
212
248
221
363
212
245
222
363
212
247
222
363
212
246
221
363
212
248
222
363
212
248
220
363
212
247
223
363
212
246
222
363
212
248
224
357
190
240
197
357
190
241
200
357
190
241
198
357
190
241
201
357
190
241
199
357
190
240
194
357
190
241
195
357
190
240
195
462
253
343
259
365
214
247
224
365
214
246
223
365
214
246
224
365
214
248
221
365
214
249
221
365
214
247
222
365
214
246
221
365
214
248
222
365
214
247
223
365
214
246
222
365
214
248
224
380
160
264
171
437
238
314
247
437
238
314
248
437
238
315
248
367
123
258
137
367
123
255
137
505
285
379
293
249
186
121
190
249
186
122
191
360
186
242
194
335
118
222
127
335
118
221
127
369
122
258
137
355
131
240
141
366
211
248
221
366
211
249
221
366
211
248
222
366
211
248
220
366
211
249
220
518
293
389
302
518
293
389
301
554
292
419
303
554
292
419
302
554
292
417
303
554
292
420
302
554
292
418
303
389
157
272
168
552
289
418
301
552
289
417
299
552
289
416
299
552
289
419
299
552
289
419
298
552
289
418
298
552
289
420
301
552
289
417
301
552
289
416
300
353
162
237
172
358
151
241
159
358
151
241
160
358
151
241
161
358
151
242
160
358
151
242
161
465
296
341
301
554
288
419
299
554
288
419
298
554
288
420
297
530
297
398
305
524
296
393
302
372
169
255
179
524
294
393
300
473
229
350
240
473
229
350
241
357
186
240
197
357
186
240
193
357
186
240
189
357
186
240
194
357
186
241
195
357
186
240
195
522
291
392
299
522
291
392
300
374
129
260
144
374
129
260
145
324
171
208
177
324
171
210
178
324
171
208
178
324
171
211
178
345
198
228
207
352
208
235
217
458
230
337
241
458
230
336
240
458
230
338
240
458
230
338
241
458
230
336
242
458
230
338
239
492
285
369
290
492
285
370
292
492
285
366
293
492
285
370
291
437
241
315
250
437
241
314
251
437
241
316
250
437
241
315
251
555
288
419
298
555
288
420
297
459
245
339
252
532
296
400
303
522
294
393
300
522
294
392
299
522
294
392
300
510
293
382
302
374
126
259
140
363
216
247
224
363
216
246
223
363
216
246
224
363
216
245
226
363
216
248
228
363
216
247
223
363
216
248
224
366
212
248
221
366
212
249
221
366
212
248
222
554
293
419
303
554
293
417
303
554
293
418
303
350
198
232
207
350
198
233
207
350
198
233
205
522
293
392
299
522
293
392
300
352
202
234
211
352
202
234
212
554
289
419
299
554
289
419
298
554
289
420
301
315
172
197
178
491
285
369
290
491
285
364
294
491
285
366
293
