37_37_l.jpg
37_37_r.jpg
359
352
222
359
373
336
234
342
374
336
234
342
380
317
244
322
381
317
244
322
381
319
245
324
378
324
242
329
381
325
244
330
380
351
241
357
381
351
241
357
385
334
249
339
385
334
248
339
383
350
244
357
383
350
243
356
383
350
245
357
385
349
245
355
384
350
244
357
384
350
243
356
384
350
245
357
385
350
244
357
385
350
245
357
385
351
244
357
385
351
245
357
386
333
249
339
388
337
251
343
388
337
251
342
389
337
251
342
386
337
251
342
386
334
249
339
389
336
253
341
389
336
252
341
388
338
251
343
393
326
256
331
392
327
255
332
392
327
256
332
393
327
255
332
393
327
256
332
391
333
253
337
391
333
254
339
390
330
253
336
390
330
253
335
390
332
253
337
391
330
253
335
396
317
259
321
395
319
257
324
395
319
258
324
395
319
258
323
396
318
259
321
396
318
259
322
396
318
258
323
394
325
257
330
398
339
260
344
401
349
265
355
398
348
260
353
400
349
265
355
401
320
264
323
401
320
264
322
402
321
264
324
402
321
264
323
401
319
264
321
401
319
264
322
401
318
264
321
403
323
265
328
405
325
266
329
405
325
267
330
404
325
266
329
402
322
264
324
405
326
263
332
409
313
273
317
409
313
272
318
408
313
271
318
409
315
272
318
409
315
271
318
407
324
266
329
406
325
266
329
406
325
267
330
406
326
267
330
407
326
267
330
409
328
271
332
409
328
271
333
409
329
271
333
409
335
271
340
409
336
271
340
404
350
269
355
404
350
265
355
411
313
273
317
412
317
274
321
412
317
275
321
413
318
275
321
413
318
276
321
413
324
274
329
413
324
274
328
412
324
274
329
412
323
274
328
412
334
272
339
412
334
272
338
410
332
270
337
410
332
272
336
410
334
272
339
410
334
272
338
410
336
271
340
410
336
272
340
416
316
278
321
415
316
276
321
425
313
287
317
420
322
282
326
420
322
281
326
425
324
287
328
425
324
288
328
422
329
284
333
422
329
285
333
426
292
287
297
428
295
290
300
428
297
290
301
428
297
291
302
431
292
291
297
431
292
294
296
432
295
294
300
437
284
300
288
435
362
294
365
438
285
300
288
438
285
300
289
441
287
304
291
441
287
303
291
440
286
305
289
440
286
303
289
440
286
303
290
440
286
303
291
439
286
305
289
441
339
301
343
441
339
299
343
441
339
300
343
440
340
301
344
441
349
301
352
441
349
300
353
438
351
297
355
439
350
298
353
441
352
297
355
441
352
298
353
441
352
300
353
441
352
298
355
441
352
299
355
440
350
298
353
440
350
300
353
440
351
297
353
440
351
297
355
440
351
298
353
440
351
300
353
440
351
298
355
440
351
299
355
441
350
301
352
441
350
298
353
441
350
300
353
441
351
298
353
441
351
300
353
441
351
298
355
441
351
299
355
443
317
304
321
443
318
304
322
442
324
303
328
442
323
303
327
443
325
304
329
443
326
303
330
442
326
302
330
442
326
303
330
442
327
303
331
442
331
302
336
442
332
302
337
443
336
303
340
443
335
303
339
443
335
303
340
444
337
304
341
442
341
302
344
442
341
302
345
442
341
303
345
443
339
301
343
443
339
303
343
442
340
301
343
442
340
300
343
442
340
301
344
442
340
303
343
442
340
302
344
452
339
308
341
452
339
312
342
452
339
313
342
456
339
313
343
456
339
312
342
456
339
313
342
456
340
313
343
456
340
312
342
456
340
314
344
456
340
313
342
456
340
316
344
456
340
313
344
455
340
313
343
455
340
312
342
455
340
314
344
455
340
313
342
455
340
316
344
455
340
313
344
454
339
313
343
454
339
312
342
454
339
313
342
455
341
317
345
455
341
314
344
455
341
316
344
455
341
316
345
455
341
313
344
455
342
317
345
455
342
314
344
455
342
316
344
455
342
316
345
455
342
313
344
457
342
317
345
457
342
314
344
457
342
316
344
457
342
316
345
457
342
313
344
460
343
317
345
460
343
316
345
461
345
320
349
461
343
317
345
461
343
318
345
464
357
321
359
463
356
320
358
463
356
321
359
464
358
321
360
471
211
335
218
471
211
334
220
471
211
337
218
471
211
338
218
471
211
339
218
471
211
340
218
471
211
340
219
474
208
339
216
475
210
335
218
475
210
337
218
475
210
338
218
475
210
339
218
535
338
385
339
592
353
428
352
591
353
428
352
596
353
432
352
596
353
431
352
596
353
434
351
594
353
431
352
