13_13_l.jpg
13_13_r.jpg
284
289
121
285
284
289
125
284
284
289
122
285
284
289
122
286
284
289
127
282
284
289
128
285
284
289
127
284
284
289
126
283
284
288
121
285
284
288
125
284
284
288
122
285
284
288
128
281
284
288
127
281
284
288
127
282
284
288
128
285
284
288
127
284
284
288
126
283
285
290
121
285
285
290
125
284
285
290
122
285
285
290
125
287
285
290
122
286
285
290
128
285
285
290
127
284
285
290
126
283
288
269
126
264
286
283
129
279
286
283
128
279
286
284
129
279
286
284
128
281
286
284
127
281
286
284
128
279
286
284
129
281
288
287
125
284
288
287
128
281
288
287
127
281
288
287
129
281
288
287
127
282
288
287
128
285
288
287
127
284
288
287
126
283
287
288
121
285
287
288
125
284
287
288
122
285
287
288
128
281
287
288
127
281
287
288
129
281
287
288
127
282
287
288
128
285
287
288
127
284
287
288
126
283
288
288
125
284
288
288
122
285
288
288
128
281
288
288
127
281
288
288
129
281
288
288
127
282
288
288
128
285
288
288
127
284
288
288
126
283
292
279
132
274
292
279
131
275
292
281
132
274
292
281
131
275
293
280
132
274
293
280
131
275
292
280
132
274
292
280
131
275
295
279
132
274
295
279
131
275
295
279
136
273
295
279
137
273
296
278
132
274
296
278
137
272
296
278
136
273
296
278
137
273
296
278
140
273
296
278
138
272
295
278
132
274
295
278
137
272
295
278
136
273
295
278
137
273
299
276
137
272
299
276
136
273
299
276
137
273
299
276
140
273
299
276
138
271
299
276
138
272
299
276
142
272
299
276
143
272
299
276
142
273
299
275
137
272
299
275
138
271
299
275
138
272
299
275
142
272
299
275
143
272
298
277
137
272
298
277
136
273
298
277
137
273
298
277
140
273
298
277
138
271
298
277
138
272
298
277
142
272
298
277
142
273
299
277
137
272
299
277
136
273
299
277
137
273
299
277
140
273
299
277
138
271
299
277
138
272
299
277
142
272
299
277
143
272
299
277
142
273
298
278
137
272
298
278
136
273
298
278
137
273
298
278
140
273
298
278
138
272
298
278
142
273
300
279
137
272
300
279
136
273
300
279
137
273
300
279
140
273
300
279
142
272
300
279
143
272
300
279
142
273
301
279
136
273
301
279
137
273
301
279
140
273
301
279
138
272
301
279
142
272
301
279
143
272
301
279
142
273
305
270
144
266
304
271
144
266
303
277
137
272
303
277
137
273
303
277
140
273
303
277
138
271
303
277
138
272
303
277
145
270
303
277
142
272
303
277
143
272
303
277
142
273
303
276
137
272
303
276
140
273
303
276
138
271
303
276
138
272
303
276
145
270
303
276
142
272
303
276
143
272
303
276
142
273
395
151
247
146
395
151
249
146
396
151
247
146
396
151
249
146
395
152
247
147
395
152
248
147
395
152
249
147
