41_41_l.jpg
41_41_r.jpg
210
350
48
351
216
353
55
356
217
353
55
356
218
353
55
356
218
356
56
359
220
357
56
359
220
357
57
360
228
368
68
372
228
368
72
372
228
368
73
372
233
368
73
372
233
368
74
372
233
368
76
372
237
370
76
374
234
369
76
374
241
372
79
378
243
370
85
375
253
352
99
354
253
352
101
354
255
353
99
354
255
353
101
354
255
353
100
355
255
353
101
355
257
353
101
354
257
353
101
355
258
338
102
339
258
353
101
354
259
353
101
354
258
364
104
368
258
392
98
396
258
392
100
396
258
392
99
396
261
391
101
395
261
391
103
394
261
391
102
395
259
392
98
396
259
392
100
396
259
392
99
396
263
368
113
371
262
384
104
387
265
390
107
393
265
390
106
393
264
390
107
393
264
390
106
393
262
391
103
394
262
391
102
395
268
342
114
344
268
342
115
344
268
343
114
344
268
343
115
344
268
352
111
353
268
352
113
354
266
355
111
357
266
355
113
355
269
355
111
357
269
355
113
356
269
355
114
356
266
360
110
363
269
369
113
371
269
384
112
386
269
385
110
386
269
385
112
387
269
385
112
386
267
389
108
392
267
389
109
392
269
386
112
388
269
386
112
387
266
389
108
392
266
389
109
392
269
388
112
390
269
388
111
391
269
388
112
391
271
345
117
347
270
342
115
344
271
387
112
388
271
387
112
387
273
387
112
388
277
353
121
356
277
353
123
354
277
353
123
355
276
354
121
356
276
354
119
356
276
354
123
354
276
354
123
355
276
356
123
355
275
355
121
356
275
355
119
356
275
355
123
354
276
355
121
356
276
355
123
354
276
355
123
355
274
355
121
356
274
355
119
356
272
357
115
359
272
357
114
359
278
354
121
356
278
354
125
355
278
354
123
354
278
354
123
355
278
355
125
355
278
355
123
355
278
355
126
355
280
354
125
355
280
354
123
355
280
354
126
355
280
354
127
354
279
356
125
355
279
356
126
355
279
356
127
356
278
370
126
371
280
375
125
375
280
375
126
376
281
379
125
379
281
379
126
380
281
380
126
380
281
382
125
382
281
382
128
383
280
401
124
403
284
364
128
366
283
365
128
366
283
368
127
369
283
368
126
370
283
368
126
371
284
377
128
378
282
374
126
376
282
377
128
378
282
378
128
378
282
382
125
382
282
382
128
383
282
382
129
383
285
412
127
415
284
413
127
415
286
344
131
345
285
357
130
359
285
357
129
359
287
357
130
359
287
357
132
358
289
374
133
376
287
380
136
381
287
380
134
382
289
381
136
381
289
381
136
382
289
381
134
382
289
381
135
382
289
381
138
381
287
381
136
381
287
381
134
382
287
381
135
382
289
380
136
381
289
380
136
382
289
380
134
382
289
380
135
382
289
380
138
380
293
343
137
344
293
343
137
345
292
344
135
345
290
344
135
345
291
343
135
345
292
357
136
358
290
364
135
365
293
364
137
366
292
365
137
366
291
381
136
381
291
381
136
382
291
381
134
382
291
381
135
382
291
381
138
381
290
378
135
379
290
378
136
379
291
380
136
381
291
380
136
382
291
380
135
382
291
380
138
381
291
380
139
380
291
380
138
380
293
379
136
379
293
379
136
381
293
379
140
380
293
379
138
381
293
379
139
380
293
379
138
380
293
383
137
385
293
383
139
384
297
344
139
345
297
344
141
345
295
343
137
344
295
343
140
344
295
343
139
345
294
344
137
345
295
357
137
358
294
357
137
358
295
375
140
377
294
377
136
379
294
377
140
377
294
377
141
378
296
377
140
377
296
377
141
378
295
379
140
380
295
379
138
381
295
379
139
380
295
379
138
380
294
379
136
381
294
379
140
380
294
379
138
381
294
379
139
380
294
379
138
380
296
382
141
383
296
382
139
384
301
356
147
357
301
369
147
369
301
369
146
370
301
369
146
371
300
372
145
373
300
372
144
373
300
372
145
372
300
372
146
372
301
370
145
372
301
370
146
372
301
370
146
370
301
370
146
371
300
371
145
373
300
371
144
373
300
371
145
372
300
371
146
372
300
371
146
371
298
371
143
372
298
371
144
373
299
372
143
372
299
372
145
373
299
372
144
373
299
372
145
372
298
375
140
377
298
375
143
376
300
394
143
396
302
355
147
357
300
361
145
362
305
391
149
392
307
390
151
391
313
223
160
223
316
220
164
220
317
220
164
220
317
219
164
219
325
401
171
400
328
219
175
220
328
220
175
220
328
220
175
221
328
222
175
221
328
222
175
223
326
401
171
400
328
414
173
413
328
414
172
414
328
414
173
414
327
414
172
413
327
414
173
413
327
414
172
414
327
414
173
414
330
414
173
414
341
178
187
181
342
401
187
400
348
118
194
123
347
119
193
126
349
118
194
123
349
118
195
124
347
128
193
132
347
128
193
131
347
128
193
130
347
129
193
132
347
129
193
131
347
130
193
132
347
130
193
131
347
131
193
132
349
196
195
199
351
118
197
123
350
178
196
181
350
178
197
181
352
349
198
349
350
353
197
352
350
353
196
352
350
353
196
353
353
350
200
349
354
349
200
349
376
353
218
352
375
357
217
355
