1Hill.JPG
2Hill.JPG
389
176
154
209
393
145
159
179
393
145
161
180
393
145
160
179
392
147
158
181
392
147
159
181
393
168
160
202
391
177
154
209
391
177
156
210
391
177
156
211
395
146
161
181
395
146
161
180
395
146
160
179
396
147
161
181
396
147
161
180
401
148
166
182
400
149
166
183
400
149
165
182
400
149
166
182
399
148
166
183
399
148
165
182
399
148
166
182
400
148
166
183
400
148
165
182
400
148
166
182
401
149
166
183
401
149
166
182
398
168
161
201
398
168
162
202
403
148
170
182
405
147
171
182
405
147
172
182
405
148
171
182
405
148
170
182
405
148
172
182
404
149
169
184
404
149
170
182
401
171
166
207
401
171
166
206
402
172
166
207
402
172
166
206
402
173
168
209
402
173
166
207
402
173
165
206
402
173
166
206
400
171
165
206
400
171
166
206
401
173
166
207
401
173
165
206
401
173
166
206
401
172
166
207
401
172
165
206
401
172
166
206
406
148
171
182
406
148
172
182
409
147
176
182
409
147
175
182
408
147
175
182
406
176
172
211
406
176
172
210
406
176
172
212
407
175
172
211
407
175
172
210
407
175
172
212
405
175
168
209
405
175
169
209
406
177
172
211
406
177
172
212
406
177
172
213
404
176
168
209
404
176
169
209
404
174
168
209
404
174
169
209
407
176
172
211
407
176
172
210
407
176
172
212
407
176
172
213
404
175
168
209
404
175
169
209
407
177
172
211
407
177
172
210
407
177
172
212
407
177
172
213
411
147
176
182
410
147
176
182
410
147
175
182
410
146
176
182
408
181
173
216
409
181
173
216
409
180
173
216
415
160
180
195
427
182
191
217
427
182
191
218
426
182
191
217
426
182
191
218
427
192
192
228
427
192
191
229
429
194
192
228
429
194
192
230
429
194
193
230
429
194
191
230
429
194
192
231
429
194
193
231
429
194
191
229
429
195
192
230
429
195
191
231
429
195
192
232
429
195
193
230
429
195
191
230
429
195
192
231
429
195
193
231
429
195
191
229
429
195
193
232
429
196
191
231
429
196
192
232
429
196
191
230
429
196
192
231
429
196
193
231
429
196
193
232
429
196
193
233
429
192
192
228
428
195
192
230
428
195
191
231
428
195
192
232
428
195
193
230
428
195
191
230
428
195
192
231
428
195
193
231
428
195
191
229
428
195
193
232
428
193
192
228
428
193
192
230
428
193
193
230
428
193
191
230
428
193
191
229
428
194
192
228
428
194
192
230
428
194
191
231
428
194
193
230
428
194
191
230
428
194
192
231
428
194
193
231
428
194
191
229
428
196
191
231
428
196
192
232
428
196
191
230
428
196
192
231
428
196
193
231
428
196
193
232
428
196
193
233
429
197
192
232
429
197
193
232
429
197
193
233
429
197
193
234
431
201
194
236
431
201
194
237
430
205
193
241
432
208
197
244
432
208
197
245
431
206
193
241
433
208
197
244
433
208
197
243
433
208
197
245
434
221
195
256
434
221
197
256
434
220
197
256
440
185
204
221
439
184
204
221
438
209
200
245
436
209
197
244
436
209
197
245
436
209
200
245
437
209
200
245
436
208
197
244
436
208
197
243
436
208
200
245
441
302
200
338
441
302
201
338
441
302
199
339
441
302
200
339
441
302
201
339
441
302
203
337
441
302
203
338
443
196
205
232
445
219
207
256
445
219
209
257
444
300
203
337
444
300
204
337
444
300
205
337
444
300
205
338
444
300
203
338
444
300
204
338
445
300
203
337
445
300
204
337
445
300
205
337
445
300
205
338
445
300
203
338
445
300
204
338
445
300
207
336
445
300
206
337
443
301
201
338
443
301
201
339
443
301
203
337
443
301
204
337
443
301
203
338
443
301
204
338
444
301
203
337
444
301
204
337
444
301
205
337
444
301
205
338
444
301
203
338
444
301
204
338
445
301
204
337
445
301
205
337
445
301
205
338
445
301
203
338
445
301
204
338
445
301
207
336
445
301
206
337
445
301
207
337
445
304
203
341
443
305
203
341
442
302
201
338
442
302
200
339
442
302
201
339
442
302
203
337
442
302
204
337
442
302
203
338
442
302
204
338
443
302
201
339
443
302
203
337
443
302
204
337
443
302
203
341
443
302
203
338
443
302
204
338
449
200
213
237
447
220
209
258
447
220
208
258
447
220
209
257
446
221
209
258
446
221
208
258
446
221
209
257
448
222
209
258
449
301
208
337
449
301
209
336
449
301
207
337
449
301
208
336
448
301
207
336
448
301
208
337
448
301
209
336
448
301
206
337
448
301
207
337
448
301
208
336
449
300
208
335
449
300
209
335
449
300
207
336
449
300
208
337
449
300
209
336
449
300
207
337
449
300
208
336
447
301
205
338
447
301
208
335
447
301
207
336
447
301
208
337
447
301
209
336
447
301
206
337
447
301
207
337
447
301
208
336
448
299
208
335
448
299
209
335
448
299
207
336
448
299
208
337
448
299
209
336
448
299
206
337
448
299
207
337
448
299
208
336
446
300
204
337
446
300
205
337
446
300
205
338
446
300
204
338
446
300
208
335
446
300
207
336
446
300
206
337
446
300
207
337
446
300
208
336
446
301
205
337
446
301
205
338
446
301
204
338
446
301
207
336
446
301
208
337
446
301
206
337
446
301
207
337
446
301
208
336
449
299
208
335
449
299
209
335
449
299
207
336
449
299
208
337
449
299
209
336
449
299
207
337
449
299
208
336
447
300
205
337
447
300
205
338
447
300
208
335
447
300
209
335
447
300
207
336
447
300
208
337
447
300
209
336
447
300
206
337
447
300
207
337
447
300
208
336
448
300
208
335
448
300
209
335
448
300
207
336
448
300
208
337
448
300
209
336
448
300
206
337
448
300
207
337
448
300
208
336
450
183
215
220
450
182
215
220
451
200
213
236
451
200
217
240
453
203
216
240
452
230
213
265
452
230
213
266
452
230
216
270
452
230
214
268
452
230
215
268
453
230
213
266
453
230
216
270
453
230
214
268
453
230
217
269
453
230
215
268
453
231
216
270
453
231
214
268
453
231
217
269
453
231
215
268
453
231
217
270
453
231
216
271
453
231
217
271
452
229
213
265
452
229
213
266
452
229
214
268
452
229
215
268
452
231
213
266
452
231
216
270
452
231
214
268
452
231
215
268
452
231
216
271
452
228
213
265
452
228
213
266
452
228
214
268
452
228
215
268
457
236
217
271
457
236
218
272
457
236
219
272
457
236
219
273
457
237
219
273
454
293
216
331
454
293
215
330
454
293
214
331
457
296
216
331
457
296
217
332
457
296
216
332
457
296
214
333
457
296
215
333
454
294
216
331
454
294
215
330
454
294
216
332
454
294
214
331
454
294
214
333
456
297
217
332
456
297
216
332
456
297
214
333
456
297
215
333
455
296
216
331
455
296
216
332
455
296
214
331
455
296
214
333
455
296
215
333
454
297
214
333
454
297
215
333
456
296
216
331
456
296
217
332
456
296
216
332
456
296
214
333
456
296
215
333
455
297
216
332
455
297
214
333
455
297
215
333
455
323
213
360
461
184
228
224
461
290
219
329
461
290
220
329
461
290
221
327
461
290
221
328
459
292
216
331
459
292
219
329
459
292
220
329
461
291
219
329
461
291
220
329
461
291
221
327
461
291
221
328
460
291
219
329
460
291
220
329
465
277
225
314
465
277
224
317
464
280
224
317
464
278
224
317
465
280
224
317
463
289
221
327
463
289
221
328
463
289
222
326
463
289
222
328
463
289
223
326
463
289
222
327
463
289
223
327
464
289
221
327
464
289
221
328
464
289
222
326
464
289
222
328
464
289
224
327
464
289
223
326
464
289
222
327
464
289
223
327
464
289
224
326
464
289
223
328
465
289
222
326
465
289
222
328
465
289
224
327
465
289
223
326
465
289
222
327
465
289
223
327
465
289
224
326
465
289
225
326
465
289
223
328
468
277
227
313
466
277
225
314
466
276
225
314
466
276
226
313
469
276
228
313
467
276
226
313
467
276
227
313
468
276
227
313
467
277
226
313
471
275
230
313
471
275
231
313
472
343
229
380
472
343
229
381
472
344
229
381
471
357
228
395
480
337
237
376
486
252
246
293
486
252
245
292
486
252
245
291
486
253
246
293
486
253
245
292
499
361
255
400
499
361
254
400
500
361
255
400
502
341
258
380
509
374
264
413
