P1011370.JPG
P1011371.JPG
122
141
59
133
123
156
64
146
124
144
61
136
120
156
59
146
120
156
60
147
147
374
125
367
123
158
63
149
123
158
64
148
130
116
63
105
120
138
57
130
122
154
64
143
122
154
61
145
122
154
63
145
122
154
62
145
123
154
65
143
123
154
63
145
123
154
64
144
123
154
62
145
124
158
65
148
124
158
64
148
123
143
60
134
121
139
58
131
123
142
60
134
145
374
123
369
125
147
63
138
145
375
123
370
145
375
123
369
120
137
57
129
122
156
62
147
125
146
63
138
131
117
63
105
147
373
125
367
120
154
58
146
120
154
59
146
120
154
60
145
120
154
61
145
121
154
60
145
121
154
61
145
121
154
62
145
