S24_01.png
S24_02.png
481
207
211
134
481
207
214
135
481
207
213
135
470
199
208
126
470
199
207
126
471
196
210
123
471
196
204
121
471
196
209
123
471
196
206
121
471
196
205
121
471
196
207
122
471
196
207
121
471
196
208
122
417
247
142
161
468
196
204
120
468
196
204
121
468
196
206
121
468
196
205
121
468
196
207
122
468
196
203
120
480
197
217
126
480
197
213
124
480
197
216
125
480
197
214
125
480
197
215
125
455
195
195
117
455
195
194
116
455
195
189
115
455
195
192
116
455
195
193
116
455
195
194
117
455
195
191
115
455
195
189
114
455
195
190
115
455
194
195
116
455
194
195
117
455
194
194
116
455
194
192
116
455
194
193
116
455
194
194
117
455
194
191
115
483
207
211
134
483
207
214
136
483
207
214
135
483
207
216
136
483
207
213
135
446
193
187
113
446
193
185
113
446
193
184
113
446
193
187
114
446
193
186
113
446
193
188
114
446
193
186
114
447
194
187
113
447
194
185
113
447
194
184
113
447
194
187
114
447
194
188
115
447
194
186
113
447
194
188
114
447
194
186
114
473
196
209
122
473
196
210
123
473
196
209
123
473
196
211
123
473
196
211
124
473
196
207
122
473
196
208
122
464
191
205
116
464
191
202
115
420
246
142
161
456
194
195
116
456
194
195
117
456
194
194
116
456
194
196
118
456
194
192
116
456
194
193
116
456
194
194
117
456
194
191
115
456
194
196
117
487
190
222
120
487
190
223
120
478
197
211
124
478
197
214
125
478
197
215
125
470
196
204
121
470
196
209
123
470
196
206
121
470
196
205
121
470
196
207
122
470
196
207
121
470
196
208
122
454
194
195
117
454
194
194
116
454
194
189
115
454
194
192
116
454
194
193
116
454
194
194
117
454
194
191
115
454
194
189
114
454
194
190
115
419
247
142
161
481
208
211
134
481
208
214
136
481
208
213
135
462
195
200
119
462
195
197
117
462
195
197
118
462
195
201
120
462
195
199
118
462
195
202
119
462
195
200
118
462
195
201
119
460
195
195
116
460
195
200
119
460
195
195
117
460
195
197
117
460
195
196
118
460
195
197
118
460
195
199
118
460
195
196
117
464
195
204
120
464
195
200
119
464
195
201
120
464
195
199
118
464
195
202
119
464
195
200
118
464
195
203
120
464
195
201
119
448
193
187
113
448
193
185
113
448
193
184
113
448
193
187
114
448
193
188
115
448
193
186
113
448
193
188
114
448
193
189
114
448
193
186
114
447
193
187
113
447
193
185
113
447
193
184
113
447
193
187
114
447
193
186
113
447
193
188
114
447
193
189
114
447
193
186
114
479
197
217
126
479
197
213
124
479
197
211
124
479
197
214
125
479
197
215
125
486
169
230
99
463
195
200
119
463
195
201
120
463
195
199
118
463
195
202
119
463
195
200
118
463
195
203
120
463
195
201
119
489
177
233
110
489
177
230
109
449
194
187
113
449
194
185
113
449
194
189
115
449
194
184
113
449
194
187
114
449
194
188
115
449
194
186
113
449
194
188
114
449
194
191
115
449
194
189
114
449
194
186
114
449
194
190
115
458
195
195
116
458
195
195
117
458
195
194
116
458
195
197
117
458
195
196
118
458
195
197
118
458
195
193
116
458
195
194
117
458
195
196
117
487
189
223
120
486
177
230
109
483
206
211
134
483
206
214
135
483
206
213
135
448
194
187
113
448
194
185
113
448
194
189
115
448
194
184
113
448
194
187
114
448
194
188
115
448
194
186
113
448
194
188
114
448
194
189
114
448
194
186
114
448
194
190
115
478
179
221
108
472
196
210
123
472
196
208
121
472
196
209
123
472
196
207
122
472
196
208
122
483
176
229
108
483
176
226
107
483
176
224
106
483
176
230
108
