P1011069.JPG
P1011070.JPG
165
421
271
346
169
418
275
345
169
418
274
345
168
418
273
345
168
418
274
345
167
419
273
345
167
419
273
346
167
419
272
346
166
420
271
346
166
420
272
346
169
427
274
353
173
196
306
133
172
415
278
344
170
417
276
344
173
415
278
343
173
415
278
344
172
428
276
356
172
428
278
354
173
425
279
353
173
425
278
354
170
426
274
353
174
427
279
353
177
428
283
354
177
428
284
354
176
425
282
353
176
425
282
354
175
424
279
353
180
423
284
354
180
425
286
355
183
423
287
355
183
423
288
355
352
327
488
300
352
327
489
301
360
329
496
305
359
329
496
305
