Test800.jpg
Test810.jpg
71
152
31
149
73
149
31
146
73
148
31
145
73
148
31
146
73
153
31
150
73
153
33
150
73
153
32
151
73
153
32
150
73
152
31
149
73
152
32
149
73
152
31
150
73
152
32
150
71
153
31
149
71
153
31
150
72
153
31
150
72
153
32
150
72
152
31
149
72
152
32
149
72
152
31
150
73
154
33
150
73
154
32
151
73
154
33
151
72
154
32
151
72
154
32
150
71
253
33
253
72
269
33
269
72
268
33
269
75
153
33
150
75
153
33
151
75
155
33
152
75
155
34
152
75
155
35
152
74
155
33
152
74
155
33
151
74
155
34
152
74
154
33
152
74
154
32
151
74
154
33
151
76
156
36
152
76
156
35
153
76
156
35
152
74
233
32
233
76
252
34
253
75
252
33
253
76
257
32
257
74
268
33
269
74
269
33
269
74
269
32
270
75
269
33
269
75
269
32
270
81
230
38
231
80
231
35
232
81
231
35
232
80
240
35
240
84
237
42
237
84
237
43
238
84
239
40
239
84
239
41
239
85
238
41
239
85
238
43
238
82
239
40
239
82
239
41
239
93
144
52
141
93
144
53
141
92
145
53
142
93
145
53
142
92
148
53
145
93
150
49
148
89
151
49
148
89
151
46
149
89
151
45
149
92
156
53
153
93
160
54
157
93
160
56
159
91
284
58
287
95
154
57
153
94
156
53
153
94
156
53
155
97
157
53
155
97
157
56
156
97
157
59
154
95
158
53
155
95
158
56
156
95
158
54
156
95
159
54
157
95
159
56
156
95
159
54
156
94
161
54
159
94
161
56
159
96
285
63
287
94
284
63
287
104
157
64
155
104
157
64
156
102
157
59
154
102
157
64
155
102
157
64
156
104
286
71
288
111
284
70
285
111
284
75
285
114
283
75
285
121
252
81
252
121
280
84
281
118
284
75
285
118
284
81
286
118
284
79
286
118
284
84
285
123
249
81
249
123
249
80
249
123
249
79
249
123
249
82
249
123
249
83
249
123
249
88
250
124
249
81
249
124
249
80
249
124
249
79
249
124
249
82
249
124
249
83
249
124
249
88
250
125
249
81
249
125
249
80
249
125
249
82
249
125
249
83
249
125
249
89
250
125
249
88
250
125
263
84
263
125
279
84
281
122
280
84
281
125
280
84
281
125
285
85
286
125
285
87
287
127
286
87
287
131
250
89
250
131
250
91
250
130
269
93
268
132
269
93
268
130
277
90
278
131
282
91
283
134
284
94
285
134
284
95
285
134
284
97
285
136
284
97
285
141
264
98
263
141
268
99
268
138
283
97
283
138
283
102
284
145
264
103
263
144
284
102
284
146
264
103
263
147
265
104
264
147
265
104
263
159
165
124
162
159
165
125
163
159
165
125
162
161
163
125
160
161
163
125
162
161
165
125
163
161
165
125
160
161
165
125
164
161
165
125
162
161
252
123
252
161
252
122
252
160
252
122
252
158
289
121
290
161
289
123
289
161
289
124
290
159
290
121
290
164
252
125
252
162
252
123
252
162
252
124
252
163
252
125
252
163
252
124
252
164
254
126
254
162
290
124
290
169
228
132
228
169
252
130
252
168
260
129
261
168
260
129
262
168
261
129
261
168
261
129
262
170
219
133
216
170
219
133
217
170
219
134
218
170
219
134
219
171
221
134
218
171
221
134
219
170
221
133
219
170
221
134
219
170
225
134
224
170
224
134
224
172
253
131
253
171
253
131
253
173
257
133
257
173
257
132
257
173
257
134
257
173
257
135
257
172
257
133
257
172
257
132
257
172
257
134
257
173
256
133
257
173
256
132
257
173
256
135
256
173
256
134
257
173
256
135
257
176
227
139
226
174
253
133
253
174
253
134
253
174
253
135
253
174
253
136
254
176
254
136
254
177
254
136
254
177
254
138
254
174
254
131
254
175
288
141
288
177
149
140
149
177
149
140
146
177
149
141
146
177
149
142
147
177
149
140
147
177
149
141
148
177
149
142
148
177
149
142
149
177
149
144
150
178
149
140
146
178
149
141
146
178
149
142
147
178
149
140
147
178
149
141
148
178
149
142
148
178
149
144
150
178
149
145
150
181
146
146
144
181
146
147
145
181
147
145
144
181
147
146
144
181
147
147
145
180
146
145
144
180
153
144
150
180
153
145
150
176
150
140
149
176
150
140
146
176
150
140
147
176
150
141
148
176
150
142
148
176
150
142
149
176
150
144
150
177
151
140
149
177
151
140
146
177
151
140
147
177
151
141
148
177
151
142
148
177
151
142
149
177
151
144
150
176
151
140
149
176
151
140
147
176
151
141
148
176
151
142
148
176
151
142
149
176
169
140
166
176
169
141
168
176
169
140
169
176
169
140
167
176
168
140
166
176
168
142
166
176
168
142
167
176
168
141
168
176
168
140
167
178
168
144
165
178
168
142
166
178
168
142
167
178
168
145
166
178
168
144
167
177
168
140
166
177
168
142
166
177
168
142
167
177
168
141
168
177
168
140
167
179
168
144
165
179
168
142
166
179
168
142
167
179
168
145
166
179
168
143
168
179
168
144
167
177
169
140
166
177
169
142
169
177
169
142
166
177
169
142
167
177
169
141
168
177
169
143
168
177
169
140
169
177
169
140
167
180
169
144
165
180
169
144
169
180
169
142
166
180
169
142
167
180
169
145
166
180
169
143
168
180
169
143
169
180
169
144
167
181
215
144
213
180
214
144
213
178
219
141
218
181
225
145
224
181
225
145
225
181
254
145
254
181
254
146
254
179
254
140
255
179
254
141
255
179
254
139
254
179
254
138
254
179
254
140
254
180
264
143
265
183
147
149
146
183
147
147
145
182
147
149
149
182
147
146
144
182
147
147
145
183
148
149
149
183
148
149
146
183
148
147
145
184
149
149
149
184
149
149
146
184
149
147
145
184
149
150
148
185
149
149
146
185
149
150
147
185
149
150
148
184
151
149
149
185
150
149
146
185
150
150
147
185
150
150
148
185
151
150
148
180
161
145
159
184
168
149
165
184
168
150
165
184
168
151
165
184
168
151
166
185
167
152
165
185
167
151
165
185
167
151
164
185
167
151
166
180
171
144
169
180
171
142
169
180
171
143
168
180
171
143
169
184
184
148
184
184
184
148
183
184
184
148
182
184
184
150
183
183
185
146
185
183
185
148
184
183
185
146
184
183
185
146
183
183
185
148
183
183
185
148
182
183
185
147
185
183
185
148
185
184
185
148
184
184
185
148
183
184
185
148
182
184
185
147
185
184
185
148
185
184
185
150
183
184
185
150
184
180
180
144
177
180
180
145
178
180
180
144
178
180
180
144
179
180
180
145
179
180
181
144
179
180
181
145
179
183
184
146
185
183
184
148
184
183
184
146
184
183
184
146
183
183
184
148
183
183
184
148
182
183
184
147
185
185
209
147
208
185
209
152
208
185
209
153
208
185
209
150
208
185
209
152
209
185
209
153
209
182
209
147
208
184
208
149
207
184
208
148
207
184
208
147
207
184
208
152
207
184
208
150
208
185
207
149
207
185
207
149
206
185
207
153
207
185
207
152
207
183
208
149
207
183
208
148
207
183
208
146
207
183
208
147
207
183
208
152
207
183
208
150
208
183
210
146
209
183
210
147
209
183
210
148
209
183
210
149
209
184
211
148
209
184
211
148
211
184
211
149
211
184
211
146
210
185
213
148
213
185
213
149
213
185
213
148
212
185
213
149
212
185
213
147
212
185
210
147
209
185
210
148
209
185
210
149
209
185
210
151
209
185
210
150
209
185
210
152
209
184
213
148
213
184
213
149
213
184
213
147
213
184
213
148
212
184
213
149
212
184
213
147
212
183
211
148
211
183
211
149
211
183
211
146
210
184
214
148
213
184
214
147
213
184
214
148
212
184
214
147
212
185
248
148
248
185
248
149
248
185
248
150
248
185
249
150
248
182
261
145
262
182
261
147
261
182
262
145
262
182
262
147
261
186
150
150
147
188
150
153
147
189
150
155
147
189
150
154
147
186
168
152
165
186
168
151
165
186
168
151
164
189
167
155
164
189
167
154
163
187
167
154
165
186
167
152
165
186
167
151
164
187
166
154
165
188
185
153
183
188
185
155
185
188
185
154
184
188
185
157
184
188
185
155
184
187
206
152
205
187
206
150
205
187
206
151
205
187
208
149
207
187
208
153
207
187
208
152
208
187
208
152
207
187
208
153
208
186
208
149
207
186
208
148
207
186
208
153
207
186
208
152
208
186
208
152
207
186
208
153
208
188
207
153
207
188
207
152
207
186
209
152
208
186
209
153
208
186
209
150
208
186
209
152
209
186
209
153
209
188
209
152
208
188
209
153
208
188
209
150
208
188
209
153
209
189
232
153
231
189
232
154
231
186
248
150
248
186
251
150
251
189
253
153
253
188
252
152
252
188
252
151
252
188
252
153
251
188
252
154
251
189
251
152
251
189
251
153
251
189
251
154
251
188
254
153
253
192
150
157
147
192
150
158
147
191
165
157
164
191
165
157
162
192
165
157
162
190
165
157
164
190
165
156
163
190
165
156
164
193
164
158
162
193
164
159
162
193
185
157
184
193
185
158
182
193
185
160
182
193
185
160
185
191
206
152
205
190
208
153
207
190
208
152
207
190
206
152
205
190
206
151
205
193
233
155
232
190
236
153
235
190
236
154
235
192
236
154
235
192
236
155
235
192
237
156
236
193
238
156
237
192
238
155
237
192
238
156
237
193
240
157
239
190
283
155
283
193
281
157
281
197
151
161
148
197
151
162
148
196
163
161
161
196
163
162
161
195
164
161
161
195
164
160
161
194
184
160
181
194
184
158
182
194
184
160
182
194
185
160
185
193
186
157
184
193
186
160
185
193
187
160
185
192
188
160
185
196
187
160
185
193
188
160
185
193
189
160
185
194
189
160
185
197
236
161
235
197
236
160
235
197
236
162
235
196
235
161
234
196
235
160
234
196
235
159
234
196
235
162
234
196
237
160
236
196
237
161
236
197
237
160
236
197
237
161
236
195
282
155
282
195
282
157
281
195
282
158
282
194
283
155
283
194
283
155
282
194
283
156
283
194
283
158
282
194
281
157
281
200
153
163
148
200
153
164
150
201
150
163
148
201
150
165
148
201
150
166
148
201
151
163
148
201
151
165
148
201
161
165
159
201
161
165
158
201
161
166
159
201
162
165
159
201
162
165
158
201
162
165
160
201
162
166
159
200
165
165
163
200
165
166
163
199
162
165
159
199
162
164
160
199
162
165
160
199
165
165
163
200
162
165
159
200
162
164
160
200
162
165
158
200
162
165
160
200
162
166
159
200
183
165
179
200
183
164
180
200
183
164
179
200
183
165
180
199
182
163
181
199
182
165
179
199
182
163
180
199
182
164
180
199
182
164
179
199
182
165
180
199
181
165
178
199
181
165
179
199
181
163
180
199
181
164
180
199
181
164
179
199
181
165
180
201
229
165
228
198
237
160
236
198
237
161
236
198
236
161
235
198
236
160
235
198
236
162
235
198
235
161
234
198
235
160
234
198
235
162
234
198
284
164
283
198
284
163
284
205
162
169
159
202
161
165
159
202
161
165
158
202
161
166
159
202
161
167
160
203
162
165
159
203
162
166
159
203
162
167
160
205
164
169
162
202
165
168
163
203
217
167
216
204
217
168
216
204
217
167
216
200
219
164
218
200
219
163
219
204
216
168
216
204
216
167
216
205
216
168
216
205
216
167
216
203
216
167
216
203
237
166
236
201
283
164
283
201
283
164
282
200
282
164
282
202
284
164
283
208
148
171
145
208
148
171
144
208
148
172
148
208
148
172
147
208
148
173
147
206
147
171
145
206
147
169
143
204
146
169
143
207
149
171
145
207
149
173
149
207
149
172
148
207
149
172
147
208
149
171
145
208
149
171
144
208
149
173
149
208
149
172
148
208
149
172
147
208
149
173
147
206
240
171
241
206
240
170
239
205
239
170
239
208
285
175
285
208
248
172
249
212
260
173
260
212
260
177
261
212
260
174
260
212
260
176
261
212
260
178
261
212
260
178
262
209
259
173
260
209
259
174
260
210
259
173
260
210
259
174
260
210
259
176
261
210
260
173
260
213
260
173
260
213
260
177
261
213
260
176
260
213
260
174
260
213
260
176
261
213
260
178
261
213
260
178
262
208
280
177
282
208
280
175
280
211
280
176
280
211
280
175
280
211
280
178
280
212
280
176
280
212
280
175
280
212
280
178
280
209
281
177
282
208
283
177
284
208
283
174
284
213
288
182
289
211
286
175
285
211
289
180
290
216
149
181
148
216
150
181
148
212
151
175
149
214
261
177
261
214
261
176
261
214
261
179
262
214
261
178
262
215
261
177
261
215
261
176
261
215
261
178
261
215
261
179
262
215
261
178
262
216
261
177
261
216
261
176
261
216
261
178
261
216
261
179
261
216
261
179
262
216
261
178
262
216
261
186
262
215
264
178
265
215
262
179
262
215
262
178
262
215
262
178
265
215
262
185
263
215
271
184
270
215
271
183
271
215
288
182
289
215
292
180
293
215
292
180
292
215
292
178
292
215
292
185
293
215
292
183
292
217
292
180
292
217
292
185
293
217
292
183
292
217
292
188
293
215
290
180
290
217
290
180
290
217
294
185
295
217
294
184
294
217
294
188
295
219
149
184
147
219
149
185
147
220
149
185
147
220
149
188
147
221
263
185
263
221
263
193
264
218
263
178
265
218
263
185
263
219
262
185
263
221
262
185
263
221
262
190
263
218
262
179
262
218
262
185
263
220
263
185
263
220
262
185
263
219
270
184
270
219
270
185
269
219
270
183
271
219
270
186
270
219
271
184
270
219
271
185
269
219
271
183
271
219
271
186
270
221
293
185
293
221
293
183
292
221
293
188
293
220
292
185
293
220
292
183
292
220
292
188
293
221
296
193
297
225
151
192
148
225
151
191
149
225
151
190
149
225
151
190
148
225
151
192
149
225
151
193
149
225
151
194
149
223
151
189
149
223
151
191
149
223
151
190
149
223
151
192
149
222
151
189
149
222
151
190
149
224
168
190
165
224
168
191
165
225
168
190
165
225
168
191
165
222
262
185
263
222
262
186
262
222
262
190
263
224
263
185
263
224
263
193
264
224
263
190
263
224
263
194
264
225
263
193
264
225
263
190
263
225
263
195
265
225
263
194
264
224
268
185
269
224
268
186
270
224
268
192
269
225
268
185
269
225
268
192
269
225
268
196
269
224
292
188
293
223
292
188
293
224
291
189
291
224
291
186
290
224
291
191
291
223
294
188
295
223
294
194
295
225
295
188
295
225
295
196
296
225
295
194
295
223
296
193
297
228
149
193
146
228
149
195
147
228
149
196
148
229
149
195
147
229
149
196
148
226
151
192
148
226
151
191
149
226
151
192
149
226
151
193
149
226
151
195
149
226
151
194
149
229
150
195
147
229
150
195
149
229
150
196
148
229
152
195
149
229
152
194
149
226
264
193
264
226
264
195
265
226
264
194
264
226
264
196
265
229
265
195
265
229
265
196
265
229
265
198
266
228
264
193
264
228
264
195
265
228
264
194
264
228
264
196
265
227
264
193
264
227
264
195
265
227
264
194
264
227
264
196
265
227
289
187
288
226
291
189
291
226
291
186
290
226
291
191
291
227
288
191
288
227
288
196
289
229
296
196
296
229
296
200
297
226
297
193
297
232
151
196
148
232
151
199
148
230
150
195
147
230
150
196
148
230
150
199
148
230
265
195
265
230
265
196
265
230
265
198
266
228
266
200
267
230
266
198
266
230
266
200
267
231
266
201
267
231
266
198
266
231
266
200
267
232
266
201
267
232
266
198
266
232
266
200
267
233
267
197
269
233
267
196
269
233
267
200
267
233
267
202
269
232
289
191
288
232
289
196
289
232
295
194
295
232
295
203
295
230
295
196
296
230
295
194
295
232
296
196
296
232
296
200
297
230
297
193
297
230
297
200
297
230
297
202
297
235
149
200
148
235
149
200
146
235
149
201
147
235
149
200
147
237
268
197
269
237
268
196
269
237
268
203
269
237
268
202
269
237
268
204
269
237
268
205
269
237
268
206
269
234
267
197
269
234
267
196
269
234
267
201
267
234
267
200
267
234
267
202
269
237
269
197
269
237
269
196
269
237
269
203
269
237
269
202
269
237
269
204
269
234
281
195
280
234
281
196
280
234
281
200
280
234
281
198
280
234
281
201
280
234
281
204
281
237
280
193
279
237
280
193
278
237
280
196
279
237
280
195
280
237
280
196
280
237
280
200
279
237
280
200
280
237
280
198
280
237
280
199
279
237
280
201
280
237
280
204
281
237
280
203
279
237
280
202
279
237
280
204
280
237
280
205
280
237
280
203
280
237
280
208
280
237
280
209
280
232
278
193
278
232
278
196
279
232
278
197
278
232
278
200
279
232
278
199
279
232
278
203
279
232
278
202
279
232
278
209
278
232
278
210
279
232
278
212
279
235
281
195
280
235
281
196
280
235
281
200
280
235
281
198
280
235
281
201
280
235
281
204
281
235
281
203
280
233
279
193
279
233
279
193
278
233
279
196
279
233
279
197
278
233
279
196
280
233
279
200
279
233
279
200
280
233
279
198
280
233
279
199
279
233
279
201
280
233
279
203
279
233
279
202
279
233
279
204
280
233
279
205
280
233
279
203
280
233
279
210
279
233
279
208
280
233
279
209
280
233
279
212
280
234
280
193
279
234
280
193
278
234
280
196
279
234
280
195
280
234
280
196
280
234
280
200
279
234
280
200
280
234
280
198
280
234
280
199
279
234
280
201
280
234
280
204
281
234
280
203
279
234
280
202
279
234
280
204
280
234
280
205
280
234
280
203
280
234
280
208
280
234
280
209
280
232
281
192
281
232
281
190
280
232
281
195
280
232
281
196
280
232
281
204
281
235
280
193
279
235
280
193
278
235
280
196
279
235
280
195
280
235
280
196
280
235
280
200
279
235
280
200
280
235
280
198
280
235
280
199
279
235
280
201
280
235
280
204
281
235
280
203
279
235
280
202
279
235
280
204
280
235
280
205
280
235
280
203
280
235
280
208
280
235
280
209
280
237
289
196
289
237
289
203
289
236
292
205
292
236
292
202
293
236
292
206
292
236
293
201
294
236
293
198
294
236
293
200
294
236
293
202
293
235
288
199
288
235
288
202
288
235
289
196
289
235
289
203
289
237
293
201
294
237
293
200
294
237
293
202
293
237
293
207
293
234
295
194
295
234
295
203
295
237
297
200
297
237
297
202
297
237
297
204
297
237
297
213
297
236
295
203
295
236
295
208
295
236
294
201
294
236
294
198
294
236
294
200
294
234
296
196
296
234
296
200
297
234
296
202
297
236
298
207
298
241
148
207
145
241
148
209
147
241
148
209
146
241
148
211
146
241
148
210
147
239
148
207
145
239
148
209
146
239
247
203
246
240
268
201
267
240
268
200
267
240
268
203
269
240
268
202
269
240
268
204
269
240
268
205
269
240
268
208
269
240
268
207
268
240
268
206
269
239
268
197
269
239
268
201
267
239
268
200
267
239
268
203
269
239
268
202
269
239
268
204
269
239
268
205
269
239
268
208
269
239
268
206
269
238
269
197
269
238
269
196
269
238
269
203
269
238
269
202
269
238
269
204
269
238
269
205
269
240
269
197
269
240
269
196
269
240
269
203
269
240
269
202
269
240
269
204
269
240
269
205
269
240
269
206
269
241
270
197
269
241
270
196
269
241
270
203
269
241
270
202
269
241
270
204
269
241
270
205
269
241
270
208
272
240
270
197
269
240
270
196
269
240
270
203
269
240
270
202
269
240
270
204
269
240
270
208
272
240
281
195
280
240
281
196
280
240
281
200
280
240
281
198
280
240
281
201
280
240
281
204
281
240
281
204
280
240
281
205
280
240
281
203
280
238
279
193
278
238
279
196
279
238
279
197
278
238
279
200
279
238
279
200
280
238
279
198
280
238
279
199
279
238
279
201
280
238
279
203
279
238
279
202
279
238
279
204
280
238
279
205
280
238
279
203
280
238
279
210
279
238
279
212
279
238
279
208
280
240
280
196
279
240
280
196
280
240
280
200
279
240
280
200
280
240
280
198
280
240
280
199
279
240
280
201
280
240
280
204
281
240
280
203
279
240
280
202
279
240
280
204
280
240
280
205
280
240
280
203
280
240
280
210
279
240
280
208
280
240
280
209
280
240
280
212
280
240
280
213
280
239
279
193
278
239
279
196
279
239
279
197
278
239
279
200
279
239
279
200
280
239
279
198
280
239
279
199
279
239
279
201
280
239
279
203
279
239
279
202
279
239
279
204
280
239
279
205
280
239
279
203
280
239
279
209
278
239
279
210
279
239
279
212
279
239
279
208
280
241
281
195
280
241
281
196
280
241
281
200
280
241
281
198
280
241
281
201
280
241
281
204
281
241
281
204
280
241
281
205
280
241
281
203
280
238
289
196
289
238
289
203
289
240
288
199
288
240
288
202
288
240
288
209
288
238
293
201
294
238
293
202
293
238
293
207
293
240
290
201
290
239
289
196
289
239
289
203
289
240
291
208
291
241
292
205
292
241
292
206
292
241
292
211
292
241
289
196
289
241
289
203
289
238
295
203
295
238
295
208
295
238
295
210
295
238
295
212
295
240
296
196
296
240
296
213
296
239
295
203
295
239
295
208
295
239
295
210
295
239
295
212
295
241
294
201
294
241
294
198
294
241
294
200
294
241
294
208
294
241
294
218
294
239
296
196
296
239
296
213
296
238
297
200
297
238
297
202
297
238
297
204
297
238
297
213
297
241
299
207
298
241
299
214
298
239
298
207
298
239
298
214
298
244
142
211
140
244
142
210
141
244
148
209
147
244
148
209
146
244
148
211
147
244
148
211
146
244
148
210
147
245
148
209
147
245
148
211
147
245
148
211
146
245
148
210
147
242
149
208
148
242
149
207
148
242
149
206
148
242
149
209
147
242
149
209
148
242
149
209
146
242
149
211
147
242
149
210
147
244
149
209
147
244
149
209
148
244
149
211
147
244
149
212
148
244
149
210
147
243
247
208
246
243
247
207
246
244
247
208
246
244
247
207
246
242
269
197
269
242
269
196
269
242
269
203
269
242
269
202
269
242
269
204
269
242
269
205
269
242
269
208
269
242
269
206
269
243
269
197
269
243
269
203
269
243
269
202
269
243
269
204
269
243
269
205
269
243
269
208
269
243
269
206
269
244
280
196
279
244
280
200
279
244
280
200
280
244
280
198
280
244
280
199
279
244
280
201
280
244
280
203
279
244
280
202
279
244
280
204
280
244
280
205
280
244
280
203
280
244
280
210
279
244
280
212
279
244
280
208
280
244
280
209
280
244
280
212
280
244
280
213
280
243
280
196
279
243
280
200
279
243
280
200
280
243
280
198
280
243
280
199
279
243
280
201
280
243
280
204
281
243
280
203
279
243
280
202
279
243
280
204
280
243
280
205
280
243
280
203
280
243
280
210
279
243
280
212
279
243
280
208
280
243
280
209
280
243
280
212
280
243
280
213
280
242
280
196
279
242
280
200
279
242
280
200
280
242
280
198
280
242
280
199
279
242
280
201
280
242
280
204
281
242
280
203
279
242
280
202
279
242
280
204
280
242
280
205
280
242
280
203
280
242
280
210
279
242
280
208
280
242
280
209
280
242
280
212
280
242
280
213
280
245
281
195
280
245
281
196
280
245
281
200
280
245
281
198
280
245
281
201
280
245
281
204
281
245
281
204
280
245
281
205
280
245
281
203
280
245
281
208
280
245
281
209
280
244
292
205
292
244
292
206
292
244
292
211
292
244
292
216
293
244
292
220
292
243
293
202
293
243
293
207
293
243
293
208
294
243
293
216
293
242
290
201
290
242
290
219
290
242
292
205
292
242
292
206
292
242
292
211
292
242
292
220
292
244
296
213
296
245
294
201
294
245
294
198
294
245
294
200
294
245
294
208
294
245
294
218
294
245
294
220
294
242
297
200
297
242
297
202
297
242
297
204
297
242
297
213
297
242
297
216
297
245
300
220
299
245
300
219
299
245
300
221
299
244
300
220
299
244
300
219
299
244
300
221
299
247
147
213
145
247
147
211
147
247
147
211
146
249
146
213
145
249
146
211
147
249
146
211
146
249
146
215
144
245
152
212
149
245
150
210
149
245
150
212
148
245
150
212
149
249
248
215
247
249
248
214
247
248
247
213
246
248
247
214
246
249
247
213
246
249
247
214
246
248
268
208
269
248
268
206
269
248
268
219
268
246
277
203
276
246
277
209
278
246
277
211
277
246
277
216
277
249
280
197
278
249
280
203
279
249
280
202
279
249
280
204
280
249
280
205
280
249
280
209
278
249
280
210
279
249
280
212
279
249
280
208
280
249
280
209
280
249
280
212
280
249
280
213
280
248
279
209
278
248
279
211
277
248
279
210
279
248
279
212
279
248
279
212
280
248
279
213
280
248
280
197
278
248
280
200
279
248
280
199
279
248
280
203
279
248
280
202
279
248
280
204
280
248
280
205
280
248
280
209
278
248
280
210
279
248
280
212
279
248
280
208
280
248
280
209
280
248
280
212
280
248
280
213
280
246
291
208
291
246
291
212
291
246
291
215
291
246
291
218
291
246
291
223
291
247
292
205
292
247
292
206
292
247
292
211
292
247
292
216
293
247
292
220
292
247
294
201
294
247
294
198
294
247
294
200
294
247
294
208
294
247
294
218
294
247
294
220
294
248
300
220
299
248
300
219
299
248
300
221
299
251
142
215
141
253
143
217
143
253
143
216
143
253
143
221
141
253
143
223
140
252
144
213
145
252
144
217
143
252
144
221
141
248
157
216
157
249
157
216
157
253
176
221
175
253
176
219
175
252
177
221
175
252
177
219
175
252
177
216
176
252
177
217
176
251
178
216
176
251
178
217
176
251
178
217
177
252
180
220
178
249
179
216
176
249
179
217
176
249
179
217
177
253
178
221
175
253
178
219
175
253
178
216
176
253
178
217
176
253
178
217
177
253
178
222
176
253
178
223
176
250
180
217
177
250
180
220
178
251
245
215
244
250
248
215
247
250
248
214
247
252
248
213
246
252
248
215
247
252
248
217
247
252
248
214
247
252
248
218
247
253
248
215
247
253
248
217
247
253
248
218
247
250
268
219
268
250
268
222
268
253
277
216
277
253
277
225
276
253
277
226
277
252
280
209
278
252
280
210
279
252
280
212
279
252
280
212
280
252
280
213
280
251
280
197
278
251
280
209
278
251
280
210
279
251
280
212
279
251
280
209
280
251
280
212
280
251
280
213
280
253
280
212
279
253
280
213
280
252
279
212
279
252
279
216
277
253
278
216
277
253
278
225
276
253
278
226
277
253
279
216
277
253
292
211
292
253
292
220
292
253
292
226
292
251
293
202
293
251
293
207
293
251
293
216
293
253
290
219
290
253
290
227
290
250
291
208
291
250
291
212
291
250
291
215
291
250
291
218
291
250
291
223
291
250
294
201
294
250
294
198
294
250
294
200
294
250
294
208
294
250
294
218
294
250
294
220
294
253
296
213
296
253
296
220
296
253
296
223
296
252
297
200
297
252
297
202
297
252
297
213
296
252
297
213
297
252
297
216
297
252
297
220
297
252
297
223
296
252
297
222
297
255
142
217
143
255
142
221
141
255
142
223
140
256
142
221
141
256
142
223
140
254
143
217
143
254
143
221
141
254
143
223
140
256
151
226
149
254
167
219
164
254
167
221
165
254
167
220
164
254
167
218
164
254
167
223
165
254
167
224
165
254
167
222
165
254
167
224
164
254
167
222
164
257
166
221
165
257
166
223
165
257
166
224
165
257
166
222
165
257
166
224
164
257
166
222
164
257
166
226
165
255
166
219
164
255
166
221
165
255
166
220
164
255
166
223
165
255
166
224
165
255
166
222
165
255
166
224
164
255
166
222
164
255
167
219
164
255
167
221
165
255
167
220
164
255
167
223
165
255
167
224
165
255
167
222
165
255
167
224
164
255
167
222
164
255
167
226
165
257
167
221
165
257
167
223
165
257
167
224
165
257
167
222
165
257
167
224
164
257
167
222
164
257
167
226
165
255
176
221
175
255
176
219
175
255
176
224
175
255
176
222
175
255
176
223
175
256
176
221
175
256
176
219
175
256
176
224
175
256
176
222
175
256
176
223
175
254
177
221
175
254
177
219
175
254
177
217
176
254
177
222
176
254
177
222
175
254
177
223
175
254
177
223
176
257
179
223
178
257
179
226
176
254
180
223
178
254
180
220
178
254
179
222
176
254
179
220
178
255
180
223
178
255
180
220
178
255
179
222
176
255
179
223
176
255
179
220
178
254
245
215
244
254
245
219
244
254
245
218
244
254
268
222
268
255
274
218
274
256
278
216
277
256
278
225
276
256
278
226
277
255
279
216
277
255
279
226
277
254
280
212
279
257
292
220
292
257
292
226
292
256
293
216
293
256
293
228
293
255
294
218
294
255
294
220
294
255
294
226
294
257
294
218
294
257
294
220
294
257
294
228
293
257
294
226
294
256
297
216
297
256
297
220
296
256
297
220
297
256
297
223
296
256
297
222
297
256
297
227
297
256
299
220
299
256
299
219
299
256
299
221
299
254
298
217
298
254
298
214
298
254
298
220
297
254
298
218
298
254
298
222
297
254
298
227
297
256
300
220
299
256
300
219
299
256
300
221
299
254
299
217
298
254
299
220
299
254
299
219
299
254
299
218
298
254
299
221
299
259
140
226
138
260
140
226
138
258
141
223
140
258
141
226
138
260
150
226
149
258
168
223
165
258
168
224
165
258
168
222
165
258
168
226
165
261
167
226
165
260
166
226
165
258
177
224
175
258
177
226
176
258
178
226
176
259
246
219
244
259
246
218
244
261
292
226
292
258
291
218
291
258
291
223
291
258
289
219
289
261
294
228
293
261
294
226
294
261
294
230
294
261
294
232
294
259
296
220
296
259
296
223
296
259
296
223
295
259
299
220
299
259
299
219
299
259
299
221
299
258
298
217
298
258
298
218
298
258
298
222
297
258
298
227
297
258
298
229
297
259
298
222
297
259
298
227
297
259
298
229
297
262
291
227
290
262
291
232
291
262
291
234
291
263
290
227
290
263
290
233
290
262
293
226
292
262
293
228
293
264
296
230
296
264
296
233
296
264
296
232
296
263
296
230
296
263
296
233
296
263
296
232
296
265
297
227
297
265
297
229
297
265
297
230
296
265
297
233
296
265
297
232
296
264
298
229
297
262
298
227
297
262
298
229
297
267
289
235
288
267
289
234
288
268
292
232
291
268
292
234
291
268
292
235
291
268
292
238
291
268
292
238
292
268
292
240
292
268
290
233
290
268
290
238
290
268
289
235
288
268
289
234
288
268
293
235
293
269
294
232
294
269
294
235
293
267
297
229
297
267
297
230
296
267
297
233
296
267
297
232
296
267
296
230
296
267
296
233
296
267
296
232
296
269
296
233
296
269
296
232
296
267
295
230
294
267
295
232
294
273
268
244
269
270
279
239
278
270
279
240
278
270
279
236
278
270
279
240
279
270
279
241
279
270
279
237
279
268
280
236
278
268
280
240
279
268
280
241
279
268
280
237
280
268
280
237
279
268
280
238
280
269
280
239
278
269
280
236
278
269
280
240
279
269
280
241
279
269
280
237
280
269
280
237
279
269
280
238
280
273
281
241
281
273
281
237
280
273
281
237
279
273
281
238
280
273
289
235
288
273
289
234
288
273
289
241
288
273
289
245
289
272
291
238
291
272
291
238
290
272
291
239
291
272
293
235
293
272
293
238
292
272
293
240
292
270
288
235
288
270
288
234
288
270
288
241
288
270
292
234
291
270
292
235
291
270
292
238
291
270
292
239
291
270
292
238
292
270
292
240
292
270
291
232
291
270
291
233
290
270
291
234
291
270
291
235
291
270
291
238
291
270
291
238
290
270
291
239
291
270
293
235
293
270
293
238
292
270
296
233
296
271
296
233
296
273
294
235
293
270
297
233
296
270
294
232
294
270
294
235
293
275
268
244
269
276
276
241
277
276
276
244
276
277
280
239
278
277
280
240
278
277
280
240
279
277
280
241
279
277
279
241
277
277
279
240
278
277
279
240
279
277
279
241
279
275
280
239
278
275
280
240
278
275
280
240
279
275
280
241
279
275
280
237
279
275
280
238
280
274
280
239
278
274
280
240
278
274
280
236
278
274
280
240
279
274
280
241
279
274
280
237
280
274
280
237
279
274
280
238
280
276
280
239
278
276
280
240
278
276
280
240
279
276
280
241
279
275
289
241
288
275
289
245
289
274
291
238
290
278
269
244
269
279
269
244
269
279
277
244
276
280
277
244
276
281
277
244
276
278
280
241
279
278
281
241
279
280
290
245
289
279
290
245
289
284
291
254
290
287
290
253
289
287
290
256
289
290
290
256
289
295
289
258
287
369
149
334
147
373
148
339
146
373
147
339
146
369
146
334
145
374
147
339
146
411
180
377
177
410
179
377
177
417
160
383
158
417
162
385
161
418
162
385
161
433
156
399
154
430
157
396
156
505
201
466
200
502
202
465
202
521
202
483
201
522
202
483
201
524
202
485
201
529
203
491
202
538
161
502
158
536
184
502
183
536
185
502
184
536
185
503
184
