Test1000_rot.jpg
Test1001_rot.jpg
125
191
129
124
125
191
134
117
122
192
129
118
122
192
130
117
125
196
131
125
124
197
129
124
123
197
129
124
124
195
129
124
124
195
134
117
122
199
129
124
122
202
129
124
128
181
137
112
126
182
137
110
126
183
137
110
129
184
138
115
126
187
134
117
127
196
132
127
127
201
132
127
127
201
136
123
126
202
132
127
127
203
132
127
126
208
130
133
126
207
132
127
128
207
130
133
127
216
127
139
129
218
128
144
129
218
127
145
129
220
127
145
132
188
141
117
130
190
137
121
130
190
136
123
130
190
140
116
130
192
137
121
130
192
136
123
130
193
137
121
130
193
136
123
130
194
137
121
130
194
136
123
133
205
136
133
133
205
135
134
131
210
132
137
131
210
131
140
132
213
131
140
132
212
131
140
131
211
132
137
131
211
132
139
131
211
131
140
132
214
131
140
132
219
129
146
132
219
131
147
132
220
129
146
132
220
129
148
130
224
127
152
132
225
128
148
132
225
127
152
132
225
128
152
132
225
128
153
132
224
128
148
132
224
129
146
132
224
129
148
132
224
128
152
133
222
129
146
133
222
129
148
133
222
130
150
130
227
127
152
130
227
128
152
133
229
128
153
133
229
127
155
133
229
130
155
133
228
127
152
133
228
128
152
133
228
128
153
133
228
127
155
133
228
130
155
133
226
127
152
133
226
128
152
133
226
128
153
133
226
130
154
130
231
123
155
130
231
123
156
130
231
124
157
130
231
122
158
130
231
127
155
131
231
124
157
131
231
127
155
133
236
124
160
133
236
125
164
133
236
127
160
131
235
124
160
131
235
125
164
131
235
127
160
135
169
149
102
134
178
145
110
134
178
144
111
137
188
145
121
137
188
146
119
134
193
141
124
135
195
144
122
137
198
141
131
135
201
140
130
137
201
141
131
135
203
140
130
136
202
140
132
136
202
139
133
135
204
140
130
135
204
139
133
135
204
138
134
135
205
140
130
135
205
139
133
135
205
138
134
137
206
141
133
137
206
139
135
136
207
139
133
136
207
139
134
136
207
139
135
136
213
135
145
135
213
135
145
135
218
132
146
135
219
132
146
137
219
137
153
137
219
136
152
137
222
132
146
137
222
135
152
136
222
132
146
136
222
131
147
135
222
131
147
135
223
131
147
135
223
130
150
134
225
129
148
134
225
130
150
134
225
130
154
136
227
130
154
136
227
130
155
134
229
128
153
134
229
127
155
134
229
129
159
134
229
130
154
134
229
130
155
134
229
131
157
134
232
127
160
134
232
129
159
134
232
129
161
136
230
129
159
136
230
130
154
136
230
130
155
136
230
131
157
136
232
129
159
136
232
129
161
134
233
127
160
134
233
129
159
134
233
129
161
136
237
129
161
136
234
127
160
136
234
129
159
136
234
129
161
135
237
127
160
135
237
129
161
136
236
127
160
136
236
129
161
137
235
129
161
134
237
125
164
134
237
127
160
134
237
129
161
134
236
125
164
134
236
127
160
134
236
129
161
135
236
127
160
135
236
129
161
137
237
129
161
140
161
160
94
140
160
159
94
141
197
147
128
138
201
142
131
138
203
141
133
140
209
141
140
140
209
140
140
138
209
138
141
138
209
140
138
138
209
139
139
138
209
138
140
141
206
143
138
139
211
140
138
139
211
141
140
139
211
140
140
139
211
139
139
139
211
139
145
139
210
140
138
139
210
141
140
139
210
140
140
138
211
138
141
138
211
139
139
138
211
138
140
138
212
138
141
141
212
139
145
141
212
140
145
141
212
141
146
139
213
138
141
139
213
139
145
141
226
135
152
139
224
135
152
140
224
135
152
140
224
136
152
141
225
135
152
139
231
131
157
139
231
132
161
139
231
133
161
139
233
131
157
139
233
132
161
139
233
133
161
140
233
132
161
140
233
133
161
141
233
132
161
141
233
133
161
139
235
132
161
141
235
132
161
141
235
133
161
141
234
132
161
141
234
133
161
138
236
129
161
138
234
129
159
138
234
129
161
138
234
132
161
144
193
152
124
143
193
149
126
143
193
150
125
144
192
152
124
145
212
144
146
145
212
144
147
145
212
145
147
145
212
145
146
145
212
145
149
145
213
144
146
145
213
143
148
145
213
144
147
145
213
145
147
145
213
145
146
145
213
145
149
144
208
145
140
143
208
144
140
142
215
139
145
142
215
140
145
142
215
141
146
143
216
140
145
143
216
141
146
140
216
139
145
142
216
139
145
142
216
140
145
142
216
141
146
140
215
139
145
140
215
140
145
143
217
141
146
147
184
157
119
148
185
157
119
148
185
157
120
148
185
158
119
148
185
159
118
149
185
159
119
149
185
158
121
149
187
157
123
149
187
158
121
149
187
158
122
147
186
157
119
147
186
157
120
148
189
157
123
148
189
156
124
148
186
157
120
148
186
158
119
148
187
157
120
149
188
157
123
149
188
156
124
149
188
158
122
149
188
158
123
147
187
157
120
147
187
155
122
146
190
153
125
146
190
155
123
146
190
154
124
146
190
155
122
146
190
154
123
147
192
153
127
147
192
156
124
147
192
154
125
147
193
153
127
146
192
153
125
146
192
153
127
146
192
154
124
146
192
154
125
147
190
155
123
147
190
154
124
147
190
154
125
147
191
153
127
147
191
155
123
147
191
156
124
147
191
154
125
146
217
143
148
146
217
143
149
146
217
144
151
149
219
145
151
146
216
143
148
146
216
143
149
146
216
145
149
146
216
145
151
146
216
144
151
147
218
143
149
147
218
145
151
147
218
144
151
147
216
145
149
147
216
145
151
147
216
144
151
145
221
141
153
152
175
165
112
152
175
164
113
152
176
164
113
152
176
164
114
151
176
164
113
153
174
165
112
153
174
164
113
153
174
164
114
153
176
165
114
153
176
164
114
152
177
164
114
153
177
164
116
153
177
165
114
153
177
165
115
152
180
163
117
153
179
164
116
153
179
163
117
151
179
160
117
150
181
160
117
150
181
159
118
152
184
161
121
152
186
161
121
152
186
161
122
152
186
161
123
153
187
161
123
151
186
161
121
151
186
159
123
151
188
159
123
151
188
159
124
153
186
161
122
153
186
161
123
152
188
161
122
152
188
161
123
150
248
135
178
150
248
136
180
150
248
136
179
152
247
136
174
151
245
136
173
151
245
137
173
151
245
136
174
151
245
137
175
151
245
139
179
151
245
139
178
152
246
137
173
152
246
139
179
157
168
173
107
157
169
171
109
157
169
173
108
157
169
170
110
156
168
170
108
156
168
173
106
156
168
172
107
156
168
171
107
157
166
173
106
157
166
172
107
157
166
171
107
157
170
173
108
157
172
170
112
157
173
167
115
157
173
170
112
157
173
170
113
157
171
170
111
156
170
173
107
156
170
171
109
156
170
170
110
155
171
165
112
154
176
164
116
154
176
165
114
154
176
165
115
154
175
165
114
154
175
164
114
154
175
165
115
157
174
167
115
157
174
170
113
156
244
144
178
156
244
144
179
156
244
146
179
156
244
149
180
155
245
141
178
154
245
141
178
159
148
181
90
160
165
173
108
160
164
173
108
160
164
175
106
159
165
173
107
159
165
175
106
161
163
175
106
161
163
178
104
158
166
173
107
158
166
172
107
158
166
175
105
160
168
173
110
160
168
174
109
159
169
173
110
159
169
174
109
159
167
173
108
156
186
164
124
159
193
164
133
158
242
145
176
158
242
146
177
158
242
148
178
158
242
149
179
158
245
144
178
158
245
144
179
158
245
146
179
158
245
149
180
158
245
152
180
160
244
146
177
160
244
148
178
160
244
146
179
160
244
149
179
160
244
149
180
160
244
152
180
156
240
145
176
156
240
146
177
156
240
147
174
156
240
150
176
161
242
148
178
161
242
149
179
161
242
150
176
161
242
154
176
160
243
146
177
160
243
148
178
160
243
149
179
157
242
146
177
157
242
148
178
157
242
146
179
157
242
149
179
161
244
146
177
161
244
148
178
161
244
146
179
161
244
149
179
161
244
149
180
161
244
152
180
158
240
147
173
158
240
147
174
158
240
150
176
158
240
150
174
158
249
145
182
158
249
146
183
158
250
142
184
158
250
143
185
158
250
147
186
159
250
142
184
159
250
143
185
159
250
147
186
163
158
180
102
165
159
185
101
165
159
183
102
165
159
182
103
165
159
186
100
163
161
181
103
163
163
177
107
163
163
183
102
163
163
182
103
162
164
176
107
162
164
177
107
162
162
181
103
162
162
178
104
165
164
185
104
162
177
172
118
160
181
170
120
161
180
171
121
162
186
170
127
162
193
167
133
162
193
168
132
162
195
167
133
162
195
168
132
162
195
168
135
162
196
167
133
162
196
168
135
164
197
168
135
165
198
169
139
165
198
171
138
163
201
166
138
163
201
167
139
163
201
166
139
165
200
168
139
165
200
169
139
160
199
164
135
162
200
166
138
162
200
166
139
165
201
168
139
165
201
167
141
165
201
168
142
162
244
148
178
162
244
149
179
162
244
149
180
162
244
152
180
163
242
148
178
163
242
150
176
163
242
156
177
163
242
154
176
163
243
148
178
163
243
149
179
163
243
149
180
163
243
152
180
162
240
152
175
162
240
150
176
162
240
153
174
162
240
150
174
162
240
154
176
163
244
149
179
163
244
149
180
163
244
152
180
163
244
153
181
164
244
149
180
164
244
152
180
164
244
153
181
161
247
145
182
167
146
189
91
168
152
188
97
168
152
193
93
167
161
185
104
167
161
187
102
167
161
190
99
166
158
185
101
166
158
183
102
166
158
182
103
166
158
186
100
169
176
184
117
169
180
179
123
166
192
176
131
169
197
173
139
166
198
171
138
166
198
171
140
166
199
169
139
166
199
171
138
166
199
171
140
167
201
170
143
167
243
157
179
166
243
152
180
170
147
188
97
172
151
185
104
172
151
187
102
172
151
192
97
172
151
193
96
172
151
190
99
172
151
196
95
170
152
189
99
171
152
189
99
171
152
187
102
171
152
192
97
171
152
193
96
171
152
190
99
170
157
192
99
173
172
185
117
173
172
185
118
173
172
184
118
172
171
184
117
173
170
184
117
169
168
183
112
172
172
185
117
172
172
184
117
173
177
184
123
173
177
182
122
170
177
179
123
170
177
184
118
172
174
185
117
172
174
185
118
172
174
184
118
170
178
179
123
172
179
182
122
171
184
180
129
171
184
178
127
170
188
177
130
170
188
176
131
170
188
180
129
170
188
179
130
170
188
180
130
170
188
178
132
172
186
180
129
172
186
179
130
172
186
180
130
172
188
179
130
172
188
180
130
172
188
178
132
171
193
176
134
171
193
178
136
171
191
176
134
171
191
178
132
173
201
174
144
172
201
174
144
172
244
157
182
173
245
157
184
177
121
205
74
177
121
206
73
177
121
207
73
176
124
207
73
176
124
207
74
174
125
206
73
174
125
207
72
177
126
205
77
177
126
203
79
174
127
207
73
177
131
202
82
177
131
207
79
177
138
199
89
177
138
203
87
177
138
202
87
177
144
196
95
177
144
200
92
177
144
201
92
177
144
199
93
175
146
192
99
175
146
196
95
175
146
200
92
175
146
199
93
177
149
193
102
177
149
201
95
175
162
191
108
175
162
195
106
174
178
184
123
175
178
184
123
174
183
180
129
174
183
182
128
174
209
173
152
173
207
173
150
176
209
175
153
174
208
173
151
176
208
174
152
177
209
175
153
180
113
216
64
179
114
210
68
178
122
205
76
178
122
207
74
179
141
200
92
179
141
201
92
179
141
199
93
179
141
204
90
179
141
203
90
179
157
195
106
179
157
196
106
179
157
198
104
181
158
195
109
181
158
197
109
181
157
195
109
178
157
191
108
178
157
195
106
178
157
196
106
178
157
200
101
178
157
198
104
176
159
191
108
176
159
193
106
176
159
191
107
176
159
195
106
179
159
195
109
179
160
195
109
181
160
197
109
180
200
181
146
181
205
180
151
180
206
180
151
180
211
177
156
178
241
165
182
180
241
169
183
180
241
167
184
180
241
166
183
180
241
166
185
180
241
168
182
180
240
165
182
180
240
166
183
180
240
168
182
180
240
170
181
178
240
165
182
179
243
167
184
179
243
166
185
185
126
214
79
183
132
208
85
183
132
208
86
183
132
211
83
182
134
208
85
182
134
208
86
182
134
211
83
184
158
203
106
183
205
180
151
183
205
183
151
183
205
189
149
183
205
188
150
184
204
180
151
184
204
183
151
184
204
189
149
184
204
188
150
184
207
187
152
184
206
187
152
182
240
169
183
182
240
169
184
182
240
167
184
182
240
166
185
182
240
168
185
182
240
170
182
182
240
172
182
182
240
170
184
183
238
169
183
183
238
168
182
183
238
170
182
183
238
172
181
183
238
170
181
184
237
169
183
184
237
168
182
184
237
170
182
184
237
172
181
184
237
170
181
184
237
172
182
181
239
166
183
181
239
168
182
181
239
170
182
181
239
170
181
185
236
170
182
185
236
172
181
185
236
170
181
185
236
175
180
183
240
169
183
183
240
169
185
183
240
169
184
183
240
167
184
183
240
166
185
183
240
168
185
183
240
170
182
183
240
172
182
183
240
170
184
183
240
171
185
182
236
168
180
182
236
170
180
182
236
172
179
188
104
223
61
186
107
223
61
187
107
223
62
188
116
220
71
188
116
219
72
188
116
218
73
187
116
220
71
189
120
221
75
188
119
220
74
185
154
203
106
189
156
206
108
188
201
188
150
187
204
187
152
188
202
188
150
186
208
181
156
186
208
186
154
186
236
170
182
186
236
172
181
186
236
172
182
186
236
175
180
185
235
170
180
185
235
172
181
185
235
170
181
185
235
172
179
185
235
175
179
187
233
172
179
187
233
176
179
187
233
175
179
187
233
176
178
189
234
177
180
189
234
175
180
189
234
179
180
189
234
178
181
189
234
178
180
187
232
172
179
187
232
175
179
187
232
176
178
186
235
170
182
186
235
172
181
186
235
170
181
186
235
176
179
186
235
175
179
186
235
175
180
184
234
172
179
192
103
230
60
193
103
228
62
193
103
230
60
190
104
225
62
190
105
225
62
191
105
228
62
191
105
230
60
192
108
229
64
192
108
227
65
190
111
222
69
190
117
220
74
191
119
220
77
191
119
221
76
191
119
223
74
191
120
220
77
191
120
221
76
192
121
222
77
192
139
216
93
193
137
216
93
189
142
212
96
190
142
212
96
188
146
208
100
188
146
208
99
188
146
209
99
193
157
211
110
192
168
207
120
192
171
203
124
193
181
201
133
193
181
200
134
193
180
201
133
193
185
198
137
193
185
199
136
193
182
201
133
193
182
200
134
190
189
195
140
190
189
196
139
192
187
192
139
192
187
196
139
190
190
193
141
190
190
195
140
190
225
179
174
190
225
177
173
190
225
179
173
192
225
179
174
192
225
184
174
192
225
185
174
188
227
179
174
188
227
177
173
188
227
179
173
189
226
179
174
189
226
177
173
189
226
179
173
191
227
179
175
191
227
184
174
191
227
185
174
191
227
185
175
193
227
183
176
193
227
185
176
193
227
185
175
193
227
187
175
193
227
186
176
192
228
183
177
192
228
183
176
192
228
185
176
192
228
185
175
192
228
184
177
192
228
185
177
192
228
186
176
193
231
177
180
193
231
179
180
193
231
181
180
193
231
178
180
193
231
183
180
193
231
184
179
193
231
185
178
193
231
186
179
191
230
175
179
191
230
176
178
191
230
183
177
191
230
185
176
191
230
184
177
191
230
185
177
191
230
186
176
192
232
177
180
192
232
179
180
192
232
178
181
192
232
181
180
192
232
178
180
192
232
179
181
192
232
183
180
191
234
175
182
191
234
178
181
191
234
179
181
196
89
236
50
195
99
230
60
197
101
235
60
196
104
231
64
196
102
231
63
196
102
235
60
196
109
233
66
195
112
228
70
195
112
231
68
195
112
230
69
194
110
229
67
196
111
230
69
194
115
226
72
192
135
216
91
193
132
218
89
193
134
219
89
196
132
221
90
194
135
218
91
194
135
219
91
197
173
206
128
197
173
210
126
195
176
205
129
195
176
202
130
195
176
203
130
195
176
208
129
195
176
206
128
194
178
202
130
194
178
203
130
196
225
187
175
197
226
186
176
197
226
186
177
194
228
183
177
194
228
183
176
194
228
185
176
194
228
184
177
194
228
185
177
194
228
186
176
194
228
186
177
194
228
185
178
196
228
185
177
196
228
186
177
196
228
185
178
195
228
183
177
195
228
185
176
195
228
184
177
195
228
185
177
195
228
186
176
195
228
186
177
195
228
185
178
196
227
185
176
196
227
184
177
196
227
185
177
196
227
186
176
196
227
186
177
196
226
185
176
196
226
187
175
196
226
186
176
200
84
245
45
200
84
243
46
201
82
246
44
199
94
238
55
200
101
237
62
201
101
238
62
199
105
233
66
198
124
226
83
200
171
210
126
198
175
205
129
198
175
203
130
198
175
208
129
204
85
248
48
203
84
246
47
205
90
244
54
205
90
246
53
202
94
240
57
205
97
245
59
202
97
241
58
203
95
243
57
202
100
238
62
204
98
242
60
204
98
243
60
207
80
251
45
209
78
254
44
208
87
250
51
208
86
250
51
208
86
251
50
208
93
248
57
206
96
245
59
206
96
244
59
206
96
246
58
206
96
247
58
207
95
245
59
207
95
248
57
207
95
246
59
207
95
246
58
207
95
247
58
208
94
248
57
208
94
249
57
208
94
247
58
211
76
254
44
211
77
255
44
211
77
257
43
210
78
255
44
212
79
256
46
217
73
261
43
217
75
260
45
215
78
260
45
214
84
257
51
215
82
257
51
212
88
251
56
213
89
254
55
214
86
257
52
219
69
270
37
220
69
263
42
225
61
270
37
224
62
269
37
222
68
268
40
222
68
266
41
222
68
272
38
223
67
268
40
223
67
266
41
223
67
272
38
223
67
271
39
224
73
270
45
224
76
269
47
224
76
266
49
224
76
267
49
224
76
271
46
223
77
269
47
223
77
266
49
224
75
269
47
224
77
269
48
224
77
267
49
229
57
282
31
228
61
272
38
228
61
278
35
227
60
277
34
227
60
281
32
227
60
282
32
229
58
277
34
229
58
281
32
229
58
282
32
229
59
280
33
229
59
278
34
229
59
284
32
226
63
272
38
226
63
278
35
229
65
273
41
229
68
272
44
229
68
273
44
229
68
270
45
229
68
279
41
229
68
282
39
227
69
274
42
229
71
272
47
229
71
273
46
229
71
271
47
229
71
277
44
229
71
275
45
226
71
272
44
226
71
270
45
227
71
272
44
227
71
273
44
227
71
270
45
232
53
283
30
233
53
283
30
233
53
285
30
233
53
282
31
233
53
286
29
233
55
282
32
233
55
284
32
233
55
288
30
231
57
280
33
231
57
278
34
231
57
282
32
231
57
284
32
233
60
272
41
232
63
286
36
232
67
273
45
232
67
281
41
232
67
278
43
232
67
279
42
232
68
273
46
232
68
277
44
232
68
275
45
230
66
274
42
230
66
284
38
230
66
282
39
233
66
273
45
233
66
278
43
233
66
279
42
231
68
273
45
231
68
281
41
231
68
278
43
231
68
279
42
237
49
286
29
237
49
291
27
237
49
290
27
235
53
284
32
235
53
288
30
235
53
290
29
235
50
290
27
234
52
285
30
234
52
282
31
234
52
286
29
237
51
288
30
237
51
292
28
237
51
290
29
234
54
280
33
234
54
278
34
234
54
282
32
234
54
284
32
234
54
288
30
237
60
279
41
237
60
284
39
237
60
285
38
237
60
287
37
237
60
286
38
236
61
279
41
236
61
284
39
236
61
282
39
236
61
285
38
236
61
287
37
236
61
286
38
234
63
279
41
234
63
284
39
234
63
282
39
234
63
285
38
234
63
286
38
235
64
278
43
235
63
280
41
235
63
281
41
235
63
279
42
235
63
284
39
235
63
282
40
236
62
280
41
236
62
281
41
236
62
279
42
236
62
284
39
236
62
282
40
234
84
274
59
238
47
290
27
241
49
295
28
241
49
294
29
238
50
288
30
238
50
292
28
238
50
290
29
241
51
293
31
241
51
294
31
241
51
295
30
240
52
293
31
240
52
294
31
240
52
295
30
240
52
296
30
239
50
292
29
239
50
295
28
241
53
293
33
241
53
293
32
241
53
294
32
239
55
294
32
241
55
288
36
238
57
288
35
238
57
286
36
238
57
289
35
241
54
288
35
241
54
286
36
241
54
289
35
241
54
293
33
240
56
288
36
240
55
288
35
240
55
286
36
240
55
289
35
240
55
293
33
239
57
284
38
239
57
288
36
244
45
292
29
244
45
295
28
244
46
295
28
244
46
294
29
243
48
294
29
244
48
293
31
244
48
295
30
244
48
296
30
245
48
294
31
245
48
296
30
245
48
295
31
245
48
297
30
244
49
294
31
244
49
296
30
244
49
295
31
244
49
297
30
242
50
293
31
242
50
294
31
242
50
295
30
242
50
296
30
243
50
294
31
243
50
296
30
243
50
295
31
243
50
297
30
242
51
293
32
242
51
294
31
242
51
295
31
243
51
293
32
243
51
294
32
243
51
296
31
244
53
297
33
246
43
295
28
246
44
295
28
246
44
294
29
249
44
303
27
249
44
304
27
246
47
296
30
246
47
295
31
246
47
297
30
247
46
297
30
247
46
303
27
248
47
303
29
246
48
296
31
253
40
303
27
253
40
304
27
253
41
304
27
252
43
305
28
252
43
303
29
251
45
303
29
255
38
303
27
255
39
304
27
272
182
275
164
272
187
271
168
273
194
275
177
274
183
275
165
274
189
276
172
277
189
276
172
280
195
278
179
285
182
284
168
285
182
285
168
285
186
286
172
289
185
287
172
286
185
285
171
286
185
287
172
286
185
286
172
288
185
287
172
288
185
286
172
286
190
281
176
288
193
285
180
292
188
289
176
292
188
290
177
293
186
291
175
295
184
294
174
296
184
294
174
299
181
298
172
300
179
300
171
299
180
299
172
305
175
306
169
326
177
325
180
326
178
325
180
328
183
324
185
326
186
322
187
329
188
324
191
329
188
325
191
328
186
323
188
328
232
307
232
333
192
327
197
333
191
326
195
331
197
322
200
333
195
325
199
330
197
322
200
333
221
317
226
333
228
313
230
331
230
309
229
333
232
309
229
333
233
311
234
335
197
326
201
334
196
325
199
334
196
326
201
336
201
325
204
336
201
325
205
336
201
325
206
335
198
326
203
335
199
325
204
337
204
325
208
337
203
325
206
336
202
325
206
337
207
324
211
337
207
325
213
339
209
325
213
339
210
325
215
339
210
325
216
338
209
325
215
338
209
325
216
339
208
325
213
339
212
324
216
339
212
325
218
338
217
323
223
339
216
323
221
341
216
325
222
338
220
320
224
340
219
322
223
340
218
323
223
340
220
322
224
341
225
321
229
339
233
317
237
341
240
317
245
343
231
319
234
343
234
319
238
343
234
320
239
345
239
320
244
345
239
321
248
349
212
333
220
345
213
330
221
347
213
331
221
346
233
322
238
348
232
325
239
346
235
321
240
348
235
324
242
347
236
324
245
349
240
325
250
349
240
326
250
349
240
327
251
349
240
327
252
349
238
324
245
349
238
325
247
349
238
325
246
349
239
325
247
349
243
321
248
347
242
321
248
347
242
319
246
351
211
336
221
350
213
334
222
352
212
336
221
351
214
334
222
348
214
331
221
348
214
332
222
350
241
325
250
350
241
327
251
350
241
327
252
350
241
330
254
351
239
324
245
351
239
325
247
351
239
325
246
351
239
333
253
351
239
330
251
351
239
332
252
352
240
325
247
352
240
325
246
352
240
328
251
352
240
330
251
350
239
324
245
350
239
325
247
350
239
325
246
353
243
325
250
353
243
326
250
353
243
327
251
353
243
327
252
353
243
330
254
352
242
325
250
352
242
327
251
352
242
328
251
352
242
327
252
352
242
330
253
352
242
330
254
356
234
332
244
355
237
334
249
355
240
328
248
355
240
333
253
355
240
330
251
355
240
332
252
355
242
328
251
355
242
330
253
355
242
330
251
355
243
326
250
355
243
327
251
355
243
328
251
355
243
327
252
355
243
330
253
355
243
330
254
356
242
328
251
356
242
330
253
356
242
330
251
356
244
325
250
356
244
326
250
356
244
327
251
356
244
327
252
356
244
330
253
356
244
330
254
357
242
333
253
357
242
330
251
357
242
332
252
356
243
327
251
356
243
328
251
356
243
330
253
356
243
330
254
355
244
325
250
355
244
327
251
355
244
327
252
355
244
330
254
354
242
328
251
354
242
330
253
357
252
326
260
359
237
336
249
361
239
333
248
361
239
334
249
361
239
335
251
358
245
327
251
358
245
327
252
358
245
330
254
361
245
330
253
361
245
336
258
358
242
333
253
358
242
330
251
358
242
332
252
363
237
338
250
363
237
341
251
363
237
339
250
364
236
338
248
365
241
339
253
365
241
339
255
364
238
338
250
364
238
339
250
362
240
335
251
363
238
338
250
364
244
333
253
364
244
336
255
364
244
337
256
365
242
337
254
365
242
339
255
362
248
334
260
362
246
330
254
362
246
336
258
362
246
337
259
363
246
336
258
363
246
337
259
362
255
331
265
368
240
339
252
368
240
340
253
368
240
341
254
368
241
339
253
368
241
341
254
369
236
343
250
369
236
344
250
368
239
342
253
367
237
343
251
367
243
337
254
367
243
339
255
369
243
337
254
369
243
339
255
367
242
341
256
367
242
339
255
366
243
337
254
366
243
340
257
366
244
336
255
366
244
337
256
370
244
340
257
371
244
340
257
375
257
337
269
375
257
338
269
375
257
340
270
375
257
340
271
378
256
345
272
378
256
342
270
384
216
364
237
384
215
365
236
382
255
346
271
382
255
347
272
382
255
350
274
383
257
349
275
383
257
348
274
383
257
352
276
383
257
352
277
383
257
353
277
383
257
355
278
385
256
350
274
385
256
352
275
383
255
350
274
385
259
352
279
385
259
354
279
385
258
349
275
385
258
348
274
385
258
352
277
385
258
353
277
385
258
354
279
385
258
355
279
388
34
436
69
388
34
436
70
389
35
436
69
389
35
436
70
389
47
432
83
389
47
432
82
387
176
382
201
386
184
378
208
388
213
368
236
387
213
368
235
389
210
370
234
388
212
369
235
387
214
368
236
387
255
353
274
387
255
352
275
386
255
353
274
386
255
352
275
386
256
350
274
386
256
352
275
386
256
352
276
386
256
357
277
387
256
352
275
387
256
352
276
387
256
357
277
388
259
349
275
388
259
352
277
388
259
354
279
388
259
355
279
386
260
352
280
386
260
352
279
386
260
351
279
386
258
349
275
386
258
348
274
386
258
352
277
386
258
353
277
386
258
354
279
386
258
355
279
386
258
355
278
387
260
352
280
387
260
352
279
387
260
351
279
392
38
438
73
391
44
435
80
392
49
434
86
393
49
435
86
390
49
432
83
393
155
395
184
392
204
376
229
392
205
377
229
392
205
375
230
393
204
377
229
393
204
378
229
393
204
379
228
393
203
377
229
391
208
374
232
391
207
374
231
391
207
375
231
392
206
375
231
390
208
372
232
393
206
375
232
393
206
376
231
391
206
375
230
392
212
372
237
391
213
372
237
390
210
371
234
392
249
358
270
390
260
352
279
390
260
354
279
390
260
357
281
393
259
352
277
393
259
354
279
393
259
355
279
391
258
352
276
391
258
352
277
391
258
353
277
391
258
354
279
391
258
355
279
391
258
355
278
390
259
352
277
390
259
353
277
390
259
354
279
390
259
355
279
392
260
352
279
392
260
354
279
392
260
357
281
392
260
355
279
394
51
435
86
396
57
435
88
396
57
435
91
395
54
435
88
395
54
435
91
394
203
378
229
394
203
379
228
396
204
381
229
395
202
380
228
394
204
380
228
394
204
379
229
394
202
379
228
395
205
381
229
396
203
381
229
395
207
377
233
396
255
359
277
396
255
360
278
396
255
361
278
396
255
363
277
395
254
359
277
397
288
348
305
397
288
353
312
397
288
351
315
397
288
353
317
397
288
351
323
397
288
351
324
397
288
354
318
397
290
346
309
397
290
349
312
397
290
348
313
397
290
351
323
396
290
346
309
396
290
349
312
396
290
348
313
396
291
344
311
396
291
345
313
396
291
346
309
396
291
349
312
396
291
348
313
396
294
342
312
396
294
344
311
396
294
345
313
396
294
344
314
396
294
348
313
396
294
347
315
396
294
348
315
397
296
342
312
397
296
344
311
397
296
345
313
397
296
344
314
397
296
348
313
397
296
347
315
397
296
347
317
397
296
346
316
397
296
348
315
397
296
348
317
397
296
346
318
397
296
349
319
400
155
401
187
400
199
385
228
398
201
383
228
397
244
365
268
397
244
367
268
396
245
360
268
396
245
365
268
400
252
365
276
400
252
364
277
400
253
365
276
400
253
364
277
399
252
363
276
399
252
365
276
401
250
365
276
398
253
363
276
401
251
365
276
401
251
364
277
398
255
363
277
398
255
364
277
398
255
365
278
399
254
363
277
399
254
364
277
400
258
365
280
400
258
363
282
400
278
357
304
400
278
358
306
401
279
359
306
401
279
361
307
401
278
362
306
401
280
359
305
401
280
359
306
398
285
350
303
398
285
352
307
398
285
354
311
400
293
349
312
400
293
347
315
400
293
347
317
400
293
348
315
400
293
348
317
400
293
349
319
400
293
353
312
400
293
352
316
400
293
351
315
400
293
353
317
400
293
352
320
400
293
350
320
400
293
350
322
400
293
354
318
401
293
349
319
401
293
353
312
401
293
352
316
401
293
351
315
401
293
353
317
401
293
352
320
401
293
350
320
401
293
353
324
401
293
351
323
401
293
351
324
401
293
354
318
401
293
356
318
401
293
354
323
401
295
349
312
401
295
347
315
401
295
347
317
401
295
346
316
401
295
348
315
401
295
348
317
401
295
347
320
401
295
349
319
401
295
349
323
401
295
352
316
401
295
351
315
401
295
353
317
401
295
352
320
401
295
350
320
401
295
350
322
400
295
349
312
400
295
348
313
400
295
347
315
400
295
347
317
400
295
346
316
400
295
348
315
400
295
348
317
400
295
347
320
400
295
346
318
400
295
349
319
400
295
352
316
400
295
351
315
400
295
350
320
399
296
348
313
399
296
347
315
399
296
347
317
399
296
346
316
399
296
348
315
399
296
348
317
399
296
347
320
399
296
346
318
399
296
349
319
399
296
351
315
399
296
350
320
401
296
349
312
401
296
347
317
401
296
346
316
401
296
348
315
401
296
348
317
401
296
347
320
401
296
346
318
401
296
349
319
401
296
349
323
401
296
352
316
401
296
351
315
401
296
352
320
401
296
350
320
401
296
350
322
401
296
351
323
401
296
350
323
401
296
351
324
400
302
347
320
400
302
349
323
400
302
347
323
400
302
350
322
400
302
350
323
401
300
348
315
401
300
348
317
401
300
347
320
401
300
349
319
401
300
349
323
401
300
347
323
401
300
351
315
401
300
350
320
401
300
350
322
401
300
350
323
404
140
411
174
403
225
378
252
403
224
378
252
403
224
381
251
405
225
379
253
405
225
380
253
405
225
383
252
404
233
376
260
404
233
377
260
405
232
378
260
405
232
376
260
405
232
377
260
405
230
379
258
405
230
378
258
405
234
377
261
405
235
376
262
405
237
377
264
403
252
366
278
402
250
365
276
402
250
370
274
404
250
372
275
402
252
365
278
402
252
366
278
402
254
366
278
402
277
361
303
402
277
362
304
402
277
363
305
402
277
362
306
403
277
361
304
403
277
361
303
403
277
362
304
403
277
363
305
404
277
362
304
404
277
363
305
405
277
362
304
402
279
359
304
402
279
361
307
402
279
362
306
402
279
362
307
403
280
359
304
403
280
361
307
403
280
362
307
405
280
361
304
405
280
363
305
405
280
362
306
405
280
362
307
405
280
363
307
405
278
362
304
405
278
363
305
404
280
361
307
404
280
362
306
404
280
362
307
404
280
363
307
404
279
361
304
404
279
361
303
404
279
362
304
404
279
363
305
404
279
362
306
403
281
359
305
403
281
359
306
403
281
361
307
404
281
359
306
404
281
361
307
404
281
362
307
404
282
361
309
402
288
354
311
402
289
354
311
402
289
357
321
404
293
353
312
404
293
352
316
404
293
351
315
404
293
353
317
404
293
352
320
404
293
350
320
404
293
353
324
404
293
354
311
404
293
356
320
404
293
354
318
404
293
354
323
404
293
356
322
404
293
356
323
404
295
349
319
404
295
353
312
404
295
352
316
404
295
351
315
404
295
353
317
404
295
352
320
404
295
350
320
404
295
353
324
404
295
351
323
404
295
354
318
404
295
354
323
402
295
348
317
402
295
349
319
402
295
349
323
402
295
352
316
402
295
351
315
402
295
353
317
402
295
352
320
402
295
350
320
402
295
353
324
402
295
350
322
402
295
351
323
402
295
350
323
402
295
351
324
402
295
354
318
405
294
353
312
405
294
352
316
405
294
353
317
405
294
352
320
405
294
350
320
405
294
353
324
405
294
354
311
405
294
354
318
405
294
356
318
405
294
354
323
405
294
356
323
404
294
349
319
404
294
353
312
404
294
352
316
404
294
351
315
404
294
353
317
404
294
352
320
404
294
350
320
404
294
353
324
404
294
351
323
404
294
354
318
404
294
354
323
403
298
347
320
403
298
349
319
403
298
349
323
403
298
347
323
403
298
352
316
403
298
353
317
403
298
352
320
403
298
350
320
403
298
353
324
403
298
350
322
403
298
351
323
403
298
350
323
403
298
351
324
403
298
354
318
404
300
349
319
404
300
349
323
404
300
347
323
404
300
352
320
404
300
350
320
404
300
353
324
404
300
350
322
404
300
351
323
404
300
350
323
404
300
351
324
403
300
349
319
403
300
349
323
403
300
347
323
403
300
352
316
403
300
352
320
403
300
350
320
403
300
350
322
403
300
351
323
403
300
350
323
403
300
351
324
404
299
349
319
404
299
349
323
404
299
352
316
404
299
351
315
404
299
353
317
404
299
352
320
404
299
350
320
404
299
353
324
404
299
350
322
404
299
351
323
404
299
350
323
404
299
351
324
402
301
349
319
402
301
349
323
402
301
347
323
402
301
350
320
402
301
350
322
402
301
351
323
402
301
350
323
402
301
351
324
403
301
349
323
403
301
347
323
403
301
350
320
403
301
350
322
403
301
351
323
403
301
350
323
403
301
351
324
404
301
349
323
404
301
347
323
404
301
350
320
404
301
350
322
404
301
351
323
404
301
350
323
404
301
351
324
405
223
378
252
405
223
381
251
409
231
381
260
409
231
381
261
409
231
382
260
409
231
383
260
408
231
381
260
408
231
384
259
408
231
382
260
407
231
378
260
407
231
381
260
408
232
381
261
408
232
382
261
408
232
383
260
407
235
379
263
407
235
377
263
406
279
361
303
406
279
362
304
406
279
363
305
406
279
362
306
406
278
362
304
406
278
363
305
408
279
363
305
407
280
361
304
407
280
363
305
407
280
362
306
407
280
363
307
409
281
363
307
408
283
364
308
408
283
364
309
409
283
364
308
409
283
364
309
407
282
361
307
407
282
362
307
407
282
364
308
407
282
364
309
408
294
353
317
408
294
356
320
408
294
357
321
408
294
354
318
408
294
356
318
408
294
357
320
408
294
356
322
408
294
356
323
409
296
356
320
409
296
357
321
409
296
356
318
409
296
357
320
409
296
356
322
409
296
356
323
409
296
357
324
409
296
358
322
407
297
353
317
407
297
352
320
407
297
353
324
407
297
356
320
407
297
354
318
407
297
356
318
407
297
354
323
407
297
356
322
408
296
356
320
408
296
357
321
408
296
356
318
408
296
357
320
408
296
354
323
408
296
356
322
408
296
356
323
407
294
353
312
407
294
352
316
407
294
353
317
407
294
356
320
407
294
354
318
407
294
356
318
407
294
354
323
407
294
356
322
407
294
356
323
409
295
356
320
409
295
357
321
409
295
356
318
409
295
357
320
409
295
356
322
409
295
356
323
409
295
357
324
409
295
358
323
409
295
358
322
407
299
352
320
407
299
353
324
407
299
354
318
407
299
354
323
406
300
352
320
406
300
350
320
406
300
353
324
406
300
350
322
406
300
351
323
406
300
350
323
406
300
351
324
409
298
356
320
409
298
357
321
409
298
354
323
409
298
356
322
409
298
356
323
407
298
352
320
407
298
353
324
407
298
354
318
407
298
354
323
407
298
356
322
408
298
353
324
408
298
356
320
408
298
357
321
408
298
354
323
408
298
356
322
408
298
356
323
409
305
353
324
406
304
349
323
406
304
351
323
406
304
350
323
406
304
351
324
410
212
389
243
410
212
388
245
410
213
388
245
409
214
388
245
412
224
387
255
412
228
388
257
412
228
386
258
412
227
389
256
412
227
388
257
412
227
386
258
412
229
385
260
412
230
384
261
412
230
385
260
410
236
379
265
410
236
382
265
410
282
364
308
412
289
367
316
412
289
366
316
412
289
367
317
410
290
359
319
410
290
360
319
410
290
361
319
410
290
360
320
410
290
360
321
410
290
358
323
410
290
358
322
411
294
357
321
411
294
357
320
411
294
359
319
411
294
360
320
411
294
360
321
411
294
358
323
411
294
358
322
412
295
357
320
412
295
359
319
412
295
360
320
412
295
360
321
412
295
358
323
412
295
358
322
412
295
360
324
411
297
356
320
411
297
357
321
411
297
357
320
411
297
356
322
411
297
357
324
411
297
358
323
411
297
358
322
410
294
356
320
410
294
357
321
410
294
356
318
410
294
357
320
410
294
359
319
410
294
358
323
410
294
358
322
410
297
356
320
410
297
357
321
410
297
357
320
410
297
356
322
410
297
356
323
410
297
357
324
410
297
358
323
410
297
358
322
411
295
357
321
411
295
357
320
411
295
358
323
411
295
358
322
412
298
357
321
412
298
356
323
412
298
357
324
412
298
358
323
412
298
358
322
411
299
357
321
411
299
356
322
411
299
356
323
411
299
357
324
411
299
358
323
410
299
357
321
410
299
356
322
410
299
356
323
413
298
358
322
416
225
389
258
414
225
389
256
414
225
388
257
414
226
388
257
415
227
389
259
415
227
389
258
416
226
389
259
415
231
388
262
416
231
390
262
417
230
390
262
417
237
390
268
417
235
390
266
415
241
382
272
417
285
369
314
417
285
370
314
416
285
369
314
415
288
367
316
415
288
366
316
415
288
367
317
415
288
368
317
415
288
368
318
415
288
369
318
415
288
369
320
415
288
367
318
415
288
371
317
415
288
370
316
415
288
370
317
415
288
370
320
417
286
369
314
417
286
366
314
417
286
373
317
417
286
370
314
417
286
371
315
417
286
374
317
416
289
367
317
416
289
368
317
416
289
368
318
416
289
369
318
416
289
369
320
416
289
367
318
416
289
371
317
416
289
370
316
416
289
370
317
416
289
370
320
416
289
371
319
416
289
372
318
416
289
370
318
415
286
369
314
415
286
366
316
415
286
366
314
415
286
370
314
415
286
371
315
417
288
367
316
417
288
366
316
417
288
367
317
417
288
368
317
417
288
368
318
417
288
369
318
417
288
369
320
417
288
367
318
417
288
371
317
417
288
370
316
417
288
370
317
417
288
373
317
417
288
372
317
417
288
370
320
417
288
371
319
417
288
372
318
417
288
370
318
414
286
369
314
414
286
366
314
414
286
370
314
414
286
371
315
415
293
360
320
415
293
360
321
415
293
362
321
417
290
368
317
417
290
368
318
417
290
368
321
417
290
369
318
417
290
369
320
417
290
367
318
417
290
369
322
417
290
370
320
417
290
371
319
417
290
370
318
417
290
372
321
419
228
393
261
419
228
395
259
419
227
395
259
421
227
394
261
421
268
379
296
421
268
380
295
421
268
379
300
421
268
380
299
421
268
380
300
421
268
381
301
421
268
378
303
421
270
379
300
421
270
380
299
421
270
380
300
421
270
381
301
421
270
378
303
418
284
369
314
418
284
370
314
418
284
371
314
421
284
372
314
421
284
370
314
421
284
373
316
421
284
371
314
421
284
371
315
421
284
372
315
421
284
374
313
421
284
377
313
421
284
375
314
421
284
377
314
421
284
374
317
421
284
376
317
421
284
379
313
421
284
378
313
421
284
378
316
421
284
380
314
421
284
379
314
419
284
369
314
419
284
372
314
419
284
370
314
419
284
373
316
419
284
371
314
419
284
371
315
419
284
372
315
419
284
374
313
419
284
375
314
421
283
371
314
421
283
374
313
421
283
377
313
421
283
375
314
421
283
377
314
421
283
379
313
421
283
380
313
421
283
378
313
421
283
378
316
421
283
380
314
421
283
379
314
420
285
369
314
420
285
372
314
420
285
373
317
420
285
370
314
420
285
373
316
420
285
371
314
420
285
371
315
420
285
372
315
420
285
374
317
420
285
376
317
421
287
371
317
421
287
370
316
421
287
373
317
421
287
373
316
421
287
372
317
421
287
374
317
418
286
369
314
418
286
373
317
418
286
370
314
418
286
371
315
421
288
369
318
421
288
371
317
421
288
370
316
421
288
370
317
421
288
373
317
421
288
372
317
421
288
371
319
421
288
372
318
421
288
374
317
419
286
369
314
419
286
372
314
419
286
371
317
419
286
370
316
419
286
373
317
419
286
370
314
419
286
373
316
419
286
371
314
419
286
371
315
419
286
372
315
419
286
372
317
419
286
374
317
418
288
367
316
418
288
366
316
418
288
367
317
418
288
368
317
418
288
368
318
418
288
369
318
418
288
369
320
418
288
367
318
418
288
371
317
418
288
370
316
418
288
370
317
418
288
373
317
418
288
372
317
418
288
370
320
418
288
371
319
418
288
372
318
418
288
370
318
418
288
374
317
421
286
373
317
421
286
373
316
421
286
371
315
421
286
372
315
421
286
372
317
421
286
374
317
421
286
376
317
419
288
367
316
419
288
366
316
419
288
367
317
419
288
368
317
419
288
368
318
419
288
369
318
419
288
367
318
419
288
371
317
419
288
370
316
419
288
370
317
419
288
373
317
419
288
372
317
419
288
370
320
419
288
371
319
419
288
372
318
419
288
370
318
418
289
368
317
418
289
368
318
418
289
369
318
418
289
369
320
418
289
367
318
418
289
371
317
418
289
370
317
418
289
372
317
418
289
370
320
418
289
371
319
418
289
372
318
418
289
370
318
418
289
372
321
419
289
368
317
419
289
368
318
419
289
369
318
419
289
369
320
419
289
367
318
419
289
371
317
419
289
370
317
419
289
372
317
419
289
370
320
419
289
371
319
419
289
372
318
419
289
370
318
421
289
371
317
421
289
370
317
421
289
371
319
421
289
372
318
420
293
369
323
420
293
369
322
418
290
368
318
418
290
368
321
418
290
369
318
418
290
369
320
418
290
367
318
418
290
369
322
418
290
370
320
418
290
371
319
418
290
372
318
418
290
370
318
418
290
372
321
419
290
368
318
419
290
369
318
419
290
369
320
419
290
371
317
419
290
370
317
419
290
370
320
419
290
371
319
419
290
372
318
419
290
370
318
419
290
372
321
421
291
369
320
421
291
370
320
421
291
371
319
421
291
372
321
420
292
369
322
420
292
372
321
419
291
368
321
419
291
369
320
419
291
369
322
419
291
370
320
419
291
372
321
421
293
368
323
423
268
379
300
423
268
380
299
423
268
380
300
423
268
381
301
423
268
378
303
423
268
380
303
422
268
379
300
422
268
380
299
422
268
380
300
422
268
381
301
422
268
378
303
422
268
380
303
425
268
379
300
425
268
380
299
425
268
380
300
425
268
381
301
425
268
378
303
425
268
380
303
423
269
379
300
423
269
380
299
423
269
380
300
423
269
381
301
423
269
378
303
423
269
380
303
424
269
379
300
424
269
380
299
424
269
380
300
424
269
381
301
424
269
378
303
424
269
380
303
424
270
377
306
424
270
379
300
424
270
380
299
424
270
380
300
424
270
381
301
424
270
378
303
424
270
380
303
424
270
381
305
423
270
379
300
423
270
380
299
423
270
380
300
423
270
381
301
423
270
378
303
423
270
380
303
422
271
379
300
422
271
380
299
422
271
380
300
422
271
381
301
422
271
378
303
422
271
380
303
423
271
377
306
423
271
379
300
423
271
380
299
423
271
380
300
423
271
381
301
423
271
378
303
423
271
380
303
424
271
377
306
424
271
379
300
424
271
380
299
424
271
380
300
424
271
381
301
424
271
378
303
424
271
380
303
424
271
381
305
422
275
377
308
422
275
377
306
422
275
378
303
422
275
380
303
422
275
381
305
422
275
380
306
424
275
377
308
424
275
377
306
424
275
377
310
424
275
381
305
424
275
380
306
424
275
381
307
424
275
380
309
424
275
383
306
424
277
377
308
424
277
377
310
424
277
380
306
424
277
381
307
424
277
380
309
424
277
383
306
424
274
377
308
424
274
377
306
424
274
380
303
424
274
381
305
424
274
380
306
424
274
381
307
424
274
383
306
423
277
377
308
423
277
377
310
423
277
380
306
423
277
381
307
423
277
380
309
423
277
383
306
423
275
377
308
423
275
377
306
423
275
381
305
423
275
380
306
423
275
381
307
425
279
377
310
425
279
377
313
425
279
380
309
425
279
380
311
425
279
379
313
425
279
380
313
425
279
378
313
425
279
379
312
425
279
380
312
425
279
383
309
425
279
382
312
425
279
385
310
425
279
386
307
424
278
377
308
424
278
377
310
424
278
381
307
424
278
380
309
424
278
380
311
424
278
379
312
424
278
380
312
424
278
383
306
424
278
386
307
423
280
377
310
423
280
380
311
423
280
379
313
423
280
378
313
423
280
379
312
423
280
380
312
423
280
386
307
425
281
377
313
425
281
380
311
425
281
379
313
425
281
380
313
425
281
378
313
425
281
379
312
425
281
380
312
425
281
380
314
425
281
379
314
425
281
380
316
425
281
381
315
425
281
382
312
425
281
383
313
425
281
385
312
425
281
385
310
425
281
384
313
425
281
383
314
425
281
382
316
423
283
377
313
423
283
377
314
423
283
379
313
423
283
380
313
423
283
378
313
423
283
378
316
423
283
380
314
423
283
379
317
423
283
379
314
423
283
380
316
423
283
381
315
422
283
374
313
422
283
377
313
422
283
375
314
422
283
377
314
422
283
379
313
422
283
380
313
422
283
378
313
422
283
378
316
422
283
380
314
422
283
379
317
422
283
379
314
422
286
373
317
422
286
373
316
422
286
371
315
422
286
372
315
422
286
372
317
422
286
374
317
422
286
376
317
422
286
378
316
422
286
380
316
425
286
373
317
425
286
373
316
425
286
374
317
425
286
376
317
425
286
378
316
425
286
379
317
425
286
380
316
425
287
373
317
425
287
374
317
425
287
376
317
425
287
378
316
425
287
379
317
425
287
380
316
422
288
370
316
422
288
373
317
422
288
372
317
422
288
372
318
422
288
374
317
422
288
376
317
426
270
381
301
426
270
380
303
426
270
381
305
426
270
380
306
427
272
380
303
427
272
381
305
427
272
380
306
427
272
381
307
427
272
380
309
427
272
383
306
426
274
377
308
426
274
377
310
426
274
381
305
426
274
380
306
426
274
381
307
426
274
380
309
426
274
383
309
426
274
383
306
426
274
389
302
426
274
386
307
427
274
381
305
427
274
380
306
427
274
381
307
427
274
380
309
427
274
383
309
427
274
383
306
427
274
389
302
427
274
386
307
428
277
380
309
428
277
380
311
428
277
380
313
428
277
379
312
428
277
380
312
428
277
383
309
428
277
382
312
428
277
383
313
428
277
385
312
428
277
385
310
428
277
384
313
428
277
383
314
428
277
386
307
428
277
388
308
428
277
387
311
426
277
377
310
426
277
381
307
426
277
380
309
426
277
380
311
426
277
379
312
426
277
380
312
426
277
383
309
426
277
382
312
426
277
386
307
427
277
377
310
427
277
380
309
427
277
380
311
427
277
379
313
427
277
380
313
427
277
379
312
427
277
380
312
427
277
383
309
427
277
382
312
427
277
383
313
427
277
385
310
427
277
386
307
427
277
388
308
427
277
388
306
428
274
380
306
428
274
381
307
428
274
380
309
428
274
380
311
428
274
383
309
428
274
383
306
428
274
389
302
428
274
386
307
428
274
388
306
426
279
377
310
426
279
377
313
426
279
380
309
426
279
380
311
426
279
379
313
426
279
380
313
426
279
378
313
426
279
379
312
426
279
380
312
426
279
380
314
426
279
379
314
426
279
383
309
426
279
382
312
426
279
383
313
426
279
385
310
426
279
383
314
426
279
386
307
426
278
377
310
426
278
380
309
426
278
380
311
426
278
379
313
426
278
380
313
426
278
379
312
426
278
380
312
426
278
383
309
426
278
382
312
426
278
383
313
429
279
380
311
429
279
379
313
429
279
380
313
429
279
378
313
429
279
379
312
429
279
380
312
429
279
380
314
429
279
379
314
429
279
380
316
429
279
381
315
429
279
382
312
429
279
383
313
429
279
385
312
429
279
384
313
429
279
383
314
429
279
382
316
429
279
388
315
426
284
377
314
426
284
376
317
426
284
378
316
426
284
380
314
426
284
379
317
426
284
379
314
426
284
380
316
426
284
381
315
427
282
377
313
427
282
379
313
427
282
380
313
427
282
378
313
427
282
378
316
427
282
380
314
427
282
379
317
427
282
379
314
427
282
380
316
427
282
381
315
427
282
383
313
427
282
385
312
427
282
384
313
427
282
383
314
427
282
382
316
429
285
379
317
429
285
380
316
429
285
382
316
429
282
379
313
429
282
380
313
429
282
378
313
429
282
380
314
429
282
379
317
429
282
379
314
429
282
380
316
429
282
381
315
429
282
382
312
429
282
383
313
429
282
385
312
429
282
384
313
429
282
385
316
429
282
383
317
429
282
383
314
429
282
382
316
428
285
378
316
428
285
379
317
428
285
380
316
428
285
381
315
428
285
382
316
428
283
380
313
428
283
378
316
428
283
380
314
428
283
379
317
428
283
379
314
428
283
380
316
428
283
381
315
428
283
383
314
428
283
382
316
433
269
383
309
433
269
389
302
433
269
386
307
433
269
388
308
433
269
388
306
433
273
383
313
433
273
385
312
433
273
385
310
433
273
384
313
433
273
389
309
433
273
386
307
433
273
388
308
433
273
388
306
433
273
387
311
433
273
392
308
433
271
385
310
433
271
389
302
433
271
389
309
433
271
386
307
433
271
388
308
433
271
388
306
433
271
387
311
432
273
383
309
432
273
382
312
432
273
383
313
432
273
385
312
432
273
385
310
432
273
384
313
432
273
389
302
432
273
389
309
432
273
386
307
432
273
388
308
432
273
388
306
432
273
387
311
432
273
392
308
432
275
383
309
432
275
382
312
432
275
383
313
432
275
385
312
432
275
385
310
432
275
384
313
432
275
383
314
432
275
389
309
432
275
386
307
432
275
388
308
432
275
388
306
432
275
387
311
432
275
392
308
430
276
380
311
430
276
380
313
430
276
380
312
430
276
383
309
430
276
382
312
430
276
383
313
430
276
385
312
430
276
385
310
430
276
384
313
430
276
383
314
430
276
389
309
430
276
386
307
430
276
388
308
430
276
388
306
430
276
387
311
431
276
380
313
431
276
381
315
431
276
383
309
431
276
382
312
431
276
383
313
431
276
385
312
431
276
385
310
431
276
384
313
431
276
383
314
431
276
389
309
431
276
386
307
431
276
388
308
431
276
388
306
431
276
387
311
431
276
392
308
431
276
388
315
433
276
381
315
433
276
382
312
433
276
383
313
433
276
385
312
433
276
385
310
433
276
384
313
433
276
383
314
433
276
389
309
433
276
388
308
433
276
387
311
433
276
392
308
433
276
388
315
432
277
380
314
432
277
381
315
432
277
382
312
432
277
383
313
432
277
385
312
432
277
385
310
432
277
384
313
432
277
385
316
432
277
383
314
432
277
382
316
432
277
389
309
432
277
388
308
432
277
387
311
432
277
392
308
432
277
388
315
428
294
376
324
431
292
379
324
431
292
380
324
429
292
379
324
429
292
376
324
430
292
379
324
430
292
380
324
434
271
385
310
434
271
389
309
434
271
388
308
434
271
388
306
434
271
387
311
434
271
392
308
434
271
394
308
435
271
389
309
435
271
388
308
435
271
387
311
435
271
392
308
435
271
394
308
436
271
389
309
436
271
388
308
436
271
387
311
436
271
392
308
436
271
394
308
437
271
389
309
437
271
388
308
437
271
387
311
437
271
392
308
437
271
394
308
436
280
385
316
436
280
393
314
436
280
388
315
436
280
390
316
436
280
389
319
436
280
388
319
436
280
389
318
436
280
394
314
437
280
385
316
437
280
393
314
437
280
388
315
437
280
390
316
437
280
389
319
437
280
388
319
437
280
389
318
437
280
395
315
437
280
394
314
434
279
381
315
434
279
383
313
434
279
385
312
434
279
384
313
434
279
385
316
434
279
383
317
434
279
383
314
434
279
382
316
434
279
387
311
434
279
388
315
434
279
390
316
434
279
389
318
432
279
380
316
432
279
381
315
432
279
382
312
432
279
383
313
432
279
385
312
432
279
384
313
432
279
385
316
432
279
383
317
432
279
383
314
432
279
382
316
432
279
387
311
432
279
388
315
433
281
380
316
433
281
381
315
433
281
383
313
433
281
384
313
433
281
385
316
433
281
383
317
433
281
383
314
433
281
382
316
433
281
388
315
433
281
389
318
434
281
380
316
434
281
381
315
434
281
383
313
434
281
385
316
434
281
383
317
434
281
383
314
434
281
382
316
434
281
388
315
434
281
390
316
434
281
389
318
436
283
385
316
436
283
383
317
436
283
382
316
436
283
388
315
436
283
390
316
436
283
389
319
436
283
388
319
436
283
389
318
432
285
385
316
432
285
383
317
435
282
385
316
435
282
383
317
435
282
382
316
435
282
388
315
435
282
390
316
435
282
389
319
435
282
388
319
435
282
389
318
434
282
385
316
434
282
383
317
434
282
382
316
434
282
388
315
434
282
390
316
434
282
389
319
434
282
388
319
434
282
389
318
433
285
385
316
433
285
383
317
433
285
389
319
433
285
388
319
433
285
389
318
434
284
385
316
434
284
383
317
434
284
389
319
434
284
388
319
434
284
389
318
440
277
393
314
440
277
388
315
440
277
390
316
440
277
395
315
440
277
394
314
440
276
393
314
440
276
390
316
440
276
397
312
440
276
395
315
440
276
394
314
438
279
385
316
438
279
393
314
438
279
388
315
438
279
390
316
438
279
389
319
438
279
388
319
438
279
389
318
438
279
395
315
438
279
394
314
440
281
390
316
440
281
389
319
440
281
392
320
440
281
388
319
440
281
389
318
440
281
391
321
440
281
393
321
440
281
395
321
441
282
389
319
441
282
392
320
441
282
388
319
441
282
389
318
441
282
391
321
441
282
393
321
441
282
395
321
441
282
394
323
441
282
395
323
441
282
393
322
441
283
389
319
441
283
388
319
441
283
391
321
441
283
393
321
441
283
396
321
441
283
395
321
441
283
394
323
441
283
393
322
441
283
392
323
444
273
397
311
444
273
397
312
444
273
395
315
444
273
398
312
444
273
398
313
444
273
399
313
444
273
400
314
443
273
397
311
443
273
397
312
443
273
395
315
443
273
394
314
443
273
398
312
443
273
398
313
443
273
399
313
443
273
400
314
445
273
397
311
445
273
397
312
445
273
398
312
445
273
398
313
445
273
399
313
445
273
400
314
444
274
393
314
444
274
397
311
444
274
397
312
444
274
395
315
444
274
394
314
444
274
398
312
444
274
398
313
444
274
399
313
444
274
400
314
445
281
392
320
445
281
393
321
445
281
396
321
445
281
395
321
445
281
397
321
445
281
397
323
445
281
396
323
445
281
397
322
445
281
399
320
445
281
398
319
445
281
400
320
445
281
398
321
445
281
399
321
445
281
400
321
445
281
398
324
445
281
398
323
445
281
398
322
445
281
402
321
443
282
392
320
443
282
391
321
443
282
393
321
443
282
396
321
443
282
395
321
443
282
397
321
443
282
394
323
443
282
395
323
443
282
396
323
443
282
393
322
444
282
392
320
444
282
391
321
444
282
393
321
444
282
396
321
444
282
395
321
444
282
397
321
444
282
394
323
444
282
395
323
444
282
397
323
444
282
396
323
444
282
397
322
444
282
393
322
444
282
399
320
444
282
398
319
444
282
398
321
444
282
399
321
444
282
398
322
445
285
391
321
445
285
393
321
445
285
395
321
445
285
393
324
445
285
396
324
445
285
394
323
445
285
395
323
445
285
397
323
445
285
396
323
445
285
392
324
445
285
397
322
445
285
394
324
445
285
393
322
445
285
392
323
445
285
398
324
445
285
398
323
444
283
392
320
444
283
391
321
444
283
393
321
444
283
396
321
444
283
395
321
444
283
397
321
444
283
394
323
444
283
395
323
444
283
396
323
444
283
394
324
444
283
393
322
444
283
392
323
443
284
392
320
443
284
391
321
443
284
393
321
443
284
396
321
443
284
395
321
443
284
393
324
443
284
394
323
443
284
395
323
443
284
396
323
443
284
392
324
443
284
394
324
443
284
393
322
443
284
392
323
443
283
392
320
443
283
391
321
443
283
393
321
443
283
396
321
443
283
395
321
443
283
394
323
443
283
395
323
443
283
396
323
443
283
394
324
443
283
393
322
443
283
392
323
444
285
392
320
444
285
391
321
444
285
393
321
444
285
395
321
444
285
393
324
444
285
396
324
444
285
394
323
444
285
395
323
444
285
397
323
444
285
396
323
444
285
392
324
444
285
397
322
444
285
394
324
444
285
393
322
444
285
392
323
442
286
393
321
442
286
393
324
442
286
392
324
442
286
393
322
442
286
392
323
446
277
400
316
446
277
399
317
446
277
399
320
446
277
398
319
446
277
398
321
446
277
399
321
449
278
400
316
449
278
399
317
449
278
399
320
449
278
398
319
449
278
400
320
449
278
398
321
449
278
399
321
449
278
400
321
449
278
402
321
447
278
397
321
447
278
400
316
447
278
399
317
447
278
399
320
447
278
398
319
447
278
400
320
447
278
398
321
447
278
399
321
449
281
397
321
449
281
397
322
449
281
399
320
449
281
398
319
449
281
400
320
449
281
398
321
449
281
399
321
449
281
400
321
449
281
400
323
449
281
401
324
449
281
399
324
449
281
400
324
449
281
398
323
449
281
398
322
449
281
402
321
449
281
403
324
449
281
402
324
449
281
402
322
449
281
404
323
447
280
397
321
447
280
399
320
447
280
398
319
447
280
400
320
447
280
398
321
447
280
399
321
447
280
400
321
447
280
401
324
447
280
399
324
447
280
400
324
447
280
398
323
447
280
398
322
447
280
402
321
447
280
402
324
448
280
397
321
448
280
399
320
448
280
398
319
448
280
400
320
448
280
398
321
448
280
399
321
448
280
400
321
448
280
400
323
448
280
401
324
448
280
399
324
448
280
400
324
448
280
398
323
448
280
398
322
448
280
402
321
448
280
402
324
448
280
402
322
449
279
400
316
449
279
399
317
449
279
399
320
449
279
398
319
449
279
400
320
449
279
398
321
449
279
399
321
449
279
400
321
449
279
400
323
449
279
401
324
449
279
402
321
449
279
402
324
449
279
402
322
446
285
393
321
446
285
395
321
446
285
396
324
446
285
394
323
446
285
395
323
446
285
397
323
446
285
396
323
446
285
397
322
446
285
394
324
446
285
393
322
446
285
392
323
446
285
398
324
446
285
398
323
446
285
398
322
447
283
392
320
447
283
393
321
447
283
396
321
447
283
395
321
447
283
397
321
447
283
396
324
447
283
395
323
447
283
397
323
447
283
396
323
447
283
397
322
447
283
398
321
447
283
399
321
447
283
400
323
447
283
398
324
447
283
398
323
447
283
398
322
447
283
402
321
447
283
402
322
447
284
392
320
447
284
393
321
447
284
396
321
447
284
395
321
447
284
397
321
447
284
396
324
447
284
394
323
447
284
395
323
447
284
397
323
447
284
396
323
447
284
397
322
447
284
393
322
447
284
392
323
447
284
398
321
447
284
399
321
447
284
398
324
447
284
399
324
447
284
398
323
447
284
398
322
448
283
396
321
448
283
395
321
448
283
397
321
448
283
397
323
448
283
396
323
448
283
397
322
448
283
398
321
448
283
399
321
448
283
400
323
448
283
398
324
448
283
400
324
448
283
398
323
448
283
398
322
448
283
402
321
448
283
402
322
449
282
396
321
449
282
397
321
449
282
397
323
449
282
397
322
449
282
399
320
449
282
398
319
449
282
398
321
449
282
399
321
449
282
400
321
449
282
400
323
449
282
398
324
449
282
401
324
449
282
399
324
449
282
400
324
449
282
398
323
449
282
398
322
449
282
402
321
449
282
403
324
449
282
402
324
449
282
402
322
449
282
404
323
449
283
396
321
449
283
395
321
449
283
397
321
449
283
397
323
449
283
397
322
449
283
398
321
449
283
399
321
449
283
400
321
449
283
400
323
449
283
398
324
449
283
401
324
449
283
400
324
449
283
398
323
449
283
398
322
449
283
402
321
449
283
402
324
449
283
402
322
447
282
393
321
447
282
396
321
447
282
395
321
447
282
397
321
447
282
396
324
447
282
395
323
447
282
397
323
447
282
396
323
447
282
397
322
447
282
399
320
447
282
398
319
447
282
398
321
447
282
399
321
447
282
400
321
447
282
400
323
447
282
398
324
447
282
399
324
447
282
398
323
447
282
398
322
447
282
402
321
447
282
402
322
448
282
396
321
448
282
395
321
448
282
397
321
448
282
397
323
448
282
396
323
448
282
397
322
448
282
399
320
448
282
398
319
448
282
398
321
448
282
399
321
448
282
400
321
448
282
400
323
448
282
398
324
448
282
401
324
448
282
399
324
448
282
400
324
448
282
398
323
448
282
398
322
448
282
402
321
448
282
402
322
448
282
404
323
447
285
393
321
447
285
396
321
447
285
395
321
447
285
397
321
447
285
396
324
447
285
394
323
447
285
395
323
447
285
397
323
447
285
396
323
447
285
397
322
447
285
393
322
447
285
392
323
447
285
398
324
447
285
399
324
447
285
398
323
447
285
398
322
448
285
393
321
448
285
395
321
448
285
396
324
448
285
397
323
448
285
396
323
448
285
397
322
448
285
398
323
448
285
398
322
453
278
402
321
453
278
406
322
453
278
406
323
450
281
399
320
450
281
398
319
450
281
400
320
450
281
398
321
450
281
399
321
450
281
400
321
450
281
400
323
450
281
401
324
450
281
399
324
450
281
400
324
450
281
398
323
450
281
398
322
450
281
402
321
450
281
403
324
450
281
402
324
450
281
402
322
450
281
404
323
450
280
399
320
450
280
398
319
450
280
400
320
450
280
398
321
450
280
399
321
450
280
400
321
450
280
400
323
450
280
401
324
450
280
400
324
450
280
398
322
450
280
402
321
450
280
402
324
450
280
402
322
450
280
404
323
450
279
400
316
450
279
399
320
450
279
398
319
450
279
400
320
450
279
398
321
450
279
399
321
450
279
400
321
450
279
400
323
450
279
398
322
450
279
402
321
450
279
403
324
450
279
402
322
450
279
404
323
453
281
400
323
453
281
401
324
453
281
399
324
453
281
400
324
453
281
402
321
453
281
403
324
453
281
402
324
453
281
402
322
453
281
404
323
453
281
406
322
453
281
406
323
455
280
402
321
455
280
406
322
455
280
406
323
455
284
400
323
455
284
398
324
455
284
399
324
455
284
400
324
455
284
398
323
455
284
402
321
455
284
403
324
455
284
402
324
455
284
402
322
455
284
404
323
455
284
406
322
455
284
406
323
452
285
401
324
452
285
400
324
452
285
403
324
452
285
402
324
452
285
402
322
453
284
401
324
453
284
400
324
453
284
402
321
453
284
403
324
453
284
402
324
453
284
402
322
453
284
404
323
453
284
406
322
453
284
406
323
454
283
400
323
454
283
401
324
454
283
402
321
454
283
403
324
454
283
402
324
454
283
402
322
454
283
404
323
454
283
406
322
454
283
406
323
456
283
404
323
456
283
406
322
456
283
406
323
456
282
404
323
456
282
406
322
456
282
406
323
452
284
400
321
452
284
400
323
452
284
401
324
452
284
400
324
452
284
402
321
452
284
403
324
452
284
402
324
452
284
402
322
452
284
404
323
452
284
406
322
452
284
406
323
453
282
400
320
453
282
398
324
453
282
401
324
453
282
399
324
453
282
400
324
453
282
398
323
453
282
398
322
453
282
402
321
453
282
403
324
453
282
402
324
453
282
402
322
453
282
404
323
453
282
406
322
453
282
406
323
457
284
406
322
457
284
406
323
452
282
400
323
452
282
398
324
452
282
401
324
452
282
399
324
452
282
400
324
452
282
398
323
452
282
402
321
452
282
403
324
452
282
402
324
452
282
402
322
452
282
404
323
452
282
406
322
452
282
406
323
456
285
406
322
456
285
406
323
458
281
406
322
463
282
393
314
464
285
390
316
465
283
393
314
465
283
394
314
465
285
390
316
464
286
389
319
464
288
389
319
464
288
388
319
464
287
389
319
464
287
388
319
464
287
389
318
465
288
389
319
465
288
388
319
466
285
390
316
466
285
389
318
466
284
390
316
468
283
393
314
468
283
394
314
467
284
389
318
469
284
395
315
469
283
393
314
469
283
394
314
470
285
395
315
470
285
398
313
472
284
397
312
472
284
398
312
472
284
398
313
472
283
397
312
472
283
398
313
472
283
399
313
470
283
393
314
470
283
397
312
470
283
395
315
470
283
394
314
470
283
398
312
470
283
398
313
470
284
395
315
470
284
398
313
470
282
397
312
470
282
394
314
471
283
393
314
471
283
395
315
471
283
394
314
471
283
398
313
471
283
399
313
471
282
397
312
471
282
395
315
471
282
394
314
471
282
398
312
471
282
398
313
471
282
399
313
472
285
397
312
472
285
398
313
