Test1500.jpg
Test1501_sm_1.jpg
295
293
323
282
264
153
297
153
367
235
395
230
367
235
394
231
399
220
427
217
399
220
429
214
366
232
396
228
366
232
395
229
366
232
394
228
366
232
391
228
366
232
393
227
402
218
429
215
402
218
430
215
402
218
429
214
295
289
322
280
295
289
323
279
295
289
324
280
265
287
299
278
265
287
298
278
388
233
414
229
482
262
501
258
482
262
500
258
482
262
504
258
482
262
508
256
482
262
502
258
500
169
524
168
500
169
523
167
556
257
580
254
556
257
580
256
412
215
438
212
412
215
441
211
503
171
526
170
503
171
526
171
503
171
527
170
503
171
525
171
307
318
337
308
429
251
453
247
429
251
455
247
429
251
453
245
280
310
309
300
280
310
308
300
500
176
524
175
361
224
390
220
386
271
412
265
418
170
444
169
448
192
472
191
448
192
474
191
410
221
439
215
410
221
438
215
410
221
435
218
410
221
436
218
410
221
439
216
410
221
435
219
410
221
438
216
410
221
436
217
410
221
437
218
410
221
439
217
498
190
522
188
498
190
523
190
498
190
523
188
268
158
299
156
372
233
398
229
476
260
498
256
476
260
495
255
351
214
377
212
278
309
305
299
531
219
555
217
531
219
555
218
471
260
496
256
471
260
495
255
471
260
492
256
471
260
493
256
280
309
309
300
485
263
506
258
142
183
185
179
277
308
305
299
502
181
527
180
513
176
537
174
555
204
580
203
403
218
429
215
403
218
430
215
403
218
429
214
403
218
431
215
416
181
445
178
276
280
306
272
276
280
309
272
427
231
455
227
555
259
580
256
501
228
526
226
446
194
471
193
446
194
472
192
268
281
306
272
351
221
378
217
566
204
591
202
552
257
577
254
390
267
415
263
429
238
455
235
429
238
455
234
270
283
302
275
270
283
304
274
270
283
301
275
403
217
429
214
389
233
414
229
389
233
415
229
279
146
310
146
438
155
464
154
353
216
377
212
353
216
378
212
332
187
361
184
273
153
305
152
447
195
473
194
363
223
390
220
363
223
391
218
363
223
390
219
557
255
581
252
426
224
453
220
426
224
455
221
426
224
454
221
289
145
321
146
557
192
583
188
557
192
582
190
500
208
524
206
280
286
311
277
280
286
312
277
280
286
310
277
484
262
504
258
368
220
394
217
368
220
395
217
368
220
393
217
421
232
446
228
421
232
445
228
80
207
127
204
80
207
127
203
353
219
380
216
418
179
445
178
401
218
429
215
401
218
429
214
439
206
466
203
534
256
559
253
533
273
558
269
558
204
582
202
558
204
582
203
355
284
383
276
355
284
384
277
386
231
412
228
386
231
413
227
386
231
412
227
386
231
411
228
354
217
380
214
555
255
580
252
555
255
579
251
273
141
305
139
273
141
305
140
351
249
379
244
351
249
380
244
363
290
391
282
363
290
391
283
421
168
446
168
430
233
455
231
266
286
299
278
266
286
298
278
409
174
435
173
409
174
434
173
354
214
381
211
354
214
380
211
354
214
379
211
483
262
504
258
483
262
508
256
483
262
502
258
365
221
391
218
365
221
392
218
365
221
393
217
408
176
435
174
408
176
436
174
364
222
391
218
364
222
392
218
364
222
390
219
559
189
583
188
559
189
582
190
406
175
434
173
415
231
441
227
415
231
442
228
415
231
440
229
558
189
583
188
558
189
582
190
360
215
384
212
360
215
384
211
359
217
385
213
359
217
384
213
288
138
319
140
480
262
501
258
480
262
500
258
480
262
502
258
567
219
591
217
567
219
591
218
567
219
590
217
418
169
442
170
418
169
443
169
359
215
384
212
359
215
384
211
280
315
311
305
565
193
588
191
377
278
406
271
377
278
405
271
521
222
546
219
200
305
236
291
357
284
384
277
357
284
385
275
560
196
585
194
527
218
551
217
526
218
550
216
353
247
380
243
565
225
590
222
273
140
305
138
273
140
305
139
424
261
450
256
383
301
410
294
351
248
379
244
351
248
379
243
351
248
380
244
351
248
380
243
353
287
380
280
472
261
498
256
472
261
496
257
472
261
496
256
472
261
492
257
472
261
492
256
472
261
493
256
420
220
447
217
353
286
382
278
527
223
551
221
390
230
418
228
390
230
416
225
390
230
412
228
390
230
413
227
390
230
418
227
390
230
414
228
390
230
412
227
390
230
411
228
410
176
437
174
566
218
591
217
566
218
591
218
566
218
590
217
65
207
116
203
65
207
115
203
65
207
114
202
65
207
114
204
65
207
116
204
429
242
455
238
72
204
119
202
72
204
120
201
72
204
118
202
409
176
437
174
409
176
436
174
74
203
120
201
555
257
580
254
417
175
443
174
408
231
434
230
452
193
479
192
452
193
478
192
452
193
475
192
365
217
390
214
365
217
390
213
270
291
303
281
362
280
390
273
362
280
391
272
548
191
573
189
548
191
572
190
523
217
547
215
523
217
548
216
523
217
548
215
419
175
443
176
500
172
524
171
500
172
524
172
415
219
441
216
415
219
443
216
566
220
591
217
566
220
591
218
566
220
590
219
566
220
590
218
566
220
590
217
277
310
308
300
396
231
418
229
396
231
418
228
396
231
419
229
396
231
423
228
396
231
419
226
396
231
418
227
396
231
421
228
448
193
475
192
448
193
472
192
364
216
390
213
554
256
578
255
554
256
578
252
501
191
525
190
326
221
355
217
365
239
392
235
365
239
391
236
365
239
390
236
293
287
323
279
368
234
395
230
368
234
396
229
368
234
398
229
368
234
394
231
274
166
305
166
64
209
114
204
64
209
112
204
250
289
283
280
82
206
129
201
82
206
130
203
82
206
130
202
375
232
403
229
375
232
404
229
364
233
391
228
435
159
461
158
262
287
298
278
566
219
591
217
566
219
591
218
566
219
590
219
566
219
590
218
566
219
590
217
403
221
430
217
403
221
432
215
403
221
430
218
403
221
429
217
403
221
431
217
403
221
431
218
403
221
430
215
403
221
432
216
403
221
431
215
412
220
440
215
412
220
439
215
412
220
441
216
412
220
439
216
412
220
440
216
412
220
440
214
412
220
438
216
412
220
439
217
559
204
584
202
559
204
583
203
559
204
582
202
411
299
434
291
280
282
310
273
280
282
317
273
280
282
309
273
272
281
306
272
272
281
309
272
380
232
403
229
380
232
404
229
354
284
383
276
354
284
382
278
372
235
399
231
418
212
445
208
418
212
446
208
476
258
501
253
411
218
439
215
411
218
438
215
411
218
440
214
411
218
438
216
411
218
438
212
361
281
388
275
361
281
390
273
365
223
390
220
365
223
391
218
365
223
392
218
365
223
390
219
353
217
380
214
563
193
588
191
386
232
412
228
386
232
411
228
442
193
468
192
408
221
435
218
408
221
436
218
408
221
435
219
408
221
436
217
408
221
433
218
273
282
304
274
273
282
310
273
273
282
309
273
270
165
303
165
505
184
529
182
505
184
530
182
416
213
442
209
416
213
443
209
416
213
443
210
272
283
302
275
272
283
304
274
272
283
301
275
416
171
441
171
416
171
442
170
381
302
409
294
381
302
410
294
371
232
396
228
371
232
400
227
371
232
395
229
371
232
396
229
371
232
400
228
371
232
398
229
371
232
398
228
371
232
401
227
371
232
399
228
392
269
419
264
366
221
394
217
366
221
393
218
366
221
391
218
366
221
392
218
366
221
393
217
453
195
476
194
404
232
431
229
561
189
585
188
561
189
585
189
90
207
137
202
90
207
136
202
292
290
319
281
292
290
323
282
292
290
322
280
292
290
320
281
292
290
324
280
444
263
468
258
444
263
469
258
404
218
432
215
404
218
430
215
404
218
431
215
478
263
501
258
478
263
500
258
478
263
504
258
478
263
502
258
478
263
497
258
552
202
576
200
552
202
577
200
412
172
438
171
246
138
277
139
252
283
289
273
267
165
299
163
417
170
441
171
417
170
442
170
407
233
433
230
407
233
434
230
407
233
433
229
430
237
455
235
430
237
455
234
445
193
470
192
468
259
494
254
468
259
496
254
468
259
495
255
355
283
383
276
308
322
338
312
308
322
338
313
289
290
319
281
289
290
322
280
289
290
320
281
289
290
324
280
369
220
394
217
369
220
395
217
502
186
526
183
502
186
527
184
528
220
553
216
528
220
553
218
273
152
305
151
273
152
304
151
273
152
305
152
274
133
306
132
268
283
304
274
268
283
301
275
499
189
523
188
504
183
529
182
504
183
528
182
565
220
589
219
565
220
588
218
565
220
590
219
565
220
590
220
565
220
590
218
565
220
590
217
362
217
387
213
362
217
388
213
522
221
546
219
91
214
138
209
91
214
139
209
419
177
445
176
419
177
444
177
303
304
334
295
303
304
333
295
306
305
334
295
410
210
438
206
410
210
436
205
473
261
498
256
473
261
496
257
473
261
496
256
473
261
492
256
473
261
493
256
565
221
589
219
565
221
588
218
565
221
590
219
565
221
590
220
565
221
590
218
565
221
590
217
425
224
453
220
425
224
455
221
425
224
454
221
425
224
453
221
425
224
451
220
364
217
390
214
364
217
390
213
566
203
591
202
556
251
581
248
556
251
580
248
556
251
580
249
556
251
580
250
554
258
578
255
544
195
569
193
277
152
308
152
277
152
309
151
277
152
309
152
416
223
443
218
416
223
443
219
416
223
442
219
299
303
327
294
299
303
326
294
411
170
437
169
266
157
299
156
266
157
298
155
430
229
455
227
414
270
440
266
392
231
418
229
392
231
418
228
392
231
419
229
392
231
416
229
392
231
412
228
392
231
413
227
392
231
418
227
392
231
414
228
392
231
414
229
392
231
415
229
521
220
546
217
414
271
440
266
529
216
553
214
529
216
553
216
529
216
554
215
529
216
553
215
529
216
554
214
566
221
591
217
566
221
589
219
566
221
591
218
566
221
588
218
566
221
590
219
566
221
590
220
566
221
590
218
566
221
590
217
351
288
378
280
351
288
380
280
351
288
378
281
351
288
379
282
372
231
396
228
372
231
400
227
372
231
403
227
372
231
396
229
372
231
400
228
372
231
398
227
372
231
398
229
372
231
398
228
372
231
401
227
372
231
399
228
447
261
473
257
414
219
440
215
414
219
441
216
414
219
440
216
392
230
418
228
392
230
416
225
392
230
413
227
392
230
419
226
392
230
418
227
392
230
414
228
484
263
505
258
484
263
506
258
484
263
504
258
564
192
588
191
283
309
309
300
283
309
308
300
537
256
561
253
537
256
561
254
533
215
557
212
533
215
557
213
533
215
558
213
523
222
548
219
413
218
440
215
413
218
439
215
413
218
440
214
479
262
498
257
479
262
501
258
479
262
500
258
479
262
502
258
530
278
554
274
382
291
411
283
532
220
555
219
419
219
447
217
378
278
406
271
378
278
405
271
273
284
307
276
273
284
308
276
273
284
302
275
273
284
310
275
273
284
301
275
416
220
443
218
416
220
443
216
416
220
444
217
498
188
523
188
562
190
585
189
304
322
333
312
278
147
310
146
419
226
448
223
558
187
582
185
558
187
583
185
279
282
310
273
279
282
317
273
279
282
309
273
356
216
382
212
490
249
513
245
308
321
338
312
353
218
380
214
397
233
423
228
397
233
422
230
397
233
421
228
360
293
390
286
360
293
388
285
360
293
389
285
495
177
520
176
495
177
520
175
500
171
524
171
507
183
531
182
507
183
532
182
559
190
585
188
559
190
583
188
559
190
582
190
557
200
581
197
526
211
550
211
526
211
551
211
482
260
502
256
288
146
321
146
296
290
323
282
296
290
322
280
296
290
324
280
274
152
306
151
274
152
305
151
274
152
308
152
274
152
305
152
478
262
498
257
478
262
501
258
478
262
500
258
353
215
378
212
353
215
379
211
408
220
435
218
408
220
436
217
408
220
433
217
565
191
588
191
561
191
585
188
561
191
585
189
500
230
526
226
528
218
552
217
528
218
553
214
528
218
553
216
528
218
553
215
522
222
547
219
409
219
438
215
409
219
436
217
289
288
319
279
289
288
320
279
289
288
318
279
289
288
323
279
370
233
395
229
370
233
395
230
370
233
396
229
370
233
400
228
370
233
398
229
370
233
398
228
370
233
399
228
401
232
428
229
444
194
471
193
444
194
470
192
351
215
377
212
351
215
378
212
480
261
502
256
501
171
524
171
501
171
525
171
396
235
419
231
396
235
422
231
396
235
423
231
396
235
420
231
406
174
431
173
406
174
432
173
406
174
433
172
352
284
380
275
548
193
572
191
548
193
573
189
548
193
572
190
470
258
494
254
470
258
496
254
263
157
297
156
196
306
234
292
419
212
446
209
419
212
446
208
62
209
112
204
499
169
523
167
529
217
553
216
529
217
554
215
529
217
553
215
529
217
554
214
356
282
385
275
279
281
306
272
279
281
309
272
279
281
310
273
279
281
309
273
557
199
581
197
507
181
531
182
499
173
522
171
422
223
450
219
555
250
580
248
415
277
442
272
415
277
442
273
415
277
441
272
365
238
392
234
365
238
392
235
554
254
578
252
554
254
579
251
554
254
578
250
554
254
578
251
403
175
431
173
417
181
445
178
529
275
553
271
507
220
533
216
507
220
533
219
507
220
533
218
507
220
533
217
264
158
298
157
264
158
296
155
264
158
297
156
488
249
513
245
488
249
512
245
369
301
398
293
366
227
393
223
389
229
416
225
389
229
413
227
389
229
418
227
389
229
412
227
430
243
455
238
356
284
383
276
356
284
384
277
375
280
403
273
475
250
500
245
422
226
448
223
428
264
453
259
287
134
318
135
287
134
319
136
364
239
392
234
364
239
392
235
364
239
391
236
364
239
390
236
269
281
306
272
528
209
553
208
528
209
553
207
567
218
591
217
567
218
590
217
289
146
321
146
560
189
585
188
560
189
583
188
371
233
395
230
371
233
396
229
371
233
400
228
371
233
398
229
387
270
412
266
387
270
412
265
272
282
304
274
272
282
310
273
272
282
309
273
429
258
453
254
429
258
455
254
342
188
371
185
80
206
128
203
80
206
127
203
531
216
555
215
279
288
311
280
412
218
440
215
412
218
439
215
412
218
438
215
412
218
439
216
412
218
440
214
281
286
311
277
281
286
312
277
281
286
310
277
523
221
547
219
414
233
440
229
61
208
109
204
61
208
111
203
61
208
112
204
61
208
110
204
504
232
530
229
411
174
437
173
532
214
557
212
292
147
325
147
292
147
324
147
359
294
387
286
535
256
561
253
535
256
559
253
535
256
561
254
567
192
592
191
286
287
319
279
286
287
318
279
530
217
554
216
530
217
555
215
530
217
554
215
530
217
554
214
373
282
401
275
373
282
400
275
550
257
574
254
294
288
322
280
294
288
320
279
294
288
323
279
294
288
324
280
89
215
136
212
89
215
137
209
89
215
136
211
363
222
391
218
363
222
390
219
296
289
322
280
296
289
323
279
296
289
324
280
367
275
394
268
367
275
394
270
552
258
577
254
552
258
577
255
506
190
531
189
506
190
530
189
506
190
530
188
349
304
377
296
413
232
440
229
414
218
440
215
414
218
441
216
414
218
440
214
536
257
561
253
536
257
559
255
536
257
559
253
536
257
561
254
567
193
588
191
567
193
592
191
453
194
476
193
503
176
527
174
62
208
111
203
62
208
114
204
62
208
112
204
62
208
110
204
429
239
455
235
530
215
554
215
530
215
554
214
426
228
453
224
370
234
399
231
370
234
395
230
370
234
394
231
420
223
447
219
420
223
448
220
420
223
448
218
394
233
418
229
394
233
419
231
394
233
419
229
394
233
416
229
394
233
415
229
273
142
305
141
560
191
585
188
560
191
585
189
270
282
304
274
421
226
448
223
305
324
334
314
440
207
467
203
405
174
431
173
405
174
433
172
501
170
524
168
501
170
524
171
506
226
532
222
506
226
532
223
273
320
304
310
496
177
520
175
421
223
448
220
566
192
588
191
296
248
326
242
419
179
447
177
419
179
445
178
415
232
442
228
415
232
440
229
486
261
508
256
274
134
306
133
432
252
455
247
60
209
112
204
468
261
498
256
468
261
496
256
468
261
492
257
468
261
489
256
468
261
492
256
468
261
488
256
468
261
493
256
277
147
310
146
563
192
588
191
302
304
334
295
302
304
333
295
413
219
440
215
413
219
439
215
413
219
441
216
413
219
439
216
413
219
440
216
413
219
440
214
413
219
439
217
351
250
379
245
351
250
380
244
352
248
379
244
352
248
379
243
352
248
380
244
352
248
380
243
375
305
402
298
503
187
527
184
556
252
580
250
367
221
394
217
367
221
393
218
367
221
395
217
367
221
392
218
367
221
393
217
247
138
280
139
247
138
280
138
371
235
399
231
418
226
446
222
81
206
128
201
81
206
128
203
543
195
569
193
452
194
476
193
365
222
393
218
365
222
391
218
365
222
392
218
365
222
390
219
498
173
522
171
352
287
380
280
293
147
325
147
499
176
524
175
76
202
123
199
451
194
476
193
353
248
380
244
353
248
380
243
442
157
468
156
256
281
289
273
256
281
290
272
80
208
127
204
80
208
127
203
400
219
429
215
400
219
429
214
431
242
455
238
351
301
377
294
351
301
378
294
494
250
518
246
494
250
519
247
494
250
519
246
269
283
302
275
269
283
304
274
269
283
301
275
275
130
307
129
499
172
522
171
449
193
475
192
449
193
472
192
502
171
526
170
502
171
524
171
502
171
526
171
502
171
525
171
484
260
508
256
241
289
273
280
535
257
561
253
535
257
559
255
535
257
559
253
535
257
561
254
297
290
322
280
297
290
324
280
247
136
280
136
418
178
445
176
418
178
444
177
418
173
443
173
418
173
442
173
504
184
529
182
504
184
530
182
504
184
528
182
533
214
557
212
533
214
557
213
532
216
557
212
532
216
557
213
82
207
129
204
82
207
130
203
247
140
280
139
557
204
582
202
423
222
450
219
552
256
577
254
406
221
431
218
406
221
432
216
406
221
433
216
406
221
433
218
406
221
433
217
417
220
445
217
417
220
445
218
417
220
446
217
417
220
444
217
364
231
391
227
364
231
391
228
364
231
393
227
554
255
578
255
554
255
578
252
554
255
578
251
506
223
533
219
506
223
532
221
506
223
532
218
450
195
476
194
430
234
455
231
430
234
455
232
548
192
572
191
548
192
573
189
548
192
572
190
263
282
295
273
497
232
522
229
504
189
529
188
428
254
453
249
421
173
446
173
278
285
307
276
278
285
308
276
278
285
311
277
278
285
312
277
278
285
310
277
73
204
121
202
73
204
120
202
73
204
119
202
73
204
120
201
449
194
476
193
401
220
429
215
401
220
429
217
401
220
427
217
401
220
430
215
401
220
429
214
401
220
428
217
79
206
127
203
79
206
126
202
408
298
434
291
330
188
359
185
384
231
412
228
384
231
412
227
384
231
404
229
384
231
411
228
379
277
406
271
379
277
407
270
498
172
522
171
482
247
506
243
474
259
494
254
474
259
496
254
474
259
495
255
412
170
438
169
450
194
476
193
354
247
380
243
247
139
280
139
279
285
307
276
279
285
308
276
279
285
311
277
279
285
312
277
279
285
310
277
417
219
443
216
417
219
445
217
417
219
444
217
245
290
279
281
544
194
569
193
551
201
576
200
564
222
589
219
564
222
588
218
564
222
590
220
286
291
319
281
286
291
320
281
397
235
419
231
397
235
422
231
397
235
423
231
397
235
420
231
414
274
439
270
414
274
440
270
554
259
578
255
362
223
390
219
247
290
281
281
247
290
283
280
408
233
433
230
408
233
434
230
408
233
433
229
466
228
492
224
466
228
493
224
364
289
393
281
410
217
438
212
483
263
505
258
483
263
506
258
483
263
504
258
295
288
323
279
295
288
324
280
405
175
432
173
415
215
441
211
415
215
443
210
288
139
319
140
416
231
441
227
416
231
442
228
416
231
445
228
406
233
433
230
406
233
431
229
272
284
307
276
272
284
308
276
272
284
302
275
272
284
310
275
272
284
301
275
557
198
581
197
363
291
391
283
412
222
441
218
412
222
440
216
412
222
439
217
564
191
588
191
352
210
378
207
352
210
378
206
352
210
380
207
431
157
457
156
362
291
390
283
362
291
391
283
260
281
293
273
260
281
293
272
255
280
290
271
83
207
130
203
83
207
130
202
530
216
554
216
530
216
555
215
530
216
554
215
530
216
554
214
471
261
498
256
471
261
496
257
471
261
496
256
471
261
492
257
471
261
489
256
471
261
492
256
471
261
488
256
471
261
493
256
427
230
455
227
355
285
384
277
355
285
382
278
269
285
307
276
269
285
308
276
561
192
585
189
398
231
423
228
425
229
448
227
413
222
441
218
402
220
430
217
402
220
429
215
402
220
429
217
402
220
427
217
402
220
430
215
402
220
429
214
402
220
428
217
402
220
431
215
467
227
493
224
417
177
443
176
90
214
137
209
90
214
138
209
309
324
338
313
565
222
589
219
565
222
588
218
565
222
590
222
565
222
590
219
565
222
590
220
521
219
546
217
521
219
546
216
65
208
115
203
65
208
114
204
65
208
116
204
553
201
577
198
553
201
578
199
553
201
577
200
496
188
521
187
87
217
134
211
350
304
377
296
265
158
298
157
265
158
297
156
475
262
496
257
475
262
498
257
475
262
502
256
475
262
495
258
475
262
497
258
429
250
453
245
411
220
440
215
411
220
439
215
411
220
438
215
411
220
439
216
411
220
440
216
411
220
438
216
411
220
436
217
411
220
437
218
411
220
439
217
291
147
324
147
291
147
323
147
560
197
585
194
354
215
380
211
354
215
379
211
525
219
549
218
525
219
550
216
476
262
496
257
476
262
498
257
476
262
502
256
476
262
497
258
272
152
305
151
272
152
304
151
272
152
305
152
419
221
447
219
419
221
447
217
419
221
446
217
406
219
432
215
406
219
432
216
406
219
433
216
552
200
577
198
552
200
576
200
400
218
429
214
248
291
281
281
248
291
283
280
420
173
445
173
305
305
334
295
305
305
333
295
433
237
455
234
425
223
454
219
569
203
593
202
309
323
338
312
309
323
338
313
410
222
436
218
410
222
439
216
410
222
435
219
410
222
438
216
410
222
437
218
410
222
439
217
468
263
491
259
468
263
492
257
468
263
495
258
468
263
488
259
468
263
489
259
396
233
418
229
396
233
419
231
396
233
419
229
396
233
422
230
396
233
421
228
396
233
420
231
403
256
429
251
497
177
522
175
383
231
403
229
383
231
404
229
383
231
411
228
411
222
439
216
411
222
437
218
411
222
439
217
450
192
474
191
450
192
476
191
565
192
588
191
469
258
494
254
469
258
496
254
274
284
307
276
274
284
308
276
274
284
302
275
274
284
310
275
274
284
301
275
409
222
435
218
409
222
436
218
409
222
435
219
409
222
438
216
409
222
436
217
409
222
437
218
353
249
380
244
442
171
468
170
449
263
473
257
478
261
498
256
478
261
498
257
478
261
502
256
276
152
308
152
276
152
309
152
298
290
324
280
276
285
307
276
276
285
308
276
276
285
311
277
276
285
312
277
276
285
310
277
380
276
407
269
402
222
430
217
402
222
430
218
402
222
429
217
402
222
431
217
402
222
428
217
81
208
128
203
477
260
498
256
183
121
221
125
352
221
380
217
352
221
378
217
528
215
553
214
