S28_01.png
S28_02.png
396
207
120
112
405
204
69
124
405
204
67
125
405
204
68
123
405
204
68
124
405
204
68
125
405
204
103
112
405
204
104
112
405
204
105
112
405
204
107
112
405
204
106
112
405
204
108
112
404
202
69
124
404
202
67
125
404
202
68
123
404
202
68
124
404
202
103
112
404
202
104
112
404
202
105
112
404
202
107
112
404
202
106
112
404
202
108
112
404
202
236
108
404
202
239
108
404
202
238
108
404
202
250
111
405
203
69
124
405
203
67
125
405
203
68
123
405
203
68
124
405
203
68
125
405
203
103
112
405
203
104
112
405
203
105
112
405
203
107
112
405
203
106
112
405
203
108
112
405
203
239
108
405
203
238
108
404
204
69
124
404
204
67
125
404
204
68
123
404
204
68
124
404
204
68
125
404
204
101
112
404
204
103
112
404
204
104
112
404
204
105
112
404
204
107
112
404
204
106
112
404
204
108
112
404
204
238
108
402
201
107
112
402
201
106
112
402
201
108
112
402
201
120
112
402
201
121
112
402
201
122
112
404
205
69
124
404
205
67
125
404
205
68
124
404
205
68
125
404
205
99
112
404
205
100
112
404
205
101
112
404
205
103
112
404
205
104
112
404
205
105
112
404
205
107
112
404
205
106
112
404
205
108
112
408
204
69
124
408
204
68
124
408
204
68
125
408
204
73
124
408
204
75
124
408
204
74
123
408
204
72
123
408
204
76
124
408
204
104
112
408
204
105
112
408
204
107
112
408
204
106
112
408
204
108
112
408
203
69
124
408
203
68
124
408
203
68
125
408
203
75
124
408
203
74
123
408
203
76
124
408
203
103
112
408
203
104
112
408
203
105
112
408
203
107
112
408
203
106
112
408
203
108
112
407
204
69
124
407
204
67
125
407
204
68
123
407
204
68
124
407
204
68
125
407
204
75
124
407
204
72
123
407
204
103
112
407
204
104
112
407
204
105
112
407
204
107
112
407
204
106
112
407
204
108
112
408
205
69
124
408
205
67
125
408
205
68
124
408
205
68
125
408
205
73
124
408
205
75
124
408
205
76
124
410
201
75
124
410
201
72
123
410
201
76
124
410
203
69
124
410
203
75
124
410
203
74
123
410
203
72
123
410
203
76
124
487
181
123
134
