Test1501_blur4.jpg
Test1500.jpg
545
212
503
214
545
212
509
214
545
212
506
215
545
212
508
215
545
212
509
215
545
212
508
216
545
212
511
209
545
212
510
211
545
212
510
213
545
212
510
212
545
212
511
210
545
213
509
214
545
213
506
215
545
213
508
215
545
213
509
215
545
213
508
216
545
213
508
217
545
213
509
217
545
213
506
218
545
213
511
209
545
213
510
211
545
213
510
213
545
213
510
212
545
213
511
210
548
207
509
207
548
207
510
208
548
207
513
205
548
207
511
209
548
207
511
207
548
207
512
206
548
207
511
210
547
209
510
208
547
209
511
209
547
209
511
207
547
209
510
211
547
209
510
212
547
209
511
210
546
211
509
214
546
211
506
215
546
211
508
215
546
211
509
215
546
211
511
209
546
211
510
211
546
211
510
213
546
211
510
212
546
211
511
210
547
211
509
214
547
211
506
215
547
211
508
215
547
211
509
215
547
211
508
216
547
211
511
209
547
211
510
211
547
211
510
213
547
211
510
212
547
211
511
210
546
210
510
208
546
210
511
209
546
210
510
211
546
210
510
213
546
210
510
212
546
210
511
210
547
210
510
208
547
210
511
209
547
210
510
211
547
210
510
213
547
210
510
212
547
210
511
210
546
212
509
214
546
212
506
215
546
212
508
215
546
212
509
215
546
212
508
216
546
212
508
217
546
212
511
209
546
212
510
211
546
212
510
213
546
212
510
212
546
212
511
210
560
220
523
217
560
220
523
221
560
220
522
221
560
220
523
222
560
220
522
222
556
221
518
225
556
221
517
226
556
221
518
224
561
221
525
219
561
221
523
222
561
221
525
222
556
224
518
225
556
224
518
224
