1_1_l.jpg
1_1_r.jpg
348
270
182
252
366
313
201
296
366
313
200
296
367
313
201
296
369
313
204
297
369
313
203
297
370
313
205
297
370
313
204
297
370
313
204
298
373
314
207
298
373
314
206
298
373
316
206
299
373
316
207
299
373
316
207
298
372
315
205
298
372
315
206
299
372
315
206
298
371
315
205
297
371
315
205
298
371
315
204
298
370
314
205
297
370
314
204
297
370
314
203
297
370
314
204
298
372
314
205
297
372
314
205
298
372
314
206
298
373
315
206
299
373
315
207
298
373
315
206
298
371
314
205
297
371
314
204
297
371
314
205
298
371
314
204
298
375
315
208
300
375
315
208
299
376
316
209
299
376
316
209
300
377
317
210
300
375
316
208
300
375
316
208
299
375
316
209
299
374
315
207
299
374
315
207
298
374
316
207
300
374
316
207
299
374
316
208
299
373
340
207
323
373
340
206
324
374
340
207
323
374
340
207
325
374
340
207
324
374
340
206
324
375
340
207
323
375
340
207
324
375
340
208
324
372
341
206
324
375
341
207
325
375
341
207
324
375
341
208
324
380
319
213
302
380
319
213
303
379
319
212
302
379
318
212
302
380
320
213
303
381
340
213
325
381
340
214
323
379
343
212
327
379
343
211
327
378
343
211
327
380
343
213
325
380
343
212
327
380
348
212
332
380
351
212
335
380
351
212
336
379
351
212
335
379
351
211
336
379
351
210
334
379
349
211
332
379
349
212
332
381
348
212
332
385
304
219
289
385
305
217
288
385
305
219
290
385
305
219
289
384
305
217
288
384
304
217
288
383
332
216
316
383
333
216
316
384
335
216
321
384
337
216
321
385
341
217
324
385
341
217
326
385
338
216
321
385
338
217
322
385
338
217
324
382
341
213
325
382
341
214
323
382
341
215
323
382
341
214
326
383
340
214
323
383
340
215
323
384
338
216
321
384
338
217
322
384
338
215
323
385
339
216
321
385
339
217
322
385
339
217
324
384
341
215
323
384
341
217
324
384
341
215
326
385
344
217
327
385
344
216
328
385
344
216
329
382
343
215
326
382
343
214
326
385
343
217
326
385
343
217
327
385
343
216
328
384
345
216
329
389
296
222
280
389
296
221
280
389
296
223
280
389
294
221
277
389
294
222
278
388
294
221
277
388
294
220
277
388
294
222
278
389
295
222
280
389
295
221
280
389
295
223
280
389
295
222
278
387
296
221
280
387
295
220
277
387
295
221
280
387
309
220
292
392
318
225
302
392
319
225
303
392
319
225
302
391
319
225
303
391
319
225
302
392
324
225
308
390
325
223
308
390
325
223
309
392
325
225
308
391
325
224
308
389
325
223
309
389
325
222
309
393
325
225
308
405
121
249
106
409
119
253
104
409
119
251
105
409
119
252
105
409
119
254
104
407
120
249
106
407
120
251
105
407
120
252
105
407
122
249
106
407
122
252
107
412
117
256
103
412
117
257
103
412
117
258
103
412
117
258
102
413
117
256
103
413
117
257
103
413
117
258
103
413
117
258
102
413
117
259
102
410
118
253
104
410
118
256
103
410
118
254
104
411
118
253
104
411
118
256
103
411
118
255
104
411
118
254
104
411
118
257
103
411
118
258
103
410
119
253
104
410
119
251
105
410
119
252
105
410
119
256
103
410
119
255
104
410
119
254
104
410
119
257
103
416
90
259
77
414
91
259
77
414
91
259
78
414
92
259
78
414
92
260
79
415
93
260
79
415
93
260
80
416
97
260
82
416
97
261
82
416
97
262
82
416
97
262
84
417
95
260
82
417
95
261
82
417
95
262
82
415
96
260
82
415
96
261
82
415
96
262
82
417
97
261
82
417
97
262
82
417
97
262
84
416
96
260
82
416
96
261
82
416
96
262
82
417
96
260
82
417
96
261
82
417
96
262
82
415
94
260
80
416
95
260
82
416
95
261
82
416
95
262
82
416
98
262
84
416
98
262
85
417
98
262
84
417
98
262
85
414
117
256
103
414
117
257
103
414
117
258
103
414
117
260
102
414
117
258
102
414
117
259
102
414
116
260
102
414
116
258
102
414
116
259
102
417
115
260
101
417
115
261
101
417
115
262
101
416
115
260
101
416
115
261
101
416
115
262
101
415
116
260
102
415
116
258
102
415
116
259
102
416
297
250
280
416
297
252
280
416
297
252
281
417
297
252
279
417
297
250
280
417
297
252
280
417
297
252
281
417
296
252
279
417
296
252
280
416
296
252
279
416
296
250
280
416
296
252
280
416
296
252
281
421
89
266
76
419
95
260
82
419
95
261
82
419
95
262
82
420
105
264
92
421
106
264
92
421
106
265
93
419
113
262
100
419
113
263
100
419
113
267
99
419
113
266
99
421
111
265
98
421
111
266
97
421
111
266
98
420
113
262
100
420
113
263
100
420
113
264
100
420
113
267
99
420
113
266
99
419
114
261
101
419
114
262
100
419
114
263
100
419
114
264
100
419
114
262
101
418
114
262
100
418
114
263
100
418
114
264
100
419
296
252
279
419
296
254
279
420
296
254
279
422
88
266
75
422
88
266
76
425
89
269
77
425
89
268
77
424
90
269
77
424
90
268
77
423
90
267
77
423
90
268
77
422
90
267
77
423
112
267
99
423
112
266
99
422
111
265
98
422
111
266
98
422
108
266
95
422
112
267
99
422
112
266
99
424
114
268
101
422
121
266
108
429
86
276
74
426
89
269
77
426
120
267
107
426
120
266
108
433
85
278
73
433
85
279
74
432
89
278
76
433
89
277
79
433
89
278
76
433
89
280
77
433
88
278
76
433
88
280
77
431
88
278
76
432
88
278
76
430
86
276
74
432
114
275
102
432
117
275
105
432
119
276
107
432
119
274
108
433
118
276
106
433
118
276
107
433
118
277
106
433
119
276
107
433
119
274
108
431
120
274
108
431
120
274
109
431
121
274
108
431
121
274
109
437
80
282
69
437
80
283
69
437
80
282
70
436
81
282
70
434
85
279
74
435
83
280
72
435
87
280
77
435
87
281
76
434
87
281
76
437
87
283
76
437
87
282
76
434
88
280
77
436
87
281
76
436
87
282
76
435
118
276
107
435
118
277
106
434
118
276
106
434
118
276
107
434
118
277
106
436
119
277
108
435
120
277
108
441
71
285
61
441
71
286
61
440
77
284
68
440
77
286
68
441
76
287
66
439
79
284
68
439
79
283
69
438
80
283
69
440
85
284
76
440
85
285
75
440
85
284
75
441
85
285
75
438
87
283
76
438
87
284
76
438
87
282
76
440
86
284
76
440
86
285
75
440
86
284
75
439
86
283
76
439
86
284
76
439
86
285
75
439
86
284
75
438
86
283
76
438
86
284
76
438
86
284
75
438
86
282
76
440
142
284
131
440
142
282
131
439
276
273
259
439
277
273
260
442
77
287
68
442
77
286
68
443
75
287
65
443
75
288
65
444
74
288
65
444
81
289
71
444
81
289
72
444
81
288
72
442
78
287
68
442
78
286
68
442
78
287
69
442
78
288
69
444
79
287
69
444
79
288
69
444
79
292
69
443
78
287
68
443
78
286
68
443
78
287
69
443
78
288
69
445
81
289
71
445
81
289
72
445
81
288
72
442
84
288
73
442
84
287
73
444
82
288
73
444
82
289
72
444
82
288
72
445
82
289
72
444
84
288
73
443
83
288
73
443
83
289
72
443
83
287
73
443
83
288
72
449
61
294
52
448
76
292
67
446
78
287
69
446
78
288
69
446
78
292
69
446
78
293
69
448
78
288
69
448
78
292
69
448
78
294
69
448
78
293
69
448
78
294
68
449
78
292
69
449
78
295
68
449
78
294
69
449
78
293
69
449
78
294
68
449
78
295
69
449
79
292
69
449
79
294
69
449
79
293
69
449
79
295
69
447
80
289
71
447
80
289
72
447
80
288
72
448
80
289
71
448
80
289
72
448
80
288
72
446
81
289
71
446
81
289
72
447
288
282
272
446
289
280
273
447
289
281
273
450
62
295
53
453
67
298
59
453
67
298
58
451
67
296
58
452
66
296
58
452
66
298
58
453
77
297
69
453
77
295
68
453
77
294
69
453
77
297
68
453
77
295
69
453
77
296
68
452
76
295
68
452
76
294
68
452
76
296
67
452
77
297
69
452
77
295
68
452
77
294
69
452
77
293
69
452
77
297
68
452
77
294
68
452
77
295
69
452
77
296
68
450
77
295
68
450
77
294
68
450
77
296
68
454
66
296
58
454
66
298
58
457
73
301
65
457
73
302
65
454
76
297
68
454
76
296
67
454
76
296
68
456
95
300
86
456
95
302
86
454
95
295
86
454
95
297
86
454
95
300
86
455
95
297
86
455
95
300
86
452
95
293
85
452
95
295
86
452
95
297
86
457
95
300
86
457
95
302
86
457
95
303
86
455
311
287
292
459
73
301
65
459
73
303
65
459
73
302
65
460
72
305
64
460
72
303
65
460
72
304
64
459
72
303
65
459
72
304
64
461
71
305
64
461
71
305
63
461
71
304
64
461
71
306
63
458
73
301
65
458
73
303
65
458
73
302
65
456
81
302
72
459
80
302
72
461
81
305
73
461
81
302
74
461
81
304
74
461
81
306
73
461
81
306
74
458
82
302
74
458
82
301
74
461
141
307
133
461
141
311
133
461
141
314
132
461
143
301
134
461
143
308
134
458
309
290
289
465
69
309
61
465
69
307
62
465
69
308
62
465
69
310
61
464
69
309
61
464
69
307
62
464
69
308
62
465
68
309
61
465
68
310
61
462
71
305
64
462
71
304
64
462
71
306
63
463
70
305
63
463
70
307
62
463
70
308
62
463
70
306
63
462
70
305
63
462
70
307
62
462
70
306
63
464
79
305
73
464
79
309
73
464
79
309
72
464
79
307
73
464
79
308
73
464
79
306
73
464
79
310
71
464
79
310
72
463
80
305
73
463
80
304
74
463
80
309
73
463
80
309
72
463
80
307
73
463
80
308
73
463
80
306
73
463
80
306
74
464
80
305
73
464
80
309
73
464
80
309
72
464
80
307
73
464
80
308
73
464
80
306
73
464
80
306
74
464
80
310
72
465
80
309
73
465
80
309
72
465
80
307
73
465
80
308
73
465
80
306
73
465
80
306
74
465
80
310
72
462
81
305
73
462
81
304
74
462
81
307
73
462
81
308
73
462
81
306
73
462
81
306
74
464
81
309
73
464
81
307
73
464
81
308
73
464
81
306
73
464
81
306
74
461
94
302
86
461
94
305
86
461
94
303
86
461
94
306
86
465
94
308
87
465
94
308
86
465
94
311
86
460
95
303
87
460
95
305
86
460
95
306
86
460
94
304
85
460
94
302
86
460
94
305
86
460
94
303
86
460
94
306
86
464
94
308
86
463
94
306
86
463
94
308
86
464
140
311
133
464
140
314
132
468
65
311
59
468
66
311
59
468
66
313
59
468
66
311
60
468
66
312
60
469
66
311
59
469
66
313
59
469
66
311
60
469
66
312
60
467
67
309
60
467
67
311
60
467
67
310
61
466
68
309
61
466
68
310
61
468
79
309
73
468
79
309
72
468
79
311
71
468
79
310
72
468
79
311
72
468
78
309
72
468
78
310
71
468
78
311
71
468
78
310
72
468
78
311
72
466
78
309
72
466
78
310
71
466
78
311
71
466
78
310
72
466
79
309
73
466
79
309
72
466
79
307
73
466
79
308
73
466
79
310
71
466
79
311
71
466
79
310
72
466
79
311
72
467
79
309
73
467
79
309
72
467
79
308
73
467
79
310
71
467
79
311
71
467
79
310
72
467
79
311
72
469
78
310
71
469
78
311
71
469
78
313
71
469
78
310
72
469
78
311
72
467
94
310
87
467
94
311
87
466
94
308
87
466
94
310
87
466
94
311
86
466
93
308
86
466
93
311
86
469
93
311
87
469
93
314
86
469
108
310
101
469
108
311
101
472
64
316
57
472
64
314
58
472
64
315
58
473
62
317
56
473
62
316
56
472
63
317
56
472
63
316
56
473
63
316
57
473
63
317
57
470
65
311
59
470
65
313
59
470
65
314
58
470
77
311
71
470
77
313
71
470
77
314
70
471
77
313
71
471
77
314
71
471
77
314
70
473
75
315
69
473
75
316
69
473
75
314
70
472
76
313
71
472
76
315
69
472
76
316
69
472
76
314
71
472
76
314
70
470
78
311
71
470
78
313
71
470
78
311
72
470
78
314
71
470
108
311
101
477
60
319
55
475
61
317
56
475
61
316
56
475
61
319
55
474
62
317
56
474
62
316
56
477
69
319
64
477
69
321
63
477
69
320
63
476
73
317
68
476
73
319
67
476
73
318
68
477
72
320
66
477
72
319
67
477
72
321
66
474
75
315
69
474
75
316
69
474
75
314
70
475
74
315
69
475
74
317
68
475
74
316
69
475
74
318
68
474
74
315
69
474
74
317
68
474
74
316
69
476
139
314
132
475
140
307
133
475
140
311
133
475
140
314
132
481
69
324
64
481
69
323
64
478
68
321
63
478
68
320
63
479
71
321
65
479
71
320
66
479
71
321
66
479
71
322
65
480
70
321
65
480
70
322
65
479
93
319
87
483
64
325
60
483
68
324
64
483
68
325
63
483
68
326
63
482
69
324
64
482
69
323
64
484
67
325
63
484
67
326
63
485
66
325
62
485
66
326
62
485
66
328
62
485
66
327
62
482
68
324
64
482
68
325
63
482
68
326
63
486
66
326
62
486
66
328
62
486
66
327
62
488
92
329
87
488
92
328
87
485
92
324
87
485
92
325
87
487
132
325
126
487
132
328
126
487
132
331
126
484
132
325
126
484
132
328
126
507
129
339
125
507
129
342
125
507
130
339
126
507
130
342
126
507
130
345
126
512
103
368
101
513
106
349
104
513
107
348
105
513
107
349
105
512
128
345
125
512
129
342
126
512
129
345
126
513
129
342
126
513
129
345
126
517
102
330
101
517
102
331
101
517
102
354
101
517
102
355
101
514
128
345
125
520
128
345
125
520
128
347
125
520
128
348
125
530
104
364
104
528
104
364
104
531
103
368
103
531
103
369
103
531
103
366
103
531
103
364
103
532
103
368
103
532
103
369
103
532
103
366
103
532
103
364
103
533
103
368
103
533
103
369
103
533
103
366
103
533
103
364
104
528
103
364
103
531
104
364
104
528
105
364
105
529
105
364
105
531
105
364
105
534
101
368
101
536
100
368
101
541
94
373
96
538
95
371
96
538
95
372
96
540
96
372
97
539
95
373
96
