Test120_rot.jpeg
Test124_rot.jpeg
274
161
286
145
302
87
338
88
497
168
484
244
497
168
484
243
344
105
372
120
344
105
372
122
344
105
371
120
344
105
371
121
344
105
374
121
344
105
373
121
344
105
373
122
431
215
404
258
431
215
403
260
431
215
403
258
431
215
402
259
431
215
403
256
431
215
404
257
318
103
349
109
318
103
348
108
318
103
346
107
331
233
305
232
482
115
490
189
482
115
491
190
356
105
382
127
356
105
382
128
356
105
383
127
356
105
381
128
419
189
404
227
419
189
406
231
419
189
404
230
419
189
405
231
324
98
348
103
324
98
357
107
324
98
352
105
336
103
366
116
336
103
366
117
480
165
468
233
276
162
286
145
276
162
288
145
384
67
425
103
384
67
424
103
390
68
430
106
382
191
370
215
335
224
314
225
335
224
314
226
335
224
313
225
335
224
316
225
242
279
208
239
242
279
207
239
242
279
208
236
242
279
207
238
242
279
206
236
473
60
508
134
235
252
211
209
243
243
221
204
401
63
442
107
401
63
441
107
293
163
299
152
293
163
301
152
314
98
348
103
461
158
456
220
387
68
425
106
385
62
425
100
453
39
497
107
453
39
499
109
453
39
498
109
453
39
498
108
453
39
499
106
453
39
499
108
453
39
500
107
201
94
247
54
201
94
249
55
455
40
501
109
455
40
499
109
455
40
498
109
455
40
501
111
455
40
498
108
455
40
501
108
455
40
500
110
455
40
502
110
455
40
499
108
455
40
500
107
455
40
500
111
455
40
500
109
258
283
219
247
457
35
504
105
457
35
505
105
457
35
505
104
457
35
504
107
457
35
504
106
469
56
504
131
481
166
468
235
481
166
467
235
202
98
245
55
202
98
248
57
315
91
356
100
382
190
370
215
248
313
197
269
385
63
426
101
325
236
301
231
325
236
301
232
199
142
225
94
244
282
208
239
244
282
207
239
244
282
206
241
244
282
207
241
244
282
207
238
315
97
353
103
315
97
352
103
315
97
354
104
200
99
245
55
258
62
312
47
362
198
351
214
362
198
349
213
362
198
348
213
362
198
349
212
362
198
348
215
362
198
349
211
362
198
348
214
362
198
350
211
362
198
350
210
384
62
425
100
337
101
368
115
337
101
368
116
502
139
501
217
334
223
313
225
327
235
301
232
481
118
490
192
481
118
490
191
303
87
338
88
385
190
374
216
475
167
464
233
475
167
466
231
475
167
468
233
475
167
466
234
332
131
350
140
386
178
379
206
422
185
410
228
425
188
411
229
425
188
411
234
325
232
301
231
445
41
489
106
445
41
490
106
445
41
489
105
472
59
507
133
472
59
508
134
472
59
504
135
386
70
425
106
386
70
425
107
386
70
424
106
386
70
424
107
291
164
299
152
291
164
301
152
423
29
475
84
360
197
348
213
360
197
349
212
360
197
347
213
360
197
348
210
360
197
347
209
360
197
349
210
360
197
347
212
360
197
348
214
313
103
346
107
313
103
344
107
363
108
388
133
363
108
387
132
470
57
505
132
470
57
506
131
458
151
457
213
458
151
456
212
458
151
455
212
458
151
457
212
349
102
377
120
325
242
301
235
325
242
299
238
325
242
300
237
271
219
258
194
273
217
260
192
273
217
259
191
244
280
208
239
244
280
207
239
244
280
208
236
244
280
207
241
244
280
207
238
458
156
454
216
458
156
453
215
458
156
453
216
356
106
382
127
356
106
382
128
356
106
381
128
196
100
239
53
446
40
491
105
446
40
489
106
446
40
492
105
446
40
490
106
304
140
320
136
300
87
336
88
300
87
335
87
300
87
337
87
300
87
338
88
300
87
333
87
461
155
457
217
316
103
349
109
316
103
348
108
316
103
346
107
443
40
488
104
443
40
486
105
308
84
340
86
308
84
340
87
308
84
344
87
308
84
343
86
308
84
344
86
308
84
345
87
308
84
341
87
330
220
312
219
424
186
411
229
424
186
410
228
317
93
352
100
296
87
335
87
296
87
337
87
296
87
338
88
462
159
456
220
254
263
223
228
254
263
224
228
299
223
282
210
333
231
307
231
333
231
305
232
389
61
431
100
310
104
341
106
403
35
455
83
359
193
347
208
359
193
348
207
359
193
347
210
359
193
348
206
359
193
348
210
359
193
347
209
359
193
348
209
403
68
441
119
403
68
441
113
403
68
441
112
403
68
440
112
509
141
507
223
509
141
508
223
336
224
314
226
336
224
316
225
315
98
352
103
315
98
348
103
315
98
345
102
329
242
299
240
329
242
300
239
363
104
389
127
363
104
390
127
363
104
388
128
363
104
388
127
363
104
389
128
363
104
390
128
357
193
347
207
357
193
348
206
255
262
225
226
255
262
224
228
328
104
357
113
328
104
356
112
328
104
358
114
242
248
218
207
242
248
219
206
242
248
219
209
242
248
217
209
242
248
218
208
242
248
219
207
319
92
356
100
319
96
353
103
319
96
356
102
319
96
354
104
319
96
355
104
319
96
358
104
316
91
356
100
489
123
495
198
469
62
503
135
469
62
504
134
469
62
503
136
469
62
504
135
509
166
496
246
386
190
374
216
312
127
331
128
312
127
334
129
312
127
335
128
312
127
335
129
292
159
301
149
292
159
302
151
292
159
299
150
292
159
303
149
292
159
303
150
299
219
285
208
249
313
197
269
308
82
342
85
308
82
341
85
308
82
343
86
308
82
344
85
308
82
344
86
308
82
350
87
360
205
345
217
360
205
345
214
360
205
345
215
337
221
317
224
337
221
319
222
457
158
451
217
457
158
451
216
338
103
367
117
455
43
497
109
455
43
499
109
455
43
497
113
455
43
498
114
455
43
501
111
455
43
498
111
455
43
500
110
455
43
499
114
455
43
500
111
455
43
498
112
455
43
499
112
455
43
498
110
455
43
500
109
416
190
401
228
416
190
401
229
416
190
396
226
416
190
397
225
416
190
402
228
416
190
398
226
416
190
397
226
286
194
282
178
430
215
404
258
430
215
402
258
430
215
403
258
430
215
402
259
430
215
402
256
430
215
403
256
430
215
404
257
430
215
401
258
242
247
218
207
242
247
219
206
242
247
219
205
242
247
218
208
242
247
219
207
370
40
420
73
153
124
190
59
153
124
190
58
335
104
364
117
335
104
365
117
207
97
249
57
207
97
250
56
207
97
251
56
207
97
251
57
360
202
345
217
360
202
345
214
360
202
346
216
360
202
345
215
360
202
345
213
375
135
387
161
375
135
388
161
310
82
342
85
310
82
341
85
310
82
343
86
310
82
344
85
310
82
344
86
331
217
312
219
331
217
313
218
443
39
489
103
443
39
487
104
443
39
488
103
443
39
486
104
455
41
501
109
455
41
497
109
455
41
499
109
455
41
498
109
455
41
501
111
455
41
498
108
455
41
501
108
455
41
498
111
455
41
500
110
455
41
502
110
455
41
499
108
455
41
500
111
455
41
499
112
455
41
498
110
455
41
500
109
359
103
386
126
335
220
315
222
335
220
317
221
260
247
234
218
294
159
304
150
294
159
302
151
294
159
303
149
294
159
303
150
294
159
302
152
287
204
278
188
512
164
499
246
512
164
497
245
512
164
500
246
478
165
468
230
478
165
468
233
417
191
401
228
417
191
401
229
417
191
403
231
417
191
402
228
417
191
397
227
417
191
398
226
417
191
397
226
330
217
313
218
361
195
349
213
361
195
348
213
361
195
351
208
361
195
352
208
361
195
349
212
361
195
350
209
361
195
349
211
361
195
349
210
361
195
348
214
361
195
350
211
361
195
350
210
503
136
503
216
495
173
480
247
257
280
220
245
360
204
345
217
360
204
345
214
360
204
345
215
259
254
231
222
462
151
460
212
462
151
460
213
462
151
460
214
422
195
404
238
391
71
428
111
326
243
299
238
326
243
300
237
338
222
318
225
469
61
503
135
469
61
504
134
469
61
504
135
348
105
376
120
344
103
373
121
411
189
396
226
411
189
397
225
411
189
397
227
411
189
398
226
411
189
397
226
470
56
505
132
470
56
504
131
470
56
506
130
277
162
289
145
277
162
290
146
277
162
288
145
378
187
368
213
378
187
369
211
387
66
427
104
361
107
386
131
313
81
344
85
313
81
352
87
313
81
350
87
299
220
282
207
299
220
285
208
453
43
497
109
453
43
496
113
453
43
497
113
453
43
498
109
453
43
498
111
453
43
498
112
453
43
498
110
453
43
496
112
253
65
305
47
339
101
368
115
463
155
458
216
463
155
458
218
463
155
459
217
463
155
459
218
463
155
458
217
457
156
454
216
457
156
453
215
457
156
453
216
457
156
452
214
453
46
496
113
453
46
494
112
453
46
495
112
453
46
494
115
453
46
494
113
453
46
496
112
402
35
454
82
402
35
455
82
348
104
375
121
348
104
376
122
348
104
376
120
341
131
358
144
360
194
349
213
360
194
348
213
360
194
348
207
360
194
351
208
360
194
349
212
360
194
347
210
360
194
350
209
360
194
348
210
360
194
347
209
360
194
349
211
360
194
349
210
360
194
347
212
360
194
348
214
360
194
350
211
360
194
350
210
360
194
348
209
452
48
493
113
452
48
494
115
452
48
494
113
388
64
428
103
359
195
347
208
359
195
348
207
359
195
347
213
359
195
347
210
359
195
348
210
359
195
347
209
359
195
346
211
359
195
347
212
359
195
348
209
359
195
346
212
379
191
368
213
379
191
369
215
379
191
367
217
208
96
253
57
208
96
250
56
208
96
254
56
208
96
251
56
208
96
251
57
208
96
254
57
463
151
460
214
317
104
343
107
317
104
349
109
317
104
344
107
359
217
338
229
337
240
308
241
303
85
340
86
303
85
339
86
303
85
341
85
303
85
340
87
303
85
344
87
303
85
343
86
303
85
344
86
303
85
345
87
303
85
341
87
293
160
304
150
293
160
302
151
293
160
301
152
293
160
303
150
293
160
302
152
341
139
354
150
458
61
493
130
458
61
493
129
345
103
375
119
258
280
220
245
301
81
343
83
301
81
348
85
301
81
346
84
301
81
344
85
412
188
395
223
412
188
394
223
412
188
397
225
412
188
398
226
412
188
396
224
412
188
397
226
251
283
211
244
251
283
213
244
291
159
301
149
291
159
302
151
291
159
299
150
291
159
302
148
257
263
226
228
329
241
299
238
329
241
300
239
417
192
401
228
417
192
401
229
417
192
397
227
417
192
396
227
304
87
338
88
502
138
501
217
394
74
430
115
394
74
431
114
394
74
430
114
203
96
247
54
256
260
226
226
385
65
426
102
378
186
368
213
378
186
369
211
378
186
369
210
378
186
370
211
200
141
225
94
499
139
498
217
499
139
498
216
361
196
349
213
361
196
348
213
361
196
349
212
361
196
350
209
361
196
348
215
361
196
349
211
361
196
349
210
361
196
348
214
361
196
350
211
361
196
350
210
402
62
442
107
402
62
441
107
402
62
442
108
456
49
497
118
456
49
497
115
456
49
498
116
456
49
497
117
456
49
496
119
456
49
497
116
456
49
496
116
456
49
496
115
456
49
495
119
456
49
496
118
456
49
495
118
456
49
498
117
456
49
496
117
503
120
509
201
244
281
208
239
244
281
207
239
244
281
206
241
244
281
207
241
244
281
207
238
393
72
431
112
153
115
192
53
153
115
194
51
153
115
193
53
153
115
193
52
153
115
191
53
153
115
193
51
336
230
310
232
453
40
497
107
453
40
497
109
453
40
499
109
453
40
498
109
453
40
498
108
453
40
499
106
453
40
499
108
453
40
498
110
348
102
376
120
252
256
224
222
346
105
375
119
346
105
374
123
346
105
374
121
373
136
385
160
373
136
386
160
373
136
384
162
373
136
384
161
333
221
315
222
333
221
312
223
154
112
194
51
154
112
193
52
154
112
193
51
247
313
197
269
480
167
468
235
480
167
467
235
293
154
304
145
327
240
299
238
327
240
300
237
259
299
213
262
510
165
497
245
367
139
378
162
301
85
340
86
301
85
342
85
301
85
339
86
301
85
341
85
301
85
340
87
301
85
344
87
301
85
343
86
301
85
344
86
301
85
345
87
301
85
341
87
386
64
426
102
386
64
427
101
336
218
317
221
336
218
320
220
323
99
360
109
323
99
357
107
323
99
355
107
323
99
357
108
362
103
389
127
362
103
390
127
362
103
388
128
362
103
388
127
409
190
394
227
409
190
396
226
409
190
397
227
409
190
396
227
417
189
401
228
417
189
404
230
417
189
402
228
417
189
398
226
194
132
224
82
194
132
223
81
260
281
221
246
153
114
194
51
153
114
193
52
153
114
193
51
314
104
341
106
314
104
343
107
314
104
346
109
314
104
344
108
314
104
344
107
455
36
504
105
455
36
501
107
455
36
502
106
455
36
504
107
455
36
501
106
455
36
504
106
286
193
282
178
295
87
335
87
295
87
337
87
295
87
338
88
380
76
417
111
380
76
416
110
380
76
416
111
444
41
489
105
378
185
369
211
378
185
369
210
331
104
360
115
331
104
357
113
331
104
361
115
331
104
358
114
244
256
217
212
244
256
216
215
244
256
217
213
244
256
217
217
244
256
216
214
464
156
458
219
464
156
458
218
464
156
459
217
464
156
459
218
464
156
458
217
332
104
360
115
332
104
361
115
339
104
369
119
339
104
368
119
339
104
369
120
346
103
375
119
455
159
450
217
325
243
299
238
325
243
300
237
379
187
370
211
421
31
473
87
423
186
410
228
510
139
508
223
510
139
509
222
409
191
394
227
409
191
394
228
409
191
393
228
409
191
396
227
430
216
404
258
430
216
402
258
430
216
403
258
430
216
402
259
430
216
402
256
430
216
403
256
430
216
404
257
430
216
401
258
430
216
402
260
395
29
452
75
395
29
450
74
401
234
370
259
401
234
370
260
401
234
369
261
401
234
370
258
359
198
345
214
359
198
347
213
359
198
345
211
359
198
347
210
359
198
346
216
359
198
346
211
359
198
345
215
359
198
347
212
359
198
345
213
359
198
346
212
338
221
317
224
423
185
411
229
423
185
410
228
204
100
247
58
204
100
248
58
453
44
496
113
453
44
497
113
453
44
494
112
453
44
495
112
453
44
498
111
453
44
498
110
453
44
496
112
511
123
513
208
245
281
208
239
245
281
207
239
245
281
207
241
245
281
207
238
466
60
502
132
466
60
502
131
466
60
501
132
303
84
340
86
303
84
342
85
303
84
339
86
303
84
341
85
303
84
340
87
303
84
344
87
303
84
343
86
303
84
344
85
303
84
344
86
303
84
345
87
303
84
341
87
447
42
491
108
447
42
492
107
447
42
490
107
360
198
348
213
360
198
347
213
360
198
346
211
360
198
347
212
360
198
346
212
152
122
190
59
152
122
190
58
152
122
190
57
258
253
231
219
467
57
503
130
467
57
502
131
343
128
361
142
381
190
369
215
381
190
370
215
360
193
348
207
360
193
349
212
360
193
347
210
360
193
350
209
360
193
348
210
360
193
347
209
360
193
349
211
360
193
349
210
360
193
350
211
360
193
350
210
360
193
348
209
403
67
441
113
403
67
441
111
403
67
441
112
403
67
440
112
403
67
442
109
424
185
411
229
424
185
412
228
424
185
410
228
291
161
302
151
291
161
299
150
291
161
299
152
291
161
301
152
291
161
302
152
316
92
356
100
205
91
252
50
342
104
372
120
342
104
370
120
342
104
371
120
342
104
371
121
342
104
370
119
421
189
404
227
421
189
406
231
421
189
405
231
335
223
314
225
335
223
313
225
361
199
349
213
361
199
348
213
361
199
347
213
361
199
348
215
361
199
346
216
361
199
348
214
402
63
441
109
402
63
442
107
402
63
441
107
402
63
442
108
402
63
442
109
302
140
318
135
302
140
320
136
302
140
317
135
302
140
319
136
320
100
352
107
151
120
189
57
151
120
191
54
151
120
190
56
151
120
190
57
207
88
254
49
363
107
388
133
363
107
388
128
363
107
387
132
415
190
401
228
415
190
401
229
415
190
396
226
415
190
397
225
415
190
397
227
415
190
398
226
415
190
397
226
153
117
192
53
153
117
192
54
153
117
191
54
153
117
190
56
153
117
193
53
153
117
193
52
153
117
192
55
377
185
368
210
377
185
368
211
377
185
368
209
335
128
353
140
456
155
453
215
456
155
453
216
456
155
452
214
455
46
496
113
455
46
497
115
455
46
497
113
455
46
498
114
455
46
497
116
455
46
496
116
455
46
496
115
455
46
499
114
455
46
498
112
455
46
499
112
455
46
496
112
335
227
313
228
431
207
408
249
431
207
407
252
333
219
315
219
333
219
315
218
333
219
312
223
362
191
351
208
362
191
352
208
362
191
350
209
362
191
349
211
362
191
349
210
362
191
350
210
202
100
247
58
206
95
251
55
410
189
396
226
410
189
397
225
410
189
397
227
410
189
396
227
410
189
398
226
410
189
397
226
360
206
345
217
357
109
382
130
357
109
381
132
341
103
371
120
341
103
370
119
477
168
468
235
477
168
468
233
477
168
466
234
477
168
467
235
337
133
350
142
360
200
346
217
360
200
345
214
360
200
347
213
360
200
346
216
360
200
345
215
360
200
345
213
380
191
369
217
380
191
369
215
380
191
370
215
375
134
387
161
375
134
388
161
381
191
369
217
381
191
369
215
381
191
370
215
309
84
344
87
206
94
253
53
334
231
310
232
307
127
329
126
307
127
331
128
307
127
330
128
307
127
328
126
315
79
357
86
487
125
493
200
490
122
496
198
394
73
431
114
394
73
431
113
458
157
453
216
244
277
208
236
313
79
343
82
313
79
356
85
313
79
355
86
313
79
357
86
313
79
355
85
429
216
404
258
429
216
402
258
429
216
403
258
429
216
402
259
429
216
402
256
429
216
403
256
429
216
404
257
429
216
401
258
429
216
402
260
255
259
226
224
272
217
258
192
272
217
258
191
272
217
259
191
343
104
372
120
343
104
371
120
343
104
371
121
261
217
250
191
336
102
366
116
511
165
499
246
511
165
497
245
476
125
481
194
338
223
319
225
338
223
318
225
277
161
289
145
277
161
290
146
277
161
288
145
312
129
334
130
312
129
333
130
294
163
301
152
297
262
263
244
310
83
342
85
310
83
344
87
310
83
343
86
310
83
344
86
310
83
345
87
463
159
456
220
506
136
506
217
336
217
315
222
336
217
317
221
336
217
320
220
328
243
299
238
328
243
299
240
328
243
300
239
242
250
216
211
242
250
218
212
242
250
217
209
242
250
218
208
242
250
217
210
320
94
356
102
320
94
358
104
358
170
357
186
358
170
357
187
270
219
256
193
200
143
225
94
334
218
315
219
374
118
393
146
374
118
392
146
389
71
428
109
477
165
468
230
477
165
466
231
477
165
467
230
367
35
423
66
367
35
421
67
367
35
423
67
248
314
197
269
377
136
388
163
513
162
498
243
513
162
499
244
254
264
223
228
417
193
401
229
257
254
230
219
321
104
353
112
321
104
349
110
321
104
350
111
321
104
348
110
390
75
426
113
482
114
493
188
301
84
340
86
301
84
342
85
301
84
339
86
301
84
341
85
301
84
344
87
301
84
343
86
301
84
344
85
301
84
344
86
301
84
345
87
320
97
354
104
320
97
355
104
320
97
358
104
330
104
357
113
330
104
356
112
330
104
358
114
511
162
498
243
511
162
499
244
316
102
348
108
248
282
211
244
248
282
209
243
309
129
334
130
446
38
491
104
348
100
377
118
208
97
253
57
208
97
251
56
208
97
251
57
199
144
225
94
360
207
345
217
318
96
353
103
318
96
352
103
318
96
356
102
318
96
354
104
318
96
355
104
318
96
358
104
328
242
299
238
328
242
300
237
248
283
211
244
248
283
209
243
503
118
509
201
193
131
222
80
193
131
224
82
193
131
223
81
151
122
189
57
151
122
190
56
236
248
213
206
242
275
207
232
445
40
490
104
445
40
489
106
445
40
489
105
363
196
351
214
363
196
349
213
363
196
352
212
345
104
375
119
345
104
374
121
345
104
373
121
345
104
373
122
330
230
306
230
481
119
490
192
481
119
490
191
275
163
286
145
446
42
490
107
446
42
490
106
468
64
503
135
468
64
503
136
513
164
499
246
513
164
500
246
477
49
516
126
403
66
441
113
403
66
441
111
403
66
441
112
403
66
440
112
403
66
442
109
391
69
429
108
347
133
363
149
481
117
490
192
481
117
490
191
420
190
404
227
420
190
406
231
420
190
404
230
420
190
404
231
420
190
402
228
420
190
405
231
476
168
468
235
476
168
468
233
476
168
466
234
476
168
467
235
311
82
342
85
311
82
341
85
311
82
343
86
311
82
344
86
324
90
360
100
509
167
497
248
327
242
299
238
327
242
300
237
157
126
193
60
242
251
217
212
242
251
218
214
242
251
216
211
242
251
217
213
242
251
218
212
242
251
217
209
242
251
216
212
242
251
217
210
311
81
352
87
311
81
350
87
450
42
494
107
450
42
495
108
455
49
494
117
455
49
496
119
455
49
496
116
455
49
496
115
455
49
495
119
455
49
496
118
455
49
495
118
455
49
496
117
317
97
353
103
317
97
352
103
317
97
354
104
317
97
355
104
317
97
358
104
319
98
353
103
319
98
352
103
319
98
348
103
319
98
354
104
319
98
352
105
319
98
355
104
319
98
351
104
456
156
453
216
390
67
430
106
390
67
430
105
402
64
441
109
402
64
442
107
402
64
441
111
402
64
442
108
402
64
442
109
460
151
457
213
460
151
456
212
460
151
457
212
460
151
458
213
361
198
349
213
361
198
348
213
361
198
349
212
361
198
347
213
361
198
348
215
361
198
349
211
361
198
348
214
388
65
428
103
205
98
249
58
205
98
249
57
205
98
248
57
269
217
256
192
269
217
257
191
457
34
504
105
457
34
505
105
457
34
505
104
457
34
505
103
457
34
504
106
198
98
245
55
385
191
374
216
306
128
325
126
306
128
330
128
306
128
328
126
336
239
306
241
305
228
284
217
305
228
285
217
344
130
361
144
444
40
489
104
444
40
489
105
371
35
424
69
384
63
425
100
418
192
401
228
418
192
401
229
418
192
403
231
418
192
402
228
247
61
302
40
247
61
302
41
247
61
301
41
247
61
303
37
348
132
364
148
272
218
258
192
272
218
258
194
309
81
343
83
309
81
349
86
309
81
352
87
309
81
350
87
361
192
351
208
361
192
352
208
361
192
350
209
361
192
349
211
361
192
349
210
361
192
350
210
364
135
378
156
462
155
457
217
462
155
459
215
462
155
458
216
462
155
458
218
462
155
459
217
462
155
459
218
462
155
458
217
348
106
375
124
348
106
376
120
326
103
356
112
258
281
220
245
311
85
338
88
324
94
358
104
454
43
497
109
454
43
499
109
454
43
497
113
454
43
498
109
454
43
498
111
454
43
500
110
454
43
498
112
454
43
499
112
454
43
498
110
312
223
295
215
455
158
451
217
394
29
450
74
320
104
347
110
320
104
349
110
320
104
349
109
320
104
348
110
389
65
429
104
389
65
428
104
429
217
402
258
429
217
402
259
429
217
402
256
429
217
400
259
429
217
401
258
429
217
402
260
303
138
320
134
317
92
356
100
387
62
429
101
387
62
429
100
387
62
428
101
328
240
299
238
328
240
300
237
349
105
377
120
349
105
377
118
154
111
193
51
468
57
503
130
468
57
504
131
468
57
504
130
328
238
301
235
154
115
194
51
154
115
193
53
154
115
193
52
154
115
193
51
302
81
343
83
302
81
348
85
302
81
346
84
302
81
344
85
451
48
493
113
451
48
494
113
507
135
507
218
507
135
508
218
325
98
348
103
325
98
357
107
420
191
406
231
420
191
404
230
420
191
403
231
420
191
404
231
420
191
402
228
420
191
405
231
306
126
329
126
306
126
328
126
361
200
346
217
361
200
348
213
361
200
347
213
361
200
348
215
361
200
346
216
361
200
348
214
453
45
496
113
453
45
497
113
453
45
494
112
453
45
495
112
453
45
494
115
453
45
494
113
453
45
496
112
320
93
356
102
320
93
356
100
318
98
353
103
318
98
352
103
318
98
348
103
318
98
354
104
318
98
355
104
318
98
351
104
348
101
377
118
453
41
497
107
453
41
497
109
453
41
499
109
453
41
498
109
453
41
498
108
453
41
498
111
453
41
499
108
453
41
498
110
457
159
451
217
322
98
354
104
322
98
357
107
322
98
355
104
488
122
495
198
358
168
358
185
455
51
494
119
455
51
494
117
455
51
496
119
455
51
495
119
455
51
496
118
455
51
495
118
455
51
496
117
372
136
384
161
449
41
494
107
449
41
492
107
257
248
231
217
257
248
231
218
330
233
305
232
292
164
299
152
292
164
301
152
416
278
364
309
304
84
340
86
304
84
342
85
304
84
339
86
304
84
341
85
304
84
340
87
304
84
344
87
304
84
343
86
304
84
344
85
304
84
344
86
304
84
345
87
304
84
341
87
328
236
301
234
259
252
232
220
448
47
490
113
453
37
501
107
453
37
499
106
453
37
501
106
453
37
500
107
293
87
333
87
337
222
317
224
337
222
316
225
244
245
220
205
244
245
221
204
273
220
258
194
359
199
345
214
359
199
347
213
359
199
345
211
359
199
346
216
359
199
346
211
359
199
345
215
359
199
345
213
359
199
346
212
242
281
208
239
242
281
205
238
242
281
207
239
242
281
206
241
242
281
207
241
242
281
206
235
242
281
207
238
242
281
206
236
300
221
282
208
452
44
496
113
452
44
494
112
452
44
495
112
452
44
496
112
396
29
452
75
396
29
450
74
396
29
453
75
316
94
356
102
316
94
358
104
316
94
352
100
430
208
407
252
430
208
406
252
386
69
425
106
386
69
424
105
386
69
424
106
386
69
425
105
453
149
452
208
450
48
493
113
374
135
387
161
374
135
386
160
429
207
407
252
429
207
406
252
259
253
232
220
481
116
490
191
481
116
491
190
425
186
411
229
425
186
412
228
425
186
410
228
475
168
468
235
475
168
464
233
475
168
468
233
475
168
466
234
475
168
467
235
380
70
419
106
276
160
288
145
359
196
347
208
359
196
347
213
359
196
347
210
359
196
348
210
359
196
347
209
359
196
346
216
359
196
346
211
359
196
347
212
359
196
348
209
359
196
346
212
257
256
228
222
427
29
480
87
431
216
404
258
431
216
402
258
431
216
403
260
431
216
403
258
431
216
402
259
431
216
404
257
431
216
402
260
388
297
331
314
469
57
504
131
358
106
383
127
242
273
208
230
319
104
349
110
319
104
349
109
319
104
348
110
319
104
346
109
457
48
499
116
457
48
497
118
457
48
497
115
457
48
498
116
457
48
497
117
457
48
497
116
457
48
498
118
457
48
496
116
457
48
496
115
457
48
496
118
457
48
499
115
457
48
498
117
457
48
496
117
475
118
485
189
475
118
485
191
431
208
407
252
401
233
370
259
401
233
370
260
401
233
369
261
401
233
370
258
453
38
497
107
453
38
498
108
453
38
499
106
453
38
499
108
453
38
500
107
479
165
468
233
347
104
375
121
347
104
375
119
347
104
374
123
347
104
375
122
385
68
424
104
385
68
424
105
385
68
425
105
270
217
258
192
270
217
258
191
270
217
258
194
270
217
257
191
327
241
299
238
327
241
300
237
327
238
301
235
327
238
301
234
327
238
299
234
429
206
407
252
429
206
406
252
479
167
468
235
479
167
468
233
479
167
466
234
479
167
467
235
335
129
353
140
326
233
301
231
339
103
369
119
332
222
312
223
325
241
301
235
325
241
300
237
193
130
222
80
193
130
223
81
341
104
370
120
341
104
369
119
341
104
371
120
341
104
370
119
477
48
516
126
359
194
347
208
359
194
348
207
359
194
347
213
359
194
347
210
359
194
348
210
359
194
347
209
359
194
346
211
359
194
347
212
359
194
348
209
260
219
247
192
260
219
248
192
335
225
314
226
335
225
313
227
335
225
316
225
409
186
397
223
452
46
493
113
452
46
494
112
452
46
495
112
452
46
494
115
452
46
494
113
452
46
496
112
377
114
397
143
383
63
425
100
500
114
509
196
500
114
507
196
195
97
240
52
195
97
239
53
376
135
388
163
376
135
387
164
376
135
388
161
401
62
441
107
257
247
231
217
235
251
211
209
235
251
211
208
507
165
496
246
362
200
349
213
362
200
348
213
362
200
349
212
362
200
348
215
362
200
348
214
284
161
294
148
284
161
297
149
284
161
296
147
284
161
299
150
284
161
299
148
284
161
295
149
284
161
294
146
284
161
295
148
429
215
404
258
429
215
402
258
429
215
403
258
429
215
402
259
429
215
402
256
429
215
403
256
429
215
404
257
429
215
401
258
337
104
367
117
337
104
366
117
337
104
366
118
257
259
227
225
204
99
247
58
204
99
248
58
204
99
248
57
259
280
220
245
332
220
312
219
332
220
313
218
332
220
312
223
303
140
318
135
303
140
320
136
416
189
401
228
416
189
397
225
416
189
402
228
416
189
398
226
416
189
396
224
333
101
364
114
259
298
213
262
430
190
413
235
385
67
425
103
385
67
424
104
385
67
424
103
416
280
364
309
416
280
364
310
380
71
419
106
376
136
388
163
376
136
387
164
377
137
388
163
334
102
364
115
334
102
364
114
420
30
472
86
456
158
451
217
301
87
337
87
301
87
338
88
507
136
506
217
507
136
507
218
507
136
508
218
362
108
386
131
362
108
386
132
362
108
387
132
423
195
405
239
423
195
406
239
423
195
406
237
387
65
428
103
374
116
393
145
301
139
316
135
301
139
318
135
301
139
317
135
205
99
249
58
205
99
249
57
205
99
247
58
205
99
248
58
205
99
248
57
331
218
312
219
331
218
313
218
481
167
468
235
481
167
467
235
421
188
404
227
329
104
357
113
329
104
356
112
329
104
358
114
377
186
368
210
377
186
368
213
377
186
368
211
377
186
367
211
377
186
369
211
377
186
367
210
306
127
329
126
306
127
331
128
306
127
330
128
306
127
328
126
417
295
359
323
417
295
360
323
417
295
358
323
417
295
359
324
397
113
416
146
