000063.jpg
000064.jpg
482
320
464
321
482
320
465
320
482
320
466
319
439
319
423
319
583
325
559
324
440
321
423
319
440
321
421
321
440
321
424
319
481
316
463
316
481
316
462
316
481
316
462
315
467
306
450
307
440
319
423
319
440
319
423
317
440
319
424
319
440
317
423
317
590
323
567
321
590
322
567
321
435
320
417
320
435
320
416
318
435
320
418
318
435
320
417
319
435
320
418
319
586
322
567
321
434
321
415
318
434
321
417
319
434
321
417
321
434
321
415
320
587
322
567
321
441
320
423
319
441
320
423
317
441
320
424
319
435
321
417
320
435
321
416
318
435
321
415
318
435
321
417
319
435
321
418
321
435
321
418
319
435
321
415
317
