Test72.jpg
Test70.jpg
273
281
359
141
272
282
359
141
272
282
358
141
272
285
391
146
272
281
395
148
272
280
395
148
276
281
359
140
275
280
391
147
288
258
324
147
288
260
332
145
288
260
334
145
288
263
337
143
288
264
337
143
289
264
333
142
289
264
337
142
289
264
334
142
289
265
332
141
289
265
337
142
289
265
338
142
293
219
299
168
293
219
300
167
293
219
300
168
296
261
326
139
296
261
331
140
296
261
332
140
296
261
330
140
296
261
337
139
297
260
326
139
297
260
329
140
297
260
330
140
301
258
320
137
298
260
321
138
298
260
323
138
298
260
326
139
299
259
321
138
299
259
323
138
299
259
326
139
305
221
285
160
305
222
285
160
305
223
284
159
305
223
285
160
305
256
317
136
302
258
321
138
309
220
285
157
309
220
284
159
309
220
284
158
309
220
286
157
308
220
285
157
308
220
284
159
308
220
284
158
309
217
285
161
309
217
284
159
309
217
285
160
309
217
284
161
309
216
285
161
309
216
284
159
309
216
285
160
309
216
284
161
309
221
285
157
309
221
289
157
309
221
286
157
307
222
286
157
306
255
317
136
306
256
317
136
307
255
314
135
307
255
317
136
309
254
314
135
308
255
312
134
308
255
314
135
387
53
95
216
386
54
97
219
386
54
100
218
388
57
100
216
388
57
101
216
388
57
102
216
385
65
97
208
385
65
94
209
385
65
114
213
385
60
94
215
385
60
97
216
385
60
95
216
385
60
96
215
385
60
100
216
385
60
101
216
385
60
102
216
385
60
109
215
385
60
107
214
385
60
107
215
385
60
109
214
385
60
109
216
385
60
112
214
385
62
97
216
385
62
96
215
385
62
100
216
385
62
101
216
385
62
102
216
385
62
109
215
385
62
107
214
385
62
107
215
385
62
109
214
385
62
109
216
385
62
112
214
385
62
114
213
387
61
109
214
388
65
97
208
388
65
100
208
384
69
94
209
386
67
97
208
386
67
112
209
387
66
97
208
386
66
96
209
386
66
97
208
386
66
94
209
386
66
97
209
385
68
97
208
443
43
54
178
443
43
56
178
445
42
56
179
445
42
63
181
445
42
65
181
445
44
55
176
445
44
54
178
445
44
56
178
445
44
62
177
445
44
63
177
445
44
63
181
445
44
65
178
445
44
65
181
440
47
52
177
440
47
55
176
440
47
54
178
440
47
52
178
440
47
59
176
440
47
59
175
441
46
55
176
441
46
54
178
441
46
56
178
441
46
54
179
441
46
59
176
441
48
55
173
441
48
52
177
441
48
55
176
441
48
54
178
441
48
52
178
441
48
59
174
441
48
59
176
441
48
59
175
440
49
55
173
440
49
52
177
440
49
55
176
440
49
54
178
440
49
52
178
440
49
56
178
440
49
59
174
440
49
59
176
440
49
59
175
440
49
58
174
449
48
55
173
449
48
52
174
449
48
64
171
449
48
63
170
449
48
66
172
448
48
55
173
448
48
52
177
448
48
55
176
448
48
52
174
448
48
58
174
448
48
64
171
448
48
65
174
448
48
67
175
449
46
55
173
449
46
52
177
449
46
52
174
449
46
52
178
448
49
55
173
448
49
55
176
448
49
52
174
448
49
64
171
448
49
63
170
449
49
55
173
449
49
52
174
449
49
64
171
449
49
63
169
449
49
63
170
449
49
62
169
449
50
55
173
449
50
52
174
449
50
64
171
449
50
63
169
449
50
63
170
449
50
62
169
445
51
55
173
445
51
52
177
445
51
55
176
445
51
52
174
445
51
59
174
445
51
59
176
445
51
59
175
445
51
58
174
452
52
65
168
452
52
63
169
452
52
66
171
450
51
63
169
450
51
63
170
450
51
62
169
450
49
52
174
450
49
62
169
450
48
52
174
453
54
65
168
