Test120_rot.jpeg
Test124_rot.jpeg
153
115
193
52
153
115
193
53
153
115
196
49
153
115
194
51
153
114
193
52
153
114
196
48
153
114
194
51
153
117
193
52
153
117
193
53
156
108
200
45
156
108
201
45
156
108
200
46
156
108
199
46
155
109
197
47
155
109
196
48
155
110
196
48
155
110
197
48
155
110
196
49
154
111
197
47
154
111
196
48
154
112
193
52
154
112
196
48
154
112
197
48
154
112
196
49
154
112
194
51
154
115
193
52
154
115
193
53
154
115
194
51
163
105
208
45
163
103
208
44
164
113
204
54
164
113
204
53
165
113
205
55
165
113
205
54
165
113
204
54
160
114
201
54
163
114
204
53
163
114
202
56
163
115
204
54
163
115
202
56
165
115
205
55
165
115
205
56
163
116
204
54
163
116
202
56
163
117
202
56
177
217
175
156
181
216
176
156
181
216
177
154
181
216
177
157
181
216
176
154
181
216
177
156
181
216
175
156
180
216
176
156
180
216
177
154
180
216
177
157
180
216
176
154
180
216
175
156
179
215
176
151
179
215
176
156
179
215
176
154
179
215
175
156
179
213
176
151
180
215
176
151
180
215
176
156
180
215
177
154
180
215
176
154
180
215
175
156
179
214
176
151
179
221
173
158
179
220
173
158
180
218
176
156
180
218
175
156
179
222
173
158
179
222
172
160
192
243
176
183
193
243
176
183
193
243
177
184
196
105
236
60
194
132
223
81
194
132
224
82
196
243
179
184
196
272
168
211
195
279
164
220
195
279
164
219
196
282
164
220
196
282
164
219
200
99
245
55
198
98
245
55
198
101
241
58
199
103
241
58
197
102
241
58
198
136
227
87
198
136
228
87
198
136
229
87
198
136
228
88
201
94
247
54
201
94
249
55
203
96
247
54
202
98
245
55
205
200
206
150
205
200
209
148
203
247
184
193
203
249
184
193
207
200
206
150
207
200
209
148
207
200
209
151
207
200
208
152
209
200
209
148
209
200
209
151
209
200
208
152
209
200
209
154
209
200
210
152
209
201
209
148
209
201
209
151
209
201
208
152
209
201
209
154
209
201
210
152
211
208
207
158
211
208
208
160
211
208
211
157
211
208
211
160
211
208
210
158
211
208
210
160
213
208
207
158
213
208
208
160
213
208
209
161
213
208
211
160
213
208
210
158
213
208
211
158
213
208
210
160
213
208
212
160
212
209
207
158
212
209
208
160
212
209
209
161
212
209
211
160
212
209
210
160
213
206
207
158
213
206
208
160
213
206
209
161
213
206
211
157
213
206
211
160
213
206
210
158
213
206
211
158
213
206
210
160
213
206
212
160
213
206
212
161
213
207
207
158
213
207
208
160
213
207
209
161
213
207
211
157
213
207
211
160
213
207
210
158
213
207
211
158
213
207
210
160
213
207
212
160
213
205
207
158
213
205
208
160
213
205
209
161
213
205
211
157
213
205
211
160
213
205
210
158
213
205
211
158
213
205
210
160
213
205
212
160
213
205
212
161
210
210
205
159
212
211
208
160
212
211
209
161
210
211
205
159
212
210
207
158
212
210
208
160
212
210
209
161
221
222
212
176
221
222
211
177
221
222
213
177
225
224
212
176
225
224
211
177
225
224
215
181
225
224
216
182
225
246
203
200
225
246
204
201
225
246
204
200
225
246
204
199
224
245
203
200
224
245
202
200
223
248
201
202
223
248
201
203
223
247
202
200
224
247
203
200
225
244
205
197
225
244
204
199
225
253
201
207
224
252
201
205
225
257
201
210
225
257
200
211
225
254
201
207
225
259
199
212
225
258
199
211
225
258
200
211
225
258
199
212
225
285
189
234
225
285
188
236
225
285
188
234
222
287
184
236
226
211
219
169
226
211
221
170
226
211
218
168
225
212
219
169
225
212
217
169
225
212
217
168
225
212
218
168
227
212
219
169
227
212
221
170
227
211
219
169
227
211
221
170
224
211
219
169
224
211
217
169
224
211
217
168
224
211
218
168
226
209
221
170
229
212
221
170
224
213
217
169
224
213
217
170
227
213
219
169
230
212
221
170
235
252
211
209
234
258
208
214
236
248
213
206
241
288
201
244
241
288
199
246
241
288
200
246
241
288
202
244
241
288
203
242
241
288
202
242
241
292
199
249
241
292
199
248
240
293
199
248
240
291
198
248
240
291
199
247
240
292
198
248
240
292
199
248
240
292
199
247
241
293
199
249
239
294
198
248
237
294
196
248
237
294
197
247
237
294
196
247
238
294
196
249
242
247
219
207
242
247
219
206
242
247
218
207
242
247
219
205
242
247
218
208
244
245
220
205
244
245
221
204
242
248
217
209
242
248
219
209
242
248
219
207
242
248
219
206
242
248
218
207
242
248
218
208
242
251
217
209
242
251
217
212
242
251
217
213
242
251
217
210
242
251
216
211
242
251
216
212
242
251
218
212
242
251
218
214
242
250
217
209
242
250
217
210
242
250
216
211
242
250
218
208
242
250
218
212
244
256
217
212
244
256
217
213
244
256
217
217
244
256
216
214
244
256
216
215
244
256
217
219
242
260
213
218
242
260
214
216
242
260
215
216
242
260
215
217
242
260
214
218
242
262
212
220
242
262
214
223
244
265
214
223
244
263
214
223
242
264
212
221
242
264
212
223
242
264
214
223
242
263
212
221
242
263
212
220
242
263
214
223
242
273
208
230
242
273
211
232
244
277
209
234
244
277
208
236
242
275
207
232
242
275
209
234
244
275
209
234
244
275
211
233
242
272
209
229
242
279
206
236
242
279
208
236
242
279
207
239
242
279
208
239
242
279
207
238
244
281
207
239
244
281
206
241
244
281
208
239
244
281
207
238
244
281
207
241
242
281
205
238
242
281
206
235
242
281
206
236
242
281
207
239
242
281
206
241
242
281
208
239
242
281
207
238
242
281
207
241
244
280
208
236
244
280
207
239
244
280
208
239
244
280
207
238
244
280
207
241
245
281
207
239
245
281
208
239
245
281
207
238
245
281
207
241
245
285
206
241
245
285
207
241
242
285
202
241
242
285
204
240
242
285
203
240
242
285
205
238
242
285
202
244
242
285
203
242
242
285
202
242
242
285
207
239
242
285
206
241
242
285
208
239
242
285
207
238
242
285
207
241
245
283
207
239
245
283
206
241
245
283
208
239
245
283
207
238
245
283
207
241
244
282
207
239
244
282
206
241
244
282
208
239
244
282
207
238
244
282
207
241
244
284
207
239
244
284
206
241
244
284
208
239
244
284
207
238
244
284
207
241
242
283
204
237
242
283
205
236
242
283
204
240
242
283
204
238
242
283
205
238
242
283
203
242
242
283
206
235
242
283
206
236
242
283
207
239
242
283
206
241
242
283
208
239
242
283
207
238
242
283
207
241
244
285
206
241
244
285
207
241
243
289
200
246
243
289
203
245
243
289
203
247
243
289
202
246
242
287
201
244
242
287
200
246
242
287
203
245
242
287
202
244
242
287
203
242
242
287
202
242
242
287
206
241
244
286
203
245
245
289
203
247
245
289
202
249
242
292
199
249
245
291
205
249
245
291
202
249
244
290
203
247
244
290
202
249
242
291
199
249
242
291
199
248
244
291
202
249
244
292
200
252
244
292
202
249
245
293
200
252
244
311
193
267
244
311
196
266
244
311
194
267
244
312
193
267
244
312
194
267
245
312
193
267
245
312
196
266
245
312
194
267
247
169
257
139
247
169
256
138
249
171
257
141
249
171
257
139
248
172
257
141
248
172
255
141
248
172
256
141
249
172
257
141
249
172
256
141
248
174
255
141
247
301
201
258
248
309
198
267
248
310
198
267
250
105
288
81
252
256
224
222
252
268
219
232
253
65
305
47
257
72
307
56
257
72
306
56
254
102
291
80
254
105
292
83
254
104
291
80
254
104
292
83
256
105
292
83
255
106
292
83
257
248
232
212
257
248
232
213
257
248
232
216
257
248
231
217
257
248
231
218
257
254
230
219
257
256
228
222
255
259
226
224
257
259
227
225
256
260
226
226
255
262
225
226
255
262
224
228
254
263
223
228
254
263
224
228
257
263
226
228
254
264
223
228
256
267
224
232
256
267
223
232
255
269
222
233
257
268
224
232
257
268
223
234
257
267
224
232
254
268
222
233
254
268
222
231
254
273
220
237
253
270
219
234
255
273
220
237
257
272
222
236
256
271
222
236
257
280
220
245
259
253
232
220
259
252
232
220
258
253
231
219
259
298
213
262
259
299
213
262
260
281
221
246
268
81
314
69
268
81
312
68
268
81
312
69
268
81
313
68
267
81
314
69
267
81
312
68
267
81
312
69
267
81
313
68
264
169
272
147
264
169
273
146
264
167
273
145
264
167
272
147
264
167
273
146
264
172
272
147
270
81
314
69
270
81
312
69
270
81
313
68
268
84
312
69
271
82
314
69
270
82
314
69
270
82
313
68
268
82
314
69
268
82
312
68
268
82
312
69
268
82
313
68
270
83
314
69
272
168
279
148
272
168
280
148
272
168
279
149
272
169
280
148
272
169
279
149
272
169
280
150
272
171
280
150
271
173
278
152
271
173
278
151
271
170
279
148
271
170
280
148
271
170
279
149
271
170
278
150
271
170
278
151
271
170
280
150
271
171
279
149
271
171
278
152
271
171
278
150
271
171
278
151
271
171
280
150
272
173
280
150
272
170
280
148
272
170
280
150
270
172
276
153
270
172
275
153
270
172
277
152
270
172
277
150
270
172
278
150
270
172
278
151
270
171
276
153
270
171
277
152
270
171
277
150
270
171
278
150
270
171
278
151
271
172
279
149
271
172
278
152
271
172
278
151
271
172
280
150
270
170
278
150
274
55
326
45
274
55
330
47
274
55
329
47
274
56
326
45
274
56
328
47
274
56
329
47
274
56
329
48
275
56
330
47
275
56
329
47
276
81
318
70
276
81
319
71
276
81
317
70
276
81
319
70
277
81
319
71
277
81
321
71
277
81
321
70
277
81
319
70
277
77
320
66
277
77
320
67
277
77
320
68
277
77
321
69
277
77
321
70
277
77
319
70
277
79
320
67
277
79
320
68
277
79
321
69
277
79
321
71
277
79
321
70
277
79
319
70
275
78
320
65
275
78
321
65
275
78
319
66
275
78
320
66
275
78
320
67
275
78
320
68
275
78
318
70
275
80
320
68
275
80
318
70
275
80
319
71
275
80
317
70
275
80
319
70
276
78
319
66
276
78
320
66
276
78
320
67
276
78
320
68
276
78
321
69
276
78
321
70
276
78
319
70
277
78
320
67
277
78
320
68
277
78
321
69
277
78
321
71
277
78
321
70
277
78
319
70
277
219
263
197
277
219
262
196
275
218
262
196
275
218
261
195
273
217
261
195
273
217
260
192
272
216
260
192
276
230
257
203
274
228
256
202
274
228
256
203
275
230
256
203
275
228
257
203
284
161
295
148
284
161
294
148
284
161
296
147
284
161
294
146
284
161
295
149
284
161
297
149
284
161
299
148
284
161
299
150
284
80
328
76
284
80
328
75
284
80
329
79
284
80
329
78
285
81
328
76
285
81
329
80
285
81
328
80
285
81
329
79
285
81
329
78
285
81
328
79
286
83
328
81
286
83
329
80
286
83
328
80
286
83
329
79
286
83
330
80
286
83
329
78
286
83
330
81
286
83
328
79
287
85
328
81
287
85
329
80
287
85
328
80
287
85
329
79
287
85
330
80
287
85
330
81
287
85
328
79
285
84
328
81
285
84
329
80
285
84
328
80
285
84
328
79
286
84
328
81
286
84
329
80
286
84
328
80
286
84
329
79
286
84
330
80
286
84
329
78
286
84
330
81
286
84
328
79
284
84
328
81
284
84
328
80
284
84
328
79
289
165
293
154
289
165
297
154
289
165
299
153
287
169
292
156
287
169
290
156
284
166
293
152
284
166
292
153
284
166
293
151
284
166
292
152
284
166
291
153
284
166
293
153
284
166
291
154
284
166
292
154
284
166
294
150
284
166
294
151
284
166
294
152
284
168
291
154
284
168
292
154
284
167
292
153
284
167
291
153
284
167
291
154
284
167
292
154
285
168
291
154
285
168
292
154
287
168
294
155
286
167
292
153
286
167
293
153
286
167
291
154
286
167
292
154
286
167
293
154
285
170
290
156
286
171
292
157
286
171
290
157
286
171
289
157
287
171
292
157
287
171
290
157
288
172
292
157
286
172
292
157
286
172
290
157
293
81
331
77
293
81
332
77
293
81
333
78
293
81
334
78
293
81
335
80
293
84
333
81
293
84
332
81
293
84
334
81
293
84
335
81
293
160
301
152
293
160
304
150
293
160
302
152
293
160
302
151
293
160
303
150
291
161
299
152
291
161
299
150
291
161
301
152
291
161
302
152
291
161
302
151
291
159
301
149
291
159
299
150
291
159
302
148
291
159
302
151
292
159
301
149
292
159
299
150
292
159
303
149
292
159
302
151
292
159
303
150
290
165
297
154
290
165
299
153
291
165
299
153
291
164
299
152
291
164
301
152
291
164
299
153
293
163
299
152
293
163
301
152
293
163
299
153
292
164
299
152
292
164
301
152
292
164
299
153
292
165
299
153
295
84
333
81
295
84
334
81
295
84
335
81
294
159
303
149
294
159
304
150
294
159
302
152
294
159
302
151
294
159
303
150
294
163
301
152
295
200
288
188
297
202
291
190
296
202
291
190
295
202
287
189
295
202
288
189
296
208
284
197
296
208
285
196
296
208
286
195
296
208
287
195
294
209
282
195
295
209
284
197
295
209
282
195
294
210
282
195
297
211
284
197
297
211
285
196
297
210
284
197
297
210
285
196
297
210
286
195
301
81
337
81
301
81
344
85
301
81
343
83
301
81
348
85
301
81
346
84
301
85
337
85
301
85
341
85
301
85
342
85
301
84
334
81
301
84
335
81
301
84
337
85
301
84
341
85
301
84
344
85
301
84
342
85
302
81
337
81
302
81
344
85
302
81
343
83
302
81
348
85
302
81
346
84
303
85
337
85
303
85
341
85
303
84
337
85
303
84
341
85
303
84
344
85
303
84
342
85
304
84
337
85
304
84
341
85
304
84
344
85
304
84
342
85
303
161
309
156
303
161
310
156
303
161
310
155
304
159
310
155
304
160
310
156
304
160
310
155
303
164
312
159
303
164
310
158
301
163
308
157
301
163
308
156
301
163
309
156
302
162
308
156
302
162
309
156
302
162
310
156
302
162
310
155
309
81
343
83
309
81
350
87
309
81
349
86
308
82
341
85
308
82
344
85
308
82
342
85
308
82
350
87
309
129
334
130
306
128
325
126
306
128
328
126
306
128
330
128
306
184
304
178
306
185
302
177
306
185
304
178
311
81
350
87
313
79
343
82
313
81
344
85
313
81
350
87
311
82
341
85
311
82
342
85
310
82
341
85
310
82
344
85
310
82
342
85
310
83
342
85
313
131
334
132
313
129
333
130
313
129
336
131
313
129
337
131
313
129
334
130
312
129
333
130
312
129
334
130
313
128
334
129
313
128
336
131
313
128
335
129
313
128
337
131
313
128
334
130
313
174
314
172
311
175
313
171
312
174
313
171
310
177
310
172
313
175
315
171
313
175
314
172
313
176
313
173
313
176
314
172
317
69
361
77
316
102
348
108
317
104
349
109
314
104
346
109
316
103
348
108
316
103
349
109
315
176
315
173
314
175
314
172
314
185
310
181
315
185
311
181
317
220
298
215
317
220
299
215
315
220
297
214
317
219
298
214
317
221
299
215
317
221
298
216
320
112
345
117
320
112
346
117
320
112
348
119
320
112
346
118
319
112
345
117
319
112
346
117
319
112
346
118
319
111
345
117
319
111
346
117
322
98
357
107
322
98
355
104
322
98
354
104
323
99
357
107
323
99
355
107
323
99
357
108
323
99
360
109
324
98
348
103
324
98
352
105
324
98
357
107
320
97
355
104
320
97
354
104
320
97
358
104
325
98
348
103
325
98
357
107
320
100
352
107
323
114
346
119
323
114
346
121
328
98
357
107
326
99
357
107
328
97
362
107
326
98
357
107
328
99
360
109
329
99
360
109
329
99
361
110
329
96
358
104
329
96
362
107
333
116
357
128
335
224
313
225
335
224
316
225
335
224
314
225
335
227
313
228
335
225
313
227
335
225
316
225
336
224
316
225
336
230
310
232
334
231
310
232
337
240
308
241
337
101
368
115
337
101
368
116
339
101
368
115
339
114
364
127
339
114
364
126
339
114
365
127
341
215
323
220
341
212
321
218
347
113
371
131
348
115
370
133
348
116
370
133
349
115
372
133
347
115
370
132
347
115
370
133
344
130
361
144
347
133
363
149
348
132
365
148
348
132
364
148
349
132
365
148
356
188
348
202
356
217
340
227
356
217
339
227
356
217
339
228
356
219
332
230
356
219
337
230
356
219
338
229
356
219
338
230
356
220
337
230
356
220
334
231
356
220
337
231
356
220
338
230
358
168
358
185
358
170
357
186
358
170
357
187
357
193
347
207
357
193
348
206
360
193
347
209
360
193
348
209
360
193
348
207
360
193
348
212
360
193
349
210
360
193
349
211
360
193
347
210
360
193
349
212
360
193
348
210
360
193
351
206
360
193
350
209
359
193
347
209
359
193
348
209
359
193
347
208
359
193
348
206
359
193
348
207
359
193
347
210
359
193
348
210
361
192
349
210
361
192
349
211
361
192
352
208
361
192
351
209
361
192
351
206
361
192
350
209
361
192
351
208
359
194
347
209
359
194
348
209
359
194
347
208
359
194
348
207
359
194
348
212
359
194
346
211
359
194
347
210
359
194
347
212
359
194
347
213
359
194
348
210
361
195
348
212
361
195
349
210
361
195
349
213
361
195
349
211
361
195
349
212
361
195
348
213
361
195
352
208
361
195
351
209
361
195
350
209
361
195
351
208
361
196
348
212
361
196
349
210
361
196
349
213
361
196
349
211
361
196
349
212
361
196
348
213
361
196
350
209
360
197
347
209
360
197
348
212
360
197
349
210
360
197
347
212
360
197
349
212
360
197
347
213
360
197
348
213
360
197
348
210
360
194
347
209
360
194
348
209
360
194
348
207
360
194
348
212
360
194
349
210
360
194
349
213
360
194
349
211
360
194
347
210
360
194
347
212
360
194
349
212
360
194
348
213
360
194
348
210
360
194
351
206
360
194
350
209
360
194
351
208
359
196
347
209
359
196
348
209
359
196
347
208
359
196
348
212
359
196
346
212
359
196
346
211
359
196
347
210
359
196
347
212
359
196
347
213
359
196
348
210
359
195
347
209
359
195
348
209
359
195
347
208
359
195
348
207
359
195
348
212
359
195
346
212
359
195
346
211
359
195
347
210
359
195
347
212
359
195
347
213
359
195
348
210
359
199
345
212
359
199
345
215
359
199
345
214
359
199
345
213
359
199
346
212
359
199
345
211
359
199
346
211
359
199
347
213
359
198
345
212
359
198
345
215
359
198
345
214
359
198
345
213
359
198
346
212
359
198
345
211
359
198
346
211
359
198
347
210
359
198
347
212
359
198
347
213
360
200
345
212
360
200
345
215
360
200
345
214
360
200
345
213
360
200
347
213
360
198
348
212
360
198
346
212
360
198
346
211
360
198
347
212
360
198
347
213
360
198
348
213
361
199
348
212
361
199
349
213
361
199
347
213
361
199
348
213
361
198
348
212
361
198
349
213
361
198
349
211
361
198
349
212
361
198
347
213
361
198
348
213
361
200
348
212
361
200
347
213
361
200
348
213
360
202
345
215
360
202
345
214
360
202
345
213
360
202
345
217
360
202
345
218
360
204
345
215
360
204
345
214
360
204
345
217
360
204
343
220
360
204
344
219
360
205
345
215
360
205
345
214
360
205
345
217
360
205
343
220
360
205
344
219
360
206
345
217
360
206
343
220
360
206
344
219
360
206
343
221
360
209
343
221
360
209
343
222
360
209
342
222
360
209
342
223
361
207
343
221
361
207
343
222
361
207
342
222
360
207
345
217
360
207
343
220
360
207
344
220
360
207
344
219
360
207
343
221
360
210
341
224
360
210
343
221
360
210
343
222
360
210
342
222
360
210
342
223
359
212
340
225
359
212
341
224
359
212
343
222
359
212
342
223
359
216
339
228
359
217
338
229
359
217
339
228
365
53
412
84
365
53
412
85
365
53
413
84
365
53
413
83
363
79
401
104
363
79
399
109
363
79
400
108
363
79
401
105
363
79
400
109
363
79
403
104
363
79
402
106
365
81
399
109
365
81
400
108
365
81
400
109
365
81
403
107
365
81
402
106
365
79
401
104
365
79
401
105
365
79
403
104
365
79
405
107
365
79
403
107
365
79
402
106
364
78
401
104
364
78
401
105
364
78
403
104
364
78
402
106
365
80
399
109
365
80
400
108
365
80
401
105
365
80
400
109
365
80
403
104
365
80
405
107
365
80
403
107
365
80
402
106
364
76
401
104
364
76
403
104
363
83
399
109
363
83
400
109
365
108
388
133
363
108
388
133
363
108
387
132
363
107
388
133
363
107
387
132
363
107
388
128
362
108
387
132
362
108
386
132
363
104
388
128
363
104
390
128
363
104
389
128
362
191
349
210
362
191
349
211
362
191
352
208
362
191
351
209
362
191
351
206
362
191
350
209
362
191
351
208
367
34
421
67
367
34
423
67
367
34
423
66
367
34
422
66
366
34
421
67
366
34
423
66
366
34
422
66
367
35
421
67
367
35
423
67
367
35
423
66
367
49
415
81
367
49
416
81
366
47
413
79
366
47
416
79
368
52
415
83
366
53
412
84
366
53
412
85
366
53
414
83
366
53
413
84
366
53
413
83
366
52
412
84
366
52
412
85
366
52
414
83
366
52
413
84
366
52
413
83
366
50
415
83
366
50
414
83
366
50
413
83
367
51
415
83
367
51
414
83
367
51
413
83
366
105
390
128
366
105
391
128
366
105
391
129
366
105
392
129
366
105
392
130
366
105
393
130
366
104
393
129
366
104
390
128
366
104
392
128
366
104
391
128
366
104
391
129
366
104
392
129
366
104
392
130
368
108
391
134
368
108
392
136
367
109
391
134
364
135
378
156
368
140
379
163
366
140
378
162
367
141
378
163
367
141
378
162
368
141
379
163
368
141
379
164
364
141
376
162
365
141
376
162
365
141
376
163
367
139
378
162
367
140
378
162
365
142
376
163
369
160
372
182
369
162
372
183
369
162
371
184
369
162
370
185
369
163
372
183
369
163
371
184
369
163
370
185
369
163
371
185
367
168
364
190
369
168
368
189
369
168
368
190
366
172
364
190
366
172
363
193
366
172
363
192
366
172
366
190
366
173
363
193
366
173
363
192
367
175
363
194
367
176
363
194
367
186
357
204
367
186
357
205
367
186
357
207
367
186
357
206
367
186
359
206
367
186
358
206
366
188
357
204
366
188
357
205
366
188
357
207
366
188
357
206
366
188
358
206
368
186
357
204
368
186
357
205
368
186
357
207
368
186
357
206
368
186
359
206
368
186
358
207
368
186
358
206
368
186
360
207
368
186
360
206
369
186
357
205
369
186
357
207
369
186
357
206
369
186
359
206
369
186
358
207
369
186
358
206
369
186
360
207
369
186
360
206
369
189
357
207
369
189
357
209
369
189
357
208
369
189
357
206
369
189
359
206
369
189
358
207
369
189
359
208
369
189
358
206
369
189
360
207
369
189
360
206
369
189
360
209
369
189
357
212
368
187
357
204
368
187
357
205
368
187
357
207
368
187
357
209
368
187
357
208
368
187
357
206
368
187
359
206
368
187
358
207
368
187
359
208
368
187
358
206
368
187
360
207
368
187
360
206
369
187
357
207
369
187
357
209
369
187
357
208
369
187
357
206
369
187
359
206
369
187
358
207
369
187
359
208
369
187
358
206
369
187
360
207
369
187
360
206
366
186
357
204
366
186
357
205
366
186
357
206
367
188
357
204
367
188
357
205
367
188
357
207
367
188
357
209
367
188
357
208
367
188
357
206
367
188
359
206
367
188
358
207
367
188
358
206
366
187
357
204
366
187
357
205
366
187
357
206
369
192
359
206
369
192
359
208
369
192
360
207
369
192
360
206
369
192
360
209
369
192
361
209
369
192
357
212
367
192
357
207
367
192
357
209
367
192
357
208
367
192
357
206
367
192
359
206
367
192
358
207
367
192
359
208
367
192
358
206
367
192
360
207
367
192
357
212
367
190
357
205
367
190
357
207
367
190
357
209
367
190
357
208
367
190
357
206
367
190
359
206
367
190
358
207
367
190
359
208
367
190
358
206
367
190
360
207
367
190
357
212
368
190
357
207
368
190
357
209
368
190
357
208
368
190
357
206
368
190
359
206
368
190
358
207
368
190
359
208
368
190
358
206
368
190
360
207
368
190
360
206
368
190
357
212
368
192
357
209
368
192
357
208
368
192
359
206
368
192
358
207
368
192
359
208
368
192
360
207
368
192
360
206
368
192
360
209
368
192
357
212
368
191
357
207
368
191
357
209
368
191
357
208
368
191
357
206
368
191
359
206
368
191
358
207
368
191
359
208
368
191
358
206
368
191
360
207
368
191
360
206
368
191
360
209
368
191
357
212
369
193
359
208
369
193
360
207
369
193
360
206
369
193
360
209
369
193
357
212
372
109
395
137
371
110
393
137
371
110
392
136
373
109
395
137
373
109
396
137
373
108
395
137
373
108
396
137
373
108
397
139
373
108
397
138
373
110
395
137
372
136
384
161
373
136
384
161
373
136
385
160
373
136
386
160
370
141
380
165
372
188
361
209
370
185
359
206
370
185
358
207
370
185
358
206
370
185
360
206
370
185
363
204
370
185
363
205
372
185
363
205
371
185
363
204
371
185
363
205
372
189
359
208
372
189
360
207
372
189
360
209
372
189
361
209
372
189
363
205
371
188
359
206
371
188
359
208
371
188
360
207
371
188
360
206
371
188
360
209
371
188
361
209
371
188
363
205
372
184
363
205
371
189
359
206
371
189
359
208
371
189
360
207
371
189
360
206
371
189
360
209
371
189
361
209
371
189
363
205
370
184
358
206
370
184
363
203
370
184
363
204
370
184
363
205
373
198
357
220
373
198
358
219
373
198
359
218
373
199
357
220
373
199
358
219
373
200
357
221
373
200
357
220
372
201
355
221
372
201
354
221
369
203
353
221
368
203
352
221
370
203
354
221
370
202
354
221
370
202
353
221
377
114
397
143
374
116
393
145
376
112
397
142
375
112
396
142
374
118
393
146
374
118
392
146
374
135
387
161
374
135
386
160
376
135
388
161
375
134
388
161
375
134
387
161
375
135
388
161
375
135
387
161
374
199
357
220
374
199
358
219
375
201
359
222
375
201
358
222
375
196
360
217
375
196
360
218
374
201
357
221
374
201
358
222
375
198
358
219
375
198
359
218
376
199
361
220
374
196
360
217
374
196
359
218
374
196
360
218
374
197
360
217
374
197
358
219
374
197
359
218
374
197
360
218
378
40
433
78
380
71
419
106
380
70
419
106
380
76
416
110
380
76
416
111
380
76
417
111
384
67
424
103
384
67
425
103
385
67
424
103
385
67
424
104
385
67
425
103
385
68
424
104
385
68
425
105
385
68
424
105
384
116
404
149
385
116
404
149
385
230
356
252
384
231
356
252
387
33
441
74
387
32
441
72
386
68
425
105
386
68
424
105
387
68
425
106
386
70
425
106
386
70
424
107
386
70
425
107
386
70
424
106
386
69
425
105
386
69
424
105
386
69
425
106
386
69
424
106
387
116
407
148
387
116
406
148
386
114
406
148
386
116
404
149
386
116
406
148
386
116
405
151
386
118
404
149
386
118
405
151
386
118
404
151
388
118
407
148
388
118
405
151
388
118
405
152
385
120
404
151
387
118
406
148
387
118
405
151
387
118
405
152
387
118
404
151
385
118
404
149
385
118
404
151
386
178
379
206
388
297
331
314
393
75
428
114
393
75
427
114
390
75
426
113
393
76
427
115
393
77
429
116
391
75
427
114
391
76
426
115
391
76
427
115
393
74
428
114
393
82
425
121
393
82
426
121
393
305
332
324
394
29
450
74
395
29
450
74
395
29
452
75
396
29
450
74
396
29
452
75
396
29
453
75
396
173
389
206
394
228
365
253
394
228
366
255
393
228
365
253
393
228
365
252
399
36
449
81
398
36
449
81
400
36
453
83
396
76
432
117
397
75
432
117
397
77
432
117
401
233
369
261
401
233
370
258
401
233
370
259
401
233
370
260
403
68
440
112
403
68
441
112
403
68
441
113
403
67
440
112
403
67
441
111
403
67
441
112
403
67
441
113
403
67
442
109
403
66
440
112
403
66
441
111
403
66
441
112
403
66
441
113
403
66
442
109
402
64
441
111
402
64
441
109
402
64
442
108
402
64
442
109
402
188
389
221
402
188
388
221
404
195
389
228
404
195
386
229
404
195
387
229
404
195
387
230
403
196
386
229
403
196
387
229
405
197
387
229
405
197
389
231
405
197
389
230
405
197
387
231
405
197
387
230
402
196
386
229
404
197
387
229
404
197
387
231
404
197
387
230
405
195
389
228
405
195
386
229
405
195
387
229
405
195
389
229
405
195
389
230
405
195
387
231
405
195
387
230
404
297
347
319
405
297
347
319
405
297
347
321
403
294
347
317
409
68
445
115
409
68
445
117
409
69
445
115
409
69
445
117
408
71
445
115
408
71
445
117
408
69
445
115
408
69
445
117
408
68
445
115
408
68
445
117
407
68
445
117
408
72
445
117
409
72
445
117
409
186
397
223
409
191
393
228
409
191
396
227
409
191
394
228
409
191
394
227
409
193
389
229
409
193
391
229
409
193
393
228
409
193
393
229
409
193
392
230
409
193
393
231
409
193
394
228
409
193
394
227
408
193
389
229
408
193
389
230
408
193
391
229
408
193
393
228
408
193
393
229
408
193
392
230
408
193
394
228
409
190
397
227
409
190
396
227
409
190
394
227
409
190
396
226
407
197
389
231
407
197
389
230
407
197
392
230
407
197
390
232
407
197
393
231
407
197
391
231
408
194
389
229
408
194
389
230
408
194
391
229
408
194
393
228
408
194
393
229
408
194
392
230
408
194
393
231
408
194
391
231
408
194
394
228
408
194
395
232
409
194
389
229
409
194
389
230
409
194
391
229
409
194
393
228
409
194
393
229
409
194
392
230
409
194
393
231
409
194
391
231
409
194
394
228
409
194
395
233
409
194
395
232
409
194
396
233
409
195
389
229
409
195
389
230
409
195
391
229
409
195
393
228
409
195
393
229
409
195
392
230
409
195
393
231
409
195
391
231
409
195
395
233
409
195
395
232
409
195
396
233
408
196
389
229
408
196
389
231
408
196
389
230
408
196
391
229
408
196
393
229
408
196
392
230
408
196
390
232
408
196
393
231
408
196
391
231
408
196
395
233
408
196
395
232
406
194
389
228
406
194
389
229
406
194
389
230
406
194
387
230
406
194
391
229
406
194
393
228
405
199
387
231
404
198
386
231
404
198
387
231
404
198
387
230
407
296
347
319
407
296
349
320
407
296
348
321
407
296
349
321
407
296
350
319
407
296
350
320
407
296
351
319
406
296
347
319
406
296
349
320
406
296
347
321
406
296
348
321
409
292
351
315
409
292
352
317
409
292
353
318
409
292
353
320
409
292
352
319
409
292
353
319
408
294
349
320
408
294
351
315
408
294
352
317
408
294
350
319
408
294
352
319
408
294
350
320
408
294
351
319
407
295
347
319
407
295
349
320
407
295
348
321
407
295
349
321
407
295
350
319
407
295
350
320
406
297
349
320
406
297
347
321
406
297
348
321
406
297
350
319
412
188
397
225
412
188
395
223
412
188
394
223
412
188
396
224
412
188
397
226
410
189
397
225
410
189
397
227
410
189
396
227
410
189
397
226
410
189
396
226
411
189
397
225
411
189
397
227
411
189
397
226
411
189
396
226
417
61
457
112
415
60
454
110
416
58
456
109
417
59
457
110
415
62
454
112
416
189
397
225
416
189
396
224
416
189
401
228
416
189
402
228
417
189
401
228
417
189
402
228
417
189
404
230
415
280
363
309
415
280
364
309
416
278
363
309
416
278
364
309
414
279
362
308
414
279
363
309
415
279
363
309
415
279
364
309
412
278
362
307
416
280
364
309
415
281
364
309
421
31
473
87
420
30
472
86
421
188
404
227
419
189
404
227
419
189
404
230
419
189
405
231
419
189
406
231
421
189
404
227
421
189
405
231
421
189
406
231
417
191
397
227
417
191
397
226
417
191
401
228
417
191
402
228
417
191
401
229
417
192
397
227
417
192
396
227
417
192
401
233
417
192
401
232
417
192
401
228
417
192
401
229
416
190
397
225
416
190
397
226
416
190
396
226
416
190
401
228
416
190
402
228
416
190
401
229
417
193
401
233
417
193
401
232
417
193
399
232
417
193
400
233
417
193
401
229
420
191
402
228
420
191
404
230
420
191
404
231
420
191
405
231
420
191
406
231
418
192
401
232
418
192
401
228
418
192
402
228
418
192
401
229
416
193
401
233
416
193
401
232
416
193
399
232
416
193
400
234
416
193
400
233
420
190
404
227
420
190
402
228
420
190
404
230
420
190
404
231
420
190
405
231
420
190
406
231
419
221
389
259
419
223
390
261
419
224
390
261
423
29
475
84
423
185
410
228
423
185
411
229
422
185
410
228
424
185
412
228
424
185
410
228
424
185
411
229
423
186
410
228
424
186
410
228
424
186
411
229
425
186
412
228
425
186
410
228
425
186
411
229
425
188
411
229
425
188
411
234
420
206
400
247
423
208
401
248
423
208
400
247
423
208
401
249
423
207
401
248
423
207
400
247
423
207
401
249
423
207
402
248
424
208
401
248
424
208
400
247
424
208
401
249
424
208
402
248
424
208
402
249
424
208
402
250
425
208
403
249
425
208
403
248
425
208
401
248
425
208
400
247
425
208
401
249
425
208
402
248
425
208
402
249
425
208
402
250
424
217
397
257
423
220
394
260
422
225
390
263
422
225
392
263
429
207
406
252
429
207
407
252
429
206
406
252
429
206
407
252
426
207
403
249
426
207
403
248
426
207
401
248
426
207
401
249
426
207
402
248
426
207
402
249
426
207
402
250
426
207
404
250
426
207
404
251
426
206
403
249
426
206
403
248
426
206
401
248
426
206
401
249
426
206
402
248
426
206
402
249
426
206
404
250
428
208
403
249
428
208
403
248
428
208
402
248
428
208
404
250
428
208
404
251
428
208
406
252
430
190
413
235
430
208
406
252
430
208
407
252
431
208
407
252
431
207
408
249
431
207
407
252
443
39
489
103
443
39
488
103
445
40
490
104
445
40
489
105
445
40
489
106
445
41
489
105
445
41
488
107
445
41
489
106
445
41
490
106
443
40
488
104
444
41
489
105
444
40
489
104
444
40
489
105
445
66
481
125
445
66
479
129
445
66
479
130
445
66
478
130
444
65
481
125
443
64
481
125
445
68
477
131
445
68
478
129
445
68
479
129
445
68
479
130
445
68
478
130
445
68
479
131
445
68
479
132
449
38
495
105
449
38
496
105
446
38
491
104
449
41
492
107
449
41
493
107
449
41
494
107
446
40
491
105
446
40
492
105
446
40
489
106
446
40
490
106
447
42
492
107
447
42
490
107
447
42
491
108
446
42
490
107
446
42
490
106
453
39
497
107
453
39
499
109
453
41
496
108
453
41
497
107
453
41
499
109
453
40
496
108
453
40
497
107
453
40
499
109
453
38
497
107
452
44
495
113
452
44
494
112
452
44
497
111
452
44
496
112
452
44
495
112
452
44
496
113
452
45
495
113
452
45
494
112
452
45
496
112
452
45
494
113
452
45
495
112
452
45
496
113
453
45
495
113
453
45
494
112
453
45
497
111
453
45
496
112
453
45
494
113
453
45
495
112
453
45
496
113
453
45
497
113
453
43
497
111
453
43
496
112
453
43
496
113
453
43
497
113
453
44
495
113
453
44
494
112
453
44
497
111
453
44
496
112
453
44
495
112
453
44
496
113
453
44
497
113
450
42
496
108
450
42
494
107
450
42
495
108
453
149
452
208
455
38
501
109
455
41
500
109
455
41
499
109
455
41
501
109
455
40
500
109
455
40
499
109
455
40
501
109
456
39
500
109
456
39
499
109
456
39
501
109
457
62
492
132
457
63
492
132
452
65
485
133
456
155
453
215
456
155
452
214
456
155
453
216
457
156
453
215
457
156
452
214
457
156
453
216
457
156
454
216
456
156
453
216
457
158
451
216
457
158
451
217
457
159
451
217
455
158
451
217
456
158
451
217
458
65
493
132
458
65
492
132
458
65
492
133
458
156
453
215
458
156
453
216
458
156
454
216
461
155
457
217
458
157
453
216
467
57
503
130
467
57
502
131
468
57
504
130
468
57
503
130
466
60
502
131
472
140
472
207
472
140
471
209
471
141
472
207
471
141
471
209
471
141
471
211
472
145
471
211
472
145
472
211
472
145
473
213
472
144
471
211
472
144
472
211
472
142
471
209
472
142
471
211
472
142
472
211
475
118
485
189
475
118
485
191
476
125
481
194
477
132
481
202
475
133
479
203
477
131
481
202
476
140
477
209
476
140
476
211
476
141
477
209
476
141
474
211
476
141
474
212
476
141
476
211
476
141
475
212
477
165
466
231
477
165
467
230
477
165
469
230
477
165
468
230
477
165
469
231
477
163
468
229
477
163
467
228
477
163
468
228
477
163
467
229
477
163
469
229
477
163
467
230
477
163
469
230
477
163
468
230
477
163
469
231
475
167
464
233
475
167
466
231
475
167
468
233
475
167
466
234
475
168
464
233
475
168
468
233
475
168
466
234
475
168
468
235
475
168
467
235
476
168
468
233
476
168
466
234
476
168
469
235
476
168
468
235
476
168
467
235
477
168
468
233
477
168
466
234
477
168
469
235
477
168
468
235
477
168
467
235
481
117
490
192
481
119
490
192
481
118
490
192
482
115
490
189
482
114
493
188
488
122
495
198
489
123
495
198
487
125
493
200
489
172
472
242
490
122
496
198
497
168
484
243
497
168
484
244
500
114
507
196
500
114
509
196
503
118
509
201
503
120
509
201
509
130
511
213
509
130
511
214
509
131
511
214
507
165
496
246
509
166
496
246
509
167
497
248
511
123
513
208
510
127
515
212
512
127
515
212
512
127
517
214
513
130
516
216
513
130
515
216
513
132
514
216
513
132
514
217
511
132
512
216
511
132
511
217
511
132
512
217
513
131
514
216
513
131
517
217
513
131
516
216
513
131
514
217
513
131
515
216
510
133
510
217
510
133
511
217
510
133
512
217
511
133
511
217
511
133
512
217
511
165
497
245
511
165
499
246
513
164
499
246
513
164
500
246
511
162
498
243
511
162
499
244
513
162
498
243
513
162
499
244
510
165
497
245
512
164
497
245
512
164
499
246
512
164
500
246
516
129
518
216
517
129
518
216
