biker_mural_1_candidate.jpg
biker_mural_1_reference.jpg
193
123
327
142
193
123
328
142
193
123
329
142
194
121
328
141
194
121
327
141
196
121
328
141
196
121
327
142
196
121
328
142
196
121
329
142
197
121
328
142
197
121
329
142
197
121
330
142
194
122
328
141
194
122
327
142
194
122
328
142
194
122
329
142
194
123
329
142
198
121
331
142
198
121
330
142
201
122
332
143
201
122
333
143
201
122
333
144
201
122
334
143
201
122
334
144
201
122
335
144
200
122
332
143
200
122
333
143
200
122
333
144
200
122
334
143
200
122
334
144
200
122
335
144
198
122
331
143
198
122
332
143
198
122
333
143
199
122
332
143
199
122
333
143
199
122
334
143
204
123
334
144
202
122
334
144
202
123
333
144
202
123
335
145
202
123
334
144
203
123
333
144
203
123
335
145
208
196
336
213
210
193
337
210
212
196
338
212
210
194
337
211
217
161
345
180
216
159
345
180
215
164
345
185
215
164
343
182
215
164
344
184
215
164
343
184
215
164
344
185
215
164
343
183
215
164
344
186
215
164
346
185
215
164
346
186
217
162
345
180
217
162
347
183
217
162
346
182
214
163
343
182
214
163
344
184
214
163
343
184
214
163
344
185
214
163
343
183
215
165
345
185
215
165
343
182
215
165
344
184
215
165
343
184
215
165
344
185
215
165
343
183
215
165
344
186
215
165
344
187
215
165
346
185
215
165
346
186
217
167
345
185
217
167
344
184
217
167
344
185
217
167
344
186
217
167
344
187
217
167
346
184
217
167
346
185
217
167
347
187
217
167
346
189
217
167
347
189
217
167
346
188
217
167
346
186
216
166
345
185
216
166
344
184
216
166
343
184
216
166
344
185
216
166
344
186
216
166
344
187
216
166
344
188
216
166
346
184
216
166
346
185
216
166
347
187
216
166
346
189
216
166
346
188
216
166
346
186
215
169
342
189
215
169
343
188
215
169
344
187
215
169
344
188
215
169
343
191
216
172
342
189
216
172
343
188
216
172
344
192
216
172
343
193
216
172
344
193
216
172
345
192
216
172
344
191
216
172
343
191
214
170
342
189
214
170
343
188
214
170
342
192
214
170
343
193
214
170
343
191
215
173
342
189
215
173
342
192
215
173
343
193
215
173
342
193
215
173
343
191
221
163
349
184
221
163
349
183
221
163
349
187
221
163
349
186
221
163
351
181
221
163
352
182
221
163
350
185
219
164
346
184
219
164
347
183
219
164
348
185
219
164
349
184
219
164
349
183
219
164
347
187
219
164
349
187
219
164
349
186
219
164
350
185
218
164
346
184
218
164
347
183
218
164
348
185
218
164
346
182
218
164
349
184
218
164
346
185
218
164
349
183
218
164
347
187
218
164
349
187
218
164
349
186
218
164
346
186
218
163
346
184
218
163
347
183
218
163
346
182
218
163
349
184
218
163
349
183
220
165
347
183
220
165
348
185
220
165
349
184
220
165
349
183
220
165
347
187
220
165
349
187
220
165
349
188
220
165
349
186
220
165
350
185
221
165
348
185
221
165
349
184
221
165
349
183
221
165
349
187
221
165
349
188
221
165
349
186
221
165
350
185
221
166
348
185
221
166
349
184
221
166
349
183
221
166
349
187
221
166
349
188
221
166
349
186
221
166
350
185
218
168
345
185
218
168
346
184
218
168
346
185
218
168
347
187
218
168
346
189
218
168
347
189
218
168
346
188
218
168
346
186
221
167
348
185
221
167
349
187
221
167
349
188
221
167
349
186
221
167
350
185
218
166
345
185
218
166
346
184
218
166
348
185
218
166
346
185
218
166
347
187
218
166
346
189
218
166
347
189
218
166
346
188
218
166
346
186
220
168
347
187
220
168
349
187
220
168
347
189
220
168
349
188
220
168
349
186
220
168
348
190
221
168
349
187
221
168
349
188
221
168
349
186
221
168
348
190
218
169
345
185
218
169
346
185
218
169
347
187
218
169
346
189
218
169
347
189
218
169
346
188
218
169
346
186
218
169
347
191
218
169
346
191
221
169
349
188
221
169
348
190
218
171
345
192
218
171
347
187
218
171
346
189
218
171
347
189
218
171
346
188
218
171
347
191
218
171
346
191
218
171
346
192
218
170
345
185
218
170
347
187
218
170
346
189
218
170
347
189
218
170
346
188
218
170
346
186
218
170
347
191
218
170
346
191
218
170
346
192
221
172
348
191
221
172
348
190
219
170
346
189
219
170
347
189
219
170
346
188
219
170
347
191
219
170
348
191
219
170
346
191
219
170
348
190
218
172
345
192
218
172
346
189
218
172
346
188
218
172
347
191
218
172
346
191
218
172
346
192
220
170
347
189
220
170
349
188
220
170
348
191
220
170
348
190
218
173
345
192
218
173
347
191
218
173
346
191
218
173
346
192
221
173
348
191
225
161
352
182
225
161
353
182
225
161
356
181
225
161
355
181
223
160
351
181
223
160
352
182
223
161
351
181
223
161
352
182
223
161
353
182
222
163
349
184
222
163
349
183
222
163
349
186
222
163
351
181
222
163
352
182
222
163
353
182
222
163
350
185
222
164
349
184
222
164
349
183
222
164
349
187
222
164
349
186
222
164
351
181
222
164
352
182
222
164
353
182
222
164
350
185
224
163
352
182
224
163
353
182
224
163
350
185
224
163
356
181
224
163
355
181
225
162
352
182
225
162
353
182
225
162
356
181
225
162
355
181
222
165
349
184
222
165
349
183
222
165
349
187
222
165
349
186
222
165
352
182
222
165
350
185
222
166
349
184
222
166
349
187
222
166
349
188
222
166
349
186
222
166
350
185
222
168
349
187
222
167
349
187
222
167
349
188
222
167
349
186
222
167
350
185
227
161
352
182
227
161
353
182
227
161
356
181
227
161
355
181
227
163
353
182
227
163
356
181
227
163
355
181
226
162
352
182
226
162
353
182
226
162
356
181
226
162
355
181
227
162
352
182
227
162
353
182
227
162
356
181
227
162
355
181
226
163
352
182
226
163
353
182
226
163
356
181
226
163
355
181
229
161
353
182
229
161
356
181
229
161
355
181
228
161
353
182
228
161
356
181
228
161
355
181
230
161
356
181
230
161
355
181
231
161
356
181
231
161
355
181
232
161
356
181
232
161
355
181
233
161
356
181
265
136
389
156
267
134
390
157
267
134
390
155
267
135
390
157
267
135
391
156
266
134
389
155
266
134
389
156
266
134
390
155
267
136
390
157
267
136
391
157
267
136
391
156
266
135
389
157
266
135
389
155
266
135
389
156
266
135
390
155
272
137
396
158
272
136
396
158
274
135
398
157
