5_5_l.jpg
5_5_r.jpg
188
232
41
241
217
242
69
250
228
215
82
222
225
218
82
222
225
218
79
223
225
218
79
224
223
219
79
224
223
218
79
224
226
240
78
248
227
240
78
248
246
213
99
220
235
221
92
227
244
224
99
232
242
221
99
228
258
212
109
218
251
214
102
221
249
216
102
221
252
219
109
225
258
224
112
231
254
222
111
230
265
216
119
221
272
217
123
223
270
273
133
282
276
215
128
221
275
278
138
288
311
286
176
295
311
286
178
295
311
286
177
295
306
286
171
295
306
286
170
295
308
285
173
295
299
286
161
296
301
286
164
295
301
286
165
296
301
286
165
295
303
286
168
296
303
286
167
295
303
286
166
296
303
286
168
295
303
286
167
296
309
286
176
295
309
286
177
295
310
286
176
295
310
286
178
295
310
286
177
295
304
285
167
295
304
285
168
295
304
285
169
295
305
285
169
295
305
285
170
295
310
285
176
295
310
285
177
295
311
285
177
295
302
286
167
295
302
286
165
296
302
286
166
296
302
286
165
295
304
286
168
296
304
286
167
295
304
286
168
295
304
286
167
296
304
286
169
295
303
285
167
295
325
218
196
227
316
226
188
235
323
221
195
231
322
285
190
294
323
287
190
294
323
285
190
294
324
287
190
294
338
221
208
229
338
221
209
229
335
227
202
234
335
227
206
234
332
227
200
234
332
227
202
234
328
253
197
261
330
254
199
262
333
256
202
264
334
256
203
264
326
287
192
296
326
287
193
296
329
297
197
306
350
216
220
225
339
222
208
229
339
222
209
229
343
231
213
238
339
233
209
240
339
233
213
238
339
233
214
240
344
234
214
240
348
243
221
252
352
229
224
237
352
229
223
236
354
226
225
233
358
222
229
230
358
223
229
230
353
230
224
237
353
230
223
236
362
231
234
239
360
233
231
240
360
234
231
240
371
89
241
98
371
89
241
99
369
91
241
99
370
90
241
99
373
88
245
97
370
92
245
98
370
92
242
100
370
92
242
101
376
89
246
98
376
89
247
98
376
89
242
101
376
89
248
98
376
89
249
98
374
89
246
98
374
89
245
98
374
89
245
97
374
89
247
98
374
89
246
97
374
89
242
100
368
90
241
98
368
90
240
98
375
89
246
98
375
89
245
98
375
89
247
98
375
89
246
97
375
89
242
100
375
89
242
101
375
89
248
98
370
91
242
100
373
89
246
98
373
89
245
98
373
89
245
97
373
89
246
97
373
89
242
100
371
95
243
103
377
89
247
98
377
89
248
98
377
89
249
98
376
104
248
113
376
204
251
212
370
204
242
212
370
216
239
224
370
216
242
224
371
226
242
234
373
242
244
249
364
249
235
257
369
245
240
252
367
254
237
261
367
254
237
262
365
256
236
264
365
256
234
265
365
253
235
259
365
253
234
260
365
253
236
260
365
253
235
261
365
253
235
260
364
252
235
259
364
252
234
260
364
252
234
259
364
252
235
260
366
254
236
260
366
254
235
261
366
254
237
261
366
254
237
262
364
253
235
259
364
253
234
260
364
253
234
259
364
253
236
260
364
253
235
261
364
253
235
260
368
269
236
276
368
269
239
275
368
269
237
276
368
269
238
276
364
271
234
279
364
272
234
279
364
272
234
280
364
272
235
280
385
85
256
94
385
85
254
96
385
85
257
94
382
87
254
96
382
87
252
97
382
87
254
97
383
87
258
96
383
87
254
96
383
87
252
97
383
87
254
97
383
87
255
97
383
87
257
96
386
87
258
96
386
87
260
96
386
87
259
96
386
87
255
97
386
87
257
96
387
86
258
96
387
86
260
96
387
86
259
96
387
86
257
96
388
86
258
96
388
86
260
96
388
86
259
96
388
86
257
96
384
85
256
94
384
85
254
96
384
85
257
94
385
87
258
96
385
87
260
96
385
87
259
96
385
87
254
97
385
87
255
97
385
87
257
96
390
85
260
96
390
85
259
96
381
88
254
96
381
88
252
97
381
88
254
97
383
88
252
97
383
88
254
97
383
88
255
97
380
88
254
96
380
88
252
97
380
88
249
98
378
89
247
98
378
89
248
98
378
89
252
97
378
89
249
98
382
88
252
97
382
88
254
97
382
88
255
97
382
88
257
96
382
104
255
113
385
104
259
112
385
104
257
113
389
103
261
113
387
113
262
121
379
204
251
212
390
200
265
209
390
200
263
209
390
199
265
208
390
199
263
209
382
217
251
224
386
232
258
240
385
242
257
250
379
248
250
255
379
247
250
255
387
264
258
272
387
264
259
271
387
264
258
271
387
264
259
272
388
264
258
272
388
264
259
271
388
264
258
271
388
264
259
272
388
264
262
271
388
264
261
272
388
265
258
272
388
265
259
271
388
265
258
271
388
265
259
272
388
265
261
272
395
73
268
83
395
73
266
84
395
73
269
84
397
73
266
84
397
73
269
84
396
74
269
84
396
74
266
85
396
74
268
85
399
66
271
77
396
73
266
84
396
73
269
84
394
199
266
208
394
199
270
208
396
199
270
206
396
199
271
207
396
199
270
207
396
199
270
208
396
199
270
209
398
199
271
207
397
198
271
207
397
198
270
207
398
201
270
210
394
198
270
206
394
198
266
207
394
198
267
207
396
196
270
206
395
201
270
208
395
201
267
209
395
201
270
209
395
201
267
210
395
201
270
210
394
197
267
206
395
199
270
206
395
199
270
207
395
199
270
208
395
198
270
206
395
198
270
207
395
198
270
208
391
200
265
209
391
200
263
210
391
200
266
208
391
200
263
209
395
200
270
207
395
200
270
208
395
200
267
209
395
200
270
209
391
201
265
209
391
201
263
210
394
201
267
209
394
201
267
210
396
201
270
209
396
201
267
210
396
201
270
210
391
199
266
207
391
199
265
208
391
199
266
208
391
199
263
209
392
199
266
207
392
199
265
209
392
199
265
208
392
199
266
208
392
199
263
209
392
199
267
207
392
202
267
210
396
197
270
206
396
197
271
207
396
197
270
207
397
210
267
219
395
211
267
219
396
208
267
217
396
211
267
219
394
217
265
226
394
217
266
226
394
228
266
236
394
228
266
235
396
223
268
229
395
227
266
236
395
227
266
235
394
219
265
226
394
219
266
226
397
221
268
227
397
221
268
228
397
221
268
229
403
222
272
229
403
222
272
230
397
218
268
227
397
218
268
228
397
218
268
226
400
228
271
235
402
228
271
235
396
229
267
237
403
229
273
236
402
243
274
249
403
235
272
242
402
235
272
242
403
241
274
247
397
246
269
253
402
247
270
253
402
247
273
253
402
246
271
252
402
246
270
252
402
246
273
252
399
247
270
253
399
247
269
253
403
245
273
251
399
245
271
252
399
245
270
252
399
258
269
264
391
264
262
271
398
257
269
263
407
74
279
85
407
74
278
85
406
73
278
85
413
69
283
82
413
69
285
81
414
69
286
81
414
69
285
81
414
69
284
82
412
70
283
82
412
70
285
81
412
70
282
83
412
70
284
82
410
71
281
83
410
71
283
82
410
71
282
83
411
71
283
82
411
71
282
83
411
71
283
83
411
71
284
82
409
72
281
83
409
72
281
84
409
72
282
83
409
72
280
84
408
73
281
84
408
73
279
85
408
73
280
84
406
74
277
86
406
74
279
85
406
74
278
85
415
68
287
80
415
78
286
91
415
78
287
89
403
75
273
87
403
75
274
86
403
75
275
86
403
75
275
87
403
76
275
86
403
76
277
86
403
76
276
87
403
76
275
87
403
76
274
88
403
76
273
88
405
75
277
86
405
75
276
87
405
75
279
85
405
75
278
85
405
75
275
87
404
76
277
86
404
76
276
87
404
76
275
87
404
76
274
88
408
93
282
104
406
93
277
104
411
93
284
104
414
105
289
118
407
228
275
236
407
228
277
235
409
227
277
235
404
228
273
236
408
227
277
235
404
236
273
243
404
242
274
248
404
255
275
261
429
56
299
70
428
58
298
72
428
58
297
72
426
58
296
72
426
58
297
72
426
60
296
74
426
59
296
73
424
60
294
74
425
60
295
74
424
61
293
75
417
66
288
79
417
65
289
78
418
65
289
78
418
66
289
79
418
66
288
79
420
72
292
85
420
72
291
85
423
92
293
104
418
92
291
104
429
105
296
118
429
105
299
118
429
105
322
119
429
105
323
118
425
106
296
118
425
106
289
118
425
106
295
120
425
106
298
120
425
106
305
120
425
106
316
120
425
106
315
120
425
106
322
119
425
106
325
120
425
106
325
119
425
106
318
120
425
106
321
120
426
106
295
120
426
106
298
120
426
106
305
120
426
106
316
120
426
106
315
120
426
106
322
119
426
106
325
119
426
106
318
120
426
106
321
120
426
106
326
119
429
106
295
120
429
106
298
120
429
106
305
120
429
106
316
120
429
106
315
120
429
106
322
119
429
106
318
120
429
106
321
120
430
91
300
104
452
90
316
104
452
89
316
104
447
90
314
105
452
103
323
118
453
103
322
119
453
103
323
118
453
103
326
118
446
102
315
116
466
62
331
79
466
62
332
79
468
63
333
80
465
62
331
79
457
89
321
104
464
88
325
104
462
88
325
104
471
65
336
82
469
87
332
104
480
227
344
236
480
227
345
235
481
227
345
235
491
198
351
208
491
199
354
208
491
199
355
208
489
200
351
210
488
221
351
231
488
221
353
231
485
223
351
231
484
222
348
233
493
226
356
235
485
228
349
237
485
228
350
237
483
222
348
229
482
227
347
235
492
228
356
236
491
220
354
230
486
223
351
231
483
225
348
233
483
225
347
235
483
226
348
233
490
220
354
230
490
220
353
229
490
220
354
231
490
222
354
231
489
222
354
230
489
222
353
231
489
222
354
231
484
228
349
237
491
222
354
230
491
222
354
231
490
219
354
230
490
219
354
228
490
219
353
229
490
219
354
231
485
229
349
238
485
229
350
237
485
229
350
238
486
229
351
238
486
229
350
238
483
230
347
238
502
103
363
122
495
199
355
209
495
199
359
208
495
199
358
209
495
199
359
209
495
199
358
208
497
197
358
207
497
197
359
207
496
197
358
207
496
197
359
207
496
197
359
206
496
198
359
208
496
198
359
207
496
198
358
208
503
218
365
229
503
218
366
228
503
218
365
228
503
219
365
229
502
219
364
229
502
219
365
229
502
219
366
228
500
221
362
231
504
218
366
228
