Test1025.jpg
Test1026_3.jpg
260
259
216
154
286
227
279
152
286
227
280
152
304
252
255
179
305
251
253
177
304
253
254
180
304
253
255
179
303
254
254
180
304
254
254
180
302
255
254
180
307
253
253
182
307
253
254
180
309
253
253
181
309
253
251
183
309
253
252
183
309
253
253
182
309
253
254
181
306
253
254
180
306
253
254
181
308
253
252
183
308
253
253
182
308
253
254
181
308
252
253
181
308
252
254
181
312
218
280
161
312
218
278
161
311
254
252
183
309
256
246
182
308
255
249
183
308
255
251
183
316
204
283
160
316
204
297
157
316
204
296
157
316
204
294
161
317
208
286
173
317
208
286
174
317
208
294
161
317
208
293
160
317
208
293
161
316
209
283
160
316
209
284
166
316
209
286
173
317
209
284
173
317
209
286
173
317
209
286
174
317
209
292
161
317
209
293
161
312
212
280
159
312
212
282
160
312
212
283
160
317
213
284
166
317
213
284
173
317
213
283
171
317
213
283
175
317
213
282
176
317
213
287
165
317
213
286
173
317
213
292
161
317
213
293
161
317
213
292
160
314
213
280
159
314
213
285
160
314
213
282
160
314
213
283
160
317
210
284
173
317
210
283
171
317
210
283
175
317
210
286
173
317
210
286
174
317
210
293
160
317
210
293
161
316
214
285
160
316
214
282
160
316
214
283
160
316
214
284
166
316
214
282
167
316
214
282
168
316
214
282
173
316
214
284
173
316
214
283
171
313
214
280
159
313
214
285
160
313
214
282
160
313
214
283
160
316
215
285
160
316
215
282
160
316
215
284
166
316
215
282
168
316
215
282
173
316
215
284
173
316
215
283
171
316
215
282
172
316
215
282
176
315
251
241
173
317
252
253
181
317
256
246
182
317
256
249
183
317
256
245
182
317
256
249
184
317
256
250
184
317
256
251
183
317
256
252
185
317
256
252
183
317
256
250
183
317
258
246
182
317
258
247
184
317
258
245
182
317
258
249
184
317
258
250
184
317
258
252
185
317
258
251
185
316
258
246
182
316
258
247
184
316
258
245
182
316
258
249
184
316
258
250
184
316
258
252
185
316
258
251
185
315
260
245
184
318
148
336
117
318
148
338
117
318
204
297
157
318
204
296
157
318
204
294
161
318
204
293
160
318
204
297
158
318
204
293
161
318
207
284
173
318
207
283
175
318
207
283
178
318
207
286
173
318
207
286
174
318
207
296
157
318
207
294
161
318
207
292
161
318
207
293
160
318
207
293
161
318
207
292
160
320
207
297
158
320
207
298
157
320
208
286
174
320
208
294
161
320
208
292
161
320
208
297
158
320
208
293
161
320
208
298
157
321
209
291
171
319
213
284
173
319
213
283
175
319
213
287
165
319
213
286
173
319
213
286
174
319
213
296
157
319
213
294
161
319
213
292
161
319
213
293
160
319
213
293
161
319
213
292
160
321
212
288
174
321
212
297
158
319
211
284
173
319
211
283
175
319
211
287
165
319
211
286
173
319
211
286
174
319
211
296
157
319
211
294
161
319
211
292
161
319
211
293
160
319
211
293
161
320
213
286
173
320
213
286
174
320
213
297
157
320
213
296
157
320
213
294
161
320
213
292
161
320
213
293
160
320
213
297
158
320
213
293
161
320
213
292
160
321
215
286
174
321
215
288
174
321
215
287
175
321
215
297
157
321
215
296
157
321
215
294
161
321
215
293
160
321
215
297
158
321
215
293
161
318
214
284
166
318
214
284
173
318
214
283
171
318
214
283
175
318
214
287
165
318
214
286
173
318
214
292
161
318
214
293
160
318
214
293
161
318
214
292
160
319
225
280
161
319
225
281
163
319
225
280
164
319
225
281
165
319
225
280
168
319
225
280
174
319
225
279
175
319
225
280
175
319
225
282
164
319
225
281
167
319
225
284
166
319
225
282
167
319
225
282
168
319
225
282
173
319
225
283
171
319
225
282
172
320
223
284
166
320
223
284
173
320
223
283
171
320
223
282
172
320
223
287
165
318
224
281
163
318
224
281
165
318
224
280
168
318
224
280
174
318
224
279
175
318
224
280
175
318
224
282
164
318
224
281
167
318
224
284
166
318
224
282
167
318
224
282
168
318
224
283
171
318
224
282
172
320
226
281
163
320
226
281
165
320
226
280
168
320
226
280
174
320
226
279
175
320
226
280
175
320
226
282
164
320
226
281
167
320
226
284
166
320
226
282
167
320
226
282
168
320
226
282
173
320
226
284
173
320
226
283
171
320
226
282
172
320
226
287
165
319
228
281
163
319
228
280
164
319
228
281
165
319
228
280
168
319
228
280
174
319
228
279
175
319
228
280
175
319
228
282
164
319
228
281
167
319
228
284
166
319
228
282
167
319
228
282
168
319
228
283
171
319
228
282
172
321
232
280
174
321
232
279
175
321
232
280
175
321
232
284
166
321
232
282
173
321
232
284
173
321
232
283
171
321
232
282
172
321
232
283
175
321
232
282
176
321
232
287
165
321
232
286
173
321
257
246
182
321
257
247
184
321
257
249
183
321
257
249
184
321
257
250
184
321
257
252
185
321
257
250
183
321
257
251
185
318
255
246
182
318
255
249
183
318
255
245
182
318
255
251
183
318
255
252
183
318
255
253
182
318
255
250
183
320
258
246
182
320
258
247
184
320
258
249
183
320
258
245
182
320
258
249
184
320
258
250
184
320
258
252
185
320
258
251
185
324
148
340
120
324
148
341
120
324
148
340
121
325
149
340
122
323
149
340
121
322
212
291
171
323
224
287
165
323
224
286
173
323
224
286
174
323
224
297
157
323
224
294
161
323
224
292
161
323
224
297
158
323
222
286
173
323
222
286
174
323
222
288
174
323
222
287
175
323
222
292
161
323
222
297
158
323
228
284
166
323
228
284
173
323
228
287
165
323
228
286
173
323
228
286
174
325
229
286
174
325
229
288
174
325
229
287
175
325
229
291
171
325
229
294
161
329
229
273
189
331
227
276
193
331
227
276
194
332
227
276
193
332
227
276
195
332
227
276
194
331
229
276
195
334
227
279
196
335
235
279
195
335
235
279
196
337
234
279
196
337
234
281
197
337
234
281
200
337
234
281
198
337
234
282
198
337
236
279
196
338
231
281
198
338
231
282
198
338
231
283
199
338
236
281
197
338
236
278
199
338
236
281
198
339
236
281
197
339
236
281
198
339
236
282
198
340
234
283
197
340
234
282
198
340
234
283
199
338
235
281
197
338
235
281
198
340
236
281
200
340
236
281
198
340
236
283
197
340
236
282
198
340
236
283
199
338
240
278
199
344
237
285
200
344
237
286
203
343
238
285
200
343
238
282
201
343
239
282
201
342
242
282
201
342
242
281
204
