paris_invalides_000662_lt_3.jpg
paris_invalides_000663.jpg
306
208
299
180
306
208
297
179
314
215
302
184
318
217
304
183
306
209
298
181
307
211
298
182
320
219
304
183
320
219
306
185
320
219
305
184
311
212
299
180
335
255
320
216
312
211
301
180
312
211
301
181
312
211
299
178
335
254
320
215
312
213
299
180
312
213
297
178
315
216
302
184
315
217
301
184
317
216
304
183
317
216
301
180
317
216
305
184
317
216
301
181
188
220
174
181
188
220
175
179
317
215
304
183
317
215
301
180
317
215
305
184
245
138
230
99
