Test122_rot.png
Test126_rot.png
141
132
176
64
141
132
176
62
141
132
176
60
141
132
177
60
141
132
177
63
141
132
176
61
141
132
178
60
141
132
177
59
141
132
177
58
141
128
176
60
141
128
177
60
141
128
176
61
141
128
178
60
141
128
177
59
141
128
177
58
140
128
177
57
140
128
176
59
140
128
177
58
140
130
176
60
140
130
177
57
140
130
176
59
140
130
177
58
145
133
177
65
145
133
178
65
145
133
179
64
145
133
178
63
145
133
178
62
145
133
178
67
145
133
179
66
145
132
178
65
145
132
179
64
145
132
178
63
145
132
178
62
145
132
178
67
145
132
179
66
143
133
176
64
143
133
177
63
143
133
177
65
143
133
178
60
143
133
178
65
143
133
178
63
143
133
178
62
142
131
176
64
142
131
176
62
142
131
177
60
142
131
177
63
142
131
178
60
142
131
178
62
140
131
176
60
140
131
177
57
140
131
176
59
140
131
177
59
140
131
177
58
143
132
176
64
143
132
177
63
143
132
177
65
143
132
178
60
143
132
178
65
143
132
178
63
143
132
178
62
142
133
176
64
142
133
176
62
142
133
177
60
142
133
177
63
142
133
178
60
142
133
178
62
141
130
176
64
141
130
176
62
141
130
176
60
141
130
177
60
141
130
177
63
141
130
176
61
141
130
178
60
141
130
177
59
141
130
177
58
144
133
177
63
144
133
177
65
144
133
178
60
144
133
178
65
144
133
179
64
144
133
178
63
144
133
178
62
144
133
178
67
144
133
179
66
142
132
176
64
142
132
176
62
142
132
177
60
142
132
177
63
142
132
178
60
142
132
178
62
149
102
196
37
149
102
197
37
147
137
179
64
147
137
178
67
147
137
179
66
147
137
179
67
145
134
177
65
145
134
178
65
145
134
179
64
145
134
178
63
145
134
178
62
145
134
178
67
145
134
179
66
145
134
179
67
145
136
177
65
145
136
178
65
145
136
179
64
145
136
178
63
145
136
178
62
145
136
178
67
145
136
179
66
145
136
179
67
145
137
177
65
145
137
178
65
145
137
179
64
145
137
178
63
145
137
178
62
145
137
178
67
145
137
179
66
145
137
179
67
144
134
177
63
144
134
177
65
144
134
178
60
144
134
178
65
144
134
179
64
144
134
178
63
144
134
178
62
144
134
178
67
144
134
179
66
144
135
176
64
144
135
177
63
144
135
177
65
144
135
178
60
144
135
178
65
144
135
179
64
144
135
178
63
144
135
178
62
144
135
178
67
144
135
179
66
146
136
178
65
146
136
179
64
146
136
178
63
146
136
178
67
146
136
179
66
146
136
179
67
145
135
177
65
145
135
178
65
145
135
179
64
145
135
178
63
145
135
178
62
145
135
178
67
145
135
179
66
145
135
179
67
146
137
178
65
146
137
179
64
146
137
178
63
146
137
178
67
146
137
179
66
146
137
179
67
144
136
176
64
144
136
177
63
144
136
177
65
144
136
178
60
144
136
178
65
144
136
179
64
144
136
178
63
144
136
178
62
144
136
178
67
144
136
179
66
144
136
179
67
147
139
178
67
147
139
179
66
147
139
179
67
148
140
179
67
146
139
178
65
146
139
179
64
146
139
178
67
146
139
179
66
146
139
179
67
148
139
179
66
148
139
179
67
147
140
178
67
147
140
179
66
147
140
179
67
146
138
178
65
146
138
179
64
146
138
178
67
146
138
179
66
146
138
179
67
148
138
179
66
148
138
179
67
148
141
179
67
152
93
201
32
151
95
201
32
151
97
201
32
151
96
201
32
152
94
201
32
153
114
192
52
153
114
192
53
153
114
196
49
153
114
195
50
153
115
192
52
153
115
192
53
153
115
193
53
153
115
192
54
153
115
196
49
153
115
195
50
153
117
192
53
153
117
193
53
153
117
191
54
153
117
192
54
153
117
190
56
151
120
191
54
151
120
190
56
151
120
190
58
151
121
190
56
151
121
190
58
153
124
190
58
152
122
192
58
152
122
190
58
151
136
183
67
150
137
183
67
156
93
208
30
154
93
205
32
154
93
205
31
154
93
206
30
155
93
205
32
155
93
205
31
155
93
208
30
155
93
206
30
155
91
205
31
155
91
206
30
156
106
201
42
156
106
202
44
156
107
200
45
156
107
201
45
156
107
199
46
156
107
202
44
156
108
200
45
156
108
201
45
156
108
198
48
156
108
199
46
156
108
202
44
155
109
197
47
155
109
196
48
155
109
197
48
155
109
196
49
155
109
202
44
154
113
192
52
154
113
192
53
154
113
193
53
154
113
197
48
154
113
196
49
154
113
197
49
154
113
194
53
154
113
195
50
154
111
192
52
154
111
197
47
154
111
196
48
154
111
197
48
154
111
196
49
154
111
195
50
154
112
192
52
154
112
196
48
154
112
197
48
154
112
196
49
154
112
197
49
154
112
195
50
154
112
198
48
155
110
196
48
155
110
197
48
155
110
196
49
155
110
195
50
155
110
198
48
155
112
192
52
155
112
193
53
155
112
197
48
155
112
196
49
155
112
197
49
155
112
194
53
155
112
195
50
155
112
198
48
154
115
193
53
154
115
194
53
154
115
195
50
154
115
195
54
155
122
194
57
160
91
211
31
158
90
209
30
161
91
211
33
161
91
212
32
161
92
211
33
161
92
212
32
158
93
208
33
160
93
210
33
160
93
211
33
161
93
211
33
161
93
212
33
159
105
204
43
159
105
204
44
159
105
203
44
159
105
205
43
163
103
208
44
163
105
208
45
164
116
202
56
160
114
200
54
160
114
201
54
160
114
200
55
163
114
202
56
163
114
204
53
163
117
202
56
165
115
205
55
165
115
205
56
165
112
205
54
165
112
205
55
163
116
202
56
165
113
205
54
165
113
205
55
163
115
202
56
174
208
171
140
174
208
173
141
174
208
172
141
174
208
173
140
174
208
175
144
177
208
177
145
177
208
177
146
177
208
175
144
177
208
176
144
176
208
173
141
176
208
173
140
176
208
175
144
176
208
176
144
175
208
173
141
175
208
172
141
175
208
173
140
175
208
175
144
177
217
175
156
177
217
175
155
177
227
170
162
181
216
176
156
181
216
177
157
181
216
176
155
181
216
177
154
181
216
175
156
181
216
175
155
181
216
177
156
181
216
176
154
179
215
176
150
179
215
176
151
179
215
176
156
179
215
176
155
179
215
175
156
179
215
175
155
179
215
176
154
179
213
176
150
179
213
176
151
179
214
176
150
179
214
176
151
179
220
173
158
180
218
176
156
180
218
175
156
180
218
175
155
181
220
173
158
185
96
231
47
184
97
228
48
184
97
230
47
184
97
229
48
183
98
228
48
183
98
230
47
183
98
229
48
192
243
176
183
192
243
176
184
193
243
176
183
193
243
176
184
190
247
172
186
196
136
227
86
196
136
226
87
195
184
203
133
196
185
203
133
196
187
203
133
195
186
203
133
194
188
202
133
195
187
202
133
195
187
203
133
196
189
203
133
196
243
179
184
196
243
178
185
195
256
173
196
201
103
241
58
201
103
244
60
199
103
241
58
196
105
236
60
197
102
239
57
197
102
241
58
197
102
241
57
197
102
240
55
196
100
240
55
197
101
241
58
197
101
241
57
197
101
240
55
199
101
241
57
199
101
240
55
199
104
241
60
198
136
227
87
198
136
227
86
198
136
228
88
198
136
226
87
198
136
228
87
206
94
253
53
208
96
253
57
208
96
251
56
208
96
253
56
208
96
251
57
208
96
250
56
208
96
254
56
208
96
254
57
209
96
253
57
209
96
253
56
209
96
251
57
209
96
254
56
209
96
254
57
209
96
255
57
207
97
249
57
207
97
251
56
207
97
251
57
207
97
250
56
208
97
253
57
208
97
251
56
208
97
251
57
208
97
250
56
205
200
207
150
205
200
209
148
205
200
206
150
207
200
207
150
207
200
209
151
207
200
209
152
207
200
209
148
207
200
208
152
207
200
206
150
208
200
207
150
208
200
209
151
208
200
209
152
208
200
209
148
208
200
208
152
208
200
206
150
208
200
210
152
209
200
209
151
209
200
209
152
209
200
209
148
209
200
208
152
209
200
210
152
208
209
204
160
208
209
205
159
208
209
205
161
209
208
205
159
209
208
205
161
209
208
207
158
209
208
212
160
209
208
212
161
212
70
267
33
212
70
268
33
212
70
268
32
213
68
269
33
213
68
269
30
213
93
256
56
213
93
258
56
213
93
259
55
213
92
256
56
213
92
258
56
213
92
260
53
213
92
259
55
212
95
254
56
212
95
256
56
212
95
254
57
212
95
255
57
210
95
253
57
210
95
253
56
210
95
254
56
210
95
256
56
210
95
254
57
210
95
255
57
211
95
253
57
211
95
254
56
211
95
256
56
211
95
254
57
211
95
255
57
211
94
254
56
211
94
256
56
211
94
254
57
211
94
255
57
211
96
253
57
211
96
254
56
211
96
254
57
211
96
255
57
213
208
209
160
213
208
209
161
213
208
208
160
213
208
209
159
213
208
207
158
213
208
211
157
213
208
211
160
213
208
210
160
213
208
210
158
213
208
212
160
213
208
211
158
212
209
209
160
212
209
209
161
212
209
208
160
212
209
209
159
212
209
207
158
212
209
211
160
212
209
210
160
212
209
210
158
213
207
209
160
213
207
209
161
213
207
208
160
213
207
209
159
213
207
207
158
213
207
211
157
213
207
211
160
213
207
210
160
213
207
210
158
213
207
212
160
213
207
211
158
213
205
209
160
213
205
209
161
213
205
208
160
213
205
209
159
213
205
211
157
213
205
211
160
213
205
210
160
213
205
210
158
213
205
212
160
213
205
212
161
213
205
211
158
213
206
209
160
213
206
209
161
213
206
208
160
213
206
209
159
213
206
207
158
213
206
211
157
213
206
211
160
213
206
210
160
213
206
210
158
213
206
212
160
213
206
212
161
213
206
211
158
208
210
204
160
208
210
205
159
208
210
205
161
211
212
205
161
210
210
205
159
210
210
205
161
210
211
205
159
210
211
205
161
212
210
209
160
212
210
209
161
212
210
208
160
212
210
209
159
212
210
207
158
212
210
211
160
212
210
210
160
212
211
209
161
212
211
208
160
211
213
205
161
221
222
212
177
221
222
213
177
221
222
211
177
221
222
212
176
221
222
215
181
218
221
212
177
218
221
211
177
225
224
212
177
225
224
213
177
225
224
211
177
225
224
212
176
225
224
216
182
225
224
215
181
225
244
205
196
225
244
204
197
225
244
204
198
225
244
204
199
225
244
203
199
224
246
204
199
224
246
203
199
224
245
204
198
224
245
204
199
224
245
202
200
224
245
203
199
223
248
201
203
223
248
201
202
225
253
201
207
224
252
201
205
225
257
200
211
225
254
201
207
225
260
198
212
225
259
199
212
225
258
199
211
225
258
199
212
225
258
200
211
225
286
188
234
225
286
188
236
225
286
188
237
225
286
189
234
225
286
189
236
225
286
188
235
225
284
189
233
225
284
188
234
225
284
189
234
225
284
188
235
225
285
188
234
225
285
188
236
225
285
189
234
225
285
188
235
222
287
184
236
229
225
216
182
229
225
215
181
229
225
217
182
229
225
216
184
227
224
212
177
227
224
213
177
227
224
211
177
227
224
212
176
227
224
216
182
227
224
215
181
227
224
217
182
227
224
216
184
227
224
217
181
228
228
211
185
228
228
215
185
228
228
216
184
228
228
216
185
226
224
212
177
226
224
213
177
226
224
211
177
226
224
212
176
226
224
216
182
226
224
215
181
226
224
217
182
226
224
216
184
226
224
217
181
229
227
215
185
229
227
216
184
229
227
216
185
229
224
211
177
229
224
216
182
229
224
217
180
229
224
215
181
229
224
217
182
229
224
217
181
229
228
215
185
229
228
216
184
229
228
216
185
226
253
203
206
229
256
205
209
227
253
204
206
229
254
205
209
226
252
203
205
226
252
203
206
235
252
211
209
237
293
197
247
237
293
196
248
237
293
196
247
236
248
213
206
241
288
201
245
241
288
201
244
241
288
200
246
241
288
202
245
241
288
203
244
241
288
202
244
241
288
202
242
241
288
203
242
241
288
205
243
240
291
200
247
240
291
197
249
240
291
198
248
240
291
199
248
240
291
199
247
240
291
198
249
241
293
197
252
241
293
199
249
240
293
198
249
240
292
197
249
240
292
198
248
240
292
199
248
240
292
198
249
239
297
196
252
241
296
197
252
241
296
198
253
239
294
196
252
239
294
197
249
239
294
198
249
238
294
196
249
238
294
197
249
236
294
196
246
236
294
196
247
240
296
197
252
240
296
196
252
237
294
197
247
237
294
196
248
237
294
196
247
241
295
197
252
244
249
219
207
244
249
220
213
245
246
221
204
242
247
218
208
242
247
219
207
242
247
219
205
242
247
218
207
242
248
217
209
242
248
218
208
242
248
219
209
242
248
219
207
242
248
218
207
244
245
221
204
244
245
220
205
243
251
217
209
243
251
217
212
243
251
216
211
243
251
217
210
243
251
218
208
243
251
218
212
243
251
218
214
243
251
219
215
242
252
217
209
242
252
217
212
242
252
216
211
242
252
216
212
242
252
217
210
242
252
217
213
242
252
217
216
242
252
216
214
242
252
218
212
242
252
218
214
242
252
218
216
242
253
217
212
242
253
216
211
242
253
216
212
242
253
217
213
242
253
217
216
242
253
216
214
242
253
216
215
242
253
215
214
242
250
217
209
242
250
217
212
242
250
216
211
242
250
217
210
242
250
218
208
242
250
218
207
242
250
218
212
244
250
219
209
244
250
220
213
242
251
217
209
242
251
217
212
242
251
216
211
242
251
216
212
242
251
217
210
242
251
217
213
242
251
218
212
242
251
218
214
242
256
215
217
242
256
214
216
242
256
215
216
242
256
216
214
242
256
216
215
242
256
215
214
242
256
214
218
245
255
217
212
245
255
217
213
245
255
217
216
245
255
218
212
245
255
218
214
245
255
218
216
245
255
218
217
244
256
217
213
244
256
217
216
244
256
217
217
244
256
216
214
244
256
216
215
244
256
217
218
244
256
216
219
244
256
217
219
242
259
213
220
242
259
213
218
242
259
215
217
242
259
214
216
242
259
215
216
242
259
214
218
242
259
214
219
243
259
215
217
243
259
214
216
243
259
215
216
243
259
216
219
243
259
214
218
243
259
214
219
242
260
213
220
242
260
213
218
242
260
214
218
242
260
214
219
242
262
212
221
242
262
213
220
242
262
212
220
242
264
212
221
242
264
211
223
242
264
211
222
242
264
212
223
242
273
209
231
242
273
208
231
242
276
208
233
242
276
207
236
242
276
209
236
242
276
209
234
242
276
208
236
244
274
209
233
244
275
209
233
244
275
209
234
242
272
209
229
242
272
209
231
244
277
209
236
244
277
209
234
244
277
208
236
242
280
205
238
242
280
207
236
242
280
206
236
242
280
208
236
242
280
206
241
242
280
206
240
242
280
207
239
242
280
207
238
242
280
207
240
242
280
208
239
242
280
207
241
244
281
206
241
244
281
206
240
244
281
207
239
244
281
207
238
244
281
207
240
244
281
208
239
244
281
207
241
242
281
205
238
242
281
207
236
242
281
206
236
242
281
206
241
242
281
206
240
242
281
207
239
242
281
207
238
242
281
207
240
242
281
208
239
242
281
207
241
244
280
207
236
244
280
207
239
244
280
207
238
244
280
207
240
244
280
208
239
244
280
207
241
245
281
207
239
245
281
207
238
245
281
207
240
245
281
208
239
245
281
207
241
245
283
205
244
245
283
205
243
245
283
206
241
245
283
206
240
245
283
207
239
245
283
207
238
245
283
207
240
245
283
208
239
245
283
207
241
243
285
203
244
243
285
205
244
243
285
205
243
243
285
206
241
243
285
206
240
243
285
207
239
243
285
207
238
243
285
207
240
243
285
208
239
243
285
207
241
245
282
206
241
245
282
206
240
245
282
207
239
245
282
207
238
245
282
207
240
245
282
208
239
245
282
207
241
244
283
205
244
244
283
205
243
244
283
206
241
244
283
206
240
244
283
207
239
244
283
207
238
244
283
207
240
244
283
208
239
244
283
207
241
245
284
205
245
245
284
205
244
245
284
205
243
245
284
206
241
245
284
206
240
245
284
207
239
245
284
207
240
245
284
208
239
245
284
207
241
243
282
205
243
243
282
207
236
243
282
206
236
243
282
208
236
243
282
206
241
243
282
206
240
243
282
207
239
243
282
207
238
243
282
207
240
243
282
208
239
243
282
207
241
242
284
205
236
242
284
205
237
242
284
203
239
242
284
204
240
242
284
205
238
242
284
204
238
242
284
202
242
242
284
205
244
242
284
203
242
242
284
205
243
242
284
206
236
242
284
206
241
242
284
206
240
242
284
207
239
242
284
207
238
242
284
207
240
242
284
208
239
242
284
207
241
244
284
205
245
244
284
205
244
244
284
205
243
244
284
206
241
244
284
206
240
244
284
207
239
244
284
207
238
244
284
207
240
244
284
208
239
244
284
207
241
244
282
206
241
244
282
206
240
244
282
207
239
244
282
207
238
244
282
207
240
244
282
208
239
244
282
207
241
242
283
205
236
242
283
205
237
242
283
204
240
242
283
205
238
242
283
204
238
242
283
203
242
242
283
205
243
242
283
206
236
242
283
206
235
242
283
206
241
242
283
206
240
242
283
207
239
242
283
207
238
242
283
207
240
242
283
208
239
242
283
207
241
242
285
204
240
242
285
205
238
242
285
203
240
242
285
203
244
242
285
202
244
242
285
202
242
242
285
205
244
242
285
203
242
242
285
205
243
242
285
206
241
242
285
206
240
242
285
207
239
242
285
207
238
242
285
207
240
242
285
208
239
242
285
207
241
244
285
205
245
244
285
205
244
244
285
205
243
244
285
206
241
244
285
207
241
245
285
205
245
245
285
205
244
245
285
205
243
245
285
206
241
245
285
207
241
244
288
205
245
244
288
203
244
244
288
203
245
243
289
201
245
243
289
200
247
243
289
201
246
243
289
200
246
243
289
202
245
243
289
205
245
243
289
203
245
244
286
205
245
244
286
203
244
244
286
205
244
244
286
205
243
245
286
205
245
245
286
205
244
245
286
205
243
242
287
201
245
242
287
201
244
242
287
201
246
242
287
200
246
242
287
202
245
242
287
203
244
242
287
203
245
242
287
202
244
242
287
202
242
242
287
205
244
242
287
203
242
242
287
205
243
243
290
200
247
243
292
199
252
242
291
199
248
242
291
199
249
243
310
193
265
243
310
193
267
243
310
196
266
243
310
194
267
245
312
193
269
245
312
196
266
245
312
194
267
245
311
196
266
245
311
194
267
244
312
193
267
244
312
192
268
244
312
193
269
244
312
194
267
244
311
193
267
244
311
194
267
247
301
201
258
246
309
196
266
248
309
200
267
248
309
198
267
249
313
198
269
248
313
198
269
248
313
198
268
248
310
198
268
248
310
198
267
251
106
287
83
251
106
288
81
251
106
286
85
251
106
286
84
256
73
305
56
257
73
306
56
253
96
293
75
253
96
293
74
257
98
295
77
257
96
296
75
257
96
296
74
257
96
297
75
257
96
296
76
257
96
297
76
254
102
291
81
257
104
292
83
254
104
291
81
254
104
292
83
256
105
292
83
257
248
232
213
257
248
232
215
257
248
232
216
257
248
231
217
257
248
231
218
254
257
226
224
254
257
226
223
257
257
228
223
257
257
228
224
256
255
228
222
257
256
228
223
257
256
228
222
255
259
226
224
255
259
227
225
257
259
227
225
255
262
224
228
254
263
223
228
254
263
224
228
254
264
223
228
255
267
223
232
255
267
222
233
256
267
224
232
256
267
223
232
257
267
224
232
257
267
224
233
254
268
221
233
254
268
222
233
257
268
224
233
257
268
223
234
254
269
221
233
254
269
222
233
255
271
222
236
257
272
222
236
257
272
223
236
256
271
222
236
256
271
223
235
260
298
213
262
259
299
213
262
259
298
213
262
260
280
221
246
260
281
221
246
267
81
312
67
267
81
313
69
267
81
312
69
267
81
312
68
267
81
313
68
268
81
312
67
268
81
313
69
268
81
314
69
268
81
312
69
268
81
312
68
268
81
313
68
269
81
312
67
269
81
313
69
269
81
314
69
269
81
312
69
269
81
312
68
269
81
313
68
264
169
273
145
264
169
273
146
264
169
272
147
264
167
273
145
264
167
272
146
264
167
273
146
264
167
272
147
264
172
273
145
264
172
273
146
264
172
272
147
270
80
312
67
270
80
313
69
270
80
314
69
270
80
312
68
270
80
313
68
273
76
320
65
273
76
321
66
273
76
319
66
273
76
320
66
273
76
320
67
271
85
316
72
271
85
316
73
271
82
313
69
271
82
314
69
271
82
316
72
271
82
317
70
271
82
316
71
270
84
316
72
270
84
316
71
268
84
313
69
268
84
312
69
268
84
312
68
273
85
316
72
273
85
316
73
271
83
314
69
271
83
316
72
271
83
317
70
271
83
316
71
268
82
312
67
268
82
313
69
268
82
314
69
268
82
312
69
268
82
312
68
268
82
313
68
272
84
316
72
272
84
316
73
272
84
317
70
272
84
316
71
270
83
313
69
270
83
314
69
270
83
316
71
269
83
313
69
269
83
314
69
269
83
312
69
269
83
312
68
269
83
313
68
270
82
313
69
270
82
314
69
270
82
313
68
272
169
281
149
272
169
280
148
272
169
279
149
272
168
281
149
272
168
280
148
272
168
279
149
272
168
279
148
271
173
279
149
271
170
281
149
271
170
280
148
271
170
279
149
271
170
279
148
270
172
279
149
270
170
279
149
270
170
279
148
271
171
281
149
271
171
280
148
271
171
279
149
271
171
279
148
272
170
281
149
272
170
280
148
272
170
279
149
271
172
280
148
271
172
279
149
270
171
279
149
270
171
279
148
272
173
281
149
276
77
320
65
276
77
321
66
276
77
319
66
276
77
320
66
276
77
320
67
276
77
320
68
276
77
321
69
276
77
321
70
277
80
321
69
277
80
319
70
277
80
319
71
277
80
321
70
277
80
321
71
276
79
321
66
276
79
320
66
276
79
320
67
276
79
320
68
276
79
321
69
276
79
319
70
276
79
319
71
276
79
321
70
276
79
321
71
276
78
320
65
276
78
321
66
276
78
319
66
276
78
320
66
276
78
320
67
276
78
320
68
276
78
321
69
276
78
319
70
276
78
321
70
276
78
321
71
274
76
320
65
274
76
321
66
274
76
319
66
274
76
320
66
274
76
320
67
275
78
320
65
275
78
321
66
275
78
319
66
275
78
320
66
275
78
320
67
275
78
320
68
275
78
321
69
275
78
319
70
275
79
321
66
275
79
319
66
275
79
320
66
275
79
320
67
275
79
320
68
275
79
321
69
275
79
319
70
275
79
319
71
275
79
317
70
277
79
320
67
277
79
320
68
277
79
321
69
277
79
319
70
277
79
321
70
277
79
321
71
275
80
320
67
275
80
320
68
275
80
319
70
275
80
319
71
275
80
317
70
275
80
316
71
277
78
320
67
277
78
320
68
277
78
321
69
277
78
321
70
277
78
321
71
277
81
321
69
277
81
321
73
277
81
319
70
277
81
319
71
277
81
321
70
277
81
321
71
285
165
293
151
285
165
293
152
285
165
293
153
285
165
294
150
285
165
294
151
285
168
292
155
285
168
292
154
284
167
290
153
284
167
292
153
284
167
289
153
284
167
291
153
284
167
292
154
282
256
252
233
283
257
253
234
283
258
253
234
287
81
330
77
287
81
328
76
287
81
328
78
287
81
329
78
287
81
328
79
285
81
330
77
285
81
328
76
285
81
328
78
285
81
329
78
285
81
328
79
284
80
330
77
284
80
328
76
284
80
328
75
284
80
328
78
284
80
329
78
286
85
329
81
286
85
329
80
286
85
328
79
284
84
328
78
284
84
329
81
284
84
328
79
285
84
328
78
285
84
329
81
285
84
329
80
285
84
328
79
286
84
328
78
286
84
329
81
286
84
329
80
286
84
330
80
286
84
329
78
286
84
328
79
286
83
328
78
286
83
329
81
286
83
329
80
286
83
330
80
286
83
329
78
286
83
328
79
289
160
297
148
289
160
298
149
289
160
298
148
289
160
300
150
289
160
299
150
289
165
293
153
289
165
295
154
289
165
297
154
289
165
297
155
289
165
292
154
289
165
299
153
286
162
296
148
286
162
294
148
286
162
295
148
286
162
295
149
286
162
294
149
286
162
297
149
286
162
294
150
286
162
294
151
286
163
293
151
286
163
293
152
286
163
295
149
286
163
294
149
286
163
294
150
286
163
294
151
287
169
292
155
287
169
292
156
287
168
294
155
287
168
292
155
287
168
295
155
287
168
292
154
286
166
292
153
286
166
293
152
286
166
293
153
286
166
292
154
286
167
292
153
286
167
293
153
286
167
292
155
286
167
292
154
293
81
330
77
293
81
331
77
293
81
333
77
293
81
332
77
293
81
333
78
293
81
334
78
293
81
335
80
292
84
332
81
292
84
331
81
292
84
335
81
292
84
334
81
292
84
336
82
293
84
332
81
293
84
335
81
293
84
334
81
293
84
336
82
293
154
304
145
293
160
300
150
293
160
301
152
293
160
303
149
293
160
302
150
293
160
303
150
293
160
302
151
291
161
298
149
291
161
301
149
291
161
300
150
291
161
299
150
291
161
301
152
291
161
302
150
291
161
302
151
291
159
297
149
291
159
298
149
291
159
298
148
291
159
301
149
291
159
300
150
291
159
299
150
291
159
302
148
291
159
303
148
291
159
302
150
291
159
302
151
292
159
301
149
292
159
300
150
292
159
299
150
292
159
302
148
292
159
303
148
292
159
303
149
292
159
302
150
292
159
303
150
292
159
302
151
292
161
301
149
292
161
300
150
292
161
299
150
292
161
301
152
292
161
302
150
292
161
302
151
292
162
300
150
292
162
299
150
292
162
301
152
292
162
299
153
292
162
302
151
293
164
299
153
291
165
297
154
291
165
299
153
293
163
301
152
293
163
299
153
291
164
301
152
291
164
299
153
290
165
297
154
290
165
297
155
290
165
299
153
292
164
301
152
292
164
299
153
292
165
297
154
292
165
299
153
295
85
332
81
295
85
331
81
295
85
335
81
295
85
334
81
295
85
336
82
295
85
337
84
295
85
340
85
295
85
338
85
295
85
339
85
295
85
338
84
295
85
341
85
295
84
332
81
295
84
335
81
295
84
334
81
295
84
336
82
295
84
340
85
295
84
349
89
294
159
301
152
294
159
305
149
294
159
303
149
294
159
302
150
294
159
303
150
294
159
302
151
295
200
288
188
296
200
289
188
296
200
288
188
294
200
287
187
297
202
288
190
296
202
288
190
295
202
287
189
295
202
288
190
296
207
284
194
296
209
284
194
296
209
284
197
296
209
286
195
294
209
283
194
294
209
284
194
295
209
283
194
295
209
284
194
295
209
282
195
295
209
284
197
296
208
283
194
296
208
284
194
296
208
286
195
295
211
284
197
294
210
283
194
294
210
284
194
294
210
281
195
294
210
282
195
297
212
284
197
297
210
284
197
297
210
286
195
297
211
284
197
301
81
340
81
301
81
342
84
301
81
344
84
301
81
343
82
301
81
343
84
301
81
345
84
301
81
343
83
301
81
347
84
301
81
346
84
301
81
348
85
300
83
337
81
300
83
336
82
300
83
338
84
300
83
341
85
300
83
342
84
300
83
344
84
300
83
343
85
300
83
343
84
300
83
342
85
300
83
344
85
301
84
335
81
301
84
334
81
301
84
336
82
301
84
337
84
301
84
340
85
301
84
338
85
301
84
339
85
301
84
338
84
301
84
341
85
301
84
342
84
301
84
343
85
301
84
343
84
301
84
342
85
301
84
344
85
301
84
349
87
301
84
350
89
301
84
348
88
301
85
336
82
301
85
337
84
301
85
340
85
301
85
338
85
301
85
339
85
301
85
338
84
301
85
341
85
301
85
343
85
301
85
342
85
301
85
344
85
301
85
350
89
301
85
349
89
301
85
348
88
301
163
308
155
301
163
308
157
301
163
308
156
301
163
309
156
301
163
310
156
300
164
308
157
302
81
342
84
302
81
344
84
302
81
343
82
302
81
343
85
302
81
343
84
302
81
345
84
302
81
343
83
302
81
344
85
302
81
347
84
302
81
346
84
302
81
348
85
303
85
340
85
303
85
338
85
303
85
341
85
303
85
343
85
303
85
342
85
303
85
350
89
303
85
349
89
303
85
348
88
303
82
342
84
303
82
344
84
303
82
343
85
303
82
343
84
303
82
345
84
303
82
342
85
303
82
343
83
303
82
344
85
303
82
349
87
304
84
337
84
304
84
340
85
304
84
338
85
304
84
339
85
304
84
338
84
304
84
341
85
304
84
343
85
304
84
342
85
304
84
344
85
304
84
349
87
304
84
350
89
304
84
349
89
304
84
348
88
303
84
337
84
303
84
340
85
303
84
338
85
303
84
339
85
303
84
338
84
303
84
341
85
303
84
342
84
303
84
343
85
303
84
342
85
303
84
344
85
303
84
349
87
303
84
350
89
303
84
349
89
303
84
348
88
302
85
337
84
302
85
340
85
302
85
338
85
302
85
339
85
302
85
338
84
302
85
341
85
302
85
343
85
302
85
342
85
302
85
344
85
302
85
350
89
302
85
349
89
302
85
348
88
303
97
338
96
304
97
338
96
304
97
339
96
303
98
342
100
303
160
308
155
303
160
310
155
303
160
311
155
304
159
310
155
304
159
311
155
304
160
308
155
304
160
310
155
304
160
310
156
304
160
311
155
305
163
312
158
305
163
310
158
305
163
313
159
305
165
313
161
305
165
311
160
303
164
310
158
302
162
308
155
302
162
310
155
302
162
308
156
302
162
309
156
302
162
310
156
303
184
300
176
303
184
300
177
303
184
301
177
308
81
342
84
308
81
344
84
308
81
343
82
308
81
343
85
308
81
343
84
308
81
345
84
308
81
343
83
308
81
344
85
308
81
346
84
308
81
348
85
308
81
349
87
309
81
342
84
309
81
344
84
309
81
343
82
309
81
343
84
309
81
345
84
309
81
343
83
309
81
344
85
309
81
346
84
309
81
348
85
309
82
342
84
309
82
344
84
309
82
343
85
309
82
343
84
309
82
342
85
309
82
344
85
309
82
349
87
308
82
342
84
308
82
344
84
308
82
343
85
308
82
343
84
308
82
345
84
308
82
342
85
308
82
343
83
308
82
344
85
308
82
349
87
308
84
341
85
308
84
343
85
308
84
342
85
308
84
350
89
308
84
349
89
308
84
348
88
309
84
350
89
309
84
349
89
309
84
348
88
305
128
329
128
305
128
326
126
305
128
328
126
305
128
325
125
305
128
325
126
305
128
327
127
305
128
330
128
308
129
329
128
308
129
331
129
309
129
329
128
309
129
331
129
306
128
329
128
306
128
326
126
306
128
328
126
306
128
325
125
306
128
325
126
306
128
327
127
306
128
331
129
306
128
330
128
311
81
342
84
311
81
344
84
311
81
343
85
311
81
343
84
311
81
343
83
311
81
349
87
313
79
340
81
313
79
343
82
313
79
356
85
313
79
355
86
313
79
357
86
313
79
358
86
313
81
342
84
313
81
343
85
313
81
343
84
313
81
342
85
313
81
344
85
313
81
349
87
311
82
341
85
311
82
342
84
311
82
343
85
311
82
343
84
311
82
342
85
311
82
344
85
311
83
350
89
311
83
349
89
310
83
343
85
310
83
342
85
310
83
350
89
310
83
349
89
310
83
348
88
310
82
341
85
310
82
342
84
310
82
343
85
310
82
343
84
310
82
342
85
310
82
344
85
310
82
349
87
311
84
350
89
311
84
349
89
311
85
349
89
311
104
344
108
311
104
348
108
310
129
331
129
312
129
332
130
313
131
333
132
313
131
332
131
313
131
334
132
313
177
314
173
313
174
315
171
313
174
313
172
313
174
314
172
312
174
313
171
313
172
314
172
312
175
313
172
312
175
313
171
313
175
314
173
313
175
315
171
313
175
313
172
313
175
314
172
312
176
313
172
312
176
314
172
312
176
312
173
313
176
314
173
313
176
314
172
311
175
313
171
317
64
361
71
316
69
361
77
317
69
361
77
315
79
357
86
315
79
358
86
316
77
361
84
316
77
360
84
316
77
361
85
314
96
357
104
317
97
352
104
317
97
351
104
317
97
357
104
317
97
354
104
317
97
355
104
315
97
352
104
315
97
357
104
317
136
335
138
319
76
361
84
319
76
361
85
319
76
362
85
320
76
362
85
318
136
335
138
322
96
357
104
322
96
354
104
322
96
355
104
324
98
352
104
324
98
351
104
324
98
352
105
324
98
357
107
323
99
352
106
323
99
357
107
323
99
355
107
323
99
357
108
325
98
351
104
325
98
352
105
325
98
357
107
325
99
357
107
325
99
357
108
320
97
357
104
320
97
357
107
320
97
354
104
320
97
355
104
320
104
349
109
320
104
348
110
320
104
347
110
320
104
349
110
320
104
353
112
324
103
349
109
324
103
348
110
324
103
349
110
324
103
353
112
321
104
348
110
321
104
347
110
321
104
349
110
321
104
353
112
321
104
352
112
323
114
346
121
323
114
344
120
323
114
348
120
323
116
345
121
323
116
344
121
327
79
368
92
328
79
371
93
329
78
369
91
329
78
372
92
329
78
370
91
329
78
370
92
329
78
371
92
329
78
371
93
329
78
372
93
327
83
366
97
327
83
365
96
327
83
366
96
327
83
367
97
327
83
368
97
329
85
364
97
329
84
366
97
328
84
364
97
328
85
364
97
327
97
352
104
327
97
357
104
327
97
354
104
327
97
355
104
328
98
351
104
328
98
352
105
328
98
357
107
328
98
357
108
328
97
352
104
328
97
354
104
329
96
357
104
329
96
354
104
329
96
355
104
328
99
352
106
328
99
357
107
328
99
357
108
329
99
352
106
329
99
357
107
329
99
357
108
326
113
348
120
326
113
348
119
326
113
351
121
326
113
350
120
327
113
348
120
327
113
348
119
327
113
351
121
327
113
350
120
327
113
352
121
327
113
354
123
327
113
353
122
333
77
369
91
333
77
372
92
333
77
372
91
333
77
370
91
333
77
370
92
333
77
371
92
333
77
373
91
333
79
370
92
333
79
371
93
333
79
372
93
333
79
373
94
330
78
372
92
330
78
370
92
330
78
371
92
330
78
371
93
330
78
372
93
332
76
372
92
332
76
372
91
332
76
370
91
332
76
373
91
330
77
369
91
330
77
372
92
330
77
372
91
330
77
370
91
330
77
371
92
330
77
373
91
332
77
369
91
332
77
372
92
332
77
372
91
332
77
370
91
332
77
370
92
332
77
371
92
332
77
373
91
331
77
369
91
331
77
372
92
331
77
372
91
331
77
370
91
331
77
370
92
331
77
371
92
331
77
373
91
330
99
352
106
337
112
364
125
335
227
313
228
336
224
315
225
336
224
317
224
336
224
314
225
336
224
317
225
336
224
314
226
335
230
313
230
334
231
313
230
339
114
363
128
339
114
364
127
339
114
365
127
338
115
362
128
338
115
362
129
339
141
352
150
339
141
354
152
340
140
352
150
340
140
354
152
340
140
354
150
341
141
354
152
337
240
308
241
339
242
308
245
345
98
377
114
345
98
376
116
342
98
373
113
345
99
375
117
344
115
368
131
345
115
368
132
345
115
368
130
345
115
368
131
345
115
368
133
344
129
361
144
348
76
387
97
346
113
369
129
346
113
368
130
346
113
368
131
346
113
369
131
346
116
368
132
346
116
368
133
346
115
368
132
346
115
368
131
346
115
369
131
346
115
368
133
348
115
371
132
348
115
370
132
348
115
370
133
347
115
368
132
347
115
368
131
347
115
370
132
347
115
369
131
347
115
368
133
347
115
370
133
347
116
368
132
347
116
369
131
347
116
368
133
347
116
370
133
348
116
370
132
348
116
370
133
349
115
372
133
349
115
372
132
346
130
364
146
347
133
363
149
347
133
364
149
348
132
364
148
347
130
364
146
349
136
363
152
356
217
333
228
356
217
339
227
356
217
339
228
358
168
357
186
358
168
358
184
358
170
357
186
358
170
357
187
356
188
348
202
360
203
345
213
360
203
345
214
360
203
345
217
360
203
344
219
360
203
345
218
360
203
346
216
360
204
345
213
360
204
345
214
360
204
345
217
360
204
344
219
360
204
345
218
360
201
345
213
360
201
345
214
360
201
345
217
360
201
345
218
360
201
346
213
360
201
346
216
361
200
347
213
361
200
348
213
361
200
347
214
361
200
348
215
361
200
346
216
361
200
348
214
359
200
345
213
359
200
345
212
359
200
345
214
359
200
345
217
359
200
346
213
359
200
346
216
360
205
345
213
360
205
345
214
360
205
345
217
360
205
344
219
360
205
345
218
360
205
343
221
360
209
344
220
360
209
344
219
360
209
343
221
360
209
344
222
360
209
342
222
360
209
342
223
360
206
345
213
360
206
345
214
360
206
345
217
360
206
344
220
360
206
344
219
360
206
345
218
360
206
343
221
361
207
344
220
361
207
345
218
361
207
343
221
361
207
344
222
361
207
342
222
360
207
345
217
360
207
344
220
360
207
344
219
360
207
345
218
360
207
343
221
360
207
342
222
359
213
341
225
359
213
340
225
359
213
341
224
359
213
342
223
359
212
340
225
359
212
341
224
359
212
344
222
359
212
342
222
359
212
342
223
359
214
341
225
359
214
340
226
359
216
339
228
359
217
338
229
359
217
339
228
356
218
333
228
356
218
332
229
356
218
338
229
356
218
339
228
356
219
332
230
356
219
337
230
356
219
335
230
356
219
338
229
356
219
339
228
356
220
337
230
356
220
337
231
356
220
335
230
356
220
334
231
360
36
416
65
364
34
416
65
364
34
417
66
361
36
416
65
361
36
417
66
363
49
412
79
365
48
412
79
365
48
413
80
365
48
414
79
365
48
413
79
365
50
412
81
365
50
413
80
363
80
401
104
363
80
399
109
363
80
401
108
363
80
401
105
363
80
400
109
363
80
401
109
363
80
403
106
363
79
401
104
363
79
399
109
363
79
401
108
363
79
401
105
363
79
400
109
363
79
403
104
363
79
403
106
365
78
401
104
365
78
401
105
365
78
403
104
365
78
403
106
364
78
401
104
364
78
401
105
364
78
403
104
365
79
401
104
365
79
401
108
365
79
401
105
365
79
401
109
365
79
403
104
365
79
403
106
365
79
405
107
365
79
405
106
365
79
402
108
365
79
403
107
364
76
401
104
364
76
403
104
365
80
401
104
365
80
399
109
365
80
401
108
365
80
401
105
365
80
400
109
365
80
401
109
365
80
403
104
365
80
403
106
365
80
405
107
365
80
405
106
365
80
402
108
365
80
403
107
363
83
399
109
363
83
400
109
364
103
389
128
364
103
390
128
364
103
391
129
364
103
391
128
363
104
388
132
363
104
389
128
363
104
390
128
363
104
391
128
365
109
388
132
365
109
388
133
363
108
388
132
363
108
388
133
363
108
387
132
362
108
386
132
362
108
387
132
365
108
388
132
365
108
388
133
363
107
388
132
363
107
388
133
363
107
387
132
365
118
384
142
364
118
384
139
364
118
384
142
365
170
364
190
369
32
425
65
369
32
424
65
367
34
421
67
367
34
422
68
367
34
422
66
367
34
423
66
367
35
418
67
367
35
421
67
367
41
415
73
366
49
412
81
366
49
413
80
366
49
415
80
366
49
415
81
366
47
412
79
366
47
413
80
366
47
414
79
366
47
413
79
366
47
415
80
367
49
415
80
367
49
415
81
367
50
415
81
366
103
393
128
366
103
392
130
366
103
390
128
366
103
391
129
366
103
392
129
366
103
391
128
369
103
392
129
369
103
393
130
366
104
392
130
366
104
390
128
366
104
391
129
366
104
392
129
366
104
391
128
366
104
393
130
368
102
393
128
366
102
393
128
366
102
391
128
367
102
393
128
367
102
391
128
367
102
393
130
366
105
392
130
366
105
390
128
366
105
391
129
366
105
392
129
366
105
391
128
366
105
393
130
366
107
391
134
366
107
391
135
367
108
391
134
367
108
391
135
367
109
391
134
367
109
391
135
368
109
392
136
368
109
391
134
368
109
391
135
366
118
386
142
364
135
378
156
367
141
378
162
365
140
376
162
365
140
376
163
367
140
378
162
364
141
376
162
365
141
376
162
365
141
376
163
367
139
378
161
367
139
378
162
365
142
376
163
369
162
372
183
369
162
371
184
369
163
372
183
369
163
371
184
369
163
371
185
367
169
362
192
367
169
364
190
367
169
366
189
369
168
368
190
369
168
366
190
367
168
364
190
369
169
368
190
369
169
366
190
366
172
363
193
366
172
362
192
366
172
363
192
366
172
364
190
366
172
366
189
366
172
366
190
366
170
362
192
366
170
364
190
366
173
363
193
366
173
362
192
366
173
363
192
366
173
364
190
366
173
366
189
366
173
366
190
369
176
363
197
367
175
363
194
367
176
359
197
367
176
363
194
369
178
363
197
369
186
359
205
369
186
361
207
369
186
358
208
369
186
358
207
369
186
357
208
369
186
359
208
369
186
357
206
369
186
358
206
369
186
360
207
369
186
357
209
369
186
360
206
367
188
357
204
367
188
359
205
367
188
358
207
367
188
357
208
367
188
356
208
367
188
357
206
367
188
358
206
367
188
357
209
366
188
357
204
366
188
356
208
366
188
357
206
366
188
358
206
368
186
357
204
368
186
359
205
368
186
358
208
368
186
358
207
368
186
357
208
368
186
356
208
368
186
357
206
368
186
358
206
368
186
360
207
368
186
357
209
368
186
360
206
368
187
357
204
368
187
359
205
368
187
358
208
368
187
358
207
368
187
357
208
368
187
359
208
368
187
356
208
368
187
357
206
368
187
358
206
368
187
360
207
368
187
357
209
368
187
360
206
369
187
359
205
369
187
361
207
369
187
358
208
369
187
358
207
369
187
357
208
369
187
359
208
369
187
356
208
369
187
357
206
369
187
358
206
369
187
360
207
369
187
357
209
369
187
360
206
366
186
357
204
366
186
356
208
366
186
357
206
366
187
357
204
366
187
356
208
366
187
357
206
369
192
361
207
369
192
358
208
369
192
359
208
369
192
361
209
369
192
360
207
369
192
360
206
369
192
360
209
369
192
357
212
367
190
359
205
367
190
358
208
367
190
358
207
367
190
357
208
367
190
359
208
367
190
356
208
367
190
357
206
367
190
358
206
367
190
360
207
367
190
357
209
367
190
357
212
367
192
358
208
367
192
358
207
367
192
357
208
367
192
359
208
367
192
356
208
367
192
358
206
367
192
360
207
367
192
357
209
367
192
357
212
368
190
359
205
368
190
361
207
368
190
358
208
368
190
358
207
368
190
357
208
368
190
359
208
368
190
356
208
368
190
357
206
368
190
358
206
368
190
360
207
368
190
357
209
368
190
360
206
368
190
360
209
368
190
357
212
368
192
358
208
368
192
358
207
368
192
357
208
368
192
359
208
368
192
360
207
368
192
357
209
368
192
360
206
368
192
360
209
368
192
357
212
368
191
359
205
368
191
361
207
368
191
358
208
368
191
358
207
368
191
357
208
368
191
359
208
368
191
356
208
368
191
357
206
368
191
358
206
368
191
360
207
368
191
357
209
368
191
360
206
368
191
360
209
368
191
357
212
369
193
361
207
369
193
359
208
369
193
360
207
369
193
360
206
369
193
360
209
369
193
357
212
370
111
392
136
370
111
391
134
370
111
391
135
371
109
393
136
371
109
393
137
371
109
395
137
371
109
395
138
373
110
395
137
373
110
396
138
373
110
395
138
373
109
395
137
373
109
396
136
373
109
396
137
373
109
396
138
373
109
397
139
373
109
395
138
373
137
384
161
373
136
384
160
373
136
384
161
372
136
384
160
372
136
384
161
370
141
380
165
373
199
356
220
373
199
357
220
373
199
358
219
373
201
357
221
373
201
357
220
373
198
356
220
373
198
359
218
373
198
358
219
373
200
356
220
373
200
357
221
373
200
357
220
370
201
352
221
372
201
356
220
372
201
354
221
372
200
356
220
370
203
353
221
370
203
354
221
370
203
352
221
370
202
353
221
370
202
354
221
370
202
352
221
369
203
353
221
369
203
352
221
376
113
396
142
376
113
397
142
377
116
397
146
374
116
394
145
377
114
397
144
377
114
397
143
375
113
396
142
375
117
394
145
376
114
396
142
376
112
397
142
374
118
392
146
374
118
393
146
376
118
394
145
374
135
388
160
374
135
387
160
374
135
386
160
374
135
387
161
376
135
388
161
375
134
388
160
375
134
387
160
375
134
388
161
375
134
386
160
375
134
387
161
375
135
388
160
375
135
387
160
375
135
388
161
375
135
387
161
376
32
432
68
376
32
432
69
376
32
432
70
377
32
432
69
377
32
432
70
381
32
435
71
381
32
437
71
377
33
432
70
378
33
432
70
376
40
431
77
376
40
432
77
377
40
431
77
377
40
432
77
378
40
433
78
379
71
418
105
380
71
419
107
380
71
419
106
381
101
405
134
381
101
406
134
380
128
396
154
380
128
396
155
378
125
394
153
385
37
438
77
382
32
437
71
384
39
435
78
382
65
425
100
385
67
424
104
385
67
424
103
385
68
424
104
385
68
424
105
385
68
425
105
381
77
416
111
381
77
416
112
381
77
417
111
383
77
418
112
383
77
418
113
380
76
416
111
380
76
416
112
380
76
417
111
382
76
418
112
382
76
417
111
383
115
404
149
384
116
404
149
384
116
404
151
385
116
404
149
385
116
405
151
383
116
404
149
383
189
374
214
385
188
376
213
385
188
374
214
385
188
375
214
385
230
356
252
387
33
441
74
387
36
440
77
387
35
440
76
387
32
441
73
386
37
438
77
388
38
439
79
386
38
438
78
387
116
406
148
387
114
406
148
386
114
406
148
389
115
408
146
386
116
404
149
386
116
406
148
386
116
405
151
389
114
408
146
385
119
404
149
385
119
405
151
385
119
404
151
386
119
404
149
386
119
405
151
386
119
405
152
386
119
404
151
389
120
406
153
388
118
407
149
388
118
406
148
388
118
405
151
388
118
406
152
388
118
407
150
388
118
405
152
388
118
406
153
387
118
404
149
387
118
406
148
387
118
405
151
387
118
406
152
387
118
405
152
387
118
404
151
385
120
404
151
388
120
406
152
388
120
405
152
388
120
406
153
386
118
404
149
386
118
405
151
386
118
405
152
386
118
404
151
385
118
404
149
385
118
405
151
385
118
404
151
389
121
406
153
386
178
379
206
386
186
376
213
386
186
375
214
386
188
376
213
386
188
374
216
386
188
375
214
393
76
427
115
393
76
428
116
393
77
429
117
393
77
428
117
393
77
428
116
390
76
426
115
391
76
427
115
391
76
426
115
393
82
425
121
393
82
427
121
393
82
426
121
391
114
410
149
391
115
410
149
393
28
450
73
394
29
449
73
394
29
450
74
396
29
450
74
396
29
453
75
396
29
452
75
394
28
450
73
395
29
449
73
395
29
450
73
395
29
450
74
395
29
453
75
395
29
452
75
392
72
428
113
395
80
429
120
395
80
428
119
395
82
428
121
397
80
429
121
397
80
429
120
396
80
429
121
396
80
429
120
396
80
428
119
394
82
425
121
394
82
427
121
394
82
426
121
394
82
428
121
394
80
428
119
397
81
429
121
397
81
428
121
397
113
416
147
394
117
412
151
397
176
389
208
395
177
388
208
395
178
388
208
400
35
454
82
397
37
448
82
396
36
448
81
397
36
448
81
397
36
450
82
398
36
450
82
399
36
450
82
399
36
451
82
399
36
452
83
399
36
453
83
400
36
450
82
400
36
451
82
400
36
453
83
400
36
454
83
396
77
432
117
396
76
432
117
397
75
432
117
397
77
432
117
396
173
389
206
400
221
373
252
400
221
375
250
400
221
375
249
400
221
374
250
400
221
374
251
401
220
375
250
401
220
375
249
401
220
374
250
401
233
369
262
403
29
457
77
403
29
457
76
403
32
456
80
403
28
457
76
404
28
457
76
403
68
441
112
403
68
441
113
403
68
442
118
403
66
441
111
403
66
441
112
403
66
441
113
403
66
442
109
403
67
441
111
403
67
441
112
403
67
441
113
403
67
442
118
402
64
441
111
402
64
442
108
402
64
442
109
404
81
436
128
405
188
390
222
405
188
392
222
405
188
391
222
402
188
389
221
402
188
388
221
403
196
386
229
403
196
387
229
404
196
388
228
404
196
386
229
404
196
387
229
404
196
389
229
402
196
386
229
405
195
388
228
405
195
386
229
405
195
387
229
405
195
389
229
405
195
389
230
404
197
387
229
400
294
342
317
403
294
343
320
403
294
346
319
403
294
347
317
403
295
343
320
403
295
346
319
403
295
347
317
402
297
343
320
404
297
346
319
404
297
347
319
405
297
347
319
409
70
445
117
409
70
445
115
409
70
445
119
409
68
445
117
409
68
445
115
408
71
445
117
408
71
445
115
408
71
444
120
408
71
445
119
408
71
444
118
409
72
445
117
409
72
445
119
409
72
444
118
408
68
445
117
408
68
445
115
407
68
445
117
407
68
445
115
407
68
444
118
407
72
442
118
407
72
444
120
407
72
445
119
407
72
444
118
407
72
443
120
407
72
442
122
407
72
444
124
408
72
445
117
408
72
444
120
408
72
445
119
408
72
444
118
408
72
443
120
408
69
445
117
408
69
445
115
408
69
445
119
406
73
441
120
406
73
440
120
406
73
440
121
406
73
440
122
406
73
442
118
406
73
444
120
406
73
443
120
406
73
442
122
406
73
444
124
409
73
444
120
409
73
445
119
409
73
444
118
408
77
441
120
408
77
440
120
408
77
440
121
408
77
440
122
408
77
440
124
408
77
442
122
408
77
444
124
406
77
440
120
406
77
440
121
406
77
440
122
406
74
441
120
406
74
440
120
406
74
440
121
406
74
440
122
406
74
442
118
406
74
443
120
406
74
442
122
406
76
441
120
406
76
440
120
406
76
440
121
406
76
440
122
408
74
444
120
408
74
443
120
408
74
442
122
408
74
444
124
406
75
441
120
406
75
440
120
406
75
440
121
406
75
440
122
406
75
442
122
409
79
440
124
407
79
440
124
407
78
440
121
407
78
440
122
407
78
440
124
409
186
392
222
409
186
397
223
409
191
393
228
409
191
394
227
409
191
396
227
409
191
394
228
409
190
394
227
409
190
396
227
409
190
396
226
408
193
389
229
408
193
391
229
408
193
393
228
408
193
393
229
408
193
393
231
408
193
389
230
408
193
394
228
409
193
389
229
409
193
391
229
409
193
393
228
409
193
393
229
409
193
393
231
409
193
394
227
409
193
394
228
406
195
389
229
406
195
391
229
406
195
393
229
406
195
389
231
406
195
389
230
406
195
391
231
408
194
389
229
408
194
391
229
408
194
393
228
408
194
393
229
408
194
393
231
408
194
389
230
408
194
391
231
408
194
394
228
408
194
395
232
407
197
389
231
407
197
393
233
407
197
393
231
407
197
389
230
407
197
391
231
407
197
390
232
409
195
389
229
409
195
391
229
409
195
393
228
409
195
393
229
409
195
393
233
409
195
393
231
409
195
389
230
409
195
391
231
409
195
390
232
409
195
395
233
409
195
395
232
409
195
396
233
408
196
389
229
408
196
391
229
408
196
393
229
408
196
389
231
408
196
393
233
408
196
393
231
408
196
389
230
408
196
391
231
408
196
390
232
406
194
389
229
406
194
391
229
406
194
393
228
406
194
389
230
408
199
388
232
408
199
390
232
412
188
396
225
412
188
396
224
412
188
395
223
412
188
394
223
412
188
397
226
412
189
396
225
412
189
396
224
412
189
394
223
412
189
396
227
412
189
396
226
412
189
397
226
410
189
393
223
410
189
396
225
410
189
394
223
410
189
396
227
410
189
396
226
410
189
397
226
411
189
396
225
411
189
396
224
411
189
394
223
411
189
396
227
411
189
396
226
411
189
397
226
410
188
393
223
410
188
396
225
410
188
396
224
410
188
395
223
410
188
394
223
410
188
396
226
410
188
397
226
412
61
452
110
413
61
452
110
413
62
452
110
414
60
453
110
414
60
452
110
414
60
454
110
417
63
455
113
417
61
455
113
416
189
396
225
416
189
396
224
416
189
395
223
416
189
397
226
416
189
402
228
416
189
401
229
417
189
396
224
417
189
402
228
421
31
472
87
421
31
473
87
420
30
472
87
420
30
472
86
419
185
408
228
421
188
404
227
421
188
406
230
418
188
404
227
421
187
404
227
421
187
408
228
421
187
408
230
421
187
406
230
419
189
402
228
419
189
404
227
419
189
406
230
419
189
405
231
420
189
402
228
420
189
404
227
420
189
406
230
420
189
405
231
420
189
406
231
421
189
404
227
421
189
406
230
421
189
405
231
421
189
406
231
416
191
396
225
416
191
396
227
416
191
396
226
416
191
397
226
416
191
401
229
417
191
397
226
417
191
402
228
417
191
401
229
417
192
396
227
417
192
397
226
417
192
401
229
416
193
394
227
416
193
396
227
416
193
394
228
420
191
404
227
420
191
406
230
420
191
404
231
420
191
405
231
420
191
406
231
416
190
396
225
416
190
396
224
416
190
396
226
416
190
397
226
416
190
402
228
416
190
401
229
418
192
402
228
418
192
401
229
420
190
402
228
420
190
406
230
420
190
404
231
420
190
405
231
420
190
406
231
417
193
396
227
417
193
401
229
421
220
393
258
419
221
389
259
419
221
388
260
419
225
388
262
420
223
391
260
420
223
390
261
420
223
391
261
418
224
387
261
418
225
388
262
419
223
388
262
420
228
389
266
423
29
475
87
423
29
474
86
422
27
475
84
425
29
477
87
424
185
410
228
424
185
411
229
423
185
410
228
423
185
411
229
422
185
408
228
422
185
410
228
423
186
408
228
423
186
410
228
424
186
410
228
424
186
411
229
425
186
410
228
425
186
411
229
423
188
408
228
423
188
408
230
425
188
411
229
425
188
411
234
423
219
396
257
423
219
396
258
424
218
396
257
424
218
397
257
424
217
397
257
423
220
394
259
423
220
395
259
422
225
392
263
427
184
414
228
429
189
412
234
429
189
413
235
426
208
400
248
426
208
403
248
426
208
402
249
426
208
402
248
426
208
401
249
426
208
401
248
426
208
400
247
426
208
403
249
426
208
404
251
426
206
403
248
426
206
402
249
426
206
404
249
426
206
402
248
426
206
401
249
426
206
401
248
426
206
403
249
426
206
405
250
426
206
404
251
429
206
406
249
429
206
408
249
429
206
406
252
429
206
407
252
424
208
400
248
424
208
402
249
424
208
402
248
424
208
401
249
424
208
401
248
424
208
400
247
425
208
400
248
425
208
403
248
425
208
402
249
425
208
402
248
425
208
401
249
425
208
401
248
425
208
400
247
425
208
403
249
426
207
400
248
426
207
403
248
426
207
402
249
426
207
404
249
426
207
402
248
426
207
401
249
426
207
401
248
426
207
403
249
426
207
404
251
428
208
403
248
428
208
404
249
428
208
402
248
428
208
401
248
428
208
403
249
428
208
406
252
428
208
405
250
428
208
404
251
428
208
405
251
430
190
413
235
431
207
408
249
431
207
408
252
431
207
407
252
431
207
408
253
432
208
408
249
432
208
408
252
432
208
407
252
432
208
408
253
431
208
408
252
431
208
407
252
431
208
408
253
430
208
408
252
430
208
406
252
430
208
407
252
430
208
408
253
432
72
465
129
445
40
488
105
445
40
489
105
445
40
490
104
445
40
489
106
443
39
488
104
443
39
489
103
444
40
489
104
444
40
488
105
444
40
489
105
444
40
490
104
443
40
489
104
443
40
488
104
444
41
489
105
445
41
489
105
445
41
490
106
445
41
488
107
445
41
489
106
441
63
477
125
445
63
481
128
445
67
477
131
445
67
478
130
445
67
481
128
445
68
477
131
445
68
478
130
445
68
481
128
448
39
493
105
448
39
492
105
448
39
495
106
448
39
494
106
449
38
495
106
449
41
493
107
449
41
492
107
449
41
494
107
449
41
495
107
446
38
491
104
446
40
489
105
446
40
492
105
446
40
490
107
446
40
490
106
446
40
489
106
444
42
488
107
444
42
489
106
446
42
491
108
446
42
490
107
446
42
490
106
447
42
491
108
447
42
490
107
447
42
492
107
453
37
498
107
453
37
500
106
453
37
501
106
453
37
499
106
453
37
500
107
453
37
501
107
452
40
495
107
452
40
496
107
452
40
495
108
452
40
496
106
452
40
495
106
452
40
497
107
452
40
497
109
452
40
498
107
452
40
499
106
452
40
498
108
452
40
499
108
452
40
499
109
453
40
496
107
453
40
497
107
453
40
497
109
453
40
498
107
453
40
499
106
453
40
500
109
453
40
498
108
453
40
499
108
453
40
500
108
453
40
500
107
453
40
499
109
453
39
496
107
453
39
496
106
453
39
497
107
453
39
498
107
453
39
500
106
453
39
499
106
453
39
500
109
453
39
498
108
453
39
499
108
453
39
500
108
453
39
500
107
453
39
499
109
453
38
497
107
453
38
498
107
453
38
500
106
453
38
499
106
453
38
501
108
453
38
498
108
453
38
499
108
453
38
500
108
453
38
500
107
453
38
501
107
450
39
493
105
450
39
494
107
450
39
495
107
450
39
496
107
450
39
496
106
450
39
495
106
450
39
494
106
453
41
496
107
453
41
497
107
453
41
497
109
453
41
498
107
453
41
500
109
453
41
498
108
453
41
499
108
453
41
500
108
453
41
499
109
450
43
495
108
450
42
494
107
450
42
495
107
450
42
495
108
453
43
497
109
452
149
451
207
457
34
504
105
457
34
504
106
456
37
500
106
456
37
501
106
456
37
501
108
456
37
500
107
456
37
501
107
456
37
502
105
456
37
504
106
456
37
502
107
456
37
502
106
456
37
502
108
455
36
500
106
455
36
501
106
455
36
501
107
455
36
502
105
455
36
504
105
455
36
504
106
455
36
502
107
455
36
502
106
455
36
502
108
457
35
502
105
457
35
504
105
457
35
504
106
455
38
498
107
455
38
500
106
455
38
501
106
455
38
499
106
455
38
501
108
455
38
500
109
455
38
499
108
455
38
500
108
455
38
500
107
455
38
501
107
455
38
501
109
455
38
502
107
455
38
502
106
455
38
502
108
456
38
500
106
456
38
501
106
456
38
501
108
456
38
500
109
456
38
500
108
456
38
500
107
456
38
501
107
456
38
501
109
456
38
502
107
456
38
502
106
456
38
502
108
455
41
497
109
455
41
501
108
455
41
500
109
455
41
498
108
455
41
499
108
455
41
500
108
455
41
500
107
455
41
499
109
455
41
501
109
455
40
498
107
455
40
501
108
455
40
500
109
455
40
498
108
455
40
499
108
455
40
500
108
455
40
500
107
455
40
499
109
455
40
501
107
455
40
501
109
457
40
501
108
457
40
500
109
457
40
499
109
457
40
501
109
457
40
502
108
456
39
501
108
456
39
500
109
456
39
499
108
456
39
500
108
456
39
500
107
456
39
499
109
456
39
501
107
456
39
501
109
456
39
502
107
456
39
502
108
456
41
501
108
456
41
500
109
456
41
499
108
456
41
500
108
456
41
499
109
456
41
501
109
453
63
488
128
453
62
488
128
457
151
455
211
457
151
456
211
457
151
456
213
457
151
456
212
457
151
457
212
457
151
455
212
455
150
455
211
456
156
452
215
456
156
452
216
456
156
451
215
456
156
453
216
456
157
452
216
456
157
451
215
456
157
451
216
455
157
451
215
455
157
451
216
455
156
452
215
455
156
452
216
455
156
451
215
457
154
454
214
454
156
451
215
457
156
452
215
457
156
452
216
457
156
453
216
457
156
452
214
456
155
452
215
456
155
453
216
456
155
452
214
457
158
451
217
457
158
451
216
457
159
451
217
455
158
451
217
456
158
451
217
458
37
504
106
458
37
502
107
469
45
511
119
469
45
510
120
467
57
504
130
467
57
503
130
467
57
502
131
468
57
504
130
466
60
502
131
470
44
511
119
472
135
473
205
472
135
474
203
472
135
475
204
472
136
473
205
472
136
474
203
472
136
475
204
472
140
472
207
472
140
473
208
472
140
471
210
471
141
472
207
471
141
473
208
471
141
470
211
471
141
471
211
471
141
471
210
472
142
472
207
472
142
473
208
472
142
470
211
472
142
471
211
472
142
471
212
472
142
471
210
472
144
470
211
472
144
470
213
472
144
471
211
472
144
471
212
472
144
471
210
472
145
470
211
472
145
470
213
472
145
471
211
472
145
471
212
472
145
471
210
472
145
473
213
472
145
472
214
475
118
485
189
475
118
485
192
475
118
485
191
476
125
481
194
477
127
483
197
477
131
481
202
475
133
480
203
475
133
479
203
475
134
479
204
475
134
480
204
475
134
479
203
476
134
479
204
476
134
480
204
476
134
479
203
477
137
477
207
476
141
477
209
476
141
475
212
476
141
474
211
476
141
476
211
477
157
469
224
477
157
469
223
477
157
469
225
477
157
470
224
477
157
470
223
476
163
468
229
476
163
468
228
476
163
467
229
476
163
469
229
476
163
467
230
476
163
469
230
476
163
468
230
476
163
466
231
477
163
468
229
477
163
468
228
477
163
467
229
477
163
469
229
477
163
467
230
477
163
469
231
477
163
469
230
477
163
468
230
475
168
464
233
475
168
466
234
475
168
467
235
476
168
468
233
476
168
466
234
476
168
468
235
476
168
467
235
475
167
464
231
475
167
464
233
475
167
466
231
475
167
468
233
475
167
466
234
474
168
464
233
474
168
466
234
477
168
468
233
477
168
466
234
477
168
468
235
477
168
469
235
477
168
467
235
481
116
492
189
481
116
491
190
481
116
490
191
481
116
490
192
481
117
490
191
481
117
490
192
481
119
490
191
481
119
490
192
481
118
490
191
481
118
490
192
482
114
493
188
489
123
495
198
488
122
495
198
490
122
496
198
497
118
504
198
496
118
504
198
494
171
481
246
497
169
485
246
497
168
485
245
497
168
484
243
497
168
484
244
495
173
480
247
501
113
508
194
501
113
509
196
501
113
511
196
500
114
509
196
500
114
507
196
500
114
511
196
501
119
507
200
505
127
509
210
507
119
514
203
507
119
514
202
509
124
513
208
509
133
510
217
509
133
511
217
506
131
507
212
506
131
508
213
509
131
511
214
509
130
511
213
509
130
512
214
509
130
511
214
509
166
494
245
510
125
516
210
511
123
513
208
510
127
515
212
512
127
515
212
511
165
496
245
511
165
497
245
511
165
497
246
512
165
497
246
512
165
499
246
511
162
501
245
511
162
499
244
511
162
498
243
510
162
499
244
510
162
498
243
513
164
499
246
513
164
500
246
510
165
496
245
510
165
497
245
510
165
497
246
513
162
501
245
513
162
499
244
512
164
497
245
512
164
499
246
512
164
500
246
510
167
497
248
