31_31_l.jpg
31_31_r.jpg
287
311
179
324
344
375
237
389
344
375
236
389
282
326
174
341
289
338
182
351
289
338
182
350
282
322
176
335
286
319
179
332
286
319
179
333
286
319
179
331
340
389
230
403
280
326
173
340
287
322
180
335
287
318
179
332
287
318
179
331
275
321
169
334
287
312
179
324
287
344
181
358
288
343
181
358
241
340
132
357
355
388
242
402
245
341
136
357
287
320
179
333
287
319
179
332
287
319
179
333
343
375
236
389
247
345
139
359
345
389
235
403
286
322
180
335
322
394
216
408
282
324
173
340
286
321
180
335
286
321
179
333
247
341
139
356
346
389
236
403
290
324
184
338
281
326
173
340
281
326
174
341
290
322
184
336
