15_15_l.jpg
15_15_r.jpg
145
161
250
134
145
162
250
134
493
112
594
78
493
112
597
77
493
112
595
78
493
112
596
78
493
112
592
79
493
112
593
79
492
117
565
89
492
117
566
89
492
117
564
89
492
113
594
78
492
113
595
78
492
113
596
78
492
113
592
79
492
113
593
79
493
116
568
88
491
117
561
90
491
113
592
79
493
117
565
89
493
117
564
89
494
112
594
78
494
112
597
77
494
112
595
78
494
112
596
78
494
112
597
78
494
112
592
79
494
112
593
79
494
116
568
88
495
116
568
88
496
116
568
89
516
107
594
78
516
107
595
78
516
107
596
78
516
107
592
79
516
107
593
79
517
107
594
78
517
107
595
78
517
107
596
78
517
107
592
79
518
107
594
78
518
107
595
78
518
107
596
78
518
107
597
78
518
107
592
79
516
108
592
79
516
108
593
79
537
107
589
84
540
102
594
78
540
102
595
78
540
102
596
78
540
102
592
79
540
102
593
79
541
102
594
78
541
102
595
78
541
102
596
78
541
102
592
79
541
102
593
79
539
107
589
84
542
102
594
78
542
102
596
78
542
102
593
79
564
101
589
84
565
101
589
84
632
59
631
54
634
59
633
53
633
59
632
50
633
59
632
54
635
62
635
53
635
62
634
53
635
63
635
53
635
63
634
53
632
63
631
54
633
63
632
54
634
63
633
53
