Test1501_blur1.jpg
Test1500.jpg
84
205
44
209
84
205
45
209
83
205
44
209
83
205
45
209
89
208
47
212
86
206
47
210
89
207
49
211
89
207
47
210
87
206
47
210
87
206
48
210
91
208
53
210
90
207
49
211
90
207
48
210
93
207
51
211
93
207
52
211
93
207
53
211
93
207
53
210
99
205
60
209
99
205
59
209
99
205
61
208
99
205
62
208
100
205
60
209
100
205
59
209
100
205
61
208
100
205
62
208
100
205
62
209
101
207
60
209
101
207
59
209
101
207
61
208
101
207
62
208
101
207
62
209
101
207
64
209
101
207
63
210
101
207
62
210
101
207
64
210
99
208
60
209
99
208
59
209
99
208
61
208
99
208
62
208
99
209
60
209
99
209
59
209
99
209
61
208
98
206
60
209
98
206
59
209
98
206
61
208
98
209
60
209
98
209
59
209
101
206
60
209
101
206
59
209
101
206
61
208
101
206
62
208
101
206
62
209
101
206
64
209
101
210
60
209
101
210
59
209
101
210
61
208
101
210
61
212
101
210
60
212
101
210
62
208
101
210
62
209
101
210
62
211
101
210
63
210
101
210
62
210
99
210
60
209
99
210
59
209
99
210
61
208
105
107
68
107
103
204
62
208
103
204
65
207
103
204
66
206
102
204
61
208
102
204
62
208
102
204
65
207
105
205
65
208
105
205
65
207
105
205
69
205
105
205
66
206
105
205
68
206
105
205
69
207
105
205
67
208
105
205
70
206
105
205
70
207
103
205
61
208
103
205
62
208
103
205
65
208
103
205
65
207
103
205
66
206
104
205
62
208
104
205
65
208
104
205
65
207
104
205
66
206
104
205
68
206
104
205
67
208
105
203
65
207
105
203
69
205
105
203
66
206
105
203
68
206
105
207
65
208
105
207
65
207
105
207
64
209
105
207
63
210
105
207
64
210
105
207
66
206
105
207
68
206
105
207
69
207
105
207
67
208
105
207
68
210
105
207
70
206
105
207
70
207
104
207
62
208
104
207
62
209
104
207
65
208
104
207
65
207
104
207
64
209
104
207
63
210
104
207
62
210
104
207
64
210
104
207
66
206
104
207
68
206
104
207
67
208
105
208
62
209
105
208
65
208
105
208
64
209
105
208
63
210
105
208
62
210
105
208
64
210
105
208
69
207
105
208
67
208
105
208
69
210
105
208
68
210
105
208
70
207
109
203
72
204
109
203
73
204
109
203
72
206
109
203
70
206
109
203
74
207
106
204
65
207
106
204
69
205
106
204
66
206
106
204
68
206
106
204
69
207
106
204
72
204
106
204
72
206
106
204
70
206
106
204
70
207
106
204
71
207
107
204
65
207
107
204
69
205
107
204
66
206
107
204
68
206
107
204
69
207
107
204
72
204
107
204
72
206
107
204
70
206
107
204
70
207
107
204
71
207
108
204
69
205
108
204
66
206
108
204
68
206
108
204
69
207
108
204
72
204
108
204
72
206
108
204
70
206
108
204
70
207
108
204
71
207
108
204
74
207
108
206
69
207
108
206
72
206
108
206
70
206
108
206
70
207
108
206
71
207
108
206
74
208
108
206
74
207
106
209
65
208
106
209
64
209
106
209
63
210
106
209
64
210
106
209
69
207
106
209
67
208
106
209
69
210
106
209
68
210
106
209
69
211
106
209
70
207
107
208
69
207
107
208
67
208
107
208
69
210
107
208
68
210
107
208
70
207
107
208
71
207
108
208
69
207
108
208
70
207
108
208
71
207
108
208
74
208
108
207
69
207
108
207
72
206
108
207
70
207
108
207
71
207
108
207
74
208
108
207
74
207
108
209
69
210
112
200
74
203
112
200
76
202
113
205
76
208
113
205
76
207
110
203
72
204
110
203
73
204
110
203
72
206
110
203
74
203
110
203
76
207
111
203
72
204
111
203
73
204
111
203
74
203
111
203
76
207
114
199
76
202
114
204
76
207
115
204
79
208
115
204
80
207
115
204
79
206
115
205
79
208
115
205
78
208
115
205
80
208
115
205
79
206
115
203
80
208
115
203
79
206
116
204
80
207
116
204
80
208
116
204
80
206
116
204
79
206
116
203
80
207
116
203
80
206
116
203
79
206
117
205
81
208
117
205
81
209
117
205
79
208
117
205
80
207
117
205
80
208
117
205
80
206
117
205
79
206
119
202
82
206
119
202
83
207
119
204
81
206
119
204
82
206
119
204
83
207
119
204
82
207
121
203
85
207
120
203
82
206
120
203
83
207
120
204
82
206
120
204
83
207
120
204
82
207
118
205
81
208
118
205
80
207
118
205
81
206
118
205
80
208
118
205
80
206
118
205
82
207
119
205
81
208
119
205
81
206
119
205
82
206
119
205
83
207
119
205
82
207
122
203
85
207
126
204
90
207
129
207
93
211
125
213
87
217
125
213
89
215
133
209
97
211
133
209
96
212
132
208
96
211
132
208
97
211
132
208
96
212
128
210
91
214
130
211
93
214
131
211
93
214
144
188
109
194
144
188
107
195
142
193
106
199
145
194
109
200
155
187
121
188
154
188
121
189
154
187
121
189
154
187
121
188
157
186
123
187
165
187
130
190
172
189
136
190
172
189
137
192
172
189
137
193
173
191
137
193
173
191
138
193
172
190
137
192
172
190
137
193
188
117
154
116
190
106
154
105
208
101
174
101
221
29
185
29
221
29
184
29
221
26
184
26
221
26
185
26
220
29
183
29
220
29
184
29
217
120
182
120
216
119
182
119
218
121
183
121
225
27
190
27
229
27
192
27
228
27
192
27
228
27
190
27
232
28
194
27
231
28
194
27
233
100
201
101
233
100
200
101
235
29
198
28
234
100
201
101
234
100
200
101
234
100
202
100
234
100
202
101
235
99
201
100
235
99
202
100
237
99
204
100
234
99
201
100
234
99
202
100
235
100
201
101
235
100
202
100
235
100
203
101
235
100
202
101
239
32
203
31
239
30
203
29
239
30
204
29
239
33
203
33
246
310
214
316
252
111
220
111
253
111
220
111
269
154
236
153
268
288
237
292
269
319
237
324
272
285
241
289
277
116
245
116
277
116
245
117
277
303
247
306
276
98
243
99
276
98
244
99
278
129
246
131
278
130
246
131
278
130
246
132
278
134
247
136
278
137
246
138
278
137
247
139
278
137
247
138
278
136
247
136
278
136
246
138
278
136
247
138
278
135
247
136
279
139
247
140
279
143
248
144
280
148
248
148
280
147
248
148
280
147
248
147
280
146
248
148
280
146
248
147
280
151
248
153
280
151
248
152
281
152
249
154
280
153
249
154
278
156
247
157
279
155
248
156
279
155
247
156
280
155
248
156
280
155
247
157
281
155
249
157
278
164
246
166
279
165
247
167
281
168
251
171
279
164
247
165
281
165
249
167
278
165
246
167
281
172
251
173
281
286
248
291
285
151
253
152
285
151
253
153
284
151
253
152
284
160
253
161
284
160
253
162
283
163
250
166
284
163
253
165
284
163
252
166
285
163
253
165
285
163
252
166
285
163
255
164
285
163
255
165
285
163
254
166
284
165
253
168
284
165
251
167
284
165
253
167
284
165
254
166
284
167
253
168
284
167
251
169
284
167
253
169
284
167
253
170
284
167
254
169
284
168
253
169
284
168
253
170
284
168
254
169
284
166
253
168
284
166
253
167
284
166
251
169
284
166
253
169
284
166
254
169
282
167
253
168
282
167
251
169
282
167
253
169
283
171
252
172
283
171
253
172
283
171
254
172
283
171
254
173
285
170
253
172
285
170
255
171
285
170
254
172
285
170
255
172
285
170
254
173
284
170
252
172
284
170
253
172
284
170
255
171
284
170
254
172
282
288
252
292
285
290
255
294
285
293
253
297
285
293
254
297
285
293
255
296
288
164
256
165
288
164
257
166
288
164
257
167
288
164
256
166
288
162
255
164
288
162
256
165
288
162
257
163
288
162
255
165
288
162
257
166
288
162
256
166
287
162
253
165
287
162
255
164
287
162
255
163
287
162
256
165
287
162
257
163
287
162
255
165
287
162
256
166
287
162
254
166
289
160
255
163
289
160
257
163
288
161
255
164
288
161
255
163
288
161
256
165
288
161
257
163
288
161
255
165
286
162
253
165
286
162
255
164
286
162
255
163
286
162
255
165
286
162
254
166
287
164
256
165
287
164
255
165
287
164
257
166
287
164
257
167
287
164
256
166
287
164
254
166
286
165
253
168
286
165
253
167
286
165
257
167
286
165
256
166
286
167
253
170
286
167
256
169
286
167
254
169
286
167
257
169
288
167
256
169
288
167
257
169
288
167
257
170
288
167
258
170
289
168
257
170
289
168
257
171
289
168
258
171
289
168
258
170
286
169
255
171
286
169
256
172
286
169
254
172
286
169
255
172
286
169
257
171
288
169
257
170
288
169
256
172
288
169
257
171
288
169
258
171
289
169
257
171
289
169
258
171
289
169
258
170
286
170
255
171
286
170
256
172
286
170
254
172
286
170
255
172
287
170
256
172
287
170
255
172
287
170
257
171
286
277
258
280
287
277
258
280
288
278
256
281
288
278
260
281
286
291
255
294
286
291
255
296
286
291
257
294
288
291
257
294
288
291
257
296
288
291
258
293
289
293
257
296
289
293
260
296
290
168
258
171
290
168
258
170
293
172
261
174
293
278
260
281
292
282
261
285
292
282
260
285
290
290
257
294
290
290
258
293
290
290
261
293
290
290
260
294
290
290
262
293
291
290
261
293
291
290
260
295
291
290
260
294
291
290
263
293
291
290
262
293
293
292
261
295
293
292
260
296
293
292
261
297
293
292
263
295
293
292
262
296
293
292
264
296
290
292
257
296
290
292
260
295
290
292
261
295
290
292
260
296
292
292
260
295
292
292
261
295
292
292
260
296
292
292
263
295
292
292
262
296
291
291
260
295
291
291
260
294
291
291
261
295
291
291
260
296
293
293
261
297
293
293
262
296
293
293
264
296
296
152
264
153
296
152
266
154
296
169
265
170
296
169
263
170
294
165
263
166
294
165
264
167
294
169
263
171
294
169
263
170
295
165
263
166
295
165
264
167
294
168
263
170
296
167
265
169
297
169
265
170
297
169
266
171
297
169
266
170
295
279
265
282
295
292
263
295
295
292
265
295
295
292
262
296
295
292
264
296
295
292
266
296
295
292
267
296
297
293
264
296
297
293
265
297
297
293
266
297
297
293
266
296
297
293
267
296
297
293
271
297
298
152
268
155
298
152
266
154
301
164
268
164
301
164
269
165
301
164
269
166
301
164
270
164
301
164
270
165
301
164
270
166
301
163
269
163
301
163
268
164
301
163
269
165
301
163
269
166
301
163
270
164
301
163
271
163
301
163
270
165
301
163
270
166
301
165
269
165
301
165
269
166
301
165
270
165
301
165
270
167
301
165
270
166
300
162
269
163
300
162
268
162
300
162
268
164
300
162
267
165
300
162
269
165
300
162
270
164
300
161
269
163
300
161
268
162
300
161
268
164
300
161
270
161
298
163
268
164
298
163
267
165
298
163
266
166
298
165
267
165
298
165
266
166
298
165
267
167
301
169
269
169
301
169
269
172
301
169
270
169
299
167
267
168
299
167
267
169
299
167
268
169
299
167
267
167
300
167
269
169
300
167
267
168
300
167
267
169
300
167
268
169
300
167
267
167
298
166
266
166
298
166
267
168
298
166
267
167
301
171
269
172
301
172
269
174
298
172
265
173
298
172
266
174
299
170
266
171
299
170
268
172
300
173
269
174
300
173
268
174
300
280
269
283
300
280
268
283
300
280
272
284
300
280
270
283
300
280
273
284
301
280
269
283
301
280
268
283
301
280
272
284
301
280
270
283
301
280
273
284
301
280
274
284
298
293
265
297
298
293
269
296
298
293
266
297
298
293
266
296
298
293
267
296
298
293
271
297
301
293
269
296
301
293
272
297
301
293
270
296
301
293
271
297
300
294
271
297
296
294
265
297
296
294
266
297
301
294
272
297
301
294
271
297
305
131
274
133
305
132
274
133
304
136
273
137
304
136
273
138
304
140
273
141
304
140
273
142
304
139
273
140
304
139
273
141
302
151
272
152
302
151
273
153
302
151
271
153
304
150
272
152
304
150
273
152
303
152
273
153
303
152
271
153
303
152
272
154
303
153
271
153
303
153
272
154
303
153
272
155
302
164
269
165
302
164
269
166
302
164
270
164
302
164
270
165
302
164
270
167
302
164
270
166
305
162
273
162
305
162
271
163
305
162
273
164
305
162
273
165
305
164
273
164
305
164
273
165
305
164
272
167
304
163
270
164
304
163
271
163
304
163
273
164
304
163
273
165
304
160
272
160
304
160
273
160
304
160
273
162
304
160
271
163
302
161
269
163
302
161
270
161
302
161
270
164
302
161
271
163
303
279
269
283
303
279
268
283
303
279
270
282
303
279
272
282
303
279
270
283
303
279
272
283
303
279
273
282
304
279
269
283
304
279
268
283
304
279
270
282
304
279
272
282
304
279
270
283
304
279
272
283
304
279
273
282
305
281
269
285
305
281
272
284
305
281
273
284
305
281
276
285
305
281
274
284
305
281
279
285
305
281
278
285
305
285
274
288
305
285
279
288
305
294
273
297
305
294
272
297
305
294
271
297
305
294
275
297
305
294
274
297
302
294
273
297
302
294
272
297
302
294
271
297
303
294
273
297
303
294
272
297
303
294
271
297
303
294
274
297
306
127
275
129
306
129
275
130
306
128
275
129
306
128
275
130
307
126
276
127
309
145
277
147
309
145
279
146
309
145
278
147
309
278
272
281
309
278
270
282
309
278
272
282
309
278
273
282
309
278
280
282
309
278
279
282
308
295
278
298
306
294
273
297
306
294
272
297
306
294
271
297
306
294
275
297
306
294
274
297
309
295
278
298
309
306
280
309
309
306
280
310
310
280
272
283
310
280
273
284
310
280
274
284
310
278
272
281
310
278
270
282
310
278
272
282
310
278
273
282
310
278
280
282
310
278
279
282
311
280
272
284
311
280
272
283
311
280
273
284
311
280
274
284
311
283
281
286
311
283
280
286
313
283
281
286
313
283
280
286
313
283
286
287
313
296
284
299
313
296
283
299
313
296
282
299
311
312
280
315
317
128
286
130
316
126
285
128
317
129
286
130
317
129
286
131
313
156
280
159
313
156
280
158
313
156
282
158
312
158
280
159
312
158
282
158
317
284
289
288
317
284
286
287
317
297
289
301
317
297
286
300
313
311
282
314
313
311
280
315
314
310
282
314
313
310
282
313
313
310
282
314
313
310
280
314
313
309
282
313
318
131
287
132
318
131
287
134
318
133
287
134
319
138
288
138
319
138
288
139
319
138
288
140
319
144
289
145
319
144
288
146
320
143
289
145
320
143
288
146
320
144
289
145
320
144
288
146
320
144
289
146
321
233
291
235
318
232
288
234
318
232
289
234
318
232
288
236
320
233
290
235
318
234
288
236
318
283
286
287
320
284
289
288
320
284
286
287
320
284
293
287
323
145
292
147
323
145
291
147
322
145
291
147
325
145
293
147
325
145
294
147
322
232
291
235
322
232
292
234
324
249
293
252
323
285
289
288
323
285
293
287
323
285
295
289
325
285
289
288
325
285
293
287
325
285
295
289
325
286
295
289
324
290
295
293
322
299
289
301
326
145
294
147
327
245
296
248
328
287
295
289
326
286
295
289
334
302
305
305
335
302
305
305
335
302
306
305
337
317
306
320
334
319
304
322
335
319
304
321
335
319
304
322
336
321
305
324
340
303
306
305
340
303
311
306
339
303
306
305
340
304
311
306
338
315
307
318
340
317
309
320
340
329
309
330
343
230
315
232
343
230
314
232
345
231
315
232
345
231
316
235
345
231
316
233
345
231
317
233
345
231
316
232
345
231
314
232
345
234
314
236
345
234
316
235
345
234
315
236
345
234
316
236
345
234
314
237
345
305
313
309
345
305
313
307
345
305
312
307
345
305
317
307
345
305
314
307
345
305
317
308
345
305
318
308
343
304
311
306
343
304
313
307
343
304
312
307
343
304
314
307
342
304
311
306
342
304
313
307
342
304
312
307
342
304
314
307
348
221
317
223
348
225
317
226
346
223
317
224
346
223
317
226
348
224
317
224
348
224
317
226
348
222
317
223
348
222
317
224
347
225
317
226
349
225
320
228
346
230
315
232
346
230
316
233
346
230
317
233
346
230
316
232
347
231
316
233
347
231
317
233
347
231
316
232
347
231
317
235
347
233
316
235
347
233
317
233
347
233
317
235
348
233
317
233
348
233
317
235
348
231
317
233
346
305
313
307
346
305
312
307
346
305
317
307
346
305
314
307
346
305
317
308
346
305
318
308
346
305
319
308
347
305
313
307
347
305
317
307
347
305
314
307
347
305
317
308
347
305
318
308
347
305
319
308
349
306
317
307
349
306
317
308
349
306
321
309
349
306
318
308
349
306
319
308
349
306
322
309
352
307
321
309
352
307
319
308
352
307
323
308
352
307
322
309
352
307
323
309
350
306
317
308
350
306
321
309
350
306
318
308
350
306
319
308
350
306
323
308
350
306
322
309
350
306
323
309
353
329
322
330
353
329
323
330
352
329
322
330
352
329
323
330
352
225
322
227
352
225
323
227
357
225
328
227
357
225
327
227
353
225
322
227
353
225
323
227
354
229
323
229
354
229
324
229
354
229
324
232
354
229
326
232
353
227
323
229
353
227
323
227
353
227
324
229
353
227
325
229
355
227
324
229
355
227
325
229
355
227
326
229
354
306
321
309
354
306
323
308
354
306
322
309
354
306
323
309
354
308
321
309
354
308
322
309
354
308
323
309
360
187
330
188
361
186
330
188
361
224
333
225
359
225
330
227
359
225
331
227
358
227
329
228
358
226
328
227
358
226
327
227
358
226
329
228
358
226
330
228
358
226
330
227
358
228
329
231
358
228
330
230
359
229
329
231
359
229
330
232
359
229
330
231
359
229
330
230
360
229
331
230
360
229
332
231
360
229
330
231
360
229
331
232
360
229
330
230
361
217
330
220
360
218
330
220
360
217
329
220
360
217
330
220
364
224
335
225
364
224
336
225
364
224
335
226
364
223
336
224
364
223
335
225
364
223
335
224
364
223
335
226
362
225
333
227
365
225
335
226
365
225
335
227
362
226
333
228
362
226
333
227
362
226
334
227
364
226
336
228
364
226
335
227
364
226
334
227
364
226
335
228
362
227
333
228
362
227
332
229
362
227
333
229
369
209
337
212
369
209
338
213
369
209
338
212
369
209
339
211
369
220
339
222
368
220
339
222
369
218
340
221
368
219
339
222
368
221
339
222
366
223
336
225
366
222
336
224
366
224
336
225
366
224
338
226
368
229
338
229
368
229
339
229
366
226
336
228
366
226
338
226
366
226
338
227
369
229
341
229
369
229
338
229
369
229
339
229
369
227
340
228
369
228
341
229
369
228
340
228
369
228
338
229
369
228
339
229
369
280
339
282
369
280
338
282
368
312
337
312
368
310
337
312
368
310
338
310
373
207
343
211
371
207
339
210
371
207
339
211
370
218
341
220
370
218
340
221
375
185
341
188
375
185
345
188
375
185
342
188
377
206
345
208
377
206
345
209
377
206
347
208
377
206
347
209
377
206
349
209
377
206
350
209
377
210
345
213
377
210
346
212
376
281
346
283
375
305
345
306
375
305
344
307
375
305
346
306
375
306
344
307
376
309
344
311
376
309
345
311
376
309
347
311
376
309
346
311
377
309
344
311
377
309
345
311
377
309
348
311
377
309
347
311
377
309
346
311
377
310
344
311
377
310
345
311
377
310
345
313
377
310
348
311
377
310
347
311
377
310
346
311
377
310
346
313
376
311
344
311
376
311
345
311
376
311
345
313
376
311
347
311
376
311
346
311
376
311
346
313
377
311
344
311
377
311
345
311
377
311
345
313
377
311
348
311
377
311
347
311
377
311
346
311
377
311
346
313
377
312
345
313
377
312
346
313
380
208
350
210
380
208
350
211
380
208
351
212
379
207
347
209
379
207
349
209
379
207
350
209
379
207
350
210
380
209
350
211
380
209
351
212
381
210
351
212
380
281
349
284
380
281
348
283
380
281
350
283
380
301
349
302
379
301
349
302
379
302
347
304
379
302
349
302
379
302
349
304
379
302
350
304
381
302
347
304
381
302
349
302
381
302
349
304
381
302
350
304
379
308
348
311
379
308
347
311
379
308
346
311
379
309
345
311
379
309
348
311
379
309
347
311
379
309
346
311
382
209
350
211
382
209
351
212
385
209
356
212
383
209
350
211
383
209
351
212
383
208
349
209
383
208
352
210
383
208
350
210
384
269
352
271
383
269
352
271
382
269
352
271
383
280
352
281
383
280
351
283
383
280
352
282
383
280
353
282
383
280
351
282
383
280
354
281
385
280
353
282
385
280
354
281
385
297
354
298
384
297
354
298
382
299
351
300
382
299
352
300
382
299
351
301
384
320
353
321
382
332
351
332
382
332
352
332
382
332
351
333
381
331
351
332
384
331
353
331
384
331
352
332
384
331
353
332
384
331
354
331
383
330
353
331
382
331
351
332
382
331
352
332
383
331
353
331
383
331
351
332
383
331
352
332
383
331
353
332
385
330
354
331
384
330
353
331
387
210
356
212
384
213
354
216
384
213
353
216
385
213
354
216
385
213
353
216
384
218
352
221
385
225
355
225
385
225
354
225
385
225
355
227
385
225
352
227
387
224
355
225
387
224
357
226
387
224
355
227
386
223
355
225
386
223
354
225
386
223
353
224
384
222
352
225
384
222
353
224
385
223
352
225
385
223
355
225
385
223
354
225
385
223
353
224
388
224
357
226
388
224
358
225
389
224
357
226
389
224
358
225
389
223
357
226
389
223
359
224
389
223
360
224
389
223
358
225
386
280
353
282
386
280
354
281
386
280
356
282
389
281
357
284
389
294
357
296
389
294
358
296
388
294
357
296
388
294
358
296
387
295
357
296
387
295
355
297
387
295
356
297
393
216
361
217
393
221
361
224
393
221
360
224
393
221
361
223
393
221
363
222
393
221
363
223
393
221
362
223
393
222
361
224
393
222
360
224
393
222
361
223
393
222
363
223
393
222
362
223
390
223
361
224
390
223
359
224
390
223
360
224
390
223
358
225
391
222
361
224
391
222
359
224
391
222
360
224
391
222
361
223
391
222
358
225
392
222
361
224
392
222
359
224
392
222
360
224
392
222
361
223
392
222
362
223
388
227
358
229
391
280
361
281
391
280
362
280
388
282
356
282
388
282
356
284
388
282
357
284
393
290
363
291
393
290
362
291
393
293
363
294
390
292
360
293
390
292
359
294
392
291
360
293
391
306
360
308
391
306
361
308
393
215
361
217
393
215
362
217
394
215
361
217
394
215
364
217
394
215
362
217
392
214
359
217
392
214
361
217
395
216
362
217
396
216
364
217
396
215
365
217
396
215
364
217
396
215
364
216
397
215
365
217
397
215
364
217
397
215
364
216
397
215
366
217
397
215
367
217
395
214
364
217
395
214
364
216
394
216
361
217
394
216
362
217
395
215
365
217
395
215
364
217
395
215
362
217
397
216
365
217
397
216
364
217
397
216
366
217
397
216
367
218
397
219
365
221
397
219
364
222
397
219
365
222
397
219
366
221
395
220
363
222
395
220
363
223
395
220
364
222
395
220
362
223
395
220
365
222
395
221
365
223
395
221
363
222
395
221
363
223
395
221
364
222
395
221
362
223
397
220
365
221
397
220
365
223
397
220
364
222
397
220
365
222
397
220
366
221
397
220
367
221
394
221
361
224
394
221
361
223
394
221
363
222
394
221
363
223
394
221
364
222
394
221
362
223
396
220
365
221
396
220
363
222
396
220
363
223
396
220
364
222
396
220
365
222
396
220
366
221
396
226
366
227
397
226
366
227
395
288
365
289
395
288
364
289
395
288
363
290
394
289
363
291
394
289
362
291
394
289
363
290
396
287
365
289
396
287
364
289
396
287
366
288
396
288
365
289
396
288
364
289
397
287
365
289
397
287
366
288
394
293
363
294
397
327
368
328
397
327
366
328
398
205
365
206
398
205
368
208
399
212
366
213
399
212
367
214
398
212
366
213
398
212
367
214
398
212
366
215
400
219
368
220
400
219
369
220
400
219
366
221
400
219
367
221
401
219
368
220
401
219
369
220
401
219
367
221
401
217
367
218
401
217
368
218
401
217
368
220
401
217
369
220
401
217
371
219
401
217
370
219
400
216
366
217
400
216
367
217
400
216
367
218
400
216
368
218
401
218
368
220
401
218
369
220
401
218
370
219
398
219
365
221
398
219
365
222
398
219
368
220
398
219
366
221
398
219
367
221
399
219
365
221
399
219
368
220
399
219
369
220
399
219
366
221
399
219
367
221
400
218
368
220
400
218
369
220
400
218
367
221
400
217
367
218
400
217
368
218
400
217
368
220
397
231
364
233
397
231
366
232
399
230
366
232
399
233
370
233
399
233
371
233
399
233
370
234
399
233
368
234
398
273
368
275
398
273
367
275
398
275
368
275
398
275
367
275
400
283
369
285
400
283
370
284
400
284
369
285
400
284
370
284
399
285
369
285
399
285
367
287
401
297
369
298
399
299
369
301
398
303
367
305
398
327
368
328
398
327
366
328
398
327
369
328
402
198
369
198
405
229
371
232
405
229
372
231
403
230
371
232
403
230
372
231
403
230
370
233
403
230
371
233
402
230
371
232
402
230
372
231
404
230
371
232
404
230
372
231
404
230
370
233
404
230
371
233
404
230
372
233
403
231
371
232
403
231
372
231
403
231
370
233
403
231
371
233
403
231
372
233
403
231
370
234
403
231
375
232
404
231
371
232
404
231
370
233
404
231
371
233
404
231
372
233
404
231
370
234
404
231
375
232
402
232
371
232
402
232
370
233
402
232
371
233
402
232
372
233
402
232
370
234
402
232
368
234
403
234
371
235
403
234
372
235
405
280
371
283
405
280
372
283
405
280
373
282
405
280
375
280
402
283
369
285
402
283
371
283
402
283
370
284
402
283
372
283
402
283
371
284
403
282
371
283
403
282
370
284
403
282
372
283
403
282
373
282
403
282
371
284
402
282
369
285
402
282
371
283
402
282
370
284
402
282
372
283
402
282
373
282
402
282
371
284
402
299
371
300
402
300
371
300
404
314
372
316
402
315
371
316
402
315
370
317
402
315
372
315
402
315
372
316
400
315
369
316
400
315
368
317
400
315
370
317
400
315
370
316
403
315
372
316
405
326
372
327
403
326
372
327
401
342
370
343
401
342
368
343
401
343
368
344
401
343
372
344
403
343
372
344
407
197
376
197
406
195
376
196
406
195
376
197
404
213
371
216
405
213
373
216
407
228
372
231
409
277
377
278
409
277
379
277
407
278
377
278
407
278
375
280
408
278
377
278
408
278
375
280
407
297
376
298
406
324
374
325
406
325
374
325
406
325
376
326
413
263
381
264
412
275
379
277
412
275
380
276
412
274
380
276
412
274
382
274
412
274
383
274
411
275
379
277
411
275
380
276
410
276
377
278
410
276
379
277
410
276
380
276
410
302
379
304
412
338
380
338
417
212
385
213
414
229
380
232
414
229
383
231
414
229
384
231
416
230
380
232
416
230
379
233
416
230
383
231
416
230
385
232
416
230
384
231
416
230
386
231
416
230
386
232
417
231
385
232
417
231
387
233
417
231
386
233
417
231
386
232
414
272
382
274
414
272
383
274
414
273
382
274
414
273
383
274
417
270
386
271
417
301
385
302
419
213
388
215
419
213
387
215
419
213
386
216
419
213
386
215
419
213
385
216
418
212
385
213
418
212
386
215
421
228
389
229
421
228
386
231
421
228
390
230
420
232
387
233
420
232
386
233
420
232
388
233
420
232
389
233
420
232
388
234
419
232
387
233
419
232
386
233
419
232
388
233
419
232
389
233
419
232
388
234
419
231
385
232
419
231
387
233
419
231
386
233
419
231
386
232
419
231
388
233
419
231
389
233
419
231
388
234
421
232
387
233
421
232
386
233
421
232
388
233
421
232
389
233
421
232
388
234
419
268
387
270
418
281
387
281
422
229
389
229
422
229
386
231
422
229
390
230
422
229
392
230
422
229
392
231
424
230
390
230
424
230
392
230
424
230
392
231
423
232
387
233
423
232
386
233
423
232
388
233
423
232
389
233
423
232
388
234
424
264
393
265
424
264
392
266
425
263
393
265
423
265
392
266
423
265
391
267
424
265
392
266
424
268
392
269
422
266
391
267
422
266
390
267
422
272
391
273
424
274
392
275
427
176
395
178
429
177
397
178
426
176
394
177
427
177
397
178
427
177
395
178
426
175
394
177
427
180
396
181
427
180
397
181
429
179
396
181
429
179
397
181
428
180
396
181
428
180
397
181
428
180
396
182
429
181
397
183
429
182
397
183
428
185
395
188
428
185
396
187
429
186
396
187
429
186
396
188
428
186
395
188
428
186
396
187
428
186
396
188
429
187
396
188
429
187
398
189
424
194
390
194
424
194
392
196
428
195
397
196
429
230
396
231
429
230
397
233
429
230
396
233
429
230
398
231
426
231
392
231
426
231
394
233
428
261
397
261
428
261
395
263
428
261
397
262
427
262
395
263
431
193
399
195
432
188
399
189
432
188
400
189
430
194
397
196
430
194
399
195
431
280
400
281
430
282
398
283
436
173
405
174
436
173
403
175
437
173
405
174
437
173
403
175
437
173
406
174
439
172
406
174
438
173
405
175
438
173
406
174
441
174
408
176
439
210
408
212
444
169
412
170
444
171
412
172
443
173
410
175
443
173
411
174
443
174
410
176
442
174
409
176
442
174
410
175
442
179
409
181
442
179
411
180
442
179
412
179
442
180
410
181
443
217
410
217
445
224
414
225
445
266
413
267
446
169
412
172
448
171
415
173
447
180
414
181
447
180
415
181
448
180
415
181
448
180
416
181
449
181
417
181
449
212
416
213
449
212
415
215
449
216
417
217
446
232
413
232
446
232
414
233
447
231
413
232
447
231
414
233
447
231
415
231
447
231
415
232
446
266
413
267
446
265
413
267
446
269
414
270
446
271
414
271
446
270
414
271
446
270
414
270
447
277
415
277
453
163
420
165
453
163
421
164
451
167
418
169
451
166
418
168
453
167
421
168
453
168
421
169
450
174
417
176
450
174
416
176
450
174
416
177
451
175
417
177
453
209
420
211
453
209
421
211
453
231
421
232
453
210
420
211
453
210
421
211
452
210
419
212
452
210
420
211
452
218
420
220
454
221
423
221
454
221
423
222
454
221
421
223
454
221
422
223
454
219
421
220
454
219
423
221
453
219
421
220
453
219
420
220
453
221
421
220
453
221
420
223
453
221
421
223
453
221
422
223
455
222
423
221
455
222
423
222
455
222
425
223
455
222
424
222
455
222
422
223
455
222
425
224
453
222
420
223
453
222
421
223
453
222
422
223
454
222
423
222
454
222
421
223
454
222
422
223
457
260
424
261
457
271
424
272
457
271
425
272
457
272
424
272
457
272
425
273
457
272
425
272
457
273
425
273
458
188
425
189
458
188
427
189
458
188
424
189
458
188
425
188
458
188
426
188
461
188
425
189
461
188
427
189
461
188
426
188
461
188
429
189
459
186
427
187
459
186
426
188
458
186
427
187
460
188
425
189
460
188
427
189
460
188
424
189
460
188
425
188
460
188
426
188
460
188
429
189
459
221
425
223
459
221
425
222
459
221
428
222
458
221
425
223
458
221
424
222
458
221
425
222
458
221
428
222
459
223
425
223
459
223
425
224
459
223
428
224
459
223
426
224
458
223
425
223
458
223
425
224
458
223
428
224
458
223
426
224
458
222
425
223
458
222
424
222
458
222
425
222
458
222
425
224
458
222
428
224
458
222
426
224
460
223
425
223
460
223
425
224
460
223
428
224
460
223
426
224
461
223
425
223
461
223
425
224
461
223
429
225
461
223
428
224
461
223
426
224
461
223
430
223
461
225
429
225
460
250
429
251
460
253
428
254
460
258
429
258
465
177
432
178
465
187
431
188
462
187
427
187
462
187
426
188
462
187
431
188
465
219
433
220
465
219
430
219
465
219
434
220
465
219
434
221
463
225
429
225
465
222
430
223
465
222
433
223
463
241
429
242
463
241
431
242
464
243
429
242
464
243
430
243
465
242
429
242
465
242
431
242
465
242
430
243
464
242
429
242
464
242
431
242
464
242
430
243
463
248
429
250
463
250
429
250
463
250
429
251
462
251
429
251
466
185
431
186
466
185
432
186
466
185
435
186
468
184
436
185
468
184
434
185
468
184
437
185
467
184
436
185
467
184
434
185
467
184
437
185
467
184
435
186
469
185
435
186
467
187
431
188
467
187
433
187
467
187
435
189
467
215
434
216
467
215
436
217
467
220
433
220
467
220
434
221
468
219
433
220
468
219
434
220
468
219
435
220
468
219
434
221
466
222
430
223
466
222
433
223
466
222
436
223
468
226
435
227
468
226
434
227
468
226
435
226
467
226
432
228
467
226
435
227
467
226
434
227
467
226
435
226
465
227
432
228
465
227
434
227
464
228
433
229
464
228
430
229
464
228
431
229
464
228
432
228
467
274
434
273
467
274
436
274
473
171
439
174
470
175
436
176
470
179
437
181
472
184
437
185
472
184
438
185
472
184
439
185
472
183
439
185
473
211
440
212
471
227
435
227
471
227
436
228
473
244
438
245
473
244
438
244
473
244
439
245
473
244
440
245
471
244
438
245
471
244
437
244
471
244
438
244
471
244
436
244
471
244
439
245
470
243
437
244
474
169
441
170
474
169
441
172
475
171
441
172
474
183
441
184
476
183
441
184
475
184
439
185
477
224
442
224
477
224
444
224
477
256
444
257
476
273
444
273
474
273
441
273
477
272
444
272
477
272
445
272
479
224
444
224
479
224
446
225
481
224
446
225
481
224
447
225
481
224
448
225
480
245
448
246
481
245
448
246
478
253
445
254
478
253
445
253
479
256
446
257
480
257
446
257
479
257
446
257
478
257
444
257
481
272
448
272
478
271
445
271
482
224
447
225
482
224
448
225
483
224
448
225
483
224
450
224
485
225
450
225
482
252
449
252
484
257
451
257
485
257
451
257
483
267
450
267
488
225
453
226
487
247
454
247
487
247
456
247
487
247
456
248
488
247
454
247
488
247
456
247
488
247
456
248
484
246
450
247
484
246
451
247
485
246
451
247
485
246
455
246
485
246
454
247
487
273
452
273
487
273
453
273
487
273
455
273
487
273
456
273
489
273
455
273
489
273
456
273
489
273
458
273
489
273
460
273
489
273
459
274
490
226
455
227
493
248
459
248
493
248
461
248
490
247
456
247
490
247
456
248
490
247
458
248
490
247
459
248
491
248
458
248
491
248
459
248
491
248
461
248
492
247
459
248
491
273
461
273
491
273
458
273
491
273
460
273
491
273
462
273
491
273
463
273
492
273
461
273
492
273
458
273
492
273
460
273
492
273
462
273
492
273
463
273
493
273
461
273
493
273
460
273
493
273
462
273
493
273
463
273
491
274
458
273
491
274
459
274
492
274
458
273
492
274
460
273
492
274
459
274
497
167
461
167
495
167
461
167
495
167
460
168
493
237
458
236
492
237
458
236
497
249
462
249
497
249
463
249
496
248
462
249
497
268
464
267
497
268
463
268
497
268
464
268
497
268
465
268
497
268
465
269
497
268
466
269
494
273
461
273
494
273
460
273
494
273
462
273
494
273
463
273
495
273
461
273
495
273
462
273
495
273
463
273
495
273
467
273
497
274
462
273
497
274
463
273
499
164
468
165
499
167
466
167
498
176
463
177
498
176
462
177
498
174
465
175
499
249
464
250
498
250
465
251
498
250
464
250
499
250
465
251
501
252
466
252
501
252
467
252
498
269
465
268
498
269
465
269
498
269
466
269
499
269
465
268
499
269
465
269
499
269
466
269
500
269
466
269
501
273
468
272
501
273
467
273
501
273
469
273
501
273
470
273
499
272
465
272
499
272
468
272
499
272
469
273
499
272
470
273
502
228
466
228
502
249
467
250
503
249
468
249
503
249
467
250
502
251
466
252
502
251
467
252
502
251
469
252
503
252
467
252
503
252
469
252
503
273
468
272
503
273
470
273
502
284
470
284
505
285
471
285
505
285
470
284
508
222
472
223
508
225
473
226
509
229
473
229
509
228
473
229
508
227
473
228
508
227
472
227
506
228
470
229
508
273
477
273
508
273
475
273
508
273
474
272
509
273
477
273
511
171
477
172
512
171
477
172
513
249
477
249
512
249
477
249
511
249
475
249
511
249
477
249
511
249
475
250
511
257
476
258
513
261
480
261
513
261
478
261
512
260
478
261
510
273
478
273
510
273
480
273
510
273
479
273
511
273
480
273
511
273
479
273
513
273
481
272
515
272
483
272
528
264
493
264
528
264
492
264
526
268
491
269
529
264
493
264
529
264
492
264
532
187
496
188
532
261
494
261
532
261
497
261
532
261
500
261
534
167
500
169
534
167
499
169
534
168
500
169
534
168
499
169
535
167
500
169
532
170
498
172
533
171
499
172
533
171
500
172
533
171
499
173
537
170
501
170
537
170
501
171
537
170
503
171
537
170
502
171
535
171
500
171
535
171
500
172
535
171
501
171
536
171
501
171
536
171
502
171
534
172
500
172
534
172
499
173
536
170
500
171
536
170
501
170
536
170
501
171
536
170
502
171
534
192
498
193
534
219
498
221
537
252
501
252
535
260
497
261
535
260
500
261
535
260
499
259
535
260
501
261
539
169
503
171
538
169
503
171
538
169
502
171
541
180
504
181
541
182
505
184
540
188
504
189
541
188
504
189
538
192
501
192
538
192
501
194
538
192
501
193
538
191
501
192
538
191
501
193
538
191
502
192
541
190
505
192
540
197
504
198
539
197
502
198
537
198
501
199
541
219
505
220
541
232
505
232
541
231
505
230
540
235
505
234
540
235
504
235
540
236
504
235
540
236
504
236
540
237
504
236
540
237
504
237
541
235
505
234
539
239
504
237
539
239
503
239
538
252
501
252
538
252
503
252
539
252
501
252
539
252
503
252
539
252
504
252
540
252
503
252
540
252
504
252
545
180
509
180
542
191
505
192
542
191
506
192
542
192
505
192
542
192
505
193
542
192
506
192
542
195
505
196
543
199
507
200
543
199
506
200
545
213
509
214
545
213
510
211
545
213
510
213
545
213
510
212
545
215
509
214
545
215
508
215
545
215
509
215
545
215
508
216
545
215
508
217
545
215
510
213
544
215
509
214
544
215
508
215
544
215
509
215
544
215
508
216
544
215
510
213
545
214
509
214
545
214
508
215
545
214
509
215
545
214
508
216
545
214
510
213
545
214
510
212
545
217
509
217
545
220
509
219
545
220
509
220
544
218
508
217
544
218
509
217
544
219
509
217
544
219
509
219
545
221
509
219
545
221
509
220
543
225
507
225
542
225
507
225
542
224
506
223
544
222
509
219
544
222
509
220
542
227
507
225
546
180
509
180
548
178
511
179
547
180
511
179
546
196
510
196
548
207
510
208
548
207
511
207
546
207
509
207
546
207
510
208
546
207
511
207
547
208
510
208
547
208
511
209
549
206
511
207
549
206
512
206
547
207
510
208
547
207
511
207
549
205
513
205
549
205
512
206
549
204
513
205
549
204
513
204
548
208
511
209
546
212
510
211
546
212
510
213
546
212
510
212
546
212
511
210
547
211
510
211
547
211
510
212
547
211
511
210
546
213
509
214
546
213
509
215
546
213
510
213
546
213
510
212
550
192
514
192
552
194
516
194
552
197
516
197
553
346
518
345
553
346
520
345
553
349
517
348
553
348
517
348
553
348
517
347
552
349
517
348
553
347
517
347
552
350
516
350
553
351
516
350
552
351
516
350
554
229
517
227
554
226
518
225
554
226
517
226
554
226
518
224
554
226
517
227
554
225
517
226
555
224
518
225
555
224
518
224
555
344
518
344
555
344
519
343
555
344
520
344
557
340
520
339
557
340
521
340
557
340
520
340
555
343
519
343
555
343
521
342
555
342
520
341
555
342
521
341
555
342
521
342
556
342
520
341
556
342
521
341
556
342
521
342
557
341
520
341
557
341
521
340
557
341
520
340
557
341
521
341
557
342
520
341
557
342
521
341
557
342
521
342
556
343
519
343
556
343
521
342
556
341
520
341
556
341
521
340
556
341
520
340
556
341
521
341
556
344
519
343
556
344
520
344
554
345
518
344
554
345
520
344
554
345
518
345
554
345
520
345
555
346
518
345
555
346
520
345
554
349
517
348
555
348
517
347
560
217
523
217
558
221
521
220
558
221
521
219
558
221
521
222
558
220
521
220
558
220
521
219
558
219
521
220
558
219
521
219
558
218
521
219
560
221
523
221
560
221
523
222
559
222
522
221
559
222
522
222
560
222
523
221
560
222
523
222
556
233
519
232
556
233
519
233
556
230
519
230
560
231
523
231
560
331
525
330
560
331
524
330
560
331
525
331
561
331
525
330
561
331
524
330
561
332
525
331
559
334
524
333
560
334
524
333
565
208
528
209
563
213
526
211
565
213
528
213
565
213
528
214
565
213
528
215
565
217
529
216
565
217
529
217
565
217
528
218
565
218
529
217
565
218
528
218
565
218
528
220
562
218
525
219
563
218
526
218
563
219
526
218
564
232
527
232
560
237
523
237
560
235
523
234
560
235
523
235
567
258
532
256
567
258
531
258
566
258
531
258
566
260
530
260
566
260
530
259
566
260
531
258
566
260
529
259
566
260
529
258
567
259
531
258
568
259
531
258
566
259
530
259
566
259
531
258
566
259
529
258
566
261
530
261
566
261
530
260
566
261
530
259
566
261
529
259
564
346
528
345
573
274
537
273
576
275
540
274
580
195
544
195
580
195
544
194
582
193
548
193
591
201
553
201
590
200
552
200
590
200
552
202
593
253
556
251
590
256
554
254
590
258
554
254
590
258
554
255
597
188
559
189
597
188
558
189
597
188
560
189
597
188
559
190
596
191
557
192
596
191
559
190
595
196
557
197
595
196
557
198
595
195
557
197
595
195
556
196
595
199
557
200
596
200
557
200
594
204
555
205
594
204
556
205
594
204
556
204
597
203
558
204
597
203
559
204
594
205
555
205
597
205
557
205
595
204
557
205
595
204
557
204
595
204
556
205
595
204
556
204
596
202
557
204
596
202
558
204
596
205
557
205
596
205
556
205
596
203
557
204
596
203
558
204
599
189
561
189
599
189
560
189
599
189
560
191
599
189
559
190
599
189
561
191
600
186
561
189
600
186
560
189
600
186
562
187
601
189
561
189
601
189
560
191
601
189
561
191
601
189
561
192
601
188
561
189
601
188
562
187
600
189
561
189
600
189
560
191
600
189
561
191
600
189
561
192
598
189
561
189
598
189
559
189
598
189
560
189
598
189
560
191
598
189
559
190
599
190
561
189
599
190
560
191
599
190
561
191
599
190
561
192
600
191
561
191
600
191
561
192
601
190
560
191
601
190
561
191
601
190
561
192
600
190
561
189
600
190
560
191
600
190
561
191
600
190
561
192
601
191
561
191
601
191
561
192
599
195
560
196
599
195
560
197
600
204
560
205
600
204
562
205
601
204
562
205
599
204
559
204
599
204
560
205
599
204
562
205
601
205
562
205
598
204
559
204
598
204
560
205
599
205
560
205
600
205
560
205
600
205
562
205
598
203
558
204
598
203
559
204
602
186
562
187
602
205
562
205
606
186
568
187
606
186
568
188
607
187
568
187
607
187
568
188
607
187
570
188
608
187
568
187
608
187
568
188
608
187
570
188
607
203
569
205
607
203
566
203
607
203
569
203
608
203
569
203
608
205
569
205
