18_18_l.jpg
18_18_r.jpg
356
131
192
129
455
464
377
465
455
464
381
465
455
464
382
465
453
464
294
465
453
464
287
465
453
464
377
465
453
464
381
465
453
464
382
465
454
464
294
465
454
464
287
465
454
464
377
465
454
464
381
465
454
464
382
465
452
464
294
465
452
464
287
465
452
464
377
465
452
464
381
465
452
464
382
465
457
464
377
465
457
464
381
465
457
464
382
465
468
465
373
466
468
465
385
466
468
465
383
466
468
465
382
466
458
464
377
465
458
464
381
465
458
464
382
465
456
464
377
465
456
464
381
465
456
464
382
465
465
465
373
466
465
465
372
466
465
465
370
466
465
465
371
466
465
465
385
466
465
465
383
466
465
465
382
466
467
465
373
466
467
465
372
466
467
465
371
466
467
465
385
466
467
465
383
466
467
465
382
466
464
465
373
466
464
465
372
466
464
465
370
466
464
465
371
466
464
465
385
466
464
465
383
466
464
465
382
466
