S34_01.png
S34_02.png
296
282
491
291
296
282
496
292
296
282
492
291
296
282
490
293
296
282
489
293
296
282
493
291
296
282
497
292
269
284
472
295
277
273
481
282
274
275
478
285
274
275
477
285
303
282
510
290
299
283
496
293
299
283
496
292
299
283
502
293
299
283
488
294
299
283
489
294
299
283
493
293
299
283
490
293
299
283
495
293
299
283
492
294
299
283
497
293
299
283
494
293
299
283
500
293
299
283
497
292
272
284
476
294
257
279
463
290
297
282
496
292
297
282
492
291
297
282
490
293
297
282
489
293
297
282
493
291
297
282
497
292
280
281
483
291
280
281
482
292
287
152
470
155
291
282
491
291
291
282
492
291
291
282
489
293
291
282
493
291
291
282
488
293
288
156
471
158
288
156
468
156
288
156
470
156
259
278
463
290
279
272
481
282
279
272
480
282
288
155
470
155
288
155
468
156
288
155
470
156
288
282
491
291
288
282
492
291
288
282
490
291
288
282
493
291
263
279
467
291
274
279
478
289
274
274
477
285
286
157
476
162
286
157
469
159
286
157
474
161
286
157
475
163
286
157
474
160
286
157
473
161
286
157
475
161
286
157
475
160
289
282
491
291
289
282
492
291
289
282
490
291
289
282
493
291
289
282
488
293
271
277
475
288
267
281
470
292
255
279
460
290
255
279
461
290
277
272
481
282
277
272
480
282
304
282
502
293
304
282
510
290
273
284
476
295
279
280
481
290
275
275
478
285
286
160
470
162
305
282
510
290
292
271
496
279
