12_12_l.jpg
12_12_r.jpg
349
215
234
215
390
174
284
178
390
174
276
178
390
174
275
178
390
174
278
178
282
190
163
183
391
152
283
157
391
152
282
157
391
152
286
157
395
169
284
174
395
169
283
174
286
185
169
178
341
215
226
213
341
215
226
214
341
215
226
215
341
215
227
214
341
215
224
215
375
374
261
375
375
374
255
376
314
137
203
134
269
203
150
196
269
203
153
194
269
203
148
198
323
141
209
138
354
222
237
222
357
223
243
223
376
208
261
210
310
237
192
236
310
237
195
234
386
221
271
222
386
221
271
223
386
221
270
222
336
222
220
222
336
222
221
221
336
222
218
221
336
222
219
221
316
142
203
138
404
154
288
159
404
154
289
159
295
211
177
206
438
205
320
211
309
218
189
216
309
218
190
216
309
218
193
215
309
218
192
216
436
151
323
159
273
179
156
172
360
166
248
167
360
166
249
167
334
214
217
215
334
214
218
214
337
161
224
161
334
209
219
208
311
220
195
217
264
201
143
194
264
201
143
195
362
200
246
202
362
200
245
201
362
200
247
202
353
216
236
216
353
216
237
216
602
233
464
248
429
220
309
223
386
214
271
216
482
187
358
198
310
238
192
236
310
238
195
235
310
238
195
234
487
188
361
199
487
188
363
199
487
188
362
199
299
156
184
150
375
210
261
210
472
155
354
166
403
162
290
167
403
162
289
167
403
161
290
166
364
201
247
203
364
201
247
202
351
216
236
216
351
216
236
215
485
137
367
149
309
233
188
231
309
233
186
231
309
233
188
232
375
222
261
223
375
222
260
222
336
223
219
223
336
223
221
222
336
223
220
223
336
223
220
222
264
200
143
194
264
200
143
195
471
220
349
225
335
218
219
217
335
218
220
217
335
218
218
217
428
159
322
167
428
159
313
166
260
160
142
151
348
221
233
219
373
205
259
207
327
237
208
235
308
166
192
161
308
166
195
162
297
197
180
190
298
202
180
196
298
202
178
195
298
202
180
197
359
193
245
194
314
216
193
214
314
216
198
215
314
216
194
214
314
216
193
215
329
176
211
174
346
205
231
205
278
188
160
181
315
141
203
138
319
172
203
169
438
157
326
165
326
231
208
229
326
231
209
229
438
158
322
166
292
202
172
193
335
224
219
223
335
224
220
223
335
224
218
223
328
217
212
217
487
184
362
195
310
166
195
162
340
217
225
217
340
217
224
217
340
217
226
215
340
217
227
214
340
217
225
216
351
203
237
202
351
203
236
203
376
218
258
219
376
218
259
220
376
218
260
218
376
218
260
220
376
218
261
220
376
218
261
218
388
153
275
157
388
153
283
157
388
153
282
157
519
251
388
257
519
251
389
258
519
251
389
257
376
216
263
216
376
216
261
217
376
216
259
217
376
216
262
217
376
216
260
218
376
216
262
216
376
216
262
215
376
216
261
218
374
221
261
223
374
221
260
222
379
215
263
216
379
215
261
217
379
215
262
217
379
215
262
216
363
195
247
197
336
218
219
217
336
218
220
217
330
218
212
217
395
208
280
211
395
208
278
210
393
205
281
209
393
205
278
208
275
183
157
176
394
210
279
213
338
156
224
155
338
156
226
157
338
156
224
156
338
156
225
157
395
199
281
203
513
249
388
257
270
204
150
197
270
204
154
195
270
204
148
198
270
204
149
198
359
196
245
197
359
196
246
196
359
196
247
196
360
203
247
203
360
203
246
204
366
373
241
375
366
373
243
375
366
373
242
375
366
373
244
375
366
373
247
374
366
373
246
374
366
373
245
374
396
211
279
213
482
183
354
194
482
183
356
194
434
216
316
221
317
340
194
341
343
220
225
220
397
151
289
157
397
151
287
156
397
151
289
156
429
219
309
223
380
370
258
371
380
370
256
372
380
370
252
373
380
370
254
372
380
370
259
371
380
370
255
372
380
370
253
372
307
236
188
233
307
236
191
233
307
236
188
232
313
214
192
212
313
214
195
212
313
214
196
212
335
215
218
216
335
215
217
215
335
215
218
215
335
215
220
215
335
215
218
214
437
151
323
159
474
155
354
166
474
155
357
166
474
155
355
166
314
208
192
206
314
208
193
207
376
375
255
376
376
375
253
377
289
348
166
350
398
152
289
157
398
152
287
156
398
152
286
157
390
205
275
208
312
215
193
214
312
215
194
214
339
167
224
166
339
167
225
167
442
151
323
159
360
213
246
214
379
374
261
375
379
374
255
376
306
219
189
216
306
219
190
216
306
219
189
217
306
219
192
216
460
227
338
233
333
215
217
215
333
215
218
215
333
215
218
214
285
192
168
184
361
166
248
167
361
166
249
167
369
165
257
167
369
165
258
167
308
177
193
173
343
210
226
210
343
210
229
208
376
371
258
371
376
371
256
372
376
371
252
373
376
371
248
374
376
371
254
372
376
371
259
371
376
371
251
373
376
371
255
372
376
371
250
373
376
371
247
374
376
371
246
374
376
371
249
374
376
371
245
374
376
371
253
372
376
371
249
373
376
215
263
216
376
215
261
217
376
215
259
217
376
215
262
217
376
215
262
216
376
215
262
215
503
242
376
249
503
242
376
250
397
173
284
178
397
173
276
178
397
173
278
178
501
240
373
247
501
240
375
247
293
200
172
192
385
156
273
159
285
348
162
350
307
218
189
216
307
218
190
216
307
218
192
216
394
208
280
211
394
208
278
210
270
201
149
195
306
235
186
232
306
235
188
233
306
235
188
231
306
235
186
231
306
235
188
232
452
150
338
158
401
209
286
213
473
223
351
228
458
226
337
232
458
226
336
232
382
220
265
221
382
220
267
221
382
220
267
222
382
220
268
220
501
241
376
249
501
241
375
248
275
207
152
202
307
220
189
217
307
220
192
217
353
217
237
216
333
216
218
216
333
216
217
215
333
216
215
216
333
216
218
215
333
216
214
216
442
219
323
223
442
219
320
224
442
219
319
224
399
205
284
209
276
181
158
174
276
181
157
176
352
222
237
222
397
167
282
172
397
167
284
172
306
220
189
217
306
220
192
217
486
137
368
149
488
182
362
193
314
152
200
149
341
216
226
214
341
216
226
215
341
216
227
214
341
216
224
215
341
216
225
216
373
217
258
219
373
217
261
217
373
217
259
217
373
217
260
218
373
217
261
218
386
209
271
212
310
219
194
217
310
219
195
217
310
219
189
217
310
219
192
217
310
219
192
216
501
242
374
249
501
242
373
249
501
242
376
250
278
190
160
182
370
372
252
373
370
372
248
374
370
372
251
373
370
372
250
373
370
372
247
374
370
372
246
374
370
372
249
374
370
372
245
374
370
372
249
373
309
235
192
232
309
235
188
233
309
235
191
233
309
235
188
232
515
240
386
246
515
240
386
245
339
215
222
214
339
215
226
213
339
215
223
214
339
215
224
215
310
217
193
214
310
217
194
214
310
217
193
215
250
190
130
181
325
218
207
216
325
218
209
217
325
218
207
217
325
218
208
217
402
191
288
196
481
185
354
195
481
185
358
195
481
185
356
196
481
185
356
195
481
185
354
196
373
372
252
373
373
372
248
374
373
372
251
373
373
372
250
373
373
372
244
375
373
372
247
374
373
372
246
374
373
372
249
374
373
372
245
374
373
372
249
373
357
220
242
220
306
236
188
233
306
236
191
233
306
236
188
232
375
216
263
216
375
216
261
217
375
216
259
217
375
216
262
217
375
216
260
218
375
216
262
216
375
216
261
218
301
218
183
215
317
138
208
135
317
138
203
134
317
138
205
134
324
215
203
214
321
175
207
173
388
152
283
157
388
152
282
157
388
152
286
157
360
193
245
194
360
193
247
194
501
243
373
249
309
234
186
232
309
234
192
232
309
234
188
233
309
234
188
231
309
234
186
231
309
234
188
232
205
179
75
166
264
202
144
195
330
169
216
167
396
210
281
213
396
210
279
213
515
249
388
257
515
249
390
256
515
249
389
254
515
249
389
257
371
376
239
378
371
376
253
377
396
152
289
157
396
152
283
157
396
152
282
157
396
152
286
157
380
205
265
208
342
215
226
214
342
215
226
215
342
215
227
214
342
215
224
215
336
217
219
217
336
217
220
217
336
217
218
217
319
216
201
215
319
216
202
215
319
216
199
215
513
239
386
246
513
239
386
245
517
243
388
249
517
243
385
248
311
149
197
144
394
201
282
205
394
201
283
206
359
210
245
211
516
246
388
252
516
246
389
253
516
246
389
252
516
246
389
251
306
233
188
231
306
233
186
231
306
234
186
232
306
234
188
231
306
234
186
231
306
234
188
232
463
223
343
228
354
215
236
216
354
215
237
216
293
195
174
188
293
195
175
188
446
173
329
181
446
173
330
181
459
155
344
165
358
200
245
201
358
200
244
200
358
200
246
200
358
200
247
199
358
200
247
200
378
371
256
372
378
371
252
373
378
371
251
373
378
371
255
372
378
371
250
373
274
194
156
187
360
196
245
197
360
196
247
197
360
196
247
196
400
211
284
214
238
212
116
205
238
212
117
205
359
201
246
202
359
201
245
201
359
201
247
202
399
152
289
157
399
152
286
157
397
205
284
209
427
219
309
223
375
215
263
216
375
215
261
217
375
215
259
217
375
215
262
217
375
215
262
216
375
215
262
215
335
217
218
216
335
217
219
217
335
217
218
217
275
182
157
176
274
192
156
184
338
158
224
156
470
218
350
224
470
218
349
223
470
218
347
223
404
162
290
167
404
162
289
167
397
172
277
177
397
172
278
177
322
176
208
174
349
212
234
212
362
376
239
378
311
219
194
217
311
219
195
217
311
219
192
217
438
159
322
167
309
166
192
161
309
166
195
162
376
212
261
213
376
212
263
214
376
212
262
215
373
218
258
219
373
218
259
220
373
218
260
218
373
218
260
220
373
218
261
220
373
218
261
218
401
206
284
210
516
245
388
252
516
245
389
251
516
245
389
250
325
223
208
222
312
219
194
217
312
219
195
217
312
219
192
217
468
154
351
164
472
222
351
228
348
219
236
216
384
373
261
375
384
373
262
374
384
373
263
374
384
373
261
374
361
198
247
199
327
224
208
222
327
224
209
222
374
216
261
217
374
216
259
217
374
216
262
217
374
216
260
218
374
216
262
216
374
216
261
218
463
224
343
230
463
224
345
230
274
181
156
174
329
215
211
214
348
214
234
212
365
373
241
375
365
373
243
375
365
373
242
375
365
373
244
375
365
373
245
374
340
216
226
214
340
216
226
215
340
216
227
214
340
216
224
215
340
216
225
216
466
155
346
165
466
155
351
164
375
220
260
222
375
220
259
220
375
220
260
220
375
220
261
220
390
200
274
203
390
200
275
203
333
214
218
214
397
170
285
175
397
170
277
175
310
234
186
232
310
234
192
232
310
234
188
233
310
234
191
233
310
234
188
232
276
184
159
176
338
160
224
159
338
160
224
160
519
250
388
257
519
250
390
256
519
250
389
257
319
217
202
215
319
217
199
216
502
152
378
165
341
213
223
213
341
213
227
212
341
213
226
213
341
213
223
214
278
181
159
176
278
181
159
175
278
181
160
175
278
181
157
176
359
200
245
201
359
200
246
200
359
200
247
200
341
217
226
217
341
217
225
217
341
217
224
217
341
217
226
215
341
217
225
216
322
141
206
138
322
141
209
138
351
217
236
216
351
217
237
216
318
138
208
135
318
138
205
134
275
179
156
174
385
369
258
371
385
369
259
371
318
171
204
168
318
171
203
168
318
171
203
169
369
213
254
215
369
213
246
214
310
177
193
173
275
199
157
191
275
199
153
194
275
199
155
193
325
209
206
209
275
178
157
171
275
178
156
172
275
201
154
195
275
201
150
199
381
220
265
221
381
220
267
221
381
220
268
220
308
217
191
214
308
217
193
214
308
217
189
216
308
217
190
216
308
217
193
215
397
202
283
206
336
204
221
204
315
217
198
215
315
217
199
215
315
217
198
216
334
224
217
223
318
141
205
137
318
141
206
138
438
151
323
159
310
339
187
341
310
339
189
340
375
206
261
208
337
167
221
165
338
157
224
155
338
157
224
156
338
157
225
157
374
371
258
371
374
371
256
372
374
371
252
373
374
371
254
372
374
371
259
371
374
371
251
373
374
371
255
372
374
371
250
373
374
371
247
374
374
371
246
374
374
371
245
374
374
371
253
372
374
371
249
373
482
189
356
199
482
189
357
199
482
189
353
199
482
189
355
199
307
219
189
216
307
219
190
216
307
219
189
217
307
219
192
217
307
219
192
216
515
244
388
249
515
244
389
250
359
194
245
195
359
194
247
194
263
201
143
194
375
221
261
223
375
221
260
222
482
185
354
195
482
185
356
196
482
185
356
195
482
185
354
196
447
173
329
181
447
173
330
181
496
180
370
191
385
152
275
157
385
152
283
157
385
152
282
157
516
252
389
259
516
252
389
258
438
219
320
224
438
219
319
224
337
214
222
214
337
214
223
213
337
214
220
215
309
347
187
348
350
210
236
209
276
183
159
175
276
183
157
176
472
224
351
230
308
336
185
338
325
214
208
213
334
222
216
221
273
207
152
202
273
207
153
200
515
253
389
259
392
207
278
210
392
207
275
208
318
217
201
215
318
217
202
215
318
217
199
216
318
217
198
216
388
155
273
159
316
138
203
134
316
138
205
134
312
209
193
208
312
209
194
208
312
209
193
207
377
211
261
213
377
211
263
214
275
194
156
187
369
373
241
375
369
373
243
375
369
373
248
374
369
373
242
375
369
373
244
375
369
373
247
374
369
373
246
374
369
373
249
374
369
373
245
374
488
175
364
186
353
215
238
214
353
215
236
215
299
208
184
204
386
219
271
221
386
219
270
221
381
370
258
371
381
370
256
372
381
370
252
373
381
370
254
372
381
370
259
371
381
370
251
373
381
370
255
372
381
370
253
372
317
216
201
215
317
216
198
215
317
216
199
215
317
216
200
214
394
202
283
207
458
228
337
234
458
228
338
234
311
346
187
348
342
212
227
212
276
207
155
202
354
214
238
214
483
188
361
199
483
188
357
199
483
188
359
199
398
203
283
207
371
218
258
219
371
218
259
220
310
218
190
216
310
218
193
215
310
218
192
216
361
195
246
196
361
195
247
196
310
232
188
231
310
232
186
231
336
216
218
216
336
216
222
214
336
216
220
215
336
216
218
217
454
149
338
158
474
154
355
165
328
218
209
217
314
215
193
214
314
215
194
214
314
215
199
213
354
197
240
197
354
197
242
197
356
197
245
197
356
197
240
198
356
197
246
196
356
197
242
197
284
150
169
143
311
217
193
214
311
217
194
214
311
217
193
215
354
167
248
167
354
167
241
167
354
217
239
217
458
148
338
158
338
161
224
160
338
161
224
161
379
370
258
371
379
370
256
372
379
370
252
373
379
370
254
372
379
370
259
371
379
370
255
372
379
370
253
372
370
165
257
167
370
165
258
167
258
161
142
151
361
201
246
202
361
201
247
202
392
200
282
205
392
200
283
206
395
167
282
172
395
167
284
172
375
371
258
371
375
371
256
372
375
371
252
373
375
371
248
374
375
371
254
372
375
371
259
371
375
371
251
373
375
371
255
372
375
371
250
373
375
371
247
374
375
371
246
374
375
371
249
374
375
371
245
374
375
371
253
372
375
371
249
373
438
220
320
224
438
220
316
224
438
220
320
225
438
220
319
224
372
372
252
373
372
372
243
375
372
372
248
374
372
372
251
373
372
372
250
373
372
372
247
374
372
372
246
374
372
372
249
374
372
372
245
374
372
372
249
373
390
153
275
157
390
153
283
157
390
153
282
157
371
372
252
373
371
372
248
374
371
372
251
373
371
372
250
373
371
372
247
374
371
372
246
374
371
372
249
374
371
372
245
374
371
372
249
373
274
205
156
198
274
205
153
200
281
142
166
135
290
347
166
350
365
374
241
375
365
374
243
375
365
374
242
375
365
374
244
375
324
174
207
172
348
210
236
209
397
207
282
210
312
206
194
205
512
238
384
243
512
251
388
257
512
251
389
258
512
251
389
257
361
203
247
203
361
203
246
204
335
204
221
204
516
241
386
246
317
339
195
340
387
222
271
223
387
222
271
224
400
152
289
157
400
152
286
157
299
215
181
212
348
205
236
204
348
205
231
205
394
197
278
200
394
197
280
201
274
193
156
184
515
250
388
257
515
250
390
256
515
250
389
257
397
210
281
213
433
220
312
225
377
214
263
216
377
214
261
217
377
214
262
217
377
214
263
214
377
214
262
216
377
214
262
215
338
216
220
217
338
216
223
214
338
216
224
215
599
235
462
250
336
205
221
204
298
203
181
199
298
203
178
195
464
223
343
228
392
174
284
178
392
174
276
178
392
174
275
178
392
174
278
178
334
212
219
211
360
195
246
196
360
195
247
196
373
371
258
371
373
371
256
372
373
371
252
373
373
371
254
372
373
371
259
371
373
371
251
373
373
371
255
372
373
371
250
373
373
371
247
374
373
371
246
374
373
371
249
374
373
371
245
374
373
371
253
372
373
371
249
373
264
197
144
191
316
213
200
211
316
213
195
212
316
213
197
211
316
213
196
212
458
227
338
233
333
217
215
216
333
217
215
217
333
217
214
216
348
213
234
212
316
341
194
342
360
201
246
202
360
201
245
201
360
201
247
202
349
206
234
206
363
376
239
378
257
161
140
152
198
179
70
167
325
224
208
223
481
183
354
194
481
183
353
194
481
183
356
194
456
225
336
231
456
225
334
231
377
212
261
213
377
212
263
214
377
212
262
215
335
223
219
223
335
223
221
222
335
223
218
223
339
204
221
204
349
210
236
209
280
186
162
179
351
215
238
214
351
215
236
215
351
215
234
215
402
152
289
157
402
152
286
157
394
173
284
178
394
173
276
178
394
173
278
178
315
137
203
134
315
137
205
134
