paris_invalides_000662_4.jpg
paris_invalides_000663.jpg
232
211
195
216
245
192
204
201
245
192
228
199
245
193
204
201
245
193
227
199
245
194
206
201
245
194
204
201
245
194
227
199
245
194
226
199
245
194
228
199
245
194
231
196
245
195
206
201
245
195
204
201
245
195
227
199
245
195
228
199
243
198
204
201
241
198
206
201
241
198
204
201
241
198
227
199
241
198
226
199
241
198
228
199
248
188
231
196
246
188
226
196
246
188
231
196
248
193
204
201
247
192
204
201
247
192
227
199
247
192
226
199
248
189
204
201
248
189
231
196
248
192
204
201
246
196
204
201
249
181
220
195
249
181
226
196
249
181
226
193
249
181
231
196
249
181
233
192
248
184
226
196
248
184
231
196
249
183
226
196
249
183
231
196
248
180
220
195
248
180
218
194
248
180
226
193
248
180
233
192
248
185
226
196
248
185
231
196
248
187
231
196
249
187
231
196
280
207
284
216
280
209
284
216
280
209
285
217
280
209
286
216
280
191
221
189
281
195
219
189
281
195
221
189
281
195
252
189
283
195
219
189
283
195
221
189
283
197
219
189
283
197
252
189
283
197
256
189
281
194
219
189
281
194
221
189
281
194
252
189
282
196
219
189
282
196
252
189
282
194
219
189
282
194
221
189
284
196
219
189
284
196
221
189
284
198
256
189
281
198
218
194
281
198
226
193
281
198
260
197
283
232
281
315
