no_contractor_parking_1_candidate.jpg
no_contractor_parking_1_reference.jpg
149
352
467
339
151
348
468
335
150
351
466
338
150
351
467
338
150
351
468
339
153
352
467
338
153
352
467
339
153
352
468
339
152
352
466
338
152
352
467
338
152
352
467
339
152
352
468
339
152
352
469
340
150
352
465
338
150
352
466
338
150
352
467
339
150
352
468
340
152
353
467
339
152
353
468
339
152
353
468
340
152
353
469
340
152
353
470
341
153
353
468
339
153
353
468
340
153
353
469
340
153
353
470
341
153
353
471
341
153
363
467
350
153
363
469
350
157
49
449
40
157
48
449
40
157
48
449
41
157
362
473
350
157
362
472
351
157
362
472
350
157
362
473
351
154
363
469
350
154
363
470
350
156
363
473
350
156
363
472
351
156
363
472
350
159
363
473
351
159
363
474
351
159
363
475
351
159
363
476
350
158
364
473
351
158
364
474
351
158
364
475
351
161
364
477
352
161
364
477
351
161
364
478
351
161
364
478
352
161
364
479
352
164
111
461
99
163
137
463
126
162
356
479
344
163
356
479
344
163
363
480
350
163
363
481
351
163
363
479
351
163
363
478
351
163
363
478
352
163
363
479
352
162
364
477
352
162
364
477
351
162
364
479
351
162
364
478
351
162
364
478
352
162
364
479
352
166
114
459
75
166
114
459
74
169
178
472
167
165
179
470
169
165
179
470
168
169
179
472
167
166
355
482
343
166
355
482
344
167
355
482
343
166
356
482
344
168
364
485
352
168
364
484
353
168
364
483
352
168
364
484
352
168
364
487
353
167
364
485
352
167
364
484
353
167
364
483
352
167
364
484
352
167
364
487
353
172
139
471
128
172
139
471
126
172
139
471
127
173
138
471
126
173
140
471
126
173
140
471
127
171
179
476
169
171
179
476
168
171
213
476
201
170
227
477
217
171
227
477
217
172
355
488
343
172
355
490
344
172
355
491
344
172
355
491
345
175
176
477
164
174
179
476
167
174
178
477
164
177
200
480
188
177
215
482
201
172
234
477
219
174
351
489
339
174
351
489
340
175
352
489
340
175
352
491
341
175
354
491
343
174
354
489
343
174
354
491
343
176
355
491
343
176
355
491
344
176
355
493
345
176
355
494
345
175
356
490
344
175
356
491
344
175
356
491
345
175
356
492
345
175
356
493
345
175
356
493
346
175
356
494
345
177
356
491
344
177
356
492
345
177
356
493
345
177
356
494
345
177
357
491
345
177
357
492
345
177
357
493
345
177
357
493
346
176
365
492
354
176
365
493
354
176
365
495
355
176
365
495
354
178
135
476
122
178
136
476
122
178
234
483
219
178
356
493
345
178
356
494
345
181
365
499
355
181
365
498
355
181
365
500
356
181
365
501
356
181
365
504
357
181
365
502
356
181
365
503
357
178
364
493
354
178
364
495
354
178
364
499
355
178
364
498
355
178
364
500
356
181
366
499
355
181
366
498
355
181
366
500
356
181
366
501
356
181
366
502
356
181
366
503
357
185
198
488
185
185
198
489
184
185
198
489
183
185
198
488
187
183
200
486
187
183
200
488
187
183
200
486
188
185
200
488
187
185
200
490
187
185
213
489
200
185
213
490
199
183
230
487
215
183
231
487
215
184
356
502
345
183
356
500
345
185
367
500
356
185
367
501
356
185
367
504
357
185
367
502
356
185
367
503
357
185
367
506
357
185
367
507
358
183
366
499
355
183
366
498
355
183
366
500
356
183
366
501
356
183
366
504
357
183
366
502
356
183
366
503
357
183
366
506
357
184
367
499
355
184
367
500
356
184
367
501
356
184
367
504
357
184
367
502
356
184
367
503
357
184
367
506
357
184
367
507
358
184
366
499
355
184
366
500
356
184
366
501
356
184
366
504
357
184
366
502
356
184
366
503
357
184
366
506
357
184
366
507
358
188
200
490
188
188
200
490
187
187
200
490
188
187
200
490
187
187
204
491
191
187
204
488
191
186
356
502
345
188
360
505
351
188
360
505
350
188
360
507
350
188
360
506
350
189
368
504
357
189
368
509
357
189
368
506
357
189
368
507
358
189
368
511
358
189
368
510
358
188
367
504
357
188
367
503
357
188
367
509
357
188
367
506
357
188
367
507
358
188
367
511
358
188
367
510
358
189
367
504
357
189
367
509
357
189
367
506
357
189
367
507
358
189
367
511
357
189
367
511
358
189
367
510
358
189
359
507
350
189
359
506
350
193
367
509
357
193
367
511
357
193
367
511
358
193
367
510
358
193
367
515
359
192
367
509
357
192
367
511
357
192
367
511
358
192
367
510
358
192
367
515
359
190
368
509
357
190
368
506
357
190
368
507
358
190
368
511
358
190
368
510
358
195
368
511
357
195
368
511
358
195
368
510
358
195
368
515
359
196
368
511
358
196
368
515
359
198
360
518
351
199
368
515
359
199
368
518
359
199
368
519
359
200
369
515
359
200
369
518
359
200
369
519
359
200
369
520
360
200
369
519
360
201
368
518
359
201
368
519
359
201
368
521
360
201
368
522
359
200
368
518
359
200
368
519
359
201
369
518
359
201
369
519
359
201
369
520
360
201
369
521
360
201
369
519
360
202
368
518
359
202
368
519
359
202
368
522
359
203
368
519
359
203
368
522
359
202
369
518
359
202
369
519
359
202
369
520
360
202
369
521
360
202
369
519
360
208
370
524
361
208
370
526
362
208
370
528
362
208
370
527
362
207
370
523
361
207
370
524
361
207
370
526
362
207
370
527
362
215
371
536
363
215
371
535
364
215
371
535
363
215
371
536
364
215
371
534
363
217
371
536
363
217
371
535
363
217
371
534
363
215
370
535
363
215
370
534
363
216
371
536
363
216
371
535
364
216
371
537
364
216
371
535
363
216
371
536
364
216
371
534
363
214
370
535
363
214
370
534
363
