rental_office_1_candidate.jpg
rental_office_1_reference.jpg
354
361
203
358
354
361
205
358
354
362
206
359
354
362
207
359
363
354
212
349
363
354
214
349
362
362
216
357
367
354
214
348
367
354
215
348
367
354
216
348
369
355
212
349
369
355
215
348
369
355
215
349
369
355
214
349
369
355
216
348
368
355
212
349
368
355
211
349
368
355
215
349
368
355
214
349
368
355
216
348
367
355
212
349
367
355
211
349
367
355
210
349
367
355
215
349
367
355
214
349
372
355
215
348
372
355
216
348
372
356
215
349
372
356
214
349
373
356
215
349
373
356
214
349
529
150
204
152
528
150
204
152
528
151
204
152
529
151
204
152
