21_21_l.jpg
21_21_r.jpg
354
69
204
73
392
108
240
119
392
108
239
118
393
109
239
120
385
85
234
94
390
99
236
108
390
99
238
110
390
99
238
109
390
99
237
108
390
99
236
109
429
113
274
127
386
86
235
96
395
116
242
127
392
110
237
120
392
110
238
120
392
110
239
120
392
110
238
121
392
110
239
121
498
342
323
351
392
104
238
114
392
104
239
115
392
104
239
114
383
120
230
127
383
120
230
128
346
374
169
386
331
73
175
72
331
73
179
72
331
73
175
71
476
338
307
347
368
118
214
124
469
326
300
334
469
326
299
334
420
358
249
367
432
388
260
394
327
73
175
71
412
413
235
422
412
413
236
422
542
202
368
222
540
195
367
216
413
413
236
422
416
121
262
134
291
118
131
114
390
110
237
120
390
110
238
120
390
110
238
121
390
110
239
121
391
101
236
111
391
101
238
111
391
101
236
110
434
387
260
393
396
87
244
98
317
77
163
73
392
119
239
128
392
119
238
128
392
119
236
127
392
119
236
128
429
112
274
126
354
68
203
72
388
114
234
122
426
358
254
366
426
358
254
367
393
119
239
128
393
119
242
128
393
119
238
128
405
86
253
99
394
115
242
126
424
360
253
368
424
360
253
369
424
360
252
369
392
118
239
128
392
118
238
128
392
118
236
127
296
118
137
116
296
118
136
114
319
72
167
70
319
72
166
70
384
85
234
94
320
74
166
71
320
74
167
70
320
74
166
70
320
74
167
72
390
119
235
127
390
119
238
128
390
119
236
127
390
119
236
128
542
195
367
216
341
92
188
95
341
92
189
94
389
101
234
110
389
101
235
110
389
101
236
111
389
101
238
111
389
101
236
110
411
413
235
422
411
413
236
422
411
413
234
422
522
204
349
223
395
115
242
126
458
338
287
344
391
104
238
114
391
104
239
114
394
114
242
125
321
68
167
66
392
109
238
120
392
109
239
120
419
360
248
369
419
360
248
368
351
362
178
372
447
131
290
148
535
203
362
224
535
203
361
224
332
72
179
72
364
69
214
74
364
69
213
74
364
67
213
72
424
358
254
367
424
358
253
367
390
98
236
108
390
98
237
107
390
98
238
109
390
98
237
108
390
98
236
107
416
405
241
413
416
405
241
414
357
67
205
71
358
66
207
71
393
108
240
119
393
108
239
118
462
343
291
351
360
67
209
71
360
67
210
72
390
100
235
110
390
100
238
110
390
100
236
109
390
100
238
111
390
100
236
110
460
337
287
344
397
87
244
98
408
87
256
99
533
207
360
228
396
117
242
128
396
117
242
127
424
357
254
366
424
357
254
367
424
357
253
365
468
343
297
351
331
74
179
73
331
74
175
72
331
74
179
72
331
74
175
71
318
68
167
66
337
72
184
72
355
69
204
73
388
100
234
109
388
100
234
110
388
100
235
110
388
100
236
109
388
100
236
110
298
119
137
116
298
119
140
115
391
103
239
113
404
86
253
99
394
111
241
122
394
111
240
122
394
111
239
121
322
68
167
66
351
71
200
74
337
375
162
386
361
69
210
74
361
69
211
74
483
341
310
348
396
118
242
128
295
117
135
114
295
117
136
114
388
116
235
127
388
116
236
127
389
116
235
127
389
116
236
127
430
121
275
135
392
107
239
118
392
107
240
118
380
120
226
128
414
412
237
421
362
67
211
71
362
67
211
72
389
102
236
111
430
119
275
133
392
106
240
117
392
106
239
116
377
365
206
375
455
122
299
140
413
412
237
421
335
73
181
72
424
359
253
368
424
359
254
368
424
359
253
367
430
118
275
132
537
203
362
224
537
203
363
224
537
203
361
224
537
203
361
223
411
414
234
423
411
414
235
423
542
200
368
222
409
414
234
423
296
113
138
107
390
118
235
127
390
118
238
128
390
118
236
127
390
118
236
128
364
65
214
71
432
125
278
142
392
111
237
120
392
111
240
122
392
111
238
121
392
111
239
121
358
69
208
74
542
203
364
222
392
105
239
115
392
105
239
116
392
105
240
116
522
203
349
223
387
112
234
121
387
112
234
122
393
107
239
118
393
107
240
118
390
102
236
111
291
113
133
106
362
69
211
74
425
357
254
366
425
357
254
367
425
357
253
365
396
116
242
128
396
116
242
127
389
119
235
127
389
119
236
127
389
119
236
128
433
387
260
393
433
387
260
394
419
359
248
368
419
359
250
368
429
114
274
128
391
102
236
111
318
72
166
70
407
86
256
99
410
414
234
423
390
111
237
120
390
111
238
121
395
113
241
124
395
113
242
124
465
339
294
347
423
360
253
369
423
360
252
369
359
66
209
71
359
66
210
72
350
363
177
373
418
356
248
364
297
117
137
116
297
117
138
113
368
119
214
125
396
114
242
125
312
75
156
71
389
117
235
127
389
117
236
127
389
117
236
128
340
89
187
91
395
117
242
128
395
117
242
127
332
73
179
72
332
73
181
72
332
73
175
71
