Yosemite1.jpg
Yosemite2.jpg
317
405
38
407
318
405
39
407
318
405
38
407
319
405
39
407
330
413
47
413
330
413
53
416
330
413
54
417
333
415
53
416
333
415
54
417
332
397
55
401
334
413
55
415
334
417
53
418
334
417
56
420
334
417
55
419
336
414
55
415
334
416
54
417
335
414
57
417
335
414
55
415
337
417
55
417
337
417
54
417
337
417
57
418
337
418
55
419
335
418
53
418
335
418
57
421
335
418
56
420
335
418
54
419
335
418
55
419
336
418
53
418
336
418
56
420
336
418
55
419
341
408
57
408
341
408
61
409
338
412
61
415
341
412
59
413
338
414
60
417
338
414
59
417
338
414
61
417
341
414
61
415
340
414
61
417
339
414
60
417
339
414
61
417
338
416
57
417
338
416
56
417
339
416
57
417
339
416
59
417
341
405
62
407
345
401
65
403
345
401
64
402
344
401
65
403
344
401
64
402
345
403
65
404
344
400
64
401
342
405
62
407
346
418
69
421
345
419
67
422
345
419
68
422
345
419
69
423
346
419
69
421
346
419
68
422
347
419
69
421
348
420
67
422
348
420
68
422
347
423
69
426
347
423
71
427
349
424
69
426
349
424
71
427
350
424
69
426
350
424
71
427
356
416
81
420
356
401
79
403
358
428
71
427
358
428
81
431
358
428
81
430
358
428
82
432
358
428
82
431
358
428
84
432
360
428
81
431
360
428
81
430
360
428
82
430
360
428
82
431
360
428
84
432
361
428
81
430
361
428
82
430
361
428
82
431
361
428
84
432
361
428
92
436
359
429
81
431
359
429
82
432
359
429
83
433
359
429
82
431
359
429
84
432
359
429
84
433
359
429
85
434
361
430
81
431
361
430
82
432
361
430
83
433
361
430
82
431
361
430
84
432
361
430
84
433
361
430
83
434
361
430
85
434
364
420
81
420
363
429
81
430
363
429
82
430
363
429
82
431
363
429
84
432
363
429
92
436
362
432
83
433
362
432
83
434
362
432
85
434
362
432
83
435
362
432
90
438
362
432
91
439
364
431
81
431
364
431
82
432
364
431
83
433
364
431
82
430
364
431
82
431
364
431
84
432
364
431
84
433
364
431
85
434
364
431
91
436
364
431
90
436
362
431
81
431
362
431
82
432
362
431
83
433
362
431
84
433
362
431
83
434
362
431
85
434
362
431
90
438
363
431
81
431
363
431
82
432
363
431
83
433
363
431
82
431
363
431
84
432
363
431
84
433
363
431
85
434
363
431
90
436
369
433
91
436
369
433
90
436
368
436
83
434
368
436
90
438
368
436
91
439
368
436
92
439
368
436
93
440
371
437
90
438
371
437
91
439
371
437
92
439
371
437
93
439
371
437
93
440
372
437
91
436
372
437
90
436
372
437
92
439
372
437
93
439
372
437
93
440
372
437
99
442
370
434
90
436
370
434
92
436
371
436
91
436
371
436
90
436
371
436
92
439
371
436
93
439
408
447
129
448
412
448
133
448
457
293
179
292
457
293
179
293
457
293
176
290
457
303
180
309
458
304
180
309
457
302
180
309
457
309
181
312
457
308
181
312
458
306
180
309
458
306
181
312
458
310
181
312
463
286
185
287
463
292
185
293
463
292
184
292
463
292
184
291
462
314
184
315
463
314
184
315
463
321
186
324
463
321
186
323
464
322
186
324
464
322
186
323
465
322
187
323
465
322
186
324
465
322
186
323
465
322
189
326
465
322
189
327
466
277
188
277
466
278
188
277
468
280
190
281
469
283
191
286
468
283
190
285
466
295
188
296
466
295
189
297
467
295
189
297
466
296
188
296
466
296
189
299
468
300
189
300
467
313
188
315
467
313
189
315
467
313
188
316
467
313
190
314
467
313
190
316
467
313
191
317
467
313
190
319
469
316
189
315
469
316
190
314
469
316
190
316
469
316
191
317
469
316
193
321
469
316
192
319
469
316
190
319
469
316
194
319
469
316
194
320
467
315
188
315
467
315
189
315
467
315
188
316
467
315
189
320
467
315
190
314
467
315
190
316
467
315
191
317
467
315
190
319
469
315
189
315
469
315
190
314
469
315
190
316
469
315
191
317
469
315
193
321
469
315
192
319
469
315
190
319
469
315
194
319
469
315
194
320
469
318
189
320
469
318
190
316
469
318
191
317
469
318
193
321
469
318
192
319
469
318
190
319
469
318
193
322
469
318
194
319
469
318
194
320
468
319
189
320
468
319
187
323
468
319
189
324
468
319
189
326
468
319
190
319
468
319
193
322
469
325
189
324
469
325
189
326
469
325
189
327
469
325
191
329
469
325
192
330
469
323
189
320
469
323
189
324
469
323
189
326
469
323
189
327
469
323
193
322
469
323
191
329
467
326
186
324
467
326
189
326
467
326
189
327
467
326
191
329
468
327
189
326
468
327
189
327
468
327
191
329
468
327
192
330
469
328
189
327
469
328
191
329
469
328
192
330
469
328
194
333
471
295
193
296
471
295
193
297
470
294
193
295
470
294
192
295
470
294
193
296
471
296
193
297
473
297
197
297
472
302
194
304
472
302
195
305
470
315
190
314
470
315
190
316
470
315
191
317
470
315
193
321
470
315
192
319
470
315
194
319
470
315
194
320
472
317
193
321
472
317
192
319
472
317
193
322
472
317
194
319
472
317
194
320
471
320
193
321
471
320
192
319
471
320
193
322
471
320
194
319
471
320
194
320
472
321
193
321
472
321
193
322
472
321
194
319
472
321
194
320
472
322
193
321
472
322
193
322
473
326
195
331
473
326
196
331
470
329
191
329
470
329
192
330
470
329
195
331
470
329
194
333
471
330
191
329
471
330
192
330
471
330
195
331
471
330
194
333
473
332
195
331
473
332
196
331
473
332
194
333
473
332
196
338
473
332
200
336
473
332
198
336
472
332
195
331
472
332
194
333
472
332
196
338
472
332
198
336
473
330
195
331
473
330
196
331
473
330
194
333
473
330
198
336
473
337
193
339
473
337
196
338
473
337
194
339
473
337
196
340
473
337
194
343
473
337
195
343
473
337
195
342
473
337
198
336
473
337
201
337
476
308
197
308
476
308
197
309
476
308
201
313
476
308
198
312
476
311
196
309
476
311
197
309
476
311
196
311
476
311
196
310
476
311
196
312
476
311
201
313
476
311
198
314
476
311
198
312
476
311
199
313
476
311
199
314
476
311
200
314
476
311
201
314
475
309
195
308
475
309
196
309
475
309
197
308
475
309
197
309
475
309
196
311
475
309
196
310
475
309
196
312
475
309
201
313
475
309
198
312
475
309
199
313
475
309
199
314
475
309
200
314
475
309
201
314
475
308
196
309
475
308
197
308
475
308
197
309
475
308
196
311
475
308
196
310
475
308
201
313
475
308
198
312
475
308
199
313
475
308
199
314
475
308
200
314
477
313
197
314
477
313
201
313
477
313
198
314
477
313
198
312
477
313
199
313
477
313
199
314
477
313
200
314
477
313
201
314
474
328
195
331
474
328
196
331
474
328
198
329
474
328
199
330
474
328
199
331
474
328
200
332
474
329
195
331
474
329
196
331
474
329
198
329
474
329
199
330
474
329
199
331
474
329
200
332
477
333
200
332
477
333
200
336
477
333
198
336
477
333
201
336
477
333
201
337
477
333
204
336
477
333
203
334
477
333
204
335
477
333
203
332
477
334
200
336
477
334
198
336
477
334
201
336
477
334
201
337
477
334
204
336
477
334
203
334
477
334
204
335
477
334
203
332
477
334
202
340
477
334
205
338
478
322
201
324
478
322
200
325
478
322
199
326
480
321
201
324
481
323
201
324
479
321
201
324
479
322
201
324
479
322
200
325
479
322
200
326
481
322
201
324
480
323
201
324
480
323
200
325
480
323
200
326
478
325
201
329
478
325
201
324
478
325
200
325
478
325
200
326
478
325
200
329
478
325
199
326
479
328
201
329
479
328
200
329
479
328
200
332
479
328
203
332
478
331
200
329
478
331
199
330
478
331
199
331
478
331
200
332
478
331
200
336
478
331
201
336
478
331
204
336
478
331
203
334
478
331
204
335
478
331
203
332
480
330
201
329
480
330
200
329
480
330
203
334
480
330
204
335
480
330
203
332
480
330
205
332
480
330
205
333
479
331
200
329
479
331
199
330
479
331
200
332
479
331
200
336
479
331
201
336
479
331
204
336
479
331
203
334
479
331
204
335
479
331
203
332
479
331
205
333
479
331
205
336
479
332
200
332
479
332
200
336
479
332
201
336
479
332
201
337
479
332
204
336
479
332
203
334
479
332
204
335
479
332
203
332
479
332
205
336
478
333
200
332
478
333
200
336
478
333
201
336
478
333
201
337
478
333
204
336
478
333
203
334
478
333
204
335
478
333
203
332
478
333
205
336
478
333
205
338
478
336
200
336
478
336
201
336
478
336
201
337
478
336
204
336
478
336
203
334
478
336
204
335
478
336
205
336
478
336
202
340
478
336
205
338
479
334
200
336
479
334
201
336
479
334
201
337
479
334
204
336
479
334
203
334
479
334
204
335
479
334
203
332
479
334
205
336
479
334
205
338
479
336
200
336
479
336
201
336
479
336
201
337
479
336
204
336
479
336
203
334
479
336
204
335
479
336
205
336
479
336
202
340
479
336
205
338
479
336
205
342
