3_3_l.jpg
3_3_r.jpg
272
122
73
97
284
120
84
95
319
143
127
127
325
131
131
114
325
131
133
117
325
131
132
115
325
128
132
112
325
128
131
112
324
132
129
115
322
138
129
122
368
104
181
97
368
104
181
98
369
105
180
98
369
105
181
98
368
105
180
98
368
105
181
98
373
107
186
101
373
107
188
101
373
107
187
101
372
107
186
101
372
107
188
101
372
107
187
101
370
107
186
101
369
106
184
100
373
109
188
103
377
109
188
103
376
106
188
100
376
106
189
100
374
109
188
103
374
108
189
102
378
109
188
103
379
109
188
103
382
107
196
102
383
110
193
104
383
113
194
107
380
110
191
104
381
113
194
107
382
111
196
106
382
111
194
106
386
113
197
107
392
109
205
105
391
107
205
103
392
108
206
104
391
110
205
106
399
109
213
106
425
121
237
121
425
120
238
120
426
121
237
121
428
119
239
120
428
119
240
120
429
120
242
121
437
102
251
104
436
125
249
127
438
123
250
125
437
125
249
127
438
125
249
127
448
109
260
113
470
57
283
68
471
58
284
69
