S28_01.png
S28_02.png
407
191
246
102
407
191
247
104
407
191
244
104
407
191
246
103
407
191
245
101
407
191
247
102
407
191
245
102
411
191
93
113
411
191
95
113
513
166
185
103
408
203
69
124
404
191
246
102
404
191
247
104
404
191
246
103
404
191
245
101
404
191
247
102
404
191
246
101
404
191
245
102
404
191
244
100
408
191
247
102
408
191
246
101
405
191
246
102
405
191
243
104
405
191
247
104
405
191
244
104
405
191
246
103
405
191
245
101
405
191
247
102
405
191
246
101
405
191
245
102
404
204
69
124
404
204
68
125
404
204
67
125
404
204
68
124
405
204
69
124
405
204
68
125
405
204
67
126
405
204
70
124
405
204
67
125
405
204
68
124
406
191
246
102
406
191
247
104
406
191
244
104
406
191
246
103
406
191
245
101
406
191
247
102
406
191
246
101
406
191
245
102
408
204
70
124
405
203
69
124
405
203
68
125
405
203
68
123
405
203
67
125
405
203
68
124
405
192
246
102
405
192
243
104
405
192
247
104
405
192
244
104
405
192
243
103
405
192
246
103
405
192
245
101
405
192
247
102
405
192
246
101
405
192
245
102
407
204
69
124
407
204
68
125
407
204
70
124
407
204
68
124
403
191
246
102
403
191
247
104
403
191
244
104
403
191
246
103
403
191
245
101
403
191
247
102
403
191
246
101
403
191
245
102
403
191
244
100
