paris_invalides_000662_lt_1.jpg
paris_invalides_000663.jpg
181
241
159
214
185
237
165
205
185
237
164
208
185
237
162
209
185
237
165
206
185
235
165
203
185
235
165
204
184
237
165
203
184
237
165
204
184
237
162
208
183
239
165
205
183
239
162
209
183
238
165
203
184
240
165
208
184
240
163
210
189
225
165
202
189
225
166
201
189
226
166
201
188
226
165
202
188
226
167
197
188
226
166
201
186
237
164
208
186
237
165
206
186
237
165
208
186
237
163
210
188
235
165
208
188
235
167
205
188
236
165
208
188
236
167
205
188
236
169
202
187
235
165
205
187
235
165
206
187
238
167
207
190
225
166
201
236
156
217
127
236
156
216
129
237
155
217
127
237
156
219
129
237
156
219
130
237
160
218
133
237
160
218
132
237
161
218
132
236
160
216
133
237
159
219
131
237
159
218
132
238
155
219
129
238
155
219
127
238
155
219
130
238
156
219
129
238
156
219
127
238
156
219
130
238
156
219
131
239
157
219
129
239
157
221
129
239
157
219
130
239
157
219
131
240
158
221
129
240
159
221
129
238
161
218
133
238
161
219
132
238
161
219
131
242
152
222
123
242
151
222
123
243
152
223
124
243
154
224
125
249
129
233
93
249
129
232
93
264
227
265
201
264
227
264
201
265
227
265
201
265
227
264
201
278
154
264
123
288
241
285
218
287
240
284
216
287
240
285
217
324
233
316
212
324
233
316
211
324
233
317
212
325
231
316
206
325
231
317
211
325
231
318
211
325
231
320
215
327
232
320
212
327
232
320
213
326
231
316
206
326
231
318
211
326
231
320
213
324
231
317
211
324
231
316
211
324
231
317
212
325
233
317
211
325
233
316
211
325
233
317
212
325
233
320
216
327
231
320
212
328
237
317
211
328
237
320
216
328
237
320
215
361
374
385
366
369
372
392
364
369
375
391
367
371
373
392
364
370
373
392
364
377
351
404
345
377
352
403
345
377
352
402
345
380
355
404
348
380
363
403
356
378
371
400
363
382
352
406
345
386
351
410
345
387
352
410
345
