paris_invalides_000662_sm_5.jpg
paris_invalides_000663.jpg
207
235
170
189
212
231
171
189
212
231
172
187
213
230
172
187
213
231
173
187
212
232
173
187
212
232
171
189
213
233
175
187
213
233
174
188
212
235
173
191
214
229
172
187
214
228
173
185
215
232
178
186
297
236
311
192
299
239
314
197
298
238
313
196
298
238
314
197
301
248
318
211
300
249
316
211
300
249
317
212
301
246
316
205
301
246
316
206
302
247
316
205
302
247
316
206
302
247
320
212
302
248
316
206
302
248
320
213
300
247
317
211
301
249
317
211
301
249
320
216
302
249
318
211
304
252
320
215
305
251
320
212
