S32_01.png
S32_02.png
320
104
276
105
320
104
274
107
320
104
275
106
288
93
242
98
288
93
241
99
288
93
240
99
291
103
244
108
291
103
247
107
319
79
275
81
319
79
273
81
319
79
273
80
319
79
270
82
319
79
272
81
319
79
271
82
319
79
271
81
277
92
230
97
277
92
230
96
376
140
335
139
380
142
339
139
394
159
351
156
394
159
354
155
394
159
354
154
394
159
353
155
394
159
352
154
394
159
353
154
378
260
356
259
378
260
352
258
378
260
347
257
378
260
351
258
378
260
358
259
335
212
299
215
335
212
299
214
361
223
325
224
361
223
327
224
361
223
326
224
385
220
354
218
385
220
354
217
385
220
348
217
392
228
359
225
392
228
359
224
298
88
248
95
298
88
250
94
427
237
392
230
345
112
301
113
309
238
272
244
446
263
421
255
446
263
420
255
446
263
415
253
446
263
417
254
227
165
184
179
350
214
314
215
280
90
233
96
281
107
235
113
401
220
365
216
376
220
340
218
376
220
340
219
376
220
341
218
376
220
342
218
381
144
339
142
381
144
340
142
296
99
249
104
237
141
193
151
237
141
193
152
292
111
247
116
300
101
255
105
300
101
253
105
404
185
367
179
263
130
220
137
384
233
352
230
281
94
234
98
378
165
338
162
374
142
333
141
390
145
346
141
390
145
349
142
327
72
278
74
327
72
279
74
378
259
352
258
378
259
347
257
378
259
351
258
306
95
259
99
306
95
261
98
306
95
260
98
369
236
338
234
369
236
338
235
369
236
340
235
369
236
339
235
369
236
338
236
380
239
343
236
299
108
253
113
299
108
252
112
318
88
271
90
318
88
270
93
318
88
269
91
318
88
266
95
318
88
271
89
284
99
239
103
284
99
237
104
284
99
238
103
284
99
238
104
289
94
243
99
289
94
242
98
289
94
243
98
289
94
241
99
289
94
242
99
289
94
244
98
289
94
241
100
322
78
275
81
322
78
273
80
322
78
274
80
322
78
276
81
322
78
275
79
322
78
275
80
322
78
278
81
322
78
276
80
322
78
277
81
433
240
400
232
297
92
251
96
297
92
248
96
297
92
249
97
297
92
250
97
297
92
250
95
404
150
360
145
390
154
349
152
390
154
353
152
390
154
350
152
390
154
351
152
390
154
350
150
233
189
195
201
395
144
355
141
322
77
277
79
322
77
278
80
322
77
275
79
322
77
276
79
322
77
275
80
322
77
276
80
392
163
351
158
392
163
350
158
392
163
353
160
392
163
353
159
392
163
354
157
392
163
353
158
356
213
323
214
356
213
322
213
308
92
263
95
308
92
261
95
308
92
265
93
292
195
257
202
377
177
339
174
377
177
338
174
377
177
336
175
294
104
248
108
424
273
409
269
424
273
413
270
424
273
410
269
290
99
245
104
287
97
239
103
287
97
240
102
287
97
242
102
287
97
242
101
287
97
241
102
397
165
358
161
397
165
360
160
397
165
359
159
397
165
359
160
397
165
358
162
397
165
360
161
397
165
360
162
346
250
319
252
346
250
315
252
346
250
322
253
346
250
317
252
375
177
336
175
304
236
269
243
304
236
272
244
244
155
201
166
293
94
246
99
293
94
246
98
293
94
245
98
293
94
247
98
366
236
338
236
418
256
381
249
392
225
358
222
392
225
357
221
282
90
234
96
387
143
346
141
387
143
344
139
387
143
345
140
303
105
259
109
303
105
258
109
343
215
305
216
395
153
353
149
395
153
351
149
395
153
350
149
395
153
354
149
395
153
354
150
395
153
355
149
392
158
354
155
392
158
354
154
392
158
353
155
392
158
352
154
392
158
353
154
371
231
340
231
371
231
339
231
320
81
275
83
320
81
274
83
320
81
273
84
320
81
272
84
320
81
271
83
369
257
336
255
369
257
342
257
369
257
347
258
275
94
228
99
370
244
340
243
370
244
341
243
370
244
338
243
447
280
423
272
447
280
419
272
447
280
417
271
447
280
413
270
447
280
427
272
300
98
254
102
211
177
169
193
450
281
419
272
398
153
358
149
398
153
355
148
398
153
355
149
400
162
359
157
400
162
359
156
400
162
359
158
400
162
358
157
423
258
395
251
373
237
342
236
373
237
338
235
373
237
340
235
373
237
339
235
373
237
343
236
373
237
341
236
373
237
338
236
391
161
351
156
391
161
351
158
391
161
350
158
391
161
351
157
391
161
353
159
391
161
354
157
391
161
353
158
271
213
243
224
401
224
364
220
401
224
368
219
401
224
364
219
395
196
359
193
395
196
358
193
327
84
280
86
325
76
277
78
325
76
280
78
325
76
278
77
237
142
194
152
237
142
193
152
427
242
393
236
427
242
394
236
305
101
259
105
305
101
260
104
323
77
277
79
323
77
276
78
323
77
278
80
323
77
278
79
323
77
275
79
323
77
276
79
323
77
276
80
387
145
346
142
346
231
299
231
300
90
252
96
300
90
251
96
300
90
250
97
300
90
250
95
367
243
338
243
375
233
340
231
375
233
339
231
396
195
360
191
278
92
231
96
403
196
367
191
403
196
368
191
295
199
263
205
311
95
265
99
311
95
267
97
302
104
258
107
302
104
259
107
302
104
257
108
293
92
245
97
293
92
246
97
293
92
246
96
293
92
246
98
293
92
244
97
293
92
247
96
400
164
360
160
400
164
359
158
400
164
359
159
400
164
359
160
387
220
354
217
387
220
355
218
296
90
248
95
296
90
250
94
392
155
349
152
392
155
353
152
392
155
350
152
392
155
351
152
392
155
350
150
337
214
305
216
337
214
301
216
362
223
325
224
362
223
327
224
362
223
329
224
362
223
326
224
380
144
337
140
380
144
339
142
325
232
290
236
388
214
356
211
299
91
252
96
299
91
251
96
299
91
249
97
299
91
250
97
299
91
250
95
435
277
417
271
319
198
282
203
319
198
284
203
319
198
283
203
392
153
351
149
392
153
352
150
392
153
350
150
392
153
350
149
392
153
354
150
384
142
341
138
384
142
342
139
485
292
476
282
485
292
478
283
485
292
480
283
485
292
479
283
394
197
359
193
394
197
357
194
290
94
243
99
290
94
243
98
290
94
242
99
290
94
244
98
240
140
195
151
240
165
197
177
240
165
198
177
394
227
359
223
394
227
361
223
394
227
359
224
234
192
195
204
280
104
235
108
384
144
343
141
384
144
343
142
365
224
330
224
365
224
330
225
365
224
332
223
365
224
327
224
365
224
329
224
365
224
326
224
398
151
358
147
398
151
359
148
238
165
195
177
238
165
197
177
238
165
198
177
492
294
486
284
212
158
169
171
316
88
271
90
316
88
269
91
316
88
265
93
316
88
266
95
316
88
267
92
316
88
271
89
336
71
282
69
436
277
417
271
288
94
243
99
288
94
242
98
288
94
243
98
288
94
241
99
288
94
242
99
288
94
244
98
288
94
241
100
288
94
240
99
375
214
340
213
375
214
341
213
375
214
339
212
375
214
339
213
274
94
229
97
386
139
343
135
386
139
345
136
320
102
277
103
403
199
368
194
403
199
367
194
391
153
351
149
391
153
352
150
391
153
350
150
391
153
350
149
391
153
354
150
366
216
331
214
301
106
257
110
321
77
274
80
321
77
275
79
321
77
276
79
321
77
275
80
321
77
276
80
327
79
281
81
327
79
277
79
327
79
278
80
327
79
278
79
297
90
248
95
297
90
250
94
297
90
248
96
297
90
250
95
213
159
172
171
300
109
253
113
300
109
254
113
300
109
256
113
300
109
254
114
288
96
240
102
288
96
241
100
288
96
242
102
288
96
240
101
288
96
242
101
288
96
241
102
288
96
243
101
230
166
187
179
297
107
253
111
396
221
359
216
298
91
251
96
298
91
248
96
298
91
249
97
298
91
250
95
384
176
346
173
384
176
347
173
384
247
357
245
379
260
356
259
379
260
352
258
379
260
347
257
379
260
351
258
379
260
358
259
295
110
251
115
295
110
251
114
295
110
250
115
393
154
352
150
393
154
350
150
393
154
350
149
393
154
354
150
334
72
282
72
301
108
258
112
483
291
476
282
465
286
457
279
285
96
237
102
285
96
239
101
276
91
229
96
276
91
229
97
426
274
417
271
426
274
413
270
350
114
306
114
350
114
307
115
384
214
348
212
389
142
347
139
351
212
318
214
363
116
318
115
363
116
320
116
280
98
235
102
280
98
234
104
364
223
330
222
364
223
330
224
364
223
329
222
364
223
332
223
364
223
329
224
370
237
338
235
370
237
340
235
370
237
339
235
370
237
341
236
370
237
338
236
367
214
331
214
282
93
235
99
282
93
236
97
282
93
235
97
227
167
186
181
227
167
184
180
227
167
185
181
361
224
325
224
361
224
325
225
361
224
327
224
361
224
329
224
361
224
326
224
393
162
351
158
393
162
351
157
393
162
353
159
393
162
354
157
393
162
353
158
380
246
346
244
361
225
325
225
283
192
247
200
440
278
417
271
440
278
427
272
501
297
495
286
501
297
494
286
374
220
340
218
374
220
340
219
374
220
339
218
374
220
341
218
374
220
337
219
374
220
339
220
374
220
342
218
374
220
340
220
377
238
342
236
377
238
343
237
377
238
343
236
377
238
341
236
384
139
342
136
384
139
341
136
393
145
349
141
393
145
352
142
282
94
235
99
282
94
236
98
282
94
235
100
396
146
352
142
388
220
354
217
377
142
335
139
281
90
234
96
281
90
233
96
348
215
312
216
348
215
314
215
348
215
312
217
391
194
356
191
400
220
365
216
385
247
357
245
302
236
264
242
302
236
269
243
316
199
279
203
316
199
278
203
316
199
280
204
320
78
275
81
320
78
273
81
320
78
273
80
320
78
274
80
320
78
272
81
320
78
275
80
297
102
253
106
397
153
353
149
397
153
352
148
397
153
354
149
397
153
355
149
376
238
342
236
376
238
343
237
376
238
343
236
376
238
341
236
378
246
344
244
378
246
346
244
378
246
349
245
372
222
335
221
372
222
337
221
372
222
339
220
372
222
340
220
399
164
360
160
399
164
359
158
399
164
359
159
399
164
359
160
299
109
253
113
299
109
254
113
299
109
254
114
319
86
273
88
319
86
271
90
319
86
274
89
319
86
267
92
319
86
271
89
228
167
186
180
228
167
186
181
316
83
268
86
316
83
270
85
316
83
269
86
316
83
266
88
316
83
270
83
316
83
270
86
316
83
268
87
316
83
269
84
316
83
272
84
316
83
271
85
316
83
271
83
426
242
392
237
426
242
391
236
426
242
393
236
426
242
394
236
315
91
270
93
315
91
266
95
347
112
303
113
347
112
304
113
395
152
353
149
395
152
352
148
395
152
355
148
395
152
354
149
395
152
355
149
276
92
229
96
276
92
229
97
276
92
230
96
292
92
242
98
292
92
243
98
292
92
245
97
292
92
246
97
292
92
246
96
292
92
244
98
292
92
244
97
292
92
245
98
263
93
219
98
390
162
351
158
390
162
349
159
390
162
350
158
390
162
351
157
390
162
353
160
390
162
353
159
390
162
348
157
390
162
353
158
272
214
245
225
272
214
243
225
272
214
244
225
272
214
246
225
428
238
395
230
428
238
395
232
428
238
395
231
392
143
350
139
287
199
251
208
302
99
256
102
243
194
204
206
243
194
202
206
281
101
236
106
281
101
234
107
284
98
237
104
284
98
238
103
358
230
325
230
289
96
244
100
289
96
245
100
289
96
242
102
289
96
242
101
289
96
243
101
374
238
342
236
374
238
343
237
374
238
343
236
374
238
341
236
404
224
370
219
404
224
369
219
404
224
368
219
287
95
241
99
287
95
242
99
287
95
239
101
287
95
241
100
287
95
240
101
287
95
240
99
300
102
253
106
374
144
333
141
390
143
348
140
390
143
347
139
368
256
342
257
399
150
358
146
338
229
299
231
338
229
299
230
390
153
352
150
390
153
350
150
390
153
350
149
319
81
275
83
319
81
270
83
319
81
274
83
319
81
269
84
319
81
273
84
319
81
272
84
319
81
271
82
319
81
271
83
240
189
200
201
240
189
201
202
449
264
421
255
449
264
420
255
449
264
423
256
449
264
415
253
449
264
417
254
449
264
422
255
398
199
363
195
293
111
249
116
293
111
247
116
364
125
323
125
364
125
324
125
364
125
321
125
264
96
220
101
296
89
248
95
364
220
329
220
364
220
328
221
364
220
327
220
377
215
340
213
377
215
341
213
284
93
237
98
322
80
275
83
322
80
275
81
322
80
276
82
322
80
275
82
403
149
362
145
262
93
219
98
303
99
256
102
303
99
258
103
437
277
417
271
249
143
205
152
287
201
251
208
419
272
409
269
419
272
407
269
419
272
410
269
277
90
229
96
301
90
252
96
301
90
251
96
301
90
250
97
396
153
353
149
396
153
351
149
396
153
354
149
396
153
354
150
396
153
355
149
299
89
250
94
299
89
250
95
238
166
197
177
238
166
198
177
235
157
195
168
349
112
305
113
293
98
247
103
398
152
355
148
238
145
195
156
312
85
268
86
312
85
266
88
380
220
348
217
234
188
195
201
321
81
275
83
321
81
274
83
321
81
273
84
321
81
275
82
441
230
406
221
451
265
421
255
451
265
420
255
451
265
423
256
451
265
417
254
451
265
422
255
289
93
242
98
289
93
243
98
289
93
245
97
289
93
241
99
289
93
242
99
289
93
244
98
289
93
244
97
300
108
254
113
386
166
344
161
386
166
347
161
386
166
347
163
386
166
348
161
369
256
347
257
360
214
324
215
360
214
323
214
376
136
335
134
236
189
195
201
445
234
410
224
326
80
278
81
326
80
277
81
323
80
275
81
323
80
276
81
323
80
276
82
323
80
275
82
392
227
359
225
392
227
359
223
392
227
359
224
328
233
296
237
328
233
295
237
235
188
195
201
315
84
268
86
315
84
270
85
315
84
269
86
315
84
266
88
315
84
270
86
315
84
268
87
315
84
271
85
243
142
198
153
392
162
351
158
392
162
350
158
392
162
351
157
392
162
353
159
392
162
354
157
392
162
353
158
306
99
259
103
306
99
258
103
306
99
262
102
306
99
264
102
306
99
266
100
393
224
357
220
393
224
361
221
393
224
359
220
384
220
354
217
384
220
355
218
384
220
348
217
376
135
335
133
376
135
335
134
306
238
269
243
306
238
272
244
397
163
359
157
397
163
359
158
397
163
359
159
397
163
358
157
397
163
354
157
397
163
353
158
228
166
186
180
303
104
258
107
303
104
259
107
303
104
257
108
397
145
355
141
271
214
245
225
271
214
242
225
271
214
243
225
271
214
244
225
271
214
246
225
201
174
160
190
369
220
335
219
369
220
335
221
369
220
333
220
369
220
336
219
369
220
335
220
369
220
337
219
369
220
334
219
295
90
248
95
295
90
250
94
293
91
246
97
293
91
246
96
293
91
247
96
221
152
177
165
221
152
178
165
295
93
246
97
295
93
246
98
295
93
248
98
295
93
247
98
295
93
249
97
339
215
304
217
339
215
305
217
339
215
303
217
339
215
302
217
365
220
329
220
365
220
328
221
365
220
327
220
343
216
304
217
343
216
305
217
387
165
349
159
387
165
348
159
387
165
347
161
387
165
348
161
401
183
363
178
401
183
363
179
327
243
294
247
327
243
296
248
327
243
298
248
327
243
297
248
310
91
263
95
310
91
261
95
310
91
265
93
385
239
351
237
243
155
198
167
294
102
247
107
285
98
239
103
285
98
240
102
285
98
238
103
285
98
238
104
355
215
319
215
355
215
318
215
355
215
318
216
290
95
243
99
290
95
244
100
290
95
245
100
370
257
347
257
370
257
342
257
370
257
347
258
321
101
277
103
336
215
302
217
319
82
270
85
319
82
274
83
319
82
273
84
319
82
272
84
319
82
271
85
319
82
271
83
233
188
195
201
417
256
381
249
417
256
390
250
241
190
202
203
241
190
201
202
352
216
317
216
352
216
318
216
352
216
316
216
303
96
255
100
399
144
357
140
396
224
364
220
396
224
361
221
316
207
279
211
393
155
353
152
393
155
350
152
393
155
351
152
393
155
350
150
325
78
281
81
325
78
277
79
325
78
278
80
325
78
278
79
325
78
276
79
287
94
242
98
287
94
241
99
287
94
240
99
399
251
369
247
353
207
315
207
353
207
320
209
392
161
351
156
392
161
351
158
392
161
351
157
392
161
354
157
392
161
353
158
315
198
279
203
315
198
278
203
298
107
253
111
298
107
252
112
395
223
359
219
395
223
361
219
443
279
429
273
443
279
412
270
443
279
419
272
443
279
417
271
443
279
413
270
443
279
427
272
330
233
296
237
290
93
243
99
290
93
242
98
290
93
243
98
290
93
245
97
290
93
242
99
290
93
246
97
290
93
244
98
290
93
244
97
290
93
245
98
399
160
359
156
296
103
250
108
296
103
252
107
296
103
251
107
404
230
371
225
404
230
370
226
404
230
372
225
269
213
240
224
269
213
243
224
269
213
246
225
376
177
336
175
238
141
194
152
238
141
193
151
238
141
193
152
348
214
311
215
348
214
312
216
348
214
314
215
348
214
309
215
307
99
259
103
307
99
258
103
307
99
262
102
307
99
264
102
307
99
266
100
326
75
280
78
326
75
281
77
326
75
278
77
291
92
242
98
291
92
243
98
291
92
245
97
291
92
244
98
291
92
244
97
381
239
351
237
381
239
343
236
384
240
351
237
392
181
354
178
350
215
314
215
350
215
317
216
350
215
316
216
424
241
391
236
424
241
390
234
424
241
390
236
424
241
391
234
331
74
283
74
321
79
275
81
321
79
273
81
321
79
273
80
321
79
274
80
321
79
272
81
321
79
276
81
321
79
276
82
321
79
275
82
319
203
285
207
310
96
264
99
310
96
265
99
310
96
267
97
319
80
273
81
319
80
270
83
319
80
274
83
319
80
270
82
319
80
272
81
319
80
271
82
319
80
271
83
319
80
269
83
319
80
275
82
319
80
271
81
403
252
374
248
296
92
248
96
296
92
249
97
296
92
250
95
296
92
247
96
389
145
346
141
389
145
349
142
385
142
342
139
385
142
344
139
385
142
345
140
392
139
349
135
296
111
251
115
296
111
249
116
296
111
251
116
321
78
275
81
321
78
273
80
321
78
274
80
321
78
276
81
321
78
275
80
321
78
276
80
321
78
277
81
403
224
370
219
403
224
369
219
403
224
368
219
410
220
375
214
367
220
329
220
367
220
335
219
367
220
333
220
367
220
335
220
367
220
334
219
425
242
392
237
425
242
391
236
425
242
390
236
306
94
263
95
306
94
261
98
306
94
260
98
220
152
177
165
220
152
176
165
247
190
208
203
393
158
354
155
393
158
354
154
393
158
353
155
393
158
352
154
393
158
353
154
393
158
353
153
341
248
313
251
341
248
314
251
330
74
282
76
330
74
279
74
298
103
252
107
298
103
254
107
298
103
251
107
326
72
278
74
326
72
282
76
326
72
279
74
325
243
294
247
325
243
295
248
325
243
296
248
325
243
292
247
325
243
298
248
325
243
286
245
325
243
297
248
325
243
288
246
292
102
247
107
324
79
276
81
324
79
275
80
324
79
278
81
324
79
276
80
324
79
277
81
285
97
239
101
285
97
240
101
285
97
238
103
293
101
249
105
375
140
335
139
375
140
333
139
393
156
349
152
393
156
353
152
393
156
350
152
393
156
351
152
393
156
353
153
325
77
277
78
325
77
277
79
325
77
276
78
325
77
278
79
332
234
296
237
299
104
252
109
404
219
368
215
404
219
366
215
397
224
364
220
397
224
361
219
382
215
346
212
382
215
347
212
382
215
348
212
389
143
348
140
389
143
347
139
380
165
344
161
328
72
283
74
328
72
279
72
384
143
343
141
384
143
342
139
376
258
352
258
376
258
347
257
376
258
351
258
298
108
251
113
298
108
253
113
298
108
252
112
240
156
195
168
240
156
198
167
313
212
280
217
381
261
358
259
348
112
305
113
348
112
304
113
294
92
248
95
294
92
245
97
294
92
246
97
294
92
246
96
294
92
248
96
294
92
247
96
324
76
277
78
324
76
277
79
324
76
276
78
324
76
278
79
444
279
423
272
444
279
419
272
444
279
417
271
444
279
413
270
444
279
427
272
286
97
239
103
286
97
240
102
286
97
240
101
286
97
241
102
286
97
238
103
270
214
242
225
270
214
243
225
270
214
244
225
270
214
240
225
399
153
358
149
399
153
355
148
399
152
359
148
370
235
338
234
370
235
338
235
370
235
339
235
244
143
201
153
392
156
349
152
392
156
353
152
392
156
350
152
392
156
351
152
392
156
353
153
297
89
248
95
297
89
250
94
346
216
304
217
346
216
305
217
346
216
312
217
284
192
247
200
391
226
358
222
391
226
359
223
386
145
343
141
386
145
343
142
296
91
248
95
296
91
250
94
296
91
248
96
296
91
250
95
296
91
247
96
216
160
173
174
216
160
175
172
328
76
283
79
328
76
280
78
328
76
281
77
328
76
278
77
312
93
264
96
312
93
266
95
316
198
279
203
316
198
278
203
318
82
270
85
318
82
269
86
318
82
270
83
318
82
274
83
318
82
270
86
318
82
273
84
318
82
272
84
318
82
271
85
318
82
271
83
374
216
339
213
283
103
238
108
291
107
246
111
291
107
246
112
329
74
278
74
329
74
284
77
329
74
282
76
329
74
279
74
329
74
281
76
331
75
284
77
331
75
282
76
331
75
281
76
241
144
198
153
401
150
360
146
401
150
359
146
231
165
189
178
231
165
191
178
231
165
188
178
246
144
203
153
310
104
263
107
404
228
372
223
385
176
346
173
385
176
347
173
394
158
354
154
394
158
352
154
394
158
353
154
394
158
353
153
402
196
367
191
310
90
263
95
310
90
265
93
239
142
194
152
301
98
256
102
301
98
257
101
301
98
256
101
301
98
253
103
301
98
254
102
371
257
347
257
371
257
342
257
371
257
347
258
243
191
204
202
243
191
202
203
425
241
391
236
425
241
393
236
425
241
392
234
425
241
390
234
425
241
390
236
425
241
391
234
234
157
195
168
290
107
246
111
290
107
246
112
295
113
250
117
295
113
249
118
399
161
359
157
399
161
359
156
399
161
358
157
379
259
352
258
248
164
206
175
248
164
204
176
363
117
320
116
372
257
352
258
372
257
347
257
372
257
351
258
386
194
350
191
366
256
342
257
395
139
352
135
282
91
235
97
373
220
340
218
373
220
340
219
373
220
336
219
373
220
339
218
373
220
341
218
373
220
337
219
373
220
339
220
373
220
340
220
346
213
311
215
346
213
306
215
346
213
309
215
370
236
338
234
370
236
338
235
370
236
340
235
370
236
339
235
370
236
338
236
325
75
280
78
325
75
278
77
398
222
363
218
398
222
361
218
392
194
356
191
392
194
357
191
399
151
358
147
399
151
359
148
361
116
318
115
373
176
336
174
302
97
259
99
302
97
256
101
302
97
255
100
341
213
306
215
239
188
200
201
372
244
340
243
372
244
341
243
292
94
244
100
292
94
246
99
292
94
244
98
292
94
246
98
292
94
245
98
292
94
247
98
328
215
294
218
346
112
303
113
397
196
363
192
270
97
227
100
374
237
342
236
374
237
340
235
374
237
339
235
374
237
343
236
374
237
341
236
336
212
299
214
291
102
247
107
291
196
255
203
377
259
352
258
377
259
347
257
377
259
351
258
377
138
335
136
398
223
363
218
398
223
364
219
398
223
361
219
295
91
248
95
295
91
246
96
295
91
250
94
295
91
248
96
295
91
247
96
281
100
234
106
306
237
272
244
346
113
301
113
347
231
299
230
229
167
186
180
229
167
186
181
397
164
360
160
397
164
359
158
397
164
359
159
397
164
359
160
292
109
248
113
292
109
248
114
292
109
247
113
384
145
343
142
394
223
359
219
394
223
361
219
302
108
258
112
298
89
248
95
298
89
250
94
298
89
250
95
384
232
352
230
384
232
350
229
384
232
352
229
384
232
351
229
384
232
353
230
293
113
248
118
293
113
248
117
293
113
247
118
293
113
249
118
296
110
251
115
296
110
251
114
296
110
250
115
296
110
252
114
292
112
248
117
292
112
247
116
292
112
247
117
295
100
249
105
295
100
249
104
218
159
175
172
400
150
358
146
400
150
359
146
212
160
169
174
219
152
175
165
219
152
176
165
403
198
368
194
403
198
367
194
403
198
368
193
235
189
195
201
294
91
248
95
294
91
246
96
294
91
248
96
294
91
247
96
446
280
429
273
446
280
423
272
446
280
412
270
446
280
419
272
446
280
417
271
446
280
413
270
446
280
427
272
287
101
240
107
287
101
241
106
280
99
234
104
360
215
324
215
360
215
323
214
398
150
358
147
325
73
278
74
325
73
278
75
325
73
281
76
323
88
277
90
380
140
339
139
439
278
419
272
439
278
417
271
439
278
427
272
