P2_front_of_window_candidate.jpg
P2_front_of_window_reference.jpg
308
374
83
357
308
374
82
357
308
374
88
357
307
374
83
357
307
374
82
357
312
361
86
345
312
361
87
345
312
362
86
345
312
362
87
345
312
362
89
346
313
365
86
348
312
364
86
348
313
362
86
345
313
362
87
345
313
362
89
346
312
365
86
348
312
371
87
355
312
372
87
355
312
372
87
356
532
333
301
317
543
333
301
317
543
333
302
317
542
333
302
317
540
333
301
317
540
333
302
317
543
336
302
317
543
335
302
317
542
334
302
317
550
336
311
320
564
352
324
335
564
352
325
336
566
346
325
329
566
346
326
329
566
346
328
329
566
352
325
335
566
352
328
335
