paris_invalides_000662_pt_6.png
paris_invalides_000663.jpg
178
275
140
266
178
275
140
267
193
249
157
222
191
251
157
222
192
250
157
222
191
252
158
222
200
231
159
212
200
232
159
214
198
231
159
211
198
231
159
210
200
233
159
214
200
233
159
215
201
230
162
209
201
232
159
214
201
232
159
215
198
233
159
211
198
233
159
212
198
232
160
209
198
232
159
211
201
233
159
216
201
233
159
215
199
234
159
214
198
234
159
212
200
234
159
215
201
234
159
216
205
224
159
211
205
224
159
212
205
224
165
203
204
226
159
212
204
226
165
205
204
226
162
209
203
228
159
214
203
228
165
205
203
228
162
209
202
231
159
214
202
231
163
210
213
211
168
190
213
211
170
189
212
213
171
189
212
213
170
190
211
214
171
189
211
214
172
187
211
214
170
190
212
217
173
191
212
218
173
192
217
212
178
186
217
213
173
191
217
213
174
191
217
213
178
186
216
210
173
187
216
210
176
184
214
210
173
185
216
216
175
192
217
214
173
192
217
214
174
191
215
214
173
191
218
208
176
184
218
211
178
186
219
210
178
186
220
213
175
192
300
213
300
196
308
205
305
185
307
203
306
185
309
205
305
185
309
207
311
192
309
207
311
193
310
207
311
192
310
206
313
194
309
206
311
192
311
209
314
197
312
236
317
229
313
216
316
205
313
216
316
206
312
214
316
205
312
214
316
206
312
215
316
206
313
217
316
206
313
217
318
211
313
218
316
206
313
218
318
211
315
221
316
206
315
221
318
211
315
221
320
213
316
220
316
205
316
220
316
206
316
220
320
212
312
221
316
212
313
220
317
211
313
220
316
211
313
220
317
212
317
222
316
205
317
222
316
206
317
222
320
212
318
223
320
212
316
223
318
211
316
223
320
213
316
223
320
215
316
222
316
206
316
222
318
211
316
222
320
212
316
222
320
213
316
224
317
211
316
224
318
211
316
224
320
215
316
225
316
211
316
225
317
212
316
225
320
216
316
225
320
215
316
225
320
217
318
225
318
211
318
225
320
212
318
225
320
213
319
245
328
244
320
242
329
242
319
244
328
244
320
235
322
224
320
248
328
246
320
248
328
244
324
250
332
247
324
252
332
247
328
271
339
271
328
271
339
270
328
271
339
272
352
323
395
343
353
323
397
343
357
322
398
341
357
322
399
341
356
323
398
342
355
324
397
343
355
324
398
344
357
325
402
345
357
323
398
342
355
323
398
342
354
323
397
343
354
323
398
342
360
325
403
345
360
325
404
345
359
326
402
345
360
326
402
345
