Test4.jpg
Test5.jpg
39
67
63
67
42
71
67
71
42
73
65
73
56
144
80
138
56
147
79
141
58
139
83
135
71
145
95
141
70
161
94
157
72
158
95
154
72
166
95
163
72
166
95
162
73
171
96
171
72
177
96
177
72
177
95
179
72
177
96
178
72
178
95
179
72
178
96
178
72
372
91
368
72
373
91
368
76
134
100
132
77
134
100
132
73
375
93
371
73
375
93
370
73
376
93
371
80
132
104
130
79
133
102
131
79
134
102
131
80
134
102
131
81
134
104
132
78
135
101
133
78
135
100
132
79
135
102
131
79
135
103
133
80
136
103
133
81
137
103
133
78
138
101
134
78
138
102
136
84
135
107
132
82
148
105
146
85
208
106
207
85
208
107
206
85
210
105
209
84
210
105
209
87
146
107
145
87
259
108
260
91
175
112
173
91
175
113
174
93
177
114
174
93
177
114
176
92
177
113
175
92
177
113
174
92
177
114
176
88
172
109
170
88
173
110
172
89
174
110
172
92
175
113
174
92
175
114
174
89
175
111
174
93
180
114
178
91
180
112
178
91
180
112
179
89
182
110
181
91
183
111
180
91
183
111
181
90
180
111
179
88
183
110
183
89
181
110
181
88
184
109
183
90
181
111
179
90
181
111
180
90
181
111
181
90
218
109
216
93
236
113
234
92
381
113
378
93
382
113
379
93
382
113
378
93
383
113
379
93
383
113
378
93
394
113
391
97
146
121
145
97
146
119
145
97
146
118
146
97
149
118
149
95
171
117
169
95
170
117
169
95
170
118
170
97
170
120
169
97
170
119
168
94
173
115
172
94
173
116
172
96
171
117
169
96
171
118
170
96
171
118
169
95
172
117
171
96
172
117
169
96
172
118
170
96
170
118
169
95
173
117
171
94
175
115
172
94
175
115
173
94
175
116
173
94
174
115
172
94
174
116
172
94
174
115
173
94
174
116
173
94
179
115
178
94
181
116
180
94
181
115
178
92
179
113
177
92
179
113
178
92
179
114
178
92
178
113
175
92
178
113
177
92
178
114
177
92
178
114
178
96
184
117
182
97
186
119
184
97
187
119
184
96
185
117
182
97
234
118
232
97
234
118
233
95
235
115
232
94
235
114
233
97
235
117
234
97
235
118
232
97
235
118
233
95
236
115
233
96
236
116
233
96
236
116
232
96
236
116
235
97
265
117
265
96
274
114
272
95
274
113
272
95
274
114
272
94
395
113
391
95
394
113
391
95
395
113
391
94
394
113
391
94
393
113
387
101
142
121
142
98
145
121
145
98
145
119
145
99
146
121
145
99
185
119
182
99
185
121
182
99
185
121
183
100
184
121
182
100
184
122
181
100
184
123
181
100
184
123
182
100
183
122
181
100
183
123
180
101
183
122
181
101
183
123
180
101
183
124
180
101
183
123
181
101
184
121
182
101
184
122
181
101
184
123
181
101
184
123
182
100
185
121
182
100
185
121
183
100
185
122
183
100
185
123
182
100
188
120
185
100
188
120
184
100
188
121
185
100
189
120
185
100
189
121
185
99
188
120
185
99
188
121
185
98
187
120
185
98
187
119
184
98
187
120
184
99
187
120
185
99
187
119
184
99
187
120
184
100
186
120
184
100
186
121
183
100
186
122
183
98
186
120
185
98
186
119
184
98
186
120
184
98
272
118
272
103
139
125
138
103
138
125
138
102
225
122
225
102
225
121
224
103
380
124
376
103
380
123
375
104
379
124
376
104
379
123
375
103
381
123
378
104
381
124
376
104
381
125
378
103
383
124
379
103
383
124
380
103
383
123
379
103
383
122
379
103
384
124
380
103
384
123
381
100
383
120
380
104
383
124
379
104
383
125
379
104
383
124
380
104
383
123
379
104
382
125
378
104
382
124
379
104
382
125
379
104
382
123
378
102
385
123
381
106
227
125
228
106
233
126
233
106
249
125
246
106
249
126
248
106
249
125
248
106
249
124
247
106
249
126
249
106
249
126
247
104
249
124
246
104
249
124
247
105
249
125
246
105
249
124
246
105
249
125
248
105
249
124
247
105
250
125
248
105
250
124
247
105
250
126
249
106
250
125
246
106
250
126
248
106
250
125
248
106
250
124
247
106
250
126
249
106
250
126
247
116
139
138
137
121
249
140
249
121
249
142
246
118
251
138
249
119
250
138
249
119
250
140
249
119
250
139
249
120
251
140
249
120
251
141
250
121
252
141
250
121
252
142
250
123
197
147
190
122
252
142
250
122
252
143
250
123
252
143
250
123
260
144
257
123
259
144
257
125
260
147
257
125
347
143
345
125
347
145
344
125
347
144
346
124
348
143
345
124
348
144
346
123
352
141
350
124
352
141
350
124
352
143
349
125
351
141
350
125
351
145
348
125
351
143
349
125
351
144
349
125
352
141
350
125
352
145
349
125
352
143
349
125
352
144
349
125
352
143
351
124
351
141
350
123
353
141
350
125
354
143
351
125
354
146
351
124
372
145
369
124
372
145
367
124
372
144
367
124
372
143
370
124
372
141
370
125
419
144
417
129
345
147
344
129
345
148
343
129
345
147
343
129
345
146
344
129
345
148
344
129
345
149
343
128
345
145
344
128
345
147
344
128
345
148
343
128
345
147
343
128
345
146
344
128
345
149
343
127
349
145
346
127
349
144
347
127
349
144
346
127
349
145
347
127
349
146
347
127
349
146
348
127
349
147
346
127
346
145
344
127
346
146
345
127
346
147
344
127
346
147
343
127
346
146
344
127
346
148
344
126
348
143
345
126
348
145
346
126
348
144
347
126
348
144
346
126
348
145
347
126
348
146
345
126
346
143
345
126
346
145
344
127
348
145
346
127
348
144
347
127
348
144
346
127
348
145
347
127
348
146
345
127
348
146
347
127
348
147
346
129
346
146
345
129
346
147
344
129
346
148
343
129
346
147
343
129
346
146
344
129
346
148
344
129
346
149
343
126
349
145
346
126
349
145
348
126
349
144
347
126
349
144
346
126
349
145
347
126
349
146
347
129
352
145
349
129
352
145
350
129
352
146
349
129
352
148
349
129
352
146
350
129
352
149
350
127
353
143
351
127
353
145
350
127
353
146
349
127
353
146
350
127
353
147
351
127
353
146
351
127
353
149
350
127
351
145
348
127
351
145
349
127
351
143
349
127
351
144
349
127
351
146
348
127
351
146
349
127
351
148
349
127
350
145
348
127
350
144
347
127
350
145
349
127
350
145
347
127
350
146
347
127
350
146
348
127
350
146
349
129
353
143
351
129
353
145
350
129
353
146
350
129
353
147
351
129
353
146
351
129
353
149
350
126
355
145
352
126
355
146
352
129
355
145
352
129
355
146
352
129
355
148
353
127
354
145
352
127
354
143
351
127
354
147
351
127
354
146
351
127
354
146
352
126
354
145
352
126
354
143
351
126
354
147
351
126
354
146
351
126
354
146
352
127
355
145
352
127
355
146
351
127
355
146
352
127
355
148
353
129
356
148
353
126
370
145
367
126
370
143
367
126
370
144
367
126
371
145
369
126
371
145
367
126
371
143
370
124
379
144
376
127
380
144
376
127
378
145
375
127
378
144
376
127
378
146
375
127
378
146
374
127
378
147
376
125
378
145
375
125
378
144
376
125
378
146
375
131
236
151
233
131
235
151
233
133
239
154
237
132
239
154
237
132
239
154
238
132
248
153
247
132
248
153
246
133
248
153
247
129
256
149
255
129
256
149
254
130
254
149
254
132
268
153
265
132
268
152
267
132
268
153
266
132
268
153
267
132
268
152
268
129
269
152
267
129
269
150
269
129
269
150
267
129
269
151
269
129
269
150
268
129
269
151
268
129
269
149
265
129
269
152
268
129
269
151
267
132
270
152
267
132
270
153
266
132
270
151
269
132
270
153
267
132
270
152
268
132
270
153
270
132
270
152
270
130
273
149
272
130
273
153
272
130
273
151
271
130
273
152
272
133
273
153
270
133
273
153
273
133
273
153
272
133
273
152
272
133
273
152
270
133
273
153
271
131
269
152
267
131
269
153
266
131
269
151
269
131
269
153
267
131
269
151
268
131
269
152
268
131
269
151
267
130
272
153
270
130
272
151
271
130
272
152
270
130
272
153
271
132
272
153
270
132
272
151
271
132
272
152
272
132
272
152
270
132
272
153
271
132
269
153
265
132
269
152
267
132
269
153
266
132
269
151
269
132
269
153
267
132
269
151
268
132
269
152
268
132
269
152
270
131
270
152
267
131
270
150
269
131
270
151
269
131
270
151
268
131
270
152
268
131
270
151
267
131
270
153
270
131
270
151
271
131
270
152
270
130
345
147
344
130
345
148
343
130
345
147
343
130
345
148
344
130
345
149
343
130
345
150
342
133
343
151
341
133
343
152
341
133
343
150
341
133
343
150
342
133
343
151
342
132
343
151
341
132
343
150
341
132
343
150
342
132
343
151
342
131
343
151
341
131
343
150
341
131
343
150
342
131
343
151
342
132
344
148
343
132
344
149
343
132
344
150
341
132
344
150
342
132
344
151
342
132
344
151
343
133
342
151
340
133
342
151
341
133
342
152
341
133
342
150
341
133
342
152
340
133
342
153
341
132
345
149
343
132
345
150
342
132
345
151
342
132
345
151
343
130
347
146
345
130
347
147
344
130
347
146
344
130
347
148
344
131
348
147
346
130
349
146
347
130
349
149
347
130
349
147
346
130
365
149
363
135
243
157
240
137
244
157
240
137
245
157
242
135
341
153
339
135
341
152
340
135
341
153
341
135
341
154
341
135
341
154
340
134
341
151
340
134
341
152
341
134
341
153
339
134
341
152
340
134
341
153
341
134
341
154
340
134
343
151
340
134
343
151
341
134
343
152
341
134
343
152
340
134
343
153
341
134
343
151
342
135
342
152
341
135
342
152
340
135
342
153
341
135
342
154
341
141
253
161
254
136
257
157
257
140
336
158
336
138
340
156
340
138
340
157
338
138
341
156
340
140
341
159
341
139
338
157
338
139
338
158
336
141
339
160
337
141
339
159
339
139
342
156
340
139
345
156
345
138
342
156
340
138
342
156
342
141
372
161
368
141
372
162
370
141
375
161
372
141
375
162
373
141
374
161
372
140
248
158
246
140
248
159
247
143
253
161
251
143
253
162
253
142
337
160
337
142
337
161
336
144
335
161
333
144
335
163
333
144
335
162
334
143
336
161
333
143
336
161
336
143
336
162
334
142
338
160
337
142
338
161
336
143
376
162
373
147
241
166
239
147
249
165
247
147
249
167
246
147
249
166
246
147
247
166
246
149
249
167
246
149
249
168
247
149
249
168
246
149
249
166
246
146
335
163
333
146
335
165
334
146
341
164
340
146
341
165
341
148
339
167
337
148
339
167
336
148
338
167
337
148
338
167
336
147
341
164
340
147
341
165
341
147
374
167
373
149
375
170
373
148
375
168
373
146
375
165
373
146
375
167
373
148
377
168
373
148
381
169
378
148
260
165
256
152
337
169
334
152
337
168
335
152
337
170
334
151
374
171
370
151
374
171
371
152
372
171
369
152
372
172
370
150
380
169
378
156
336
172
333
156
336
170
334
156
336
175
336
154
376
173
373
154
376
175
373
155
375
175
373
155
375
176
374
157
376
176
374
157
376
177
376
160
337
177
335
160
337
175
336
160
337
178
335
160
337
178
337
160
337
179
337
159
336
177
335
159
336
178
335
159
336
178
337
159
338
177
335
159
338
175
336
159
338
178
335
159
338
178
337
159
338
179
337
160
341
178
337
160
341
179
337
159
340
175
336
159
340
178
337
159
340
179
337
158
341
178
337
160
338
177
335
160
338
175
336
160
338
178
335
160
338
178
337
160
338
179
337
162
337
177
335
162
337
178
335
162
337
181
336
162
337
179
337
162
337
182
336
163
337
181
336
163
337
182
336
163
337
183
336
164
338
181
336
164
338
183
337
164
338
182
336
164
338
183
336
164
338
184
339
164
338
183
338
165
341
183
337
165
341
185
341
165
341
184
339
165
341
185
339
165
341
183
338
165
338
181
336
165
338
183
337
165
338
185
337
165
338
182
336
165
338
183
336
165
338
184
339
165
338
185
339
165
338
183
338
163
338
181
336
163
338
183
337
163
338
182
336
163
338
183
336
163
338
183
338
162
338
177
335
162
338
178
335
162
338
181
336
162
338
178
337
162
338
179
337
162
338
182
336
164
384
184
382
165
384
185
381
165
384
184
382
169
338
185
337
169
338
186
337
169
338
188
337
169
338
189
337
169
338
189
338
166
339
183
337
166
339
185
337
166
339
183
336
166
339
185
341
166
339
184
339
166
339
185
339
166
339
183
338
166
339
186
337
166
339
186
340
169
339
185
337
169
339
185
339
169
339
186
337
169
339
188
337
169
339
189
337
169
339
186
340
169
339
187
341
169
339
187
340
169
339
188
339
169
339
189
338
169
339
190
338
169
340
185
337
169
340
185
339
169
340
186
337
169
340
188
337
169
340
189
337
169
340
186
340
169
340
187
341
169
340
187
340
169
340
188
339
169
340
188
341
169
340
189
338
169
340
190
338
168
341
185
337
168
341
185
341
168
341
184
339
168
341
185
339
168
341
186
337
168
341
188
337
168
341
189
337
168
341
186
340
168
341
187
341
168
341
187
340
168
341
188
339
168
341
188
341
168
341
189
338
165
381
184
379
164
381
184
379
169
379
187
378
169
379
188
377
169
379
188
375
164
378
183
376
169
376
188
377
169
376
190
376
169
376
188
375
169
376
190
375
173
202
194
195
173
202
194
197
173
211
193
209
173
211
193
208
170
339
186
337
170
339
188
337
170
339
189
337
170
339
186
340
170
339
187
340
170
339
188
339
170
339
189
338
170
339
190
338
170
340
186
337
170
340
188
337
170
340
189
337
170
340
189
341
170
340
186
340
170
340
187
341
170
340
187
340
170
340
188
339
170
340
188
341
170
340
189
338
170
340
190
338
171
341
189
341
171
341
186
340
171
341
187
341
171
341
187
340
171
341
188
339
171
341
188
341
171
341
189
338
171
341
190
338
172
379
190
376
172
379
190
375
168
382
186
381
168
382
187
378
168
382
187
380
175
195
195
190
175
195
196
190
174
197
194
195
174
197
194
197
175
201
196
193
175
201
196
196
175
201
195
196
174
204
194
197
174
203
195
196
174
203
194
195
174
203
194
197
175
208
195
201
175
208
195
202
175
208
194
206
175
208
194
209
175
208
194
207
175
208
194
208
174
209
193
208
174
209
194
206
174
209
194
207
172
343
189
341
172
343
187
341
172
343
188
341
172
344
189
341
172
344
188
341
172
344
192
344
172
344
193
344
172
344
192
345
174
345
192
344
174
345
193
344
174
345
192
345
181
54
197
52
181
156
203
152
181
158
204
152
181
158
203
154
181
198
201
196
181
208
201
205
181
270
199
268
181
270
200
269
181
270
200
270
180
274
200
273
180
274
201
274
178
346
196
344
178
346
196
348
177
347
196
344
177
347
196
348
185
180
205
175
185
183
203
184
182
188
203
184
182
188
202
186
185
200
204
199
184
203
204
199
184
203
202
204
182
206
201
205
182
212
201
208
183
213
202
212
183
213
202
211
184
215
202
212
184
215
202
211
183
214
202
212
183
214
202
211
183
215
202
212
184
221
203
221
184
221
203
222
183
221
202
222
184
222
203
221
184
222
202
223
184
222
203
223
184
222
203
222
184
222
202
222
182
224
201
226
183
240
201
241
185
238
204
237
185
238
204
236
182
242
201
241
182
249
200
250
183
251
201
251
182
250
200
250
185
255
203
256
185
255
204
254
185
255
204
255
185
255
204
251
183
257
201
258
182
258
200
254
182
258
201
258
182
259
200
254
182
259
201
261
182
259
201
258
182
260
201
261
182
260
201
258
182
275
200
273
182
275
201
274
182
275
202
274
180
352
199
349
180
352
200
350
180
352
200
352
184
351
203
349
184
351
204
350
184
351
205
350
184
351
203
351
184
351
205
351
184
351
202
350
184
351
202
351
183
352
203
349
183
352
204
350
183
352
200
350
183
352
200
352
183
352
203
351
183
352
205
351
183
352
202
350
183
352
202
351
185
351
203
349
185
351
204
350
185
351
205
350
185
351
203
351
185
351
205
351
185
351
202
350
185
351
205
352
185
351
202
351
185
351
208
351
185
351
206
352
185
351
207
352
183
351
203
349
183
351
204
350
183
351
205
350
183
351
200
350
183
351
203
351
183
351
202
350
183
351
202
351
183
350
203
349
183
350
204
350
183
350
200
350
183
350
202
350
183
350
202
351
184
353
204
350
184
353
200
352
184
353
203
353
184
353
203
351
184
353
205
351
184
353
202
350
184
353
205
352
184
353
202
351
184
353
204
353
184
353
205
353
184
353
207
353
184
353
206
352
184
353
206
353
184
353
207
352
188
145
208
147
187
161
208
159
187
161
209
159
187
161
208
160
187
163
209
159
187
163
208
160
186
179
205
175
186
217
205
214
189
227
208
226
189
228
208
226
189
230
208
226
189
232
208
232
189
232
208
233
187
233
206
233
187
253
205
253
187
253
205
252
187
253
206
250
187
251
205
252
187
251
206
250
188
250
206
250
189
250
207
250
186
252
204
249
186
252
204
251
187
252
205
253
187
252
205
252
187
252
206
250
189
341
209
341
189
341
208
341
189
341
208
340
189
341
209
339
189
341
208
342
189
341
211
340
189
341
211
343
189
341
211
344
189
344
209
341
189
344
208
341
189
344
208
342
189
344
208
344
189
344
209
345
189
344
211
343
189
344
211
344
189
344
210
345
189
345
208
342
189
345
208
344
189
345
209
345
189
345
208
347
189
345
208
346
189
345
209
348
189
345
211
344
189
345
210
345
189
349
208
347
189
349
208
346
189
349
209
348
189
348
209
345
189
348
208
347
189
348
208
346
189
348
209
348
189
347
208
344
189
347
209
345
189
347
208
347
189
347
208
346
189
347
209
348
189
347
210
345
189
346
208
344
189
346
209
345
189
346
208
347
189
346
208
346
189
346
209
348
189
346
210
345
187
353
205
350
187
353
203
353
187
353
203
351
187
353
205
351
187
353
205
352
187
353
204
353
187
353
205
353
187
353
207
353
187
353
208
351
187
353
208
353
187
353
206
352
187
353
206
353
187
353
207
352
186
351
203
349
186
351
204
350
186
351
205
350
186
351
203
351
186
351
205
351
186
351
205
352
186
351
208
351
186
351
206
352
186
351
207
352
186
353
205
350
186
353
203
353
186
353
203
351
186
353
205
351
186
353
205
352
186
353
204
353
186
353
205
353
186
353
207
353
186
353
208
353
186
353
206
352
186
353
206
353
186
353
207
352
189
352
205
350
189
352
205
351
189
352
205
352
189
352
207
353
189
352
208
351
189
352
208
353
189
352
206
352
189
352
207
352
188
55
197
52
192
56
197
52
193
139
213
139
192
153
213
152
192
166
214
164
192
179
212
177
192
180
212
177
190
188
211
185
190
188
211
184
191
188
211
185
191
188
211
184
191
188
211
186
193
191
213
190
193
191
212
190
193
191
211
191
193
191
212
191
193
191
214
188
193
192
213
190
193
192
212
190
193
192
211
191
193
192
212
191
193
192
214
188
191
193
211
191
191
193
210
192
190
206
210
202
190
206
210
203
190
225
208
226
192
229
211
225
192
229
211
227
192
229
211
228
190
227
208
226
192
228
211
225
192
228
211
227
192
228
211
228
193
226
211
225
193
229
213
224
193
229
211
229
193
229
211
228
193
229
212
228
193
230
213
224
193
230
211
229
193
230
212
228
193
231
213
224
193
231
212
228
193
231
214
223
190
231
209
231
189
241
208
238
189
241
208
239
192
243
210
241
192
243
211
241
192
243
210
242
193
242
212
240
193
242
212
239
193
242
211
241
193
243
212
241
193
243
212
240
193
243
212
239
193
243
211
241
193
243
211
243
191
244
210
241
191
244
210
242
192
244
211
241
192
244
210
242
192
244
211
243
193
244
212
241
193
244
212
242
193
244
212
243
193
244
211
243
193
244
211
244
190
249
209
248
190
249
208
250
192
247
211
246
193
247
211
246
193
248
211
246
192
246
211
243
192
246
211
244
190
260
208
259
192
261
211
260
192
261
211
261
192
260
211
260
192
260
211
259
192
260
211
261
193
259
212
259
193
259
211
260
193
259
212
258
193
259
211
259
190
261
208
259
189
259
208
259
193
276
212
275
193
276
213
275
192
341
209
339
192
341
211
340
192
341
213
339
192
341
213
342
192
341
214
341
190
340
208
340
190
340
209
339
190
340
211
340
190
340
213
342
190
340
214
341
193
341
211
340
193
341
213
339
193
341
213
342
193
341
214
341
190
345
208
341
190
345
208
342
190
345
208
344
190
345
209
345
190
345
211
343
190
345
211
344
190
345
210
345
190
342
209
341
190
342
208
341
190
342
208
340
190
342
209
339
190
342
211
340
190
342
211
343
190
342
211
344
193
344
211
343
193
344
213
342
193
344
211
344
193
344
213
345
192
342
209
339
192
342
211
340
192
342
211
343
192
342
213
342
192
342
214
341
190
349
208
347
190
349
208
346
190
349
209
348
193
348
209
345
193
348
210
345
193
348
213
345
190
347
208
344
190
347
209
345
190
347
208
347
190
347
208
346
190
347
209
348
190
347
210
345
191
346
208
342
191
346
208
344
191
346
209
345
191
346
211
343
191
346
211
344
191
346
210
345
191
349
208
347
191
349
208
346
191
349
209
348
192
349
209
345
192
349
208
347
192
349
208
346
192
349
209
348
193
474
208
473
193
474
212
476
193
476
212
476
197
134
214
137
197
135
216
136
197
135
214
137
197
135
215
137
194
173
214
170
194
173
215
171
196
172
217
170
195
173
216
171
195
173
215
171
195
173
216
172
195
176
216
174
196
176
216
173
196
176
217
175
196
176
216
174
194
174
214
170
194
174
215
171
196
177
217
176
196
177
217
175
196
177
216
174
194
193
213
190
194
193
215
190
194
193
214
192
194
193
214
191
194
189
214
188
194
232
213
228
194
232
215
223
194
242
212
241
194
242
212
240
195
244
213
243
196
258
214
257
196
258
215
259
196
258
214
258
196
258
215
258
197
259
215
259
197
260
215
259
194
258
212
259
194
258
212
258
194
260
212
259
194
260
213
260
195
258
213
259
195
258
214
259
195
258
214
258
196
273
215
273
196
273
216
273
194
276
212
275
194
276
213
275
195
274
214
274
196
274
215
273
195
275
214
274
195
275
213
274
197
339
215
339
197
339
216
339
194
340
213
339
194
340
215
339
194
340
214
341
195
340
213
339
195
340
215
339
195
340
216
339
195
340
214
341
196
340
215
339
196
340
216
339
195
342
213
339
195
342
213
342
195
342
214
341
194
344
211
340
194
344
211
343
194
344
213
342
194
344
213
345
195
344
211
340
195
344
213
342
196
344
211
340
196
344
213
342
196
344
214
341
196
345
213
342
196
365
214
365
196
365
217
364
196
365
215
365
196
365
217
366
196
362
213
360
196
362
217
361
196
362
214
360
196
362
217
363
196
362
216
362
194
360
213
360
194
360
214
360
197
360
214
360
195
360
213
360
195
360
214
360
197
363
217
361
197
363
217
363
197
363
217
364
197
363
216
362
194
365
214
365
194
365
217
364
194
365
215
365
194
361
213
360
194
361
217
361
194
361
214
360
196
367
214
365
196
367
215
365
196
367
217
366
196
367
216
368
195
366
214
365
195
366
215
365
195
366
217
366
196
366
214
365
196
366
215
365
196
366
217
366
195
371
215
371
196
373
215
371
196
373
216
372
196
373
217
372
196
373
215
374
195
372
215
371
195
372
216
372
197
370
216
368
197
370
216
369
197
370
215
371
196
375
216
372
196
375
217
372
196
375
216
375
196
375
217
374
196
375
215
374
197
374
216
372
197
374
217
372
197
374
216
375
197
374
217
374
197
374
215
374
197
379
217
376
197
379
216
378
197
379
220
377
196
401
211
398
196
401
215
401
196
401
216
400
197
400
217
399
197
400
217
400
197
400
216
400
197
400
218
400
194
402
213
401
194
402
214
403
200
66
223
64
199
69
218
67
199
146
222
144
200
146
222
144
199
172
220
171
201
172
222
171
201
172
223
171
199
173
220
171
200
174
221
172
200
174
220
171
201
177
222
176
199
269
217
269
201
276
219
275
201
276
220
275
198
274
216
273
198
274
218
274
199
275
219
274
199
275
219
275
199
275
218
274
199
275
220
275
200
276
219
275
200
276
220
275
201
345
222
345
201
345
220
345
201
345
222
343
199
345
220
345
201
378
220
377
201
378
220
376
201
376
220
377
201
376
220
376
201
379
221
379
201
379
220
377
201
379
220
376
198
377
216
375
198
377
217
374
198
377
217
376
198
377
216
378
198
377
220
377
198
377
220
376
198
379
217
376
198
379
216
378
198
379
220
377
198
379
220
376
201
377
220
377
201
377
220
376
199
380
216
378
199
380
221
379
199
380
218
380
199
380
220
377
199
380
220
376
199
380
221
380
199
385
217
383
199
385
219
384
199
385
219
382
200
383
219
382
200
384
217
383
200
384
219
382
199
383
218
380
199
383
219
382
198
389
218
388
198
389
219
387
200
387
219
384
199
389
218
388
199
389
219
387
199
388
219
387
199
386
217
383
199
386
219
384
199
387
219
384
199
391
219
390
198
401
217
400
198
401
216
400
198
401
218
400
198
401
220
401
199
401
217
400
199
401
216
400
199
401
218
400
199
401
220
401
201
402
217
400
201
402
216
400
201
402
218
400
201
402
220
401
199
405
214
403
199
405
217
404
200
403
215
401
199
404
213
401
199
404
215
401
199
404
217
404
198
403
213
401
198
403
215
401
198
403
217
404
201
409
217
406
201
409
220
410
201
409
220
409
200
407
214
404
200
407
217
406
200
410
220
410
200
410
220
409
201
474
221
473
201
474
220
474
201
474
223
473
201
474
222
474
201
474
222
475
201
474
223
476
205
50
222
47
205
50
226
47
205
67
223
64
204
71
223
68
204
71
226
69
204
129
221
129
204
129
223
127
205
130
221
129
205
130
223
127
203
132
221
129
203
132
219
133
203
132
219
134
204
131
221
129
204
131
223
127
205
139
227
137
204
153
225
151
203
151
225
149
204
150
225
149
205
166
227
164
205
166
228
163
205
167
227
164
205
173
227
171
202
173
222
171
202
173
223
171
200
182
220
180
200
182
220
179
200
182
221
180
200
182
221
181
200
182
222
182
201
185
221
180
201
185
221
181
201
185
223
184
201
185
222
185
201
185
222
182
201
185
222
183
204
264
222
265
205
265
222
265
205
265
224
266
202
276
219
275
202
276
220
275
203
294
220
292
203
294
220
294
203
345
222
345
203
345
220
345
203
345
222
343
203
344
221
342
203
344
222
345
203
344
222
343
205
396
224
395
205
396
224
396
205
396
225
396
205
396
226
396
203
396
219
394
203
396
224
396
204
426
224
425
204
432
222
432
204
432
223
432
203
474
223
473
203
474
222
474
203
474
222
475
203
474
223
476
203
474
224
476
203
475
222
475
203
475
223
476
203
475
224
476
204
476
223
476
204
476
224
476
208
50
222
47
208
50
226
47
206
56
222
53
206
56
224
53
206
56
225
53
209
57
224
53
209
57
225
53
206
70
228
68
206
70
229
68
206
70
226
68
207
72
226
69
207
72
228
70
209
140
231
136
206
145
229
143
207
142
229
140
208
147
229
145
204
146
224
144
209
154
229
152
209
155
229
154
208
155
229
154
208
154
229
152
208
159
230
157
207
164
228
163
207
172
229
171
207
172
230
171
208
184
230
181
208
184
231
182
206
186
229
184
206
186
228
185
209
184
230
181
209
184
231
181
209
184
231
182
208
185
229
184
208
187
229
184
208
187
228
185
206
188
228
185
208
186
229
184
209
293
228
291
208
292
228
291
208
369
229
369
208
369
227
369
208
369
228
368
208
369
227
368
209
369
229
369
209
369
229
368
209
369
228
368
209
369
227
368
209
369
230
369
208
368
228
368
208
368
227
368
207
368
227
369
207
368
228
368
207
368
227
368
206
377
226
377
207
377
226
377
207
377
228
377
206
378
226
377
209
378
228
377
207
397
224
395
207
397
224
396
207
397
225
396
207
397
226
396
207
397
228
397
207
397
226
398
207
396
224
395
207
396
224
396
207
396
225
396
207
396
228
396
207
396
226
396
207
396
228
397
209
429
231
428
207
432
227
432
208
432
227
432
208
473
224
476
208
473
229
473
206
473
222
475
206
473
223
476
206
473
224
476
206
473
227
472
206
473
226
472
206
473
229
473
210
50
226
47
213
50
226
47
213
56
234
53
212
56
225
52
212
56
234
53
211
71
228
68
211
71
229
68
212
143
232
141
212
143
234
141
212
143
235
140
212
143
235
141
210
143
232
141
213
141
233
139
213
141
235
139
213
141
235
140
210
217
230
216
213
226
232
225
213
226
230
225
213
226
234
224
213
229
234
227
212
292
228
291
210
343
229
342
210
343
228
344
210
343
229
344
210
343
227
345
210
343
230
343
213
345
231
345
213
345
233
344
213
345
234
344
210
345
228
344
210
345
229
344
210
345
227
345
210
345
230
343
210
345
230
344
211
344
229
344
211
344
230
343
211
344
230
344
212
369
232
369
212
369
231
368
212
369
230
368
210
368
229
368
210
368
230
368
211
369
229
368
211
369
230
369
211
369
231
368
211
369
230
368
210
369
229
369
210
369
229
368
210
369
228
368
210
369
230
369
210
369
230
368
211
374
230
374
211
374
232
374
210
374
230
374
212
374
230
374
212
374
232
374
213
432
232
432
213
432
233
432
212
473
229
473
217
70
239
68
215
71
235
68
215
71
238
69
214
70
235
68
214
70
238
68
217
132
238
129
217
173
237
171
217
193
237
190
217
193
239
189
215
193
237
190
215
193
234
193
215
193
235
192
212
195
234
193
212
195
235
192
213
194
234
193
213
194
235
192
217
226
234
224
217
226
237
224
217
226
234
225
217
226
237
226
217
226
238
225
216
226
232
225
216
226
234
224
216
226
237
224
216
226
234
225
216
226
237
226
216
226
238
225
214
228
234
225
214
228
234
227
216
228
234
227
216
228
237
226
216
228
235
227
216
228
237
227
216
228
238
225
215
229
233
228
215
229
234
227
215
229
235
227
215
229
237
227
215
229
234
228
215
229
236
228
217
229
234
227
217
229
237
226
217
229
235
227
217
229
237
227
217
229
234
228
217
229
236
228
217
229
239
226
217
229
238
228
214
300
233
299
217
345
236
344
217
345
237
344
217
345
234
345
217
345
238
345
217
345
238
344
215
374
234
374
214
397
233
397
214
397
232
396
217
425
236
425
217
432
236
432
217
432
240
432
221
51
238
47
221
51
244
48
220
56
245
54
220
56
244
54
219
71
235
68
219
71
238
68
219
71
239
68
218
71
235
68
218
71
238
68
218
71
239
68
221
70
242
67
221
132
241
129
217
143
238
141
219
141
241
139
219
141
242
139
219
149
240
148
219
149
241
147
221
170
243
168
221
181
243
180
221
183
243
182
221
183
243
180
221
183
242
182
221
184
243
182
221
184
242
184
221
184
242
182
219
186
241
185
219
186
239
185
219
186
240
186
216
189
237
190
216
189
237
188
216
189
239
187
216
189
238
187
217
188
237
188
217
188
239
185
217
188
239
187
217
188
240
186
217
188
238
187
219
188
241
185
219
188
240
189
219
188
239
187
219
188
240
186
219
188
239
189
218
187
239
185
218
187
239
187
218
187
240
186
218
187
238
187
221
217
242
216
219
221
240
220
219
221
241
220
218
225
234
224
218
225
237
224
218
225
238
225
218
224
237
224
221
226
237
224
221
226
238
225
218
226
234
224
218
226
237
224
218
226
234
225
218
226
237
226
218
226
238
225
220
227
237
224
220
227
237
226
220
227
238
225
220
227
241
225
220
227
239
226
220
227
241
226
218
232
234
229
221
235
242
234
219
292
237
291
219
292
241
291
219
292
239
291
218
292
237
291
218
292
239
291
220
306
240
305
218
342
238
342
218
343
238
342
218
343
240
343
221
345
241
344
221
345
238
345
221
345
238
344
221
345
240
345
219
344
236
344
219
344
237
344
219
344
241
344
219
344
238
344
219
344
240
343
220
344
237
344
220
344
241
344
220
344
238
344
220
344
240
343
219
345
237
344
219
345
238
345
219
345
238
344
219
345
240
345
218
344
236
344
218
344
237
344
218
344
238
344
218
374
237
374
218
425
236
425
221
450
241
450
218
474
238
473
218
474
239
473
219
474
238
473
219
474
239
473
224
51
238
47
224
51
244
48
222
50
238
47
222
50
244
48
222
57
245
54
222
57
244
54
223
148
245
146
223
148
244
146
224
148
245
146
224
168
245
166
224
168
246
166
224
168
246
168
222
170
244
168
222
170
243
168
225
181
245
180
222
181
243
180
225
185
247
184
225
186
247
184
222
217
242
216
223
217
242
216
223
226
240
222
222
226
240
222
222
236
243
234
223
234
245
232
224
289
244
289
222
289
244
289
224
387
245
387
225
387
245
387
225
387
246
387
224
396
245
397
222
397
241
397
222
397
242
397
220
403
240
403
220
403
240
404
220
404
240
404
221
404
240
404
223
425
246
425
225
432
245
432
225
432
246
432
225
432
253
432
225
433
246
432
225
435
250
435
225
435
249
435
224
446
245
446
224
446
243
447
224
446
245
447
224
446
246
446
224
446
247
446
224
446
246
447
224
446
247
447
225
446
245
446
225
446
243
447
225
446
245
447
225
446
246
446
225
446
247
446
225
446
246
447
225
446
247
447
224
449
241
450
224
449
243
448
224
449
243
449
224
449
246
450
224
448
243
447
224
448
245
447
224
448
243
448
224
448
243
449
222
449
241
450
222
449
243
448
222
449
243
449
225
447
243
447
225
447
245
447
225
447
243
448
225
447
246
447
225
447
247
447
222
451
241
450
222
451
243
452
222
451
242
452
224
451
241
450
224
451
243
452
224
451
242
452
224
451
245
452
223
451
241
450
223
451
243
452
223
451
242
452
222
450
241
450
222
450
243
449
223
452
243
452
223
452
242
452
223
452
245
452
223
454
241
455
223
454
242
455
224
455
241
455
224
455
242
455
224
455
242
456
223
456
241
455
223
456
242
455
223
456
242
456
226
51
244
48
227
56
248
54
229
57
245
54
229
57
244
54
229
57
248
54
227
57
245
54
227
57
244
54
227
57
248
54
226
57
245
54
226
57
244
54
226
57
248
54
229
70
246
67
229
70
250
67
229
70
252
68
229
70
253
68
227
129
251
128
229
131
251
128
229
131
251
130
229
131
252
130
227
145
249
141
229
142
249
141
228
142
249
141
227
159
248
158
224
160
245
159
227
161
248
160
227
161
249
160
227
161
248
159
228
180
250
178
229
180
250
178
228
192
249
191
228
192
249
192
228
192
249
193
228
192
250
191
227
192
247
192
227
192
249
191
227
192
249
192
229
190
249
188
229
190
249
191
229
190
251
189
229
190
250
191
229
190
251
190
228
189
249
188
228
189
249
186
229
189
249
188
229
189
251
188
229
188
249
188
229
188
249
186
228
191
249
188
228
191
249
191
228
191
249
192
228
191
250
191
227
188
248
185
227
188
249
186
227
193
247
192
227
193
249
191
227
193
249
192
227
193
249
193
226
196
246
193
226
196
247
193
226
196
248
196
226
196
249
196
224
196
245
195
224
196
247
196
228
197
249
195
228
197
248
196
228
197
249
196
225
194
247
192
225
194
246
193
225
194
247
193
229
194
249
191
229
194
249
192
229
194
249
193
229
194
251
193
225
195
246
193
225
195
247
193
228
195
249
193
228
195
249
195
229
208
251
206
228
309
248
308
228
309
249
308
227
309
248
308
229
308
249
308
227
340
247
341
226
387
245
387
226
387
246
387
226
387
247
387
227
387
245
387
227
387
246
387
227
387
247
387
227
387
248
387
227
401
246
401
227
401
248
401
227
401
249
401
226
432
245
432
226
432
246
432
226
432
253
432
226
434
250
435
226
434
249
435
228
435
250
435
228
435
249
435
228
435
253
435
229
447
246
447
229
447
247
447
229
447
250
449
226
446
245
446
226
446
245
447
226
446
246
446
226
446
247
446
226
446
246
447
226
446
247
447
226
447
243
447
226
447
245
447
226
447
246
447
226
447
247
447
227
447
245
447
227
447
246
447
227
447
247
447
227
447
250
449
227
446
245
446
227
446
245
447
227
446
246
446
227
446
247
446
227
446
246
447
227
446
247
447
228
451
248
451
228
451
247
451
228
451
249
453
228
451
246
450
228
451
246
452
228
451
250
452
227
451
245
452
227
451
248
451
227
451
247
451
227
451
246
452
227
451
250
452
226
450
243
449
226
450
248
451
226
450
247
451
226
450
246
450
226
450
246
452
226
452
243
452
226
452
242
452
226
452
245
452
226
452
247
451
226
452
246
453
226
452
246
452
227
452
245
452
227
452
248
451
227
452
247
451
227
452
247
453
227
452
249
453
227
452
246
453
227
452
248
453
227
452
246
452
229
452
248
451
229
452
247
451
229
452
247
453
229
452
249
453
229
452
246
453
229
452
248
453
229
452
246
452
229
452
250
452
230
51
253
48
230
51
255
48
230
57
245
54
230
57
248
54
230
57
253
53
232
71
250
67
232
71
252
68
232
71
253
68
232
71
257
68
232
124
256
124
233
125
256
124
233
125
257
125
233
129
256
124
233
129
257
125
231
130
251
128
231
130
252
130
230
132
251
128
230
132
251
130
230
132
252
130
232
136
255
135
232
148
254
145
231
149
252
148
230
150
252
148
231
175
253
173
233
181
254
180
233
183
255
180
233
183
254
180
233
182
254
180
230
188
251
188
230
188
251
189
230
189
251
188
230
189
251
189
230
189
250
191
230
189
251
190
230
193
251
193
230
193
252
192
230
193
252
193
231
214
253
213
232
216
254
215
233
220
256
219
233
219
256
219
233
289
254
288
230
308
251
307
230
387
248
387
232
413
253
414
230
413
253
414
230
413
252
414
230
413
255
414
232
415
252
414
232
415
251
415
232
415
252
415
232
415
253
415
232
415
255
415
232
415
256
416
232
415
256
415
232
415
254
415
233
415
253
414
233
415
252
414
233
415
251
415
233
415
252
415
233
415
253
415
233
415
255
415
233
415
256
416
233
415
256
415
233
415
254
415
230
426
246
425
230
426
260
426
233
425
246
425
233
425
260
426
230
435
250
435
230
435
249
435
230
435
253
435
231
435
250
435
231
435
253
435
231
448
252
448
231
448
253
448
231
448
250
449
231
448
252
449
231
448
252
450
231
448
251
450
232
448
252
448
232
448
253
448
232
448
252
449
232
448
252
450
233
448
252
448
233
448
253
448
233
448
252
449
232
449
252
448
232
449
253
448
232
449
250
449
232
449
252
449
232
449
252
450
232
449
251
450
228
454
247
453
228
454
246
453
228
454
248
453
232
461
248
462
232
461
250
461
232
461
251
461
232
461
252
462
232
461
253
462
230
461
249
460
230
461
248
462
230
461
250
460
230
461
250
461
230
461
251
461
229
459
248
460
229
459
249
460
229
459
249
458
231
461
248
462
231
461
250
460
231
461
250
461
231
461
251
461
231
461
252
462
231
461
253
462
230
460
248
460
230
460
249
460
230
460
250
460
230
460
250
461
230
460
251
461
233
461
251
461
233
461
252
462
233
461
253
462
233
461
255
460
233
461
256
461
233
461
254
462
234
56
253
53
237
57
253
53
234
71
250
67
234
71
252
68
234
71
253
68
234
71
257
68
236
71
250
67
236
71
253
68
236
71
257
68
236
132
260
129
235
129
257
125
235
130
257
125
236
130
260
129
237
131
260
129
234
129
256
124
234
129
257
125
237
132
260
129
235
143
258
140
237
142
259
141
237
142
258
140
237
142
259
140
237
144
259
141
237
144
258
140
237
144
259
140
234
157
256
155
235
161
256
159
236
181
259
177
237
195
260
195
237
205
260
204
236
215
257
213
236
215
258
214
235
217
256
216
235
217
257
215
236
216
257
213
236
216
256
214
236
216
258
214
234
216
257
213
234
216
256
214
234
216
257
215
234
221
256
220
234
220
257
219
234
220
256
219
235
220
257
219
235
218
256
216
236
225
259
222
236
225
259
223
236
225
258
222
236
224
259
222
236
223
258
221
236
223
259
222
236
223
258
222
235
305
256
304
237
304
258
304
236
305
257
304
234
306
255
305
234
306
254
305
237
344
257
344
237
344
258
344
232
345
252
345
235
344
256
343
237
397
257
398
237
397
258
398
235
398
253
398
235
398
257
398
236
405
254
405
236
405
256
405
236
405
258
405
234
409
248
409
234
415
253
414
234
415
252
414
234
415
251
415
234
415
252
415
234
415
253
415
234
415
255
415
234
415
256
416
234
415
256
415
234
415
254
415
234
415
258
415
235
414
253
414
235
414
252
414
235
414
257
414
235
414
255
415
235
414
255
414
235
414
256
415
235
414
254
415
235
414
258
415
235
414
260
415
236
432
255
432
234
446
254
447
237
448
257
448
237
448
257
449
237
448
255
448
237
448
256
450
236
448
257
448
236
448
257
449
236
448
254
447
236
448
255
448
236
448
256
450
235
447
254
447
235
447
255
448
237
449
257
448
237
449
257
449
237
449
255
448
237
449
256
450
237
457
257
459
237
457
255
458
237
457
255
459
237
457
259
458
236
457
255
458
236
457
255
459
237
459
257
459
237
459
255
460
237
459
254
460
237
459
255
459
237
459
256
460
237
459
257
460
237
459
256
461
237
459
257
461
237
459
258
460
236
460
252
462
236
460
253
462
236
460
255
460
236
460
256
460
236
460
257
460
236
460
256
461
236
460
257
461
236
460
256
462
236
460
255
462
236
460
254
462
236
460
258
460
236
460
258
461
236
459
253
460
236
459
257
459
236
459
255
460
236
459
254
460
236
459
255
459
236
459
256
460
236
459
257
460
236
459
256
461
236
459
257
461
236
459
258
460
235
459
253
460
235
459
251
461
235
459
257
459
235
459
255
460
235
459
255
458
235
459
254
460
235
459
255
459
235
459
256
460
235
459
257
460
237
460
252
462
237
460
253
462
237
460
255
460
237
460
256
460
237
460
257
460
237
460
256
461
237
460
257
461
237
460
256
462
237
460
255
462
237
460
254
462
237
460
258
460
237
460
258
461
234
461
252
462
234
461
253
462
234
461
256
460
234
461
256
461
234
461
257
461
234
461
256
462
234
461
255
462
234
461
254
462
235
461
252
462
235
461
253
462
235
461
256
461
235
461
257
461
235
461
256
462
235
461
255
462
235
461
254
462
236
461
253
462
236
461
256
461
236
461
257
461
236
461
256
462
236
461
255
462
236
461
254
462
236
461
258
461
237
461
256
461
237
461
257
461
237
461
256
462
237
461
255
462
237
461
254
462
237
461
258
461
238
68
261
64
241
72
253
68
241
72
257
68
241
72
268
69
236
77
254
73
238
77
254
73
237
127
260
129
238
128
260
129
239
131
260
129
239
133
260
129
238
133
260
129
237
146
259
141
238
162
259
161
238
205
260
204
238
205
260
205
240
209
261
209
239
208
262
208
241
208
262
208
239
207
261
206
239
207
262
207
238
211
260
211
238
211
260
210
241
210
262
210
239
211
260
210
239
211
262
210
238
212
259
211
238
212
260
211
239
212
260
211
238
213
259
212
241
224
264
221
241
224
263
221
241
224
264
222
239
225
262
223
240
225
262
223
241
225
263
223
241
225
264
222
241
225
264
223
241
269
261
267
241
269
263
268
241
268
261
266
240
268
261
267
239
275
261
274
240
275
261
274
240
303
261
302
238
304
259
303
239
376
260
377
238
377
259
378
240
388
261
388
238
400
259
401
238
401
259
401
239
401
259
401
239
413
261
414
240
426
260
426
241
445
262
446
241
445
262
447
238
447
257
448
238
447
259
447
238
446
259
447
240
446
259
447
238
448
257
448
238
448
257
449
240
457
259
457
240
457
260
459
240
457
259
458
240
457
259
459
238
452
258
453
238
452
259
453
238
452
258
452
241
452
261
453
241
452
261
452
241
452
260
453
241
452
262
451
241
452
262
452
241
452
262
453
239
456
259
457
239
456
259
458
239
457
259
457
239
457
260
459
239
457
259
458
239
457
259
459
239
452
260
451
239
452
261
452
239
452
258
453
239
452
259
453
239
452
260
453
239
452
258
452
241
459
260
459
241
459
260
460
240
458
260
459
240
458
259
458
240
458
259
459
240
458
259
460
240
458
260
460
239
459
257
460
239
459
260
459
239
459
258
460
239
459
259
458
239
459
259
459
239
459
259
460
239
459
260
460
239
459
258
461
240
459
260
459
240
459
259
458
240
459
259
459
240
459
259
460
240
459
260
460
241
458
260
459
241
458
259
458
241
458
260
460
238
460
253
462
238
460
256
460
238
460
257
460
238
460
256
461
238
460
257
461
238
460
255
462
238
460
254
462
238
460
258
460
238
460
259
460
238
460
258
461
239
460
258
460
239
460
259
460
239
460
260
460
239
460
258
461
238
472
259
473
238
472
258
473
245
57
277
54
243
71
270
68
245
72
257
68
245
72
268
69
245
72
273
69
245
72
272
69
245
72
270
68
244
73
268
69
243
72
257
68
243
72
268
69
243
72
273
69
243
72
272
69
245
71
270
68
242
72
257
68
242
72
268
69
242
72
273
69
242
72
272
69
243
134
265
133
240
176
262
173
240
175
262
173
240
174
260
173
242
212
264
212
243
222
265
220
242
222
264
220
242
222
264
221
242
222
265
220
244
237
266
235
243
238
265
236
244
254
266
253
244
255
265
254
244
255
266
253
243
260
265
259
245
259
267
258
244
260
265
259
242
269
263
268
240
266
260
265
240
266
261
265
240
266
260
264
243
272
265
270
243
272
264
271
242
270
263
268
242
270
263
269
242
273
264
271
242
273
263
272
242
274
263
272
242
290
263
289
242
378
263
379
242
401
259
401
244
431
264
432
244
431
266
432
243
447
264
447
243
447
263
447
244
447
264
447
245
449
265
450
245
449
264
451
245
449
265
452
245
449
266
451
243
446
264
447
243
446
263
447
244
446
264
447
242
446
262
446
242
446
263
447
242
446
262
447
245
456
265
457
242
452
261
453
242
452
261
452
242
452
262
451
242
452
262
452
242
452
262
453
245
454
265
457
248
67
272
64
249
243
270
243
247
249
269
248
246
260
268
258
246
260
268
259
246
260
267
258
246
259
268
258
247
260
268
258
247
260
269
259
247
260
269
258
248
260
269
259
248
260
269
258
248
259
269
258
248
259
270
256
248
261
269
259
248
261
269
260
248
261
269
258
249
291
271
289
246
291
267
289
249
388
270
389
247
401
265
401
249
472
269
473
250
289
271
288
250
372
271
372
250
389
271
389
251
388
272
389
250
388
271
388
250
388
271
389
252
413
273
414
256
471
276
473
256
471
276
474
259
268
280
265
259
268
280
266
259
274
281
272
259
274
280
271
261
275
281
272
258
472
279
473
261
471
282
474
260
471
280
473
259
484
279
486
262
472
282
474
262
473
282
474
262
486
281
488
265
528
284
530
265
534
284
536
265
534
284
535
265
534
284
534
265
534
284
537
265
536
284
536
265
536
284
537
268
414
290
412
267
490
287
496
266
521
285
522
266
521
285
523
270
393
289
391
270
393
290
392
271
393
290
392
271
394
290
392
273
398
292
396
281
521
300
523
281
522
299
523
282
417
303
416
292
535
310
537
292
535
311
538
