P1011069.JPG
P1011070.JPG
180
425
286
355
175
424
279
353
169
427
274
354
169
427
274
353
164
421
271
346
164
421
270
346
171
419
276
344
171
419
275
345
171
419
277
346
175
413
281
342
378
335
511
312
165
421
271
346
165
421
270
346
168
418
274
345
168
418
273
345
168
418
275
345
168
418
273
346
180
423
284
354
173
415
278
344
173
415
278
343
173
415
279
343
190
423
290
359
173
425
279
353
173
425
278
354
168
427
274
353
172
415
278
344
172
415
278
343
167
419
273
345
167
419
272
346
167
419
273
346
171
416
277
344
171
416
276
344
170
417
276
344
170
417
275
345
169
418
274
345
169
418
275
345
183
423
288
355
183
423
287
355
183
423
286
355
174
414
280
343
176
425
282
353
176
425
282
354
166
420
272
346
166
420
271
346
172
425
278
354
