paris_invalides_000662_sm_2.jpg
paris_invalides_000663.jpg
196
232
167
205
194
232
165
205
197
232
165
208
197
233
167
207
197
233
168
206
195
232
164
208
195
232
165
206
194
231
165
204
260
223
259
189
284
245
284
216
300
229
300
196
300
229
300
197
301
229
300
196
301
229
300
197
305
235
304
204
305
235
305
204
303
237
301
202
304
234
300
197
303
234
301
202
304
236
301
202
308
221
311
192
308
221
311
193
309
221
311
192
309
221
313
193
310
224
310
193
310
224
311
193
310
224
313
196
310
224
310
194
309
222
311
192
309
222
311
193
309
222
313
196
308
225
308
195
308
225
310
197
308
225
308
194
308
225
309
195
308
225
309
194
308
223
310
193
308
223
310
194
311
224
310
193
311
224
311
193
311
224
313
194
311
224
313
196
311
224
314
197
309
223
310
193
309
223
311
193
309
223
310
194
310
225
310
193
310
225
310
194
310
225
309
194
311
225
310
193
311
225
313
196
311
225
310
194
312
226
310
193
312
226
313
196
312
226
314
197
318
239
320
213
317
239
320
215
