Test70.jpg
Test71.jpg
316
154
387
148
317
155
387
149
321
146
391
140
321
154
389
148
318
155
387
149
328
158
400
152
344
164
411
157
344
166
412
159
344
165
411
158
344
165
410
158
353
140
424
133
348
149
417
142
349
152
417
145
351
152
419
145
351
152
417
145
353
151
417
143
348
150
417
143
353
152
419
145
357
138
425
131
367
137
436
129
369
139
441
132
369
139
442
132
369
149
437
141
369
149
436
141
368
149
437
141
368
149
436
141
365
150
435
142
366
150
435
142
371
138
436
129
371
138
442
130
371
138
443
131
371
139
441
132
371
139
442
132
371
139
443
131
371
139
443
132
371
139
444
132
370
140
441
132
370
140
442
132
370
140
442
133
372
140
441
132
372
140
442
132
372
140
443
132
372
140
444
132
372
140
442
133
373
140
441
132
373
140
442
132
373
140
443
132
373
140
444
132
373
140
445
132
371
141
441
132
371
141
442
133
372
141
441
132
372
141
442
132
372
141
442
133
376
139
445
132
376
139
446
131
376
139
449
132
376
139
448
132
376
139
447
132
375
141
441
132
375
141
442
132
375
141
443
132
375
141
448
134
376
140
444
132
376
140
445
132
376
140
447
132
375
140
442
132
375
140
443
131
375
140
443
132
375
140
444
132
375
140
445
132
374
149
449
142
374
152
448
145
380
140
446
131
380
140
449
132
380
140
448
132
380
140
450
132
378
140
445
132
378
140
446
131
378
140
449
132
378
140
448
132
378
140
447
132
378
140
450
132
378
141
444
132
378
141
445
132
377
142
441
132
377
142
448
134
376
142
441
132
379
142
452
135
379
142
448
134
384
140
454
132
383
140
454
132
382
140
449
132
382
140
450
132
382
140
454
132
380
146
456
139
383
148
457
141
383
148
458
141
383
148
461
141
384
167
460
160
385
167
461
160
386
140
454
132
388
148
461
141
388
148
462
141
389
148
462
141
389
148
465
140
389
148
464
140
389
149
466
141
389
165
465
158
389
166
464
158
388
165
464
158
391
148
465
140
391
148
466
141
392
148
466
141
391
147
463
140
391
147
465
140
391
147
464
140
393
149
469
141
393
149
466
141
393
149
468
141
391
166
464
158
391
166
465
158
395
148
469
141
395
148
466
141
395
148
468
141
411
53
489
34
411
54
489
34
411
54
489
35
422
59
503
41
438
48
516
29
439
53
517
36
439
54
517
37
439
54
517
36
439
57
517
40
439
56
517
39
445
167
524
157
460
174
542
166
460
174
543
166
461
174
543
166
464
174
547
166
