Test81.jpg
Test84.jpg
332
118
308
285
332
118
311
286
334
116
309
289
331
121
311
287
331
121
310
285
331
121
308
285
331
121
311
286
333
116
309
289
363
126
283
311
364
126
282
312
364
126
283
311
368
125
281
318
368
125
279
316
368
125
281
319
368
125
278
316
368
125
280
317
368
125
280
315
367
126
282
312
372
127
273
308
372
127
273
309
371
130
273
309
371
129
273
308
371
129
273
309
377
135
264
305
371
133
273
309
372
141
268
305
372
141
267
303
375
168
236
280
375
168
237
283
375
166
239
282
376
166
239
282
376
166
239
283
384
165
235
292
383
165
235
290
383
165
238
290
383
165
237
290
383
165
236
291
383
165
236
292
381
169
235
285
380
166
237
289
380
168
235
285
380
168
236
286
380
168
236
284
