Test82.jpg
Test81.jpg
548
164
463
173
509
137
426
148
509
137
426
149
544
165
459
173
511
141
428
154
511
141
428
153
511
141
427
153
515
139
432
152
546
120
461
133
542
93
455
106
545
70
459
85
507
138
425
150
543
35
456
52
507
127
425
138
507
127
424
137
546
87
460
101
541
34
454
51
541
34
456
52
514
125
431
137
514
140
430
152
514
140
431
152
552
164
467
173
552
164
467
174
539
64
455
80
542
65
457
81
542
65
458
81
505
142
423
154
505
142
423
153
505
143
422
154
505
143
423
154
505
143
423
153
539
67
455
83
540
99
455
113
533
61
451
78
564
63
475
78
532
61
449
77
538
32
451
49
538
32
452
49
538
32
454
51
508
142
425
154
508
142
425
153
508
142
425
152
550
46
463
62
541
85
456
100
538
29
447
46
551
165
465
174
551
165
466
174
551
165
465
173
544
76
458
91
544
69
458
85
544
69
459
85
532
54
449
70
542
100
457
114
541
119
457
132
547
71
461
86
510
126
427
137
544
59
458
75
536
83
452
98
541
58
456
74
533
162
449
170
531
53
449
70
543
69
458
85
543
69
457
84
544
53
458
69
561
61
473
77
578
153
488
163
510
141
426
153
510
141
428
153
510
141
427
153
540
30
454
47
549
35
462
52
510
139
427
150
543
76
457
91
554
164
468
173
533
79
450
94
533
79
449
94
533
79
449
93
519
147
436
157
530
53
448
70
511
84
429
98
526
62
445
78
547
164
460
172
515
138
432
152
547
70
461
86
547
70
461
83
553
164
468
174
553
164
467
173
509
139
426
149
531
52
448
70
531
52
449
70
542
34
456
52
541
68
457
84
506
126
424
137
509
138
426
148
509
138
425
150
509
138
426
149
539
74
453
89
539
74
454
89
535
62
451
78
535
62
452
79
514
142
431
152
514
142
432
153
507
143
425
154
507
143
423
153
533
64
450
81
550
164
465
174
550
164
465
173
551
53
464
69
542
58
456
74
541
75
455
90
552
165
467
175
552
165
466
174
514
83
432
97
543
34
457
52
545
165
459
173
545
165
461
175
545
165
461
176
556
56
469
72
508
101
426
114
512
134
429
147
539
57
454
73
541
65
457
81
539
162
455
171
513
140
430
152
508
124
426
135
540
33
454
51
530
35
449
54
530
35
447
53
533
30
451
49
533
30
448
47
533
30
450
48
533
30
449
48
548
71
462
87
548
71
463
84
507
101
425
114
529
63
447
79
537
56
452
72
507
126
425
138
507
126
424
137
534
31
451
49
544
32
458
50
543
52
457
68
536
66
452
82
535
65
451
81
535
65
452
82
546
164
460
172
546
164
462
175
541
82
456
97
518
125
436
137
543
66
458
81
543
66
459
82
545
162
460
172
546
165
461
175
546
165
460
172
546
165
462
175
542
68
457
84
541
145
457
155
552
163
467
173
552
163
466
172
511
136
427
147
511
136
427
148
511
136
428
148
512
137
429
150
512
137
428
148
549
165
463
173
543
93
457
107
531
63
448
80
539
33
453
50
530
63
448
80
547
87
461
102
545
33
458
50
538
74
453
89
531
70
448
87
534
64
451
81
542
85
457
100
535
80
451
95
549
55
463
72
512
141
428
153
546
33
459
50
539
99
455
113
531
96
448
110
548
165
463
173
509
141
426
153
509
141
425
153
509
141
427
153
538
81
454
96
560
83
472
113
551
72
465
88
551
72
465
85
508
126
426
137
508
126
425
138
508
126
426
139
508
126
426
138
512
140
429
150
537
63
453
79
550
52
463
68
509
126
426
135
509
126
426
137
509
126
426
138
537
66
453
82
546
77
460
92
511
135
427
147
511
135
428
148
540
64
455
80
546
70
461
86
546
70
461
83
513
138
429
150
538
64
455
80
506
143
423
154
506
143
423
153
513
142
430
152
511
138
427
148
511
138
427
150
511
138
428
150
530
79
447
95
508
143
425
154
508
143
425
153
517
83
435
97
509
143
427
156
509
143
427
155
509
143
425
154
509
143
426
153
538
63
453
79
510
143
427
156
510
143
427
155
510
143
427
153
544
66
459
82
