paris_invalides_000664.jpg
paris_invalides_000663.jpg
61
367
64
344
65
364
68
341
65
364
67
341
65
364
68
340
62
364
65
340
66
363
68
341
66
363
67
341
66
363
68
340
68
363
71
340
68
363
70
341
68
363
70
340
66
365
68
343
66
365
69
342
66
365
68
342
66
365
70
341
67
364
69
342
67
364
68
342
67
364
71
340
67
364
70
341
67
364
70
340
69
364
70
341
66
364
68
341
66
364
68
342
66
364
70
340
67
365
69
342
67
365
69
343
67
365
70
341
68
365
69
343
85
367
89
344
85
367
90
344
85
367
90
345
86
363
90
341
86
363
92
340
88
362
93
340
87
363
90
341
87
363
92
340
86
364
91
341
86
364
90
341
86
364
92
341
87
364
91
341
87
364
92
341
88
364
92
341
88
364
93
341
118
380
130
358
151
285
140
266
153
287
140
269
153
287
140
270
153
286
140
267
153
286
140
269
153
286
140
270
153
286
139
270
151
286
140
266
151
286
140
267
153
288
140
269
153
288
140
270
152
290
140
269
152
290
140
270
152
290
140
271
152
290
141
270
153
291
141
270
152
291
140
270
152
291
140
271
152
291
141
270
151
296
141
273
151
296
140
272
151
296
140
273
151
296
141
270
151
296
139
276
152
294
141
270
161
264
146
252
158
273
145
252
158
273
145
255
158
273
144
256
158
271
145
252
158
271
145
255
158
271
144
256
162
265
147
252
162
265
148
251
163
267
150
249
166
269
153
247
169
267
156
247
164
277
151
261
172
236
158
219
171
264
158
244
172
270
158
250
173
271
160
251
173
271
159
252
173
272
159
252
177
229
159
214
177
229
159
215
177
229
163
210
177
232
162
213
177
232
163
213
176
232
162
213
175
233
162
213
177
234
162
216
174
234
159
216
174
238
161
220
174
241
161
223
174
240
161
222
178
229
162
213
178
229
163
211
178
229
163
210
178
229
163
212
179
227
164
208
179
227
165
208
179
227
163
211
179
227
163
210
180
229
163
213
178
228
164
208
178
228
163
211
178
228
163
210
178
226
165
204
178
226
162
209
181
227
167
207
178
232
161
217
178
232
162
216
177
263
163
243
181
265
166
248
185
213
162
213
185
213
163
211
184
215
162
213
185
214
162
213
185
214
163
213
185
214
163
212
189
200
169
190
189
200
173
187
189
200
171
189
189
200
170
189
189
200
172
187
189
200
170
190
189
200
176
183
188
202
173
187
188
202
171
189
188
202
172
187
188
202
170
191
188
202
170
190
188
203
173
187
188
203
171
189
188
203
170
191
193
197
181
180
190
199
173
187
190
199
171
189
190
199
176
184
190
199
177
182
196
193
181
178
195
195
181
180
197
194
181
180
236
135
220
120
236
136
220
120
236
136
221
119
237
136
221
121
237
136
220
120
237
136
221
119
237
136
222
120
237
136
222
119
236
137
220
120
236
139
219
121
236
139
220
124
236
139
218
125
236
139
218
124
236
139
218
123
236
139
219
122
236
139
219
125
237
138
221
121
237
138
220
120
237
138
222
123
235
140
217
126
235
140
219
121
235
140
220
124
235
140
218
125
235
140
218
124
235
140
218
123
235
140
219
122
235
140
219
125
235
140
219
127
235
140
218
126
234
139
217
126
234
139
218
125
234
139
218
124
234
139
218
123
234
139
219
122
234
139
218
126
236
143
219
125
236
143
219
129
236
143
221
129
236
143
219
127
237
142
220
124
237
142
219
127
241
109
224
99
241
137
224
120
241
137
224
119
241
137
226
120
241
137
226
121
241
137
226
119
238
137
221
121
238
137
221
119
238
137
222
120
238
137
222
118
238
137
222
119
238
135
221
119
238
135
223
117
238
135
222
120
238
135
223
118
238
135
222
118
238
135
222
119
239
135
223
117
239
135
223
118
239
135
224
120
239
135
224
119
240
135
224
120
240
135
224
119
241
138
224
120
241
138
224
119
241
138
226
121
239
140
223
124
239
140
222
123
239
140
223
125
239
140
224
125
241
139
224
120
238
138
221
121
238
138
222
120
238
138
222
119
238
138
223
124
238
138
222
123
238
141
222
123
238
141
223
125
239
141
223
124
239
141
222
123
239
141
223
125
239
141
224
125
244
103
228
93
243
103
228
93
242
111
225
100
242
113
224
103
242
133
227
118
242
134
226
118
242
134
227
118
242
135
226
117
242
135
226
119
242
135
226
118
242
135
227
118
248
103
230
93
248
103
230
92
246
104
228
93
249
185
241
174
268
192
260
181
280
112
261
100
328
208
308
194
328
208
309
195
332
217
316
211
337
221
320
213
337
222
318
211
337
222
320
215
336
222
317
211
336
222
320
216
336
222
320
215
353
277
338
268
353
278
338
268
353
278
339
268
353
278
338
269
353
279
338
268
353
279
338
269
353
279
338
270
353
279
339
271
353
279
339
270
353
279
339
272
352
280
337
268
352
280
338
272
352
280
338
271
352
280
338
273
352
283
338
273
383
355
385
344
383
355
386
344
401
356
401
344
398
356
398
344
399
356
398
344
401
357
402
345
405
355
407
344
405
357
406
345
405
356
406
344
407
356
408
344
409
357
410
345
