27_27_l.jpg
27_27_r.jpg
248
84
128
74
252
71
133
63
252
73
133
63
259
37
142
31
261
37
143
28
260
42
142
33
261
66
142
55
267
56
149
45
268
114
149
105
268
114
149
106
268
114
149
107
268
114
149
108
268
112
149
105
268
115
149
106
268
115
149
107
268
115
149
108
267
113
148
106
267
113
148
104
267
113
148
105
268
113
149
105
268
113
149
106
272
116
153
109
270
116
151
109
270
117
151
109
271
117
152
109
271
117
152
110
271
117
152
111
271
118
152
111
280
74
162
65
280
72
162
65
280
76
162
65
280
76
162
69
279
81
160
72
278
79
160
72
280
125
163
120
281
125
163
120
279
126
161
121
284
45
166
37
285
73
168
66
284
69
168
64
284
69
168
65
285
72
168
65
285
72
168
66
285
70
168
63
285
70
168
64
285
70
168
65
285
70
169
66
283
124
164
119
283
124
166
119
283
124
167
119
285
124
166
119
285
124
167
119
282
124
164
119
282
124
163
118
282
124
166
119
285
123
168
118
285
123
169
118
285
123
166
118
285
123
167
118
284
123
165
118
284
123
168
118
284
123
169
118
284
123
166
118
284
123
167
118
285
125
168
120
289
4
176
4
289
45
171
37
285
67
167
60
285
67
168
62
285
67
169
62
286
69
168
63
286
69
169
63
286
69
169
64
286
69
169
62
287
70
169
63
286
72
168
65
286
72
168
66
286
72
169
66
286
71
168
64
286
71
169
64
286
71
169
66
286
70
168
63
286
70
168
64
286
70
169
63
286
70
169
64
287
78
169
73
287
78
170
73
287
78
170
74
286
80
167
72
286
80
168
73
286
80
167
71
286
79
167
72
286
79
168
73
286
79
167
71
286
78
169
73
286
78
167
72
286
78
168
73
286
78
167
71
285
82
167
72
285
82
166
75
285
82
167
77
285
82
167
76
285
82
167
75
285
85
166
75
285
85
167
77
285
85
167
78
285
85
167
79
287
104
168
100
287
105
168
101
287
105
168
100
288
105
169
100
289
105
171
101
289
105
170
100
289
119
171
114
288
121
169
116
289
118
171
113
289
118
172
113
288
119
171
114
287
121
169
116
289
121
169
116
287
122
169
116
287
122
169
117
287
122
170
117
289
122
169
117
289
122
170
117
286
125
168
120
288
123
169
118
286
124
166
119
286
124
167
119
287
123
168
118
287
123
169
118
287
123
167
118
288
125
168
120
291
1
177
2
290
0
175
1
291
41
176
32
291
37
176
29
291
37
175
29
291
36
175
29
291
63
174
56
291
68
175
64
292
69
175
64
290
75
173
70
293
74
177
69
293
75
177
69
293
112
176
107
293
112
174
108
293
112
175
108
291
113
172
109
291
113
173
109
291
113
174
108
291
113
177
110
293
109
174
104
293
109
175
104
293
108
174
104
293
108
175
104
292
108
174
104
292
108
175
104
290
114
172
109
290
114
173
109
290
114
174
110
291
117
172
112
291
117
174
113
293
116
172
111
293
116
175
111
290
115
172
111
290
115
175
111
290
116
172
111
290
116
171
111
290
116
172
112
292
114
172
109
292
114
173
109
292
114
174
110
292
114
176
110
292
114
177
110
291
116
172
111
291
116
171
111
290
117
173
113
290
117
172
113
290
117
172
112
290
117
174
113
291
114
172
109
291
114
173
109
291
114
174
110
291
114
176
110
290
120
171
115
292
118
173
113
292
118
172
113
292
118
174
113
290
118
173
113
290
118
171
113
290
118
172
113
297
37
180
33
297
37
183
27
292
35
176
29
297
40
180
33
297
40
181
33
297
41
180
33
297
41
181
33
297
42
180
33
297
42
181
33
297
42
181
34
293
48
176
40
293
48
175
39
293
49
176
40
293
49
175
39
295
65
179
60
295
65
179
59
295
65
181
60
295
65
179
61
295
65
180
62
295
65
181
62
296
65
179
59
296
65
181
60
296
65
181
62
294
67
179
60
294
67
178
61
294
67
179
61
294
67
180
62
296
68
179
60
296
68
179
59
296
68
179
61
296
68
181
64
296
68
180
64
296
68
181
63
296
68
180
62
296
68
181
62
296
69
179
60
296
69
179
59
296
69
179
61
296
69
181
64
296
69
180
64
296
69
181
63
296
69
180
62
296
69
181
62
295
67
179
60
295
67
179
59
295
67
178
61
295
67
179
61
295
67
180
64
295
67
180
62
295
67
181
62
294
68
178
61
294
68
179
61
295
69
179
60
295
69
178
61
295
69
179
61
295
69
180
64
295
69
180
62
294
76
177
69
297
77
180
64
297
77
180
72
294
77
177
69
295
99
180
94
295
99
178
95
295
99
176
94
295
99
177
94
295
99
180
97
295
99
180
95
295
99
180
96
295
99
178
97
295
99
179
97
295
99
179
95
296
99
180
94
296
99
178
95
296
99
176
94
296
99
180
97
296
99
180
95
296
99
180
96
296
99
178
97
296
99
179
97
296
99
179
95
296
101
178
95
296
101
176
94
296
101
177
94
296
101
180
97
296
101
180
95
296
101
180
96
296
101
178
97
296
101
179
97
296
101
179
95
297
100
180
94
297
100
178
95
297
100
180
97
297
100
180
95
297
100
180
96
297
100
179
97
297
100
179
95
294
101
176
94
294
101
177
94
294
101
180
97
294
101
180
96
294
101
178
97
294
101
179
97
295
101
178
95
295
101
176
94
295
101
177
94
295
101
180
97
295
101
180
96
295
101
178
97
295
101
179
97
295
101
179
95
296
100
180
94
296
100
178
95
296
100
176
94
296
100
177
94
296
100
180
97
296
100
180
95
296
100
180
96
296
100
178
97
296
100
179
97
296
100
179
95
295
115
176
110
295
115
177
110
296
112
176
107
294
115
172
109
294
115
173
109
294
115
174
110
294
115
176
110
294
115
177
110
296
113
175
108
300
13
188
13
301
13
188
13
301
38
184
29
298
40
180
33
298
40
181
33
298
40
181
34
298
40
182
32
299
38
181
33
299
38
182
32
299
41
181
33
299
41
181
34
299
41
182
33
299
41
182
32
299
41
184
32
299
41
182
35
300
38
184
29
300
38
182
32
299
40
181
33
299
40
181
34
299
40
184
29
299
40
182
33
299
40
182
32
299
40
184
30
300
40
182
33
300
40
184
32
300
40
187
28
301
39
187
28
300
41
182
33
300
41
184
32
300
41
185
32
300
41
183
33
300
41
187
28
300
42
184
32
300
42
183
35
300
42
187
28
299
43
182
35
300
45
183
35
300
45
183
43
300
45
183
42
299
42
182
33
299
42
184
32
299
42
183
33
299
42
182
35
301
43
185
33
301
43
185
34
298
43
181
33
298
43
181
34
298
43
182
33
298
48
180
45
299
51
183
43
299
51
182
42
299
51
180
45
300
48
183
43
300
48
182
42
300
48
183
42
297
56
180
45
300
101
184
97
298
100
180
94
300
125
181
121
298
122
181
118
299
122
181
118
299
122
181
117
301
129
182
124
301
132
182
128
301
133
182
128
302
1
190
1
302
1
192
1
302
1
191
0
302
1
191
1
302
1
196
1
302
1
197
1
305
91
191
87
302
128
181
121
305
127
185
121
302
130
183
126
304
133
185
128
304
133
185
129
304
132
185
128
302
133
184
129
303
132
185
128
303
132
185
129
303
133
184
129
303
133
185
129
309
0
201
0
309
0
206
1
309
91
192
85
309
91
191
85
309
91
193
88
309
93
193
88
307
88
192
85
307
89
192
85
307
89
191
85
307
89
193
88
308
89
192
85
308
89
191
85
308
90
192
85
308
90
191
85
308
90
193
88
306
89
191
85
306
91
191
87
308
88
192
85
308
104
192
102
308
105
192
102
308
105
191
102
304
108
188
105
305
109
188
105
307
108
190
104
307
108
192
106
305
108
188
105
304
141
185
136
304
141
185
137
313
1
206
1
313
1
208
1
313
1
209
1
313
32
200
29
313
32
200
30
313
33
200
29
313
33
200
27
313
33
200
30
310
37
197
31
313
34
200
29
313
34
200
27
313
34
200
30
313
34
202
32
308
37
196
33
313
105
195
101
313
105
197
103
311
101
195
99
313
102
197
99
313
102
195
99
313
102
196
100
313
102
198
99
312
103
195
99
312
103
196
100
312
103
195
101
312
102
197
99
312
102
195
99
312
102
196
100
311
106
192
102
311
106
194
103
311
106
195
104
311
106
196
104
312
108
194
103
312
108
195
104
312
109
195
107
312
109
197
107
312
107
194
103
312
107
195
104
312
107
196
104
312
106
196
103
312
106
194
103
312
106
195
104
312
106
196
104
313
106
195
101
313
106
196
103
313
106
196
104
313
106
197
104
313
106
197
103
313
106
198
104
309
111
193
108
310
112
193
108
310
112
194
109
312
110
195
107
313
113
193
108
313
113
194
108
313
113
194
109
313
113
195
108
313
113
195
109
312
111
194
108
312
111
197
109
312
111
195
107
312
111
195
108
312
111
195
109
312
113
193
108
312
113
194
108
312
113
194
109
312
113
195
109
311
110
195
107
311
110
195
108
317
0
208
0
317
0
210
1
314
31
200
29
314
31
200
27
314
31
200
30
317
30
203
30
313
31
200
29
313
31
200
30
313
28
200
29
313
28
200
27
316
33
200
29
316
33
200
30
316
33
203
30
316
33
202
32
316
33
203
33
314
34
200
29
314
34
200
27
314
34
200
30
314
34
203
30
314
34
202
32
314
34
203
33
317
35
203
30
317
35
202
32
317
35
203
33
314
35
200
29
314
35
200
27
314
35
200
30
314
35
203
30
314
35
202
32
314
35
203
33
316
34
200
30
316
34
203
30
316
34
202
32
316
34
203
33
316
36
200
29
316
36
200
30
316
36
203
30
316
36
202
32
316
36
203
33
315
101
197
99
315
101
197
96
315
101
198
99
317
103
197
96
317
103
198
99
317
103
201
100
317
103
202
100
315
102
197
99
315
102
197
96
315
102
198
99
315
102
201
100
317
102
197
96
317
102
198
99
314
102
197
99
314
102
197
96
314
102
196
100
314
102
198
99
316
133
198
129
316
133
198
130
315
135
197
132
316
136
198
131
316
136
198
133
317
137
200
135
317
135
199
130
315
136
197
133
315
136
197
132
316
134
198
131
316
134
198
129
316
134
198
130
315
137
197
133
315
137
197
132
315
137
197
134
317
138
200
135
317
138
199
135
318
1
208
0
318
1
209
1
318
1
210
1
319
1
208
0
319
1
210
1
318
45
201
37
318
45
205
41
318
45
205
42
318
45
205
43
318
45
208
45
318
43
201
37
318
43
205
41
318
43
205
42
318
46
201
37
318
46
205
41
318
46
205
42
318
46
205
43
318
46
208
45
318
103
201
100
318
103
202
101
318
103
202
100
320
103
202
100
318
139
201
137
318
139
201
135
318
139
201
136
319
138
201
135
321
140
205
136
321
141
204
138
321
141
205
137
318
137
201
134
319
137
201
134
318
138
201
134
318
138
200
135
318
138
201
135
318
138
201
136
319
276
198
276
322
33
210
30
325
45
211
42
325
45
211
43
325
43
211
42
325
43
211
43
325
44
211
42
325
44
211
43
322
48
205
41
322
48
205
42
322
48
205
43
322
48
208
45
322
142
205
139
324
143
206
141
328
1
220
0
328
1
221
0
329
1
220
0
329
1
221
0
328
33
213
31
328
33
215
31
328
33
214
31
328
33
214
34
326
33
210
30
326
33
213
31
326
33
215
31
326
33
214
31
327
33
213
31
327
33
215
31
327
33
214
31
326
32
210
30
326
32
213
31
326
32
215
31
326
32
214
31
327
37
213
31
327
37
214
31
327
37
214
34
327
37
214
37
327
37
215
34
329
37
214
34
329
37
214
37
329
37
216
35
329
37
215
36
329
37
215
34
329
37
216
37
329
37
215
38
329
37
216
38
329
36
214
34
329
36
214
37
329
36
216
35
329
36
215
36
329
36
215
34
329
36
216
37
329
36
215
38
327
36
213
31
327
36
215
31
327
36
214
31
327
36
214
34
327
36
215
34
328
35
213
31
328
35
215
31
328
35
214
31
328
35
214
34
328
35
215
34
327
40
214
34
327
40
214
37
327
40
216
35
327
40
215
36
327
40
215
34
327
40
216
37
327
40
215
38
327
40
216
38
326
38
213
31
326
38
214
34
328
39
214
34
328
39
214
37
328
39
216
35
328
39
215
36
328
39
215
34
328
39
216
37
328
39
215
38
328
39
216
38
329
40
214
37
329
40
216
35
329
40
215
36
329
40
215
34
329
40
216
37
329
40
217
37
329
40
215
38
329
40
216
38
329
39
214
34
329
39
214
37
329
39
216
35
329
39
215
36
329
39
215
34
329
39
216
37
329
39
217
37
329
39
215
38
329
39
216
38
327
39
214
34
327
39
214
37
327
39
216
35
327
39
215
36
327
39
215
34
327
39
215
38
328
40
214
34
328
40
214
37
328
40
216
35
328
40
215
36
328
40
215
34
328
40
216
37
328
40
217
37
328
40
215
38
328
40
216
38
328
38
214
34
328
38
214
37
328
38
216
35
328
38
215
36
328
38
215
34
328
38
216
37
328
38
215
38
328
42
214
34
328
42
214
37
328
42
216
35
328
42
215
36
328
42
215
34
328
42
216
37
328
42
217
37
328
42
215
38
328
42
216
38
327
154
209
152
327
160
209
159
326
162
208
160
326
162
208
162
328
165
210
164
330
0
220
0
330
0
221
0
333
0
221
1
333
0
220
0
333
0
221
0
333
0
223
0
333
0
224
0
331
161
213
161
334
1
221
2
334
1
224
0
334
1
226
0
334
0
221
1
334
0
223
0
334
0
224
0
336
0
226
0
336
0
228
0
337
1
228
0
337
1
229
0
335
0
221
1
335
0
223
0
335
0
224
0
335
0
226
0
337
0
226
0
337
0
228
0
337
0
229
0
335
1
221
2
335
144
216
144
337
161
221
161
337
161
221
162
339
0
228
0
339
0
229
0
340
0
228
0
340
0
229
0
338
122
220
121
341
131
223
131
338
146
221
146
338
150
221
150
343
124
227
125
343
124
228
124
343
124
226
125
343
127
226
126
343
127
227
127
343
127
226
127
345
124
228
124
344
124
227
125
344
124
228
124
342
126
226
125
342
126
226
126
342
126
227
127
342
126
226
127
344
126
227
125
344
126
226
125
344
126
228
126
345
126
227
125
345
126
226
125
345
126
228
126
345
126
226
126
344
125
227
125
344
125
228
124
344
125
226
125
343
131
228
132
344
131
228
132
344
131
229
132
345
130
227
130
345
130
228
131
344
132
225
132
344
132
226
132
344
132
227
133
345
131
228
132
345
131
229
132
345
131
227
131
342
132
225
132
342
132
227
133
343
132
225
132
343
132
226
132
344
130
227
130
344
130
228
131
345
137
224
137
345
136
224
136
342
147
225
148
343
147
225
148
342
148
225
148
343
148
225
148
344
280
224
283
344
280
224
282
344
280
223
282
345
280
224
282
345
280
223
282
347
1
190
1
347
1
191
0
347
1
191
1
347
1
196
1
347
1
197
1
347
1
235
0
347
1
237
1
347
1
235
1
347
1
237
0
347
1
239
0
347
1
241
0
347
1
241
1
347
1
242
1
349
0
235
0
349
0
237
1
349
0
237
0
349
0
239
0
349
0
241
0
349
0
241
1
349
0
242
1
349
0
247
0
347
0
196
0
347
0
235
0
347
0
237
1
347
0
235
1
347
0
237
0
347
0
239
0
347
0
241
0
347
0
241
1
347
0
242
1
348
0
196
0
348
0
235
0
348
0
237
1
348
0
235
1
348
0
237
0
348
0
239
0
348
0
241
0
348
0
241
1
348
0
242
1
348
0
247
0
346
1
190
1
346
1
191
0
346
1
191
1
346
1
197
1
346
1
235
0
346
1
237
1
346
1
235
1
346
1
237
0
346
1
239
0
346
1
241
1
346
1
242
1
348
1
191
0
348
1
196
1
348
1
237
1
348
1
235
1
348
1
237
0
348
1
239
0
348
1
241
0
348
1
241
1
348
1
242
1
349
1
237
1
349
1
237
0
349
1
239
0
349
1
241
0
349
1
241
1
349
1
242
1
344
261
224
263
352
0
239
0
352
0
241
0
352
0
241
1
352
0
242
1
352
0
247
0
351
1
237
1
351
1
239
0
351
1
241
0
351
1
241
1
351
1
242
1
351
1
247
0
352
1
241
0
352
1
241
1
352
1
242
1
352
1
247
0
353
115
237
116
353
114
237
116
351
120
236
119
357
29
245
33
357
29
245
32
357
29
245
31
357
29
244
35
357
30
245
33
357
30
245
32
357
30
245
31
357
30
244
35
355
110
240
112
355
111
240
112
357
136
241
136
356
140
240
141
356
144
239
146
354
145
237
146
357
144
239
146
357
144
240
146
357
144
242
145
355
145
239
146
356
145
239
146
356
145
240
146
357
147
240
148
352
148
234
149
352
148
236
149
361
107
245
110
358
107
244
108
358
107
243
109
360
105
244
108
361
108
245
110
361
110
245
113
360
111
245
113
361
111
245
113
361
111
245
114
361
111
244
114
359
112
245
113
359
112
244
114
360
112
245
113
360
112
245
114
360
112
244
114
359
141
243
141
359
141
242
143
359
141
242
142
358
141
243
141
358
141
242
142
358
140
242
141
358
142
242
143
356
155
238
156
364
65
251
67
363
65
248
70
365
65
252
68
365
65
251
69
364
67
251
69
365
66
252
68
365
66
251
69
365
66
252
69
362
67
248
70
363
70
249
73
365
73
251
77
365
73
251
76
365
73
249
78
360
96
246
95
361
93
246
95
361
93
248
92
361
93
247
94
361
93
248
90
361
93
248
91
363
95
248
93
363
95
249
94
363
95
249
95
363
95
248
94
363
95
250
91
363
95
250
93
363
95
250
92
364
92
249
94
364
92
249
95
364
92
248
94
364
92
250
91
364
92
250
93
364
92
250
89
364
92
251
89
364
92
250
92
364
92
251
88
361
94
246
95
361
94
246
97
361
94
248
92
361
94
247
94
362
104
247
105
362
104
247
106
365
107
249
110
364
107
248
110
363
104
248
106
363
104
247
107
361
115
245
117
360
116
245
117
369
61
257
65
366
65
252
68
366
65
251
69
366
65
252
69
366
63
252
68
369
71
256
77
369
71
256
76
369
71
257
74
369
71
258
76
369
71
258
75
369
74
256
77
369
74
254
77
369
74
255
79
365
88
249
94
365
88
249
91
365
88
252
89
365
88
250
91
365
88
250
93
365
88
250
88
365
88
250
89
365
88
251
89
365
88
250
92
365
88
251
88
364
91
249
94
364
91
248
94
364
91
249
91
364
91
250
91
364
91
250
93
364
91
250
88
364
91
250
89
364
91
251
89
364
91
250
92
364
91
251
88
366
93
250
97
366
93
251
96
369
93
256
96
366
96
252
97
367
94
252
96
367
94
251
97
367
94
252
97
366
94
250
97
366
94
251
96
366
94
252
96
366
94
251
97
371
69
257
73
371
69
257
74
371
69
258
72
371
69
258
74
371
69
258
75
371
69
259
75
371
69
260
75
371
69
260
74
371
69
259
74
371
68
257
73
371
68
258
72
371
68
258
74
371
68
260
74
371
68
259
74
372
69
257
73
372
69
257
74
372
69
258
72
372
69
258
74
372
69
259
75
372
69
260
75
372
69
260
74
372
69
259
74
372
71
257
73
372
71
256
76
372
71
257
74
372
71
258
76
372
71
258
74
372
71
258
75
372
71
260
76
372
71
259
75
372
71
260
75
372
71
259
74
370
72
256
77
370
72
256
76
370
72
258
76
370
72
258
75
372
72
256
77
372
72
256
76
372
72
258
76
372
72
260
76
372
70
257
73
372
70
257
74
372
70
258
72
372
70
258
74
372
70
258
75
372
70
259
75
372
70
260
75
372
70
260
74
372
70
259
74
371
72
256
77
371
72
256
76
371
72
258
76
370
70
257
73
370
70
256
76
370
70
257
74
370
70
258
76
370
70
258
74
370
70
258
75
370
70
259
75
373
74
261
80
372
93
256
97
370
92
256
96
372
97
257
100
370
95
256
98
372
94
256
98
373
95
258
99
371
94
256
97
371
94
256
98
375
69
260
74
376
70
260
74
376
70
267
76
376
70
266
77
375
70
260
75
375
70
260
74
375
70
259
74
375
70
265
77
375
70
267
76
374
81
262
86
376
81
262
86
375
81
262
86
375
80
262
86
375
88
260
93
375
89
260
93
377
92
263
97
377
92
262
97
377
93
263
97
377
93
262
97
375
93
260
96
375
93
262
97
374
93
260
96
381
70
267
76
381
70
273
77
378
72
264
77
378
72
265
77
378
72
265
78
378
72
266
77
378
73
264
77
378
73
265
77
378
73
261
78
378
73
264
78
378
73
265
78
378
73
264
79
380
71
267
76
380
71
266
77
381
72
265
77
381
72
267
76
381
72
266
77
381
71
267
76
379
73
264
77
379
73
265
77
379
73
264
78
379
73
265
78
379
73
266
77
380
80
264
84
380
80
265
85
378
82
262
86
378
82
265
87
381
82
265
87
381
82
265
88
381
82
268
87
379
84
264
89
379
84
265
89
379
84
265
88
379
84
264
90
379
84
265
90
379
84
268
89
379
81
262
86
379
81
265
87
381
80
264
84
381
80
265
85
379
82
265
87
379
82
265
88
379
80
264
84
379
80
265
85
379
80
262
86
380
84
264
89
380
84
265
89
380
84
265
88
380
84
264
90
380
84
265
90
380
84
268
89
381
84
264
89
381
84
265
89
381
84
265
88
381
84
264
90
381
84
265
90
381
84
268
89
379
85
264
89
379
85
265
89
379
85
264
90
379
85
265
90
378
90
264
94
380
91
263
97
380
91
265
96
385
73
267
76
385
73
266
77
385
72
267
76
385
72
273
77
384
73
265
77
384
73
267
76
384
73
266
77
384
96
268
101
384
96
272
100
384
96
272
101
384
96
270
101
384
96
271
101
383
96
268
101
383
96
270
101
383
96
271
101
381
97
268
101
382
97
268
101
382
97
270
101
385
97
272
101
380
117
264
121
386
44
276
48
386
84
273
89
386
84
271
89
386
84
274
89
386
84
276
90
386
84
272
91
386
84
275
90
388
84
273
89
388
84
271
89
388
84
274
89
388
84
276
90
388
84
277
90
388
84
275
90
388
84
275
91
385
84
268
89
385
84
273
89
385
84
271
89
385
84
272
91
385
84
275
90
388
83
273
89
388
83
271
88
388
83
271
89
388
83
272
88
388
83
277
89
388
83
274
89
388
83
276
90
388
83
275
90
386
85
272
91
386
85
275
91
386
82
273
89
386
82
271
88
386
82
271
89
386
82
272
88
386
82
274
88
386
82
274
89
384
83
268
89
384
83
268
87
384
83
273
89
384
83
271
88
384
83
271
89
384
83
272
88
384
83
275
90
388
82
271
88
388
82
272
88
388
82
274
88
388
82
274
89
389
84
273
89
389
84
271
89
389
84
274
89
389
84
276
90
389
84
277
90
389
84
276
91
389
84
275
90
389
84
275
91
384
85
268
89
384
85
272
91
386
83
268
87
386
83
273
89
386
83
271
88
386
83
271
89
386
83
272
88
386
83
274
89
386
83
275
90
392
79
277
86
392
79
279
85
392
79
278
86
392
79
278
85
393
80
280
87
393
80
278
86
393
80
281
86
393
79
279
85
393
79
278
86
393
79
281
85
393
79
278
85
393
77
278
84
392
77
278
84
392
80
277
86
392
80
277
87
392
80
278
86
391
77
278
84
392
81
277
87
392
81
280
87
392
81
278
88
393
81
280
87
393
81
281
88
393
81
278
88
391
83
277
89
391
83
278
89
391
83
280
89
391
83
279
89
393
84
276
90
393
84
277
90
390
84
273
89
390
84
274
89
390
84
276
90
390
84
277
90
390
84
276
91
390
84
275
90
390
84
275
91
391
84
276
90
391
84
277
90
391
84
276
91
391
84
277
91
391
84
275
90
393
83
277
89
393
83
278
89
393
83
280
89
393
83
279
89
390
85
276
90
390
85
277
90
390
85
276
91
390
85
277
91
390
85
275
90
390
85
275
91
391
85
276
90
391
85
277
90
391
85
276
91
391
85
277
91
391
85
275
90
391
85
275
91
397
280
276
283
397
297
273
301
397
297
275
300
397
301
273
301
397
301
274
303
397
301
274
302
397
301
274
304
397
300
273
301
397
300
274
303
397
300
274
302
397
300
274
304
396
298
273
301
397
299
273
301
397
299
275
300
397
299
274
303
397
299
274
302
396
303
274
304
397
303
274
304
399
48
285
61
399
48
288
54
399
48
289
54
399
48
286
61
399
48
288
61
399
47
285
61
399
47
288
54
399
47
286
61
399
47
288
61
401
107
285
113
401
107
284
115
400
108
284
115
400
108
286
116
400
108
287
116
400
108
288
116
398
104
285
112
401
104
285
112
401
110
286
116
401
110
287
116
401
110
287
118
401
110
286
117
398
280
276
283
398
280
277
283
399
299
275
300
399
299
276
300
399
299
276
302
399
299
274
302
399
304
277
305
399
304
274
304
401
304
277
305
405
43
289
51
405
43
289
53
405
43
288
54
405
43
289
54
405
43
291
51
405
43
293
52
405
43
291
54
405
43
290
54
404
45
289
51
404
45
289
53
404
45
288
54
404
45
289
54
404
45
291
51
404
45
291
54
404
45
290
54
404
44
289
51
404
44
289
53
404
44
288
54
404
44
289
54
404
44
291
51
404
44
291
54
404
44
290
54
403
45
289
51
403
45
289
53
403
45
288
54
403
45
289
54
403
45
291
51
403
45
291
54
403
45
290
54
403
46
289
51
403
46
289
53
403
46
288
54
403
46
289
54
403
46
291
51
403
46
291
54
403
46
290
54
402
112
287
119
405
297
281
299
405
297
280
300
405
297
283
299
404
296
281
299
404
296
283
299
406
43
289
51
406
43
289
53
406
43
288
54
406
43
289
54
406
43
291
51
406
43
293
52
406
43
291
54
406
43
290
54
407
47
288
54
407
47
289
54
407
47
291
54
407
47
290
54
407
47
293
59
407
47
292
59
407
47
294
56
407
47
294
59
406
48
289
53
406
48
288
54
406
48
289
54
406
48
291
54
406
48
290
54
406
48
293
59
406
48
292
59
409
50
289
53
409
50
288
54
409
50
289
54
409
50
288
61
409
50
291
54
409
50
290
54
409
50
293
59
409
50
292
59
409
50
294
56
409
50
294
59
409
50
295
60
408
279
287
283
409
279
287
283
413
41
297
52
411
53
293
59
411
53
293
64
411
53
294
59
411
53
295
60
411
53
298
60
411
53
298
61
411
61
297
69
411
61
299
68
411
61
298
68
412
58
294
68
412
58
293
68
412
58
302
65
408
80
294
88
408
80
292
89
408
80
293
89
413
80
300
88
409
81
294
89
409
81
293
89
409
81
295
89
410
79
294
88
408
81
294
89
408
81
294
88
408
81
292
89
408
81
293
89
410
80
294
89
410
80
294
88
410
80
293
89
410
80
295
89
411
273
289
277
411
273
290
277
412
273
289
277
412
273
290
277
412
273
291
277
413
282
289
285
413
282
289
286
413
282
290
285
413
282
290
286
412
284
289
288
412
284
288
287
412
283
288
287
412
283
289
286
412
283
290
286
411
282
289
285
411
282
289
286
411
282
290
286
410
284
289
288
410
284
288
287
412
291
289
293
413
293
288
295
411
293
288
295
411
293
288
296
411
289
289
292
411
289
289
293
411
292
288
295
412
290
289
292
412
290
289
293
412
293
288
295
412
293
288
296
412
289
289
292
412
289
289
293
416
55
302
65
416
57
302
65
415
76
302
84
415
73
300
81
415
73
301
82
415
73
301
80
417
74
300
81
417
74
301
82
417
75
299
83
416
72
300
81
416
72
301
80
417
80
301
87
417
80
300
88
417
80
301
89
417
80
302
89
416
78
301
87
414
80
301
87
414
80
300
88
417
79
301
87
415
80
301
87
415
80
300
88
415
80
299
89
412
83
299
89
415
84
302
91
417
270
296
274
417
273
293
277
417
273
295
277
417
273
296
277
414
274
290
277
416
280
294
283
420
57
305
65
420
57
305
66
421
57
305
66
416
59
299
68
416
59
299
69
416
59
301
68
419
273
297
277
419
273
296
277
421
270
299
274
421
276
299
280
418
312
296
315
425
36
310
48
425
35
310
48
424
36
310
48
424
36
308
50
424
35
310
48
422
37
305
48
422
37
307
49
422
37
310
48
422
37
308
50
423
50
308
60
423
50
308
61
423
52
308
60
423
52
308
62
423
52
308
61
423
51
308
60
423
51
308
62
423
51
308
61
424
51
308
60
424
51
308
62
424
51
308
61
425
50
308
60
425
50
308
63
425
50
308
62
425
50
309
62
425
50
308
61
425
50
311
61
425
53
309
62
424
60
308
70
425
60
308
70
425
63
309
71
423
63
308
71
423
63
309
71
425
62
308
71
425
62
309
71
424
65
312
73
424
65
311
73
424
65
311
75
424
65
309
74
420
63
308
71
420
63
309
71
423
64
308
71
423
64
309
71
423
64
311
73
423
64
309
74
422
65
311
73
422
65
309
74
422
65
310
75
424
63
308
71
424
63
309
71
424
273
301
277
424
273
302
277
422
270
299
274
422
270
300
274
422
273
300
277
423
277
301
281
423
277
300
281
428
35
310
48
427
36
310
48
429
36
315
48
429
36
314
49
428
37
313
50
428
37
315
48
428
37
314
50
428
37
314
49
429
39
313
50
429
39
315
52
429
39
314
50
429
39
314
51
429
39
315
51
429
40
312
54
429
40
317
51
429
40
315
52
429
40
314
51
429
40
315
51
429
40
316
52
428
41
311
54
428
41
312
54
428
41
315
52
428
41
314
51
428
41
315
51
428
41
316
52
428
38
313
50
428
38
310
52
428
38
315
48
428
38
314
50
428
38
315
49
428
38
314
49
429
38
313
50
429
38
316
49
429
38
314
50
429
38
314
51
429
38
315
51
429
38
315
49
429
38
314
49
424
38
307
49
424
38
310
48
424
38
308
50
428
42
311
54
428
42
312
54
428
42
315
52
427
42
311
54
427
42
312
54
427
42
315
52
428
45
312
57
428
45
313
61
428
45
311
61
428
45
311
62
429
48
313
61
429
48
313
64
429
48
313
63
429
48
312
62
429
49
313
61
429
49
313
64
429
49
313
63
429
49
312
62
429
63
312
73
429
63
311
73
429
63
313
73
427
64
312
73
427
64
311
73
427
64
313
73
427
64
309
74
426
64
312
73
426
64
311
73
426
64
313
73
429
81
310
91
429
81
311
91
427
273
304
277
427
276
304
280
429
277
306
281
432
64
317
74
433
61
317
74
431
65
317
74
433
62
317
74
433
63
317
74
433
63
317
76
430
63
312
73
430
63
313
73
430
63
317
71
433
64
317
74
433
64
317
76
433
76
318
87
432
101
312
111
429
104
310
112
430
103
310
112
429
103
310
112
436
75
318
87
436
75
319
87
434
85
316
95
438
80
323
91
438
80
322
91
438
80
323
92
438
80
322
92
439
80
323
91
439
80
322
91
439
80
323
92
439
80
322
92
439
81
322
91
439
81
323
92
439
81
323
93
439
81
322
92
438
84
322
96
439
84
323
96
442
81
325
93
442
81
325
94
445
76
328
89
445
76
329
88
445
77
325
93
445
77
328
89
445
77
329
89
445
77
329
88
443
82
325
94
456
75
338
90
455
74
336
88
455
74
337
89
456
74
337
89
455
75
337
89
456
77
340
90
456
77
339
91
456
77
338
92
457
77
339
92
457
78
341
91
457
79
342
92
458
74
342
88
458
74
342
89
459
74
342
88
459
74
342
89
459
74
343
88
459
74
344
88
461
77
345
89
461
77
343
90
461
77
343
91
461
77
345
90
461
77
344
91
461
77
345
91
461
76
344
89
461
76
345
89
461
76
343
90
461
76
343
91
461
76
345
90
461
76
344
91
460
74
342
89
460
74
343
88
460
74
344
88
459
76
341
91
459
76
344
89
459
76
343
90
459
76
342
89
459
76
344
88
459
73
342
88
460
76
341
91
460
76
344
89
460
76
345
89
460
76
343
90
460
76
343
91
460
76
345
88
460
77
345
89
460
77
343
90
460
77
343
91
460
77
342
92
460
77
344
91
459
75
340
90
459
75
342
88
459
75
343
90
459
75
342
89
459
75
343
88
459
75
344
88
460
78
343
91
460
78
342
92
460
78
344
91
461
80
344
94
458
79
342
92
458
78
341
91
461
81
344
94
461
82
344
95
461
82
345
94
461
82
345
95
462
80
344
94
462
80
345
94
469
39
351
57
469
40
353
59
469
86
350
100
469
86
351
100
469
86
350
102
