Test47_rot.jpg
Test48_rot.jpg
331
357
271
347
305
315
259
304
305
315
259
303
250
360
193
321
425
262
391
296
524
259
487
332
42
266
35
158
42
266
33
159
206
224
204
180
206
224
203
180
206
224
204
181
206
224
205
176
206
224
205
180
206
224
202
180
206
224
204
182
206
224
205
181
206
224
204
179
206
224
206
177
206
224
203
182
206
224
205
178
206
224
206
175
206
224
206
179
314
350
256
335
314
350
256
334
314
350
255
336
314
350
255
335
314
350
254
334
46
271
37
165
46
271
36
163
46
271
36
164
46
271
37
164
46
271
39
164
46
271
34
164
82
355
42
250
82
355
41
249
82
355
42
247
82
355
39
248
338
354
278
348
338
354
276
353
338
354
277
351
319
326
270
314
319
326
270
318
319
326
268
317
319
326
270
315
319
326
270
316
319
326
271
315
348
361
284
360
427
261
394
296
302
334
251
321
302
334
252
321
565
243
530
330
308
346
251
331
308
346
253
331
524
260
487
333
323
361
259
349
323
361
260
347
323
361
260
350
205
225
204
180
205
225
203
180
205
225
204
181
205
225
205
176
205
225
202
180
205
225
204
182
205
225
204
179
205
225
203
182
205
225
205
178
316
354
257
340
206
217
206
173
326
353
266
345
326
353
267
343
326
353
263
345
326
353
268
344
326
353
266
344
326
353
265
347
326
353
268
339
326
353
268
341
326
353
267
341
326
357
266
345
326
357
267
343
326
357
263
345
326
357
266
344
326
357
265
347
326
357
268
341
326
357
267
341
343
361
279
359
343
361
281
357
343
361
279
358
321
338
263
329
321
338
263
328
79
355
39
247
79
355
39
246
79
355
39
245
79
355
40
245
79
355
39
248
78
351
39
247
78
351
39
246
78
351
40
245
78
351
39
248
306
347
250
331
306
347
249
330
306
347
250
330
525
259
490
333
525
259
487
331
525
259
491
334
205
217
206
173
78
350
41
249
78
350
42
247
78
350
39
247
78
350
39
244
78
350
39
246
78
350
39
245
78
350
40
243
78
350
40
244
78
350
40
245
78
350
39
248
343
333
290
331
343
333
289
331
319
325
270
314
319
325
268
317
319
325
270
315
319
325
273
310
319
325
270
316
319
325
271
315
432
271
395
307
432
271
395
308
319
349
257
333
319
349
260
337
319
349
259
339
319
349
258
331
345
295
307
297
316
332
263
321
316
332
261
322
81
349
42
250
81
349
41
249
81
349
42
247
81
349
39
247
81
349
39
244
81
349
39
246
81
349
39
245
81
349
40
244
81
349
40
245
81
349
39
248
318
328
270
315
318
328
270
316
318
328
271
315
312
317
267
307
312
317
266
307
312
317
267
305
312
317
267
306
186
218
186
166
360
285
322
293
360
285
324
291
360
285
324
293
360
285
321
290
360
285
319
289
360
285
323
290
314
353
255
338
314
353
255
336
314
353
256
337
309
324
262
311
309
324
260
312
309
324
261
311
429
271
393
308
429
271
394
307
208
221
207
176
208
221
208
178
208
221
207
177
208
221
207
175
208
221
207
178
208
221
207
179
208
221
206
177
208
221
206
179
562
245
525
332
562
245
526
332
562
245
525
331
355
368
291
369
312
328
263
317
312
328
263
316
312
328
261
315
317
319
271
308
558
244
521
330
558
244
519
330
558
244
520
330
497
255
465
318
497
255
460
316
497
255
458
315
497
255
462
317
497
255
461
317
309
341
255
325
309
341
252
327
309
341
257
328
309
341
255
324
309
341
255
329
326
352
266
345
326
352
267
343
326
352
263
345
326
352
268
344
326
352
269
344
326
352
266
344
326
352
265
347
326
352
268
339
326
352
268
341
326
352
269
342
326
352
267
341
51
272
39
166
361
286
322
293
361
286
325
293
361
286
324
295
361
286
324
291
361
286
321
294
361
286
324
293
361
286
321
290
361
286
325
292
515
243
481
311
497
258
459
320
301
339
247
323
301
339
247
322
301
339
248
321
301
339
248
325
301
339
248
323
301
339
249
323
424
262
391
296
78
354
39
247
78
354
39
246
78
354
39
248
203
223
200
178
203
223
201
175
203
223
202
175
186
220
185
168
336
356
278
348
336
356
274
352
336
356
276
353
336
356
277
351
336
356
273
348
313
360
253
344
313
360
255
343
201
228
203
180
201
228
202
180
308
359
248
342
308
359
247
343
330
334
273
329
51
282
39
176
51
282
38
176
51
282
38
178
51
282
36
176
51
282
38
175
549
243
513
327
45
266
33
159
323
355
259
344
323
355
260
343
323
355
258
347
323
355
260
345
323
355
260
347
323
355
262
344
550
250
512
331
550
250
512
332
550
250
512
333
550
250
511
333
550
250
512
334
336
350
278
348
310
317
264
306
319
338
263
329
319
338
262
330
319
338
263
328
313
353
253
338
313
353
255
336
318
326
270
314
318
326
268
317
318
326
270
315
318
326
270
316
318
326
268
315
318
326
271
315
502
253
468
316
502
253
467
317
358
368
291
369
314
328
265
316
314
328
263
317
314
328
263
316
314
328
260
318
314
328
266
313
207
282
181
234
206
285
181
234
304
340
250
324
304
340
251
324
304
340
248
325
304
340
248
323
304
340
249
323
304
340
250
322
304
340
250
323
304
340
251
322
506
254
470
320
514
156
515
232
514
156
510
232
326
349
267
343
326
349
266
344
326
349
268
339
326
349
268
341
326
349
269
342
326
349
268
337
326
349
267
341
321
355
259
344
321
355
260
343
321
355
259
341
510
157
511
230
510
157
509
231
510
157
509
232
510
157
510
230
510
157
507
231
510
157
510
231
330
354
268
344
330
354
269
344
330
354
271
347
208
217
207
176
208
217
207
173
208
217
207
175
208
217
208
172
526
255
489
328
322
357
259
344
322
357
258
347
322
357
260
345
322
357
260
347
322
357
262
344
328
356
266
345
328
356
266
347
328
356
268
344
328
356
265
347
310
321
264
308
310
321
262
311
310
321
261
311
45
271
37
165
45
271
36
163
45
271
36
164
45
271
37
164
45
271
39
164
45
271
34
164
206
210
208
170
312
319
267
307
312
319
266
307
430
272
393
308
430
272
392
308
430
272
395
308
554
244
517
329
554
244
516
328
554
244
515
328
554
244
518
327
544
242
510
323
327
356
266
345
327
356
267
343
327
356
266
347
327
356
266
344
327
356
265
347
327
356
268
341
501
253
466
316
501
253
468
316
501
253
467
317
552
244
514
328
552
244
516
328
552
244
515
328
552
244
518
327
186
216
187
165
310
322
264
308
310
322
262
311
310
322
260
312
310
322
261
311
506
260
469
325
41
273
32
163
41
273
31
164
41
273
32
164
41
273
33
165
41
273
34
164
434
269
395
307
434
269
395
308
434
269
399
307
207
328
167
277
353
286
316
293
353
286
319
293
353
286
317
292
353
286
317
290
306
315
259
304
306
315
261
305
306
315
261
304
176
333
136
267
301
309
257
296
325
340
259
329
325
340
263
329
325
340
270
335
325
340
263
328
325
340
257
325
325
340
262
328
514
158
514
233
514
158
515
232
202
228
203
180
202
228
202
180
78
353
39
247
78
353
39
248
342
362
278
359
342
362
278
361
342
362
279
359
342
362
279
358
307
347
251
331
307
347
250
331
307
347
249
330
307
347
250
330
303
339
250
324
303
339
251
324
303
339
248
321
303
339
248
323
303
339
249
321
303
339
249
323
303
339
250
322
303
339
250
323
303
339
251
322
207
222
207
176
207
222
205
176
207
222
205
180
207
222
207
177
207
222
207
175
207
222
207
178
207
222
204
179
207
222
206
177
207
222
205
178
207
222
206
175
207
222
206
179
317
359
259
341
317
359
255
346
318
318
273
308
510
160
508
233
510
160
509
233
510
160
510
232
510
160
508
234
510
160
507
233
300
337
248
321
300
337
249
321
186
334
144
273
251
361
193
321
251
361
193
323
251
361
194
322
337
352
278
348
337
352
276
353
337
352
277
351
337
352
273
348
40
268
33
159
314
333
263
321
314
333
261
322
319
324
270
314
319
324
268
317
319
324
270
315
319
324
273
310
319
324
270
316
319
324
271
315
42
276
36
167
42
276
32
167
42
276
35
167
518
258
479
327
321
319
273
310
49
269
37
164
49
269
39
164
203
227
203
180
203
227
202
180
203
227
202
183
208
333
166
279
208
333
168
279
208
333
166
281
208
333
165
281
208
333
167
279
208
333
165
280
208
333
164
281
317
335
263
321
403
170
409
203
403
170
408
203
549
251
512
331
549
251
512
332
549
251
512
333
549
251
511
333
549
251
512
334
549
251
510
334
309
331
260
318
312
352
253
335
432
268
395
307
432
268
394
307
201
225
200
178
201
225
201
175
201
225
200
177
201
225
202
175
506
127
517
201
501
250
468
314
322
361
259
349
322
361
260
347
533
236
503
313
356
291
321
294
339
295
302
295
339
295
301
295
207
214
208
171
207
214
207
173
207
214
207
175
207
214
207
172
207
214
208
172
491
136
500
204
310
324
262
311
310
324
260
312
310
324
261
311
40
282
31
170
81
352
42
250
81
352
41
249
81
352
39
247
81
352
39
246
81
352
40
245
352
291
316
294
352
291
316
295
507
255
471
321
325
344
267
336
325
344
268
337
355
367
288
368
338
332
286
327
338
332
286
329
325
356
258
347
325
356
260
345
325
356
263
345
325
356
260
347
325
356
262
344
325
356
266
344
325
356
265
347
545
239
513
320
42
273
32
164
42
273
36
164
42
273
37
164
42
273
33
165
42
273
34
165
42
273
34
164
207
220
207
176
207
220
205
176
207
220
207
177
207
220
207
175
207
220
206
177
207
220
206
175
116
215
124
139
201
217
202
173
201
217
202
171
201
217
202
172
50
280
39
176
50
280
38
173
50
280
38
176
50
280
38
175
312
343
257
328
312
343
255
329
50
281
39
176
50
281
38
173
50
281
38
176
50
281
36
176
50
281
38
175
208
233
205
184
251
362
193
321
251
362
193
323
202
226
203
180
202
226
202
180
202
226
200
178
319
317
273
308
48
271
36
164
48
271
37
164
48
271
39
164
303
336
251
321
303
336
252
321
303
336
249
321
303
336
249
323
303
336
250
322
303
336
250
323
303
336
251
322
317
329
268
317
222
360
169
309
323
337
271
331
323
337
263
329
323
337
263
328
317
354
256
342
317
354
258
341
317
354
257
340
317
354
257
341
317
354
259
339
309
321
264
308
309
321
262
311
309
321
263
308
309
321
261
311
207
233
202
185
51
269
39
164
360
282
325
290
360
282
323
287
360
282
323
290
360
282
325
287
302
338
250
324
302
338
251
321
302
338
251
324
302
338
248
321
302
338
248
323
302
338
249
321
302
338
249
323
302
338
250
322
302
338
250
323
302
338
251
322
303
342
249
326
303
342
248
325
303
342
250
326
330
349
273
344
330
349
273
341
330
349
272
339
330
349
270
341
330
349
270
340
330
349
272
341
330
349
268
344
330
349
269
344
330
349
268
341
330
349
269
342
330
349
271
347
47
271
37
165
47
271
36
163
47
271
36
164
47
271
37
164
47
271
39
164
47
271
34
164
514
159
514
233
317
326
270
314
317
326
268
315
300
356
241
337
300
356
241
338
300
356
242
338
315
352
256
335
315
352
258
337
315
352
256
339
315
352
255
336
315
352
255
335
315
352
257
336
315
352
257
338
315
352
256
337
328
358
266
345
328
358
266
347
328
358
266
344
328
358
265
347
319
319
273
308
319
319
272
309
319
319
273
310
506
258
468
323
79
352
41
249
79
352
39
247
79
352
39
248
521
258
482
328
345
361
281
360
345
361
282
360
305
319
259
308
305
319
261
305
305
319
258
307
305
319
258
306
308
338
255
325
308
338
255
324
308
338
256
324
308
338
257
325
354
361
290
363
317
315
272
305
512
258
474
325
46
273
37
165
46
273
39
167
46
273
39
166
46
273
34
165
46
273
38
166
207
219
207
176
207
219
206
177
207
219
206
175
435
256
402
295
319
328
270
316
312
347
256
334
312
347
255
333
312
347
253
331
312
347
254
333
208
334
166
281
208
334
165
281
208
334
165
280
208
334
164
282
208
334
164
281
323
333
273
330
323
333
271
328
323
333
271
329
343
334
290
331
343
334
289
331
325
349
268
339
325
349
268
341
325
349
268
337
325
349
267
341
536
254
498
329
513
243
480
311
513
243
480
310
513
243
480
309
513
243
481
310
513
243
481
311
513
243
481
312
513
243
480
312
333
349
273
344
333
349
273
341
333
349
273
348
47
276
37
169
47
276
36
170
545
238
512
319
545
238
513
319
545
238
514
319
545
238
513
320
545
238
515
319
325
332
271
332
335
349
273
348
314
349
256
335
314
349
256
334
314
349
257
336
314
349
254
334
317
355
256
342
317
355
258
341
317
355
257
342
317
355
257
341
353
292
316
294
353
292
316
295
360
284
322
293
360
284
325
293
360
284
325
290
360
284
324
291
360
284
324
293
360
284
321
290
360
284
319
289
360
284
323
290
360
284
318
289
360
284
325
292
43
268
39
161
521
255
486
327
317
332
263
321
548
250
512
331
548
250
512
332
548
250
510
332
548
250
512
333
548
250
511
333
207
332
166
279
207
332
168
279
207
332
165
281
207
332
167
279
207
332
165
280
207
332
165
278
207
332
164
280
246
157
268
133
523
245
494
319
512
159
514
233
512
159
508
233
512
159
509
233
512
159
510
232
512
159
508
234
78
355
39
248
304
321
259
308
304
321
258
307
313
350
256
335
313
350
253
335
313
350
255
336
313
350
255
335
313
350
254
334
316
335
263
321
316
335
261
322
316
335
259
325
326
323
272
317
326
323
273
317
315
358
256
342
315
358
257
341
315
358
255
343
205
228
203
183
205
228
203
180
205
228
202
185
205
228
202
180
205
228
203
182
205
228
202
183
87
349
46
251
87
349
42
250
521
220
501
296
355
361
290
363
301
337
251
321
301
337
247
322
301
337
248
321
301
337
248
323
301
337
249
321
301
337
249
323
51
276
39
171
51
276
39
170
519
260
481
330
519
260
480
330
519
260
478
329
519
260
477
328
79
351
41
249
79
351
39
247
79
351
39
246
79
351
40
245
79
351
39
248
336
357
274
352
336
357
276
353
336
357
277
351
336
357
273
348
207
223
204
180
207
223
207
176
207
223
204
181
207
223
205
176
207
223
205
180
207
223
207
177
207
223
207
175
207
223
207
178
207
223
207
179
207
223
205
181
207
223
204
179
207
223
206
177
207
223
205
178
207
223
206
175
207
223
206
179
503
158
502
230
503
158
503
229
503
158
504
229
206
216
207
173
206
216
206
173
313
319
268
307
313
319
269
306
251
360
193
321
251
360
193
323
251
360
194
322
333
358
271
347
341
360
278
359
341
360
279
358
341
360
280
355
304
318
259
304
304
318
258
306
307
359
248
342
307
359
247
342
38
274
31
163
38
274
32
163
38
274
32
164
317
360
259
344
317
360
255
346
317
360
257
346
207
213
208
171
207
213
208
172
343
360
279
359
343
360
281
357
343
360
279
358
304
315
259
303
304
315
257
303
429
272
393
308
429
272
392
308
308
328
261
314
308
328
260
312
308
328
261
315
177
333
137
268
177
333
136
267
177
333
137
267
313
354
253
339
313
354
253
338
50
273
39
167
50
273
39
166
321
324
272
317
321
324
270
318
321
324
268
317
321
324
270
315
321
324
270
316
321
324
271
315
314
355
255
339
314
355
255
338
314
355
254
341
321
322
268
317
321
322
270
315
321
322
273
310
321
322
270
316
321
322
271
315
434
258
403
296
434
258
402
295
341
363
278
359
341
363
278
361
341
363
279
358
513
156
510
232
513
156
509
232
513
156
510
231
318
355
256
342
318
355
258
341
318
355
257
340
318
355
257
342
318
355
259
341
318
355
257
341
318
355
259
339
338
299
299
299
346
362
283
360
321
326
273
316
321
326
272
317
321
326
270
318
321
326
270
315
321
326
270
316
321
326
271
315
494
255
460
316
494
255
458
315
494
255
462
317
494
255
461
317
300
313
256
299
506
161
510
232
506
161
509
232
506
161
507
233
506
161
510
231
310
347
255
333
310
347
253
331
310
347
254
333
44
265
35
158
44
265
33
159
338
350
278
348
301
314
258
299
317
331
263
321
517
260
478
329
517
260
477
328
525
260
487
332
320
358
259
344
320
358
260
345
320
358
257
346
300
312
257
297
207
229
205
182
207
229
203
183
207
229
205
184
207
229
205
183
207
229
204
182
207
229
203
182
503
252
468
315
43
274
37
165
43
274
36
164
43
274
33
165
43
274
34
165
43
274
36
167
43
274
34
164
43
274
32
167
43
274
35
167
504
254
469
319
207
235
202
185
207
221
207
176
207
221
205
176
207
221
207
177
207
221
207
175
207
221
207
178
207
221
206
177
207
221
205
178
207
221
206
175
207
221
206
179
315
353
258
337
315
353
255
339
315
353
256
339
315
353
255
338
315
353
257
336
315
353
257
338
315
353
256
337
516
255
480
324
208
218
207
176
208
218
207
177
208
218
207
175
432
272
395
308
306
336
251
321
306
336
252
321
306
336
250
322
306
336
251
322
309
319
263
306
309
319
264
306
309
319
263
308
435
267
399
307
313
326
265
313
313
326
263
316
313
326
266
313
313
359
254
342
313
359
253
344
323
326
273
316
323
326
272
317
323
326
270
318
323
326
273
317
321
333
273
330
321
333
263
321
314
321
268
308
186
217
186
166
506
163
508
233
506
163
508
234
506
163
507
233
335
350
278
348
335
350
273
348
317
339
263
329
317
339
262
330
317
339
263
328
317
339
262
328
500
253
466
316
500
253
468
316
500
253
467
317
316
326
265
316
316
326
268
315
201
223
202
173
201
223
200
178
201
223
201
175
201
223
201
174
201
223
200
177
201
223
202
175
317
338
263
329
317
338
262
330
317
338
263
328
317
338
262
328
512
243
479
308
512
243
480
311
512
243
480
310
512
243
480
309
512
243
478
309
512
243
481
310
512
243
481
311
512
243
481
312
512
243
480
312
497
261
460
323
497
261
458
322
202
225
200
178
202
225
202
175
300
359
241
341
208
215
207
176
208
215
207
175
208
215
208
172
504
157
504
229
208
332
167
278
208
332
166
279
208
332
168
279
208
332
166
281
208
332
165
281
208
332
167
279
208
332
165
280
208
332
164
280
208
332
164
281
45
272
37
165
45
272
36
164
45
272
37
164
45
272
34
165
45
272
39
164
45
272
38
166
45
272
34
164
502
252
468
315
502
252
468
316
545
251
509
331
545
251
508
331
208
327
167
277
208
327
168
277
306
333
252
321
509
156
510
230
509
156
507
231
317
358
257
342
317
358
259
341
312
338
257
327
312
338
259
325
312
338
257
328
312
338
256
324
312
338
257
325
310
332
260
318
355
364
289
365
528
244
497
320
528
244
496
320
528
244
494
319
528
244
497
319
427
262
394
296
427
262
394
297
207
334
168
279
207
334
166
281
207
334
165
281
207
334
167
279
207
334
165
280
207
334
164
281
317
351
256
335
317
351
258
337
317
351
257
336
333
348
273
344
333
348
273
341
333
348
272
341
333
348
273
339
333
348
271
347
333
348
273
348
526
259
490
333
526
259
487
331
526
259
491
334
310
331
260
318
309
317
263
306
309
317
263
305
309
317
264
306
312
350
253
335
312
350
255
336
312
350
255
335
312
350
254
334
515
250
481
319
308
321
262
308
308
321
263
308
308
321
261
311
331
349
273
344
331
349
273
341
331
349
270
341
331
349
270
340
331
349
272
341
331
349
269
344
331
349
269
342
331
349
273
339
331
349
271
347
306
326
260
312
322
360
260
347
207
329
167
277
328
352
266
345
328
352
267
343
328
352
270
341
328
352
266
347
328
352
268
344
328
352
269
344
328
352
266
344
328
352
265
347
328
352
268
341
328
352
269
342
328
352
267
341
503
244
472
307
503
244
473
307
321
317
273
310
300
357
242
338
208
282
181
234
542
233
513
314
516
250
481
319
328
357
266
345
328
357
266
347
328
357
265
347
350
369
284
370
310
339
257
327
310
339
255
325
310
339
257
328
310
339
255
324
310
339
256
324
310
339
257
325
501
252
468
315
501
252
468
316
353
289
316
293
353
289
316
294
353
289
319
293
353
289
316
295
41
274
32
163
41
274
31
164
41
274
32
164
41
274
33
165
41
274
34
165
41
274
34
164
314
360
256
342
314
360
257
342
314
360
255
343
511
155
511
230
511
155
510
230
511
155
507
231
42
265
35
158
312
329
263
317
312
329
263
316
312
329
260
318
330
357
269
344
330
357
271
347
481
146
489
211
481
146
489
210
203
218
203
173
355
289
316
293
355
289
316
294
355
289
319
293
355
289
317
292
355
289
316
295
313
317
267
307
313
317
268
307
313
317
269
306
313
317
267
306
207
216
207
173
207
216
207
172
544
239
512
320
544
239
511
320
544
239
513
320
206
227
204
180
206
227
203
183
206
227
203
180
206
227
204
181
206
227
204
182
206
227
204
179
206
227
203
182
206
227
202
183
208
230
205
184
208
230
205
183
208
230
206
183
208
230
206
185
345
362
281
360
345
362
282
360
312
318
267
307
312
318
266
307
312
318
267
306
533
239
502
316
533
239
500
315
533
239
503
316
533
239
501
316
331
334
273
329
315
351
256
335
315
351
256
334
315
351
255
335
315
351
257
336
315
351
257
338
315
351
256
337
45
276
37
168
45
276
36
167
45
276
36
168
45
276
36
170
45
276
35
167
361
284
325
293
361
284
325
290
361
284
324
291
361
284
321
290
361
284
319
289
361
284
323
290
361
284
325
292
321
332
273
330
321
332
271
332
333
357
271
347
333
357
273
348
41
266
35
158
41
266
33
159
207
336
166
281
207
336
165
281
361
282
323
290
361
282
325
287
116
212
124
137
116
212
124
139
547
253
509
334
547
253
510
334
494
160
495
227
494
160
494
227
353
360
290
363
299
310
254
296
328
349
267
343
328
349
269
337
328
349
270
341
328
349
270
340
328
349
268
344
328
349
269
344
328
349
266
344
328
349
268
339
328
349
270
338
328
349
268
341
328
349
269
342
328
349
268
337
328
349
267
341
203
220
202
173
203
220
202
175
203
220
203
173
338
358
275
355
338
358
276
353
555
244
517
329
192
214
194
165
192
214
193
165
308
339
257
327
308
339
255
325
308
339
255
324
308
339
256
324
308
339
257
325
311
342
257
327
311
342
259
329
311
342
257
328
311
342
255
329
311
342
258
331
206
225
204
180
206
225
203
180
206
225
204
181
206
225
205
176
206
225
205
180
206
225
202
180
206
225
204
182
206
225
205
181
206
225
204
179
206
225
206
177
206
225
203
182
206
225
205
178
206
225
206
175
206
225
206
179
318
315
273
305
78
349
41
249
78
349
42
247
78
349
39
247
78
349
39
244
78
349
39
246
78
349
43
246
78
349
39
245
78
349
40
245
78
349
39
248
354
366
288
367
354
291
316
294
354
291
321
294
354
291
316
295
342
361
278
359
342
361
279
359
342
361
279
358
306
312
260
300
208
328
167
277
208
328
168
277
303
356
244
338
79
347
41
243
79
347
41
249
79
347
42
247
79
347
39
247
79
347
39
244
79
347
39
246
79
347
43
246
79
347
39
245
79
347
40
243
79
347
40
244
79
347
40
245
79
347
39
248
313
355
253
339
306
360
247
342
306
360
246
343
400
174
403
204
520
260
481
330
520
260
480
330
520
260
482
330
255
361
199
325
323
325
273
316
323
325
272
317
323
325
270
318
323
325
273
317
323
325
270
316
323
325
273
319
202
229
203
180
202
229
202
180
323
321
273
316
323
321
272
317
513
158
514
233
513
158
509
233
513
158
510
232
325
345
268
339
325
345
267
336
325
345
268
337
325
345
267
341
338
334
286
329
293
361
234
340
501
251
468
315
501
251
468
314
37
268
35
158
37
268
33
159
353
285
321
290
353
285
319
289
353
285
318
289
353
285
317
292
353
285
317
290
510
156
511
230
510
156
509
231
510
156
510
230
510
156
507
231
79
354
41
249
79
354
39
247
79
354
39
246
79
354
39
245
79
354
40
245
79
354
39
248
208
224
205
182
208
224
204
180
208
224
208
178
208
224
204
181
208
224
205
180
208
224
207
177
208
224
204
182
208
224
207
178
208
224
207
179
208
224
205
181
208
224
206
177
208
224
205
178
208
224
206
179
299
309
254
296
504
244
472
307
504
244
474
307
504
244
475
308
504
244
473
307
323
324
273
316
323
324
272
317
323
324
270
318
323
324
273
317
323
324
270
316
323
324
273
319
305
310
258
299
305
310
262
296
314
326
265
316
314
326
265
313
314
326
263
316
314
326
267
313
314
326
266
313
349
361
285
361
349
361
286
361
349
361
286
360
349
361
285
360
325
322
273
316
325
322
272
317
325
322
270
318
325
322
273
317
47
278
38
173
47
278
39
171
47
278
35
172
47
278
39
170
47
278
36
171
47
278
36
170
327
352
266
345
327
352
267
343
327
352
270
341
327
352
263
345
327
352
268
344
327
352
269
344
327
352
266
344
327
352
265
347
327
352
268
341
327
352
269
342
327
352
267
341
321
325
270
314
321
325
273
316
321
325
272
317
321
325
270
318
321
325
268
317
321
325
270
315
321
325
270
316
321
325
271
315
536
255
502
333
536
255
497
331
321
356
259
344
321
356
260
343
321
356
258
347
321
356
260
345
78
347
41
243
78
347
39
247
78
347
39
244
78
347
39
246
78
347
39
245
78
347
40
243
78
347
40
244
78
347
40
245
78
347
39
248
338
295
299
295
338
295
301
295
338
295
301
296
327
357
266
345
327
357
267
343
327
357
266
347
327
357
266
344
327
357
265
347
327
357
268
341
507
161
508
233
507
161
509
233
507
161
510
232
507
161
508
234
507
161
509
232
507
161
507
233
203
229
203
180
203
229
202
180
203
229
202
183
508
160
508
233
508
160
509
233
508
160
510
232
508
160
509
232
508
160
507
233
521
260
483
331
521
260
482
330
328
354
266
345
328
354
267
343
328
354
266
347
328
354
268
344
328
354
269
344
328
354
266
344
328
354
265
347
328
354
268
341
328
354
269
342
305
347
249
330
116
214
124
139
324
336
273
330
324
336
269
329
324
336
271
331
324
336
270
328
324
336
271
328
324
336
271
332
324
336
269
328
324
336
263
328
324
336
271
329
324
336
270
329
185
334
144
272
319
318
273
308
319
318
272
309
342
363
278
359
342
363
279
359
342
363
279
358
533
238
502
316
533
238
503
316
319
335
269
329
319
335
270
328
319
335
269
328
319
335
263
328
319
335
262
328
319
335
270
329
311
235
297
229
337
334
286
329
332
357
271
347
332
357
273
348
208
222
207
176
208
222
208
178
208
222
205
180
208
222
207
177
208
222
207
175
208
222
207
178
208
222
207
179
208
222
205
181
208
222
206
177
208
222
205
178
208
222
206
175
208
222
206
179
500
259
464
322
44
266
35
158
44
266
33
159
116
210
124
137
116
210
124
136
433
263
398
300
206
213
208
171
206
213
208
170
206
213
207
173
206
213
207
172
206
213
208
172
47
279
38
173
47
279
35
172
47
279
36
171
499
253
466
316
185
215
187
165
208
223
205
182
208
223
204
180
208
223
207
176
208
223
208
178
208
223
204
181
208
223
205
180
208
223
207
177
208
223
204
182
208
223
207
178
208
223
207
179
208
223
205
181
208
223
206
177
208
223
205
178
208
223
206
179
207
283
181
234
303
355
244
338
321
321
270
315
321
321
273
310
162
243
157
181
318
329
270
318
318
329
268
317
318
329
270
316
318
329
271
315
509
158
511
230
509
158
510
232
509
158
509
231
509
158
509
232
509
158
510
230
509
158
507
231
509
158
510
231
316
317
271
307
308
324
262
311
308
324
260
312
308
324
261
311
338
352
278
348
338
352
277
351
338
352
281
347
504
260
467
324
42
272
36
163
42
272
32
163
42
272
32
164
42
272
36
164
42
272
37
164
42
272
33
165
42
272
34
165
42
272
34
164
332
349
273
344
332
349
273
341
332
349
272
341
332
349
269
344
332
349
271
347
338
349
278
348
523
244
494
319
207
327
167
277
301
336
251
321
301
336
248
321
301
336
252
321
301
336
249
321
301
336
250
322
301
336
251
322
332
354
273
344
332
354
271
347
332
354
273
348
319
359
257
346
208
226
205
182
208
226
207
183
208
226
204
181
208
226
205
180
208
226
207
177
208
226
205
183
208
226
204
182
208
226
207
178
208
226
207
179
208
226
205
181
208
226
206
183
208
226
206
179
50
270
37
164
50
270
39
164
308
318
263
306
308
318
263
305
308
318
264
306
298
360
241
341
337
350
278
348
337
350
277
351
47
272
37
165
47
272
36
164
47
272
39
166
47
272
37
164
47
272
39
164
185
217
186
166
315
350
256
335
315
350
256
334
315
350
257
336
315
350
254
334
310
319
266
307
310
319
264
306
508
161
508
233
508
161
509
233
508
161
510
232
508
161
508
234
508
161
509
232
508
161
507
233
338
356
274
352
338
356
275
355
338
356
276
353
338
356
277
351
512
261
473
328
202
271
180
223
49
279
38
173
49
279
38
175
505
259
467
324
505
259
468
323
310
328
261
314
310
328
261
315
311
355
253
339
311
355
253
338
311
355
252
340
433
257
402
295
307
358
247
342
208
229
205
182
208
229
205
184
208
229
205
183
208
229
206
183
208
229
206
185
50
276
39
171
50
276
39
170
50
276
36
171
327
331
273
330
327
331
272
329
40
280
31
170
116
211
124
137
543
239
512
320
543
239
511
320
543
239
511
319
207
227
205
182
207
227
204
180
207
227
203
183
207
227
204
181
207
227
205
180
207
227
207
177
207
227
205
183
207
227
204
182
207
227
207
178
207
227
207
179
207
227
205
181
207
227
206
177
207
227
203
182
207
227
205
178
207
227
206
179
306
319
259
308
306
319
261
305
306
319
258
307
328
332
273
330
328
332
273
329
40
277
32
167
206
228
204
180
206
228
203
183
206
228
204
181
206
228
202
185
206
228
204
182
206
228
203
182
206
228
202
183
318
338
263
329
318
338
262
330
305
318
261
305
305
318
261
304
305
318
258
307
305
318
258
306
40
276
32
167
49
270
36
164
49
270
37
164
49
270
39
164
81
354
42
250
81
354
41
249
81
354
39
247
81
354
39
246
81
354
39
245
81
354
40
245
81
354
39
248
318
325
270
314
318
325
270
315
318
325
268
315
256
360
199
324
301
310
257
296
301
310
257
297
203
221
202
173
203
221
202
175
203
221
203
173
44
280
35
172
44
280
32
173
515
153
511
230
534
239
502
316
534
239
504
316
534
239
503
316
534
239
501
316
316
318
271
307
507
260
469
325
316
359
258
341
316
359
257
342
316
359
259
341
324
337
269
329
324
337
271
331
324
337
271
332
324
337
263
328
324
337
262
328
324
337
270
329
505
157
504
230
303
343
249
326
303
343
248
325
316
342
262
330
313
349
256
335
313
349
256
334
313
349
255
335
313
349
254
334
313
349
254
333
252
361
194
323
252
361
193
321
252
361
193
323
252
361
194
322
47
280
38
173
47
280
33
175
47
280
35
172
47
280
36
171
523
255
486
327
502
259
465
322
502
259
464
322
316
357
257
341
340
295
302
295
340
295
301
295
207
224
205
182
207
224
204
180
207
224
203
180
207
224
204
181
207
224
205
176
207
224
205
180
207
224
207
177
207
224
204
182
207
224
207
178
207
224
207
179
207
224
205
181
207
224
204
179
207
224
206
177
207
224
205
178
207
224
206
175
207
224
206
179
51
270
39
164
202
221
202
173
202
221
201
175
202
221
201
174
202
221
202
175
302
337
251
321
302
337
248
321
302
337
248
323
302
337
249
321
302
337
249
323
302
337
250
322
302
337
250
323
302
337
251
322
511
258
474
325
331
354
269
344
331
354
271
347
331
354
273
348
345
296
305
297
319
331
263
321
39
273
31
163
39
273
36
163
39
273
32
163
39
273
32
164
354
368
288
368
354
368
291
369
354
368
288
369
431
272
395
308
312
335
261
322
312
335
259
325
312
335
257
325
310
326
261
314
310
326
260
312
310
326
261
315
507
127
518
202
504
152
507
224
52
282
39
176
52
282
38
176
52
282
38
178
502
251
468
315
502
251
468
314
553
244
517
329
553
244
514
328
553
244
516
328
553
244
515
328
553
244
518
327
82
347
41
243
82
347
42
250
82
347
41
249
82
347
42
247
82
347
39
247
82
347
43
247
82
347
43
248
82
347
39
246
82
347
43
246
82
347
40
244
82
347
40
245
82
347
39
248
321
359
258
347
497
256
460
316
497
256
462
317
497
256
461
317
318
319
273
308
318
319
272
309
45
265
35
158
45
265
33
159
248
360
191
321
311
351
253
335
202
223
200
178
202
223
201
175
202
223
200
177
202
223
202
175
313
347
256
334
313
347
255
333
313
347
257
333
313
347
253
331
313
347
254
334
313
347
254
333
353
282
324
291
353
282
323
287
353
282
318
288
353
282
321
290
353
282
319
289
353
282
323
290
353
282
318
289
310
346
255
333
310
346
253
331
310
346
254
333
207
326
166
276
516
252
480
320
516
252
480
321
321
318
273
308
321
318
273
310
37
274
32
163
37
274
32
162
204
288
177
238
353
288
316
293
353
288
316
294
353
288
321
294
353
288
319
293
353
288
317
292
353
288
316
295
353
288
317
290
326
324
273
317
326
324
273
319
514
243
480
311
514
243
480
310
514
243
481
310
514
243
481
311
514
243
481
312
502
255
467
319
535
239
502
316
535
239
504
316
535
239
504
317
535
239
503
316
501
259
465
322
501
259
464
322
533
245
498
321
533
245
499
321
533
245
500
322
333
354
273
344
333
354
271
347
333
354
273
348
318
361
257
346
206
286
180
238
206
286
182
236
207
218
207
173
207
218
206
173
207
218
207
175
207
218
206
175
308
360
248
343
312
321
266
309
433
256
402
295
506
159
510
230
506
159
507
231
506
128
518
202
506
128
517
201
302
340
247
323
302
340
250
324
302
340
247
322
302
340
251
324
302
340
248
321
302
340
248
325
302
340
248
323
302
340
249
323
302
340
250
323
360
288
322
293
360
288
325
293
360
288
324
295
360
288
324
291
360
288
321
294
360
288
324
293
360
288
323
290
360
288
325
292
