S3.jpg
S5.jpg
254
352
34
351
269
420
57
418
269
420
56
419
268
421
56
419
273
404
58
401
272
405
57
402
269
409
55
405
271
408
56
405
271
408
57
404
270
409
55
405
270
409
56
405
272
407
57
404
272
407
58
402
273
407
59
403
270
420
58
418
276
395
60
392
275
405
60
401
274
406
60
401
274
406
59
403
274
406
60
403
275
406
60
401
275
406
59
403
275
406
61
403
275
406
60
403
276
406
59
403
276
406
61
403
276
406
60
403
274
407
59
403
274
407
59
404
274
407
60
403
275
417
62
414
280
385
64
381
280
385
65
381
279
386
63
382
280
386
64
382
280
386
65
382
281
386
64
381
281
386
65
381
281
386
64
382
281
386
65
382
280
393
65
388
280
393
65
389
280
393
66
391
280
393
67
390
281
392
65
388
281
392
65
389
281
392
67
388
281
392
67
389
281
392
67
390
278
396
60
392
280
395
64
391
280
395
66
391
280
400
65
395
280
400
64
396
280
400
62
395
280
399
65
395
280
399
62
394
280
399
62
395
278
398
59
393
278
398
60
392
278
398
62
394
278
398
62
395
284
385
69
380
284
385
68
380
284
385
67
380
285
385
69
380
285
385
68
380
283
384
69
380
283
384
68
380
283
384
67
380
282
384
68
380
282
384
67
380
284
388
67
384
283
393
65
388
283
393
65
389
283
393
67
388
283
393
67
387
283
393
67
389
283
393
67
390
283
389
67
386
283
389
66
384
283
389
67
384
283
389
67
385
283
391
67
386
283
391
67
388
283
391
67
387
283
391
67
385
283
388
65
382
283
388
66
384
283
388
67
384
285
396
69
392
285
396
67
391
285
396
66
391
285
396
67
390
283
395
65
389
283
395
67
389
283
395
69
392
283
395
67
391
283
395
66
391
283
395
67
390
285
397
69
392
285
397
67
391
285
397
66
391
286
385
69
380
285
418
72
414
287
419
72
414
287
419
75
414
288
418
75
412
288
418
75
414
288
420
75
415
289
420
75
415
289
420
75
414
288
419
75
414
293
381
77
375
293
381
76
375
293
381
78
375
291
381
74
376
291
381
76
375
291
381
75
376
291
382
73
377
291
382
74
376
291
382
75
376
293
410
79
404
291
412
77
406
291
412
77
407
291
412
76
408
291
412
76
407
290
413
76
409
290
413
77
407
290
413
76
408
290
413
76
407
290
414
76
409
293
425
80
419
297
380
81
374
297
380
80
374
294
381
77
375
294
381
76
375
294
381
79
375
294
381
78
375
296
380
79
375
296
380
79
374
296
380
81
374
296
380
80
374
295
380
79
375
295
380
79
374
295
380
78
375
295
380
80
374
294
380
77
375
294
380
76
375
294
380
79
375
294
380
79
374
294
380
78
375
301
225
72
214
300
368
85
361
299
379
82
373
300
383
84
376
300
383
85
376
300
383
85
377
298
385
81
379
298
384
81
379
301
383
85
376
301
383
85
377
301
383
86
377
301
383
86
376
305
381
88
376
305
381
89
374
305
381
89
375
305
381
88
375
305
383
88
376
304
382
88
376
304
382
89
375
304
382
88
375
304
382
87
376
303
382
88
376
303
382
86
376
303
382
88
375
303
382
87
376
303
382
87
375
302
383
86
377
302
383
86
376
302
383
87
376
303
383
86
377
303
383
88
376
303
383
87
376
304
383
88
376
305
382
88
376
305
382
89
375
305
382
88
375
306
209
76
198
308
380
92
373
308
380
93
373
306
381
89
375
309
380
92
373
309
380
93
373
310
401
95
393
310
401
97
393
310
401
94
393
310
401
96
393
310
401
96
394
310
401
97
394
308
401
93
392
308
401
93
393
308
401
95
393
308
401
94
393
309
401
95
393
309
401
94
393
309
401
96
393
311
432
101
423
313
433
102
424
313
433
104
424
313
433
102
423
313
433
101
423
313
433
103
424
313
432
104
423
313
432
102
423
313
432
101
423
313
432
103
423
312
432
102
423
312
432
101
423
313
444
110
436
314
365
98
356
315
367
99
357
317
404
100
394
317
404
99
395
317
404
101
394
317
404
100
395
317
404
101
395
317
404
102
394
317
404
103
395
317
404
102
395
312
404
100
394
312
404
97
395
312
404
99
395
312
404
96
394
312
404
98
395
312
404
97
394
312
404
100
395
312
404
101
395
312
404
98
394
312
404
102
395
313
404
100
394
313
404
101
396
313
404
97
395
313
404
99
395
313
404
101
394
313
404
98
395
313
404
97
394
313
404
100
395
313
404
101
395
313
404
98
394
313
404
103
395
313
404
102
395
316
404
100
394
316
404
101
396
316
404
99
395
316
404
101
394
316
404
100
395
316
404
101
395
316
404
102
396
316
404
102
394
316
404
103
395
316
404
102
395
314
403
98
393
314
403
100
394
314
403
97
395
314
403
99
395
314
403
101
394
314
403
98
395
314
403
97
394
314
403
100
395
314
403
101
395
314
403
98
394
314
403
102
394
314
403
102
395
316
405
101
396
316
405
101
395
316
405
102
396
316
405
103
395
316
405
104
397
316
405
103
396
316
405
104
396
316
405
105
396
316
405
102
395
316
405
105
397
316
405
106
396
316
405
107
396
314
404
100
394
314
404
101
396
314
404
97
395
314
404
99
395
314
404
101
394
314
404
98
395
314
404
97
394
314
404
100
395
314
404
101
395
314
404
98
394
314
404
102
396
314
404
102
394
314
404
103
395
314
404
102
395
312
403
100
394
312
403
97
395
312
403
99
395
312
403
101
394
312
403
96
394
312
403
98
395
312
403
97
394
312
403
100
395
312
403
98
394
315
404
100
394
315
404
101
396
315
404
99
395
315
404
101
394
315
404
98
395
315
404
100
395
315
404
101
395
315
404
98
394
315
404
102
396
315
404
102
394
315
404
103
395
315
404
102
395
312
402
97
393
312
402
96
393
312
402
98
393
312
402
100
394
312
402
97
395
312
402
101
394
312
402
96
394
312
402
97
394
312
402
98
394
315
405
101
396
315
405
99
395
315
405
100
395
315
405
102
396
315
405
104
397
315
405
103
396
315
405
104
396
315
405
105
396
315
405
102
395
313
403
98
393
313
403
100
394
313
403
97
395
313
403
99
395
313
403
101
394
313
403
96
394
313
403
98
395
313
403
97
394
313
403
100
395
313
403
101
395
313
403
98
394
313
403
102
394
317
405
101
396
317
405
101
395
317
405
102
396
317
405
103
395
317
405
104
397
317
405
103
396
317
405
104
396
317
405
105
396
317
405
102
395
317
405
105
397
317
405
106
396
317
405
107
396
314
445
107
436
314
445
108
436
314
445
109
436
315
445
107
436
315
445
108
436
315
445
109
436
315
445
110
436
316
445
107
436
316
445
108
436
316
445
109
436
316
445
110
436
317
445
107
436
317
445
108
436
317
445
109
436
317
445
110
436
317
446
107
436
317
446
108
436
317
446
109
436
317
446
111
437
317
446
110
436
317
446
112
437
317
446
113
437
319
405
101
396
319
405
102
396
319
405
103
395
319
405
103
396
319
405
104
396
319
405
105
396
319
405
102
395
319
405
109
397
319
405
106
396
319
405
107
396
318
405
101
396
318
405
102
396
318
405
103
395
318
405
103
396
318
405
104
396
318
405
105
396
318
405
102
395
318
405
106
396
318
405
107
396
319
432
109
423
319
432
115
424
317
433
104
423
317
433
106
423
316
433
104
423
316
433
104
424
316
433
103
423
317
432
106
423
323
409
108
398
323
409
109
398
321
408
106
397
321
408
108
397
321
408
107
397
321
408
108
398
321
408
109
398
321
406
103
396
321
406
104
396
321
406
105
396
321
406
105
397
321
406
106
397
321
406
108
397
321
406
109
397
321
406
106
396
321
406
107
397
321
406
107
396
321
406
110
397
320
406
102
396
320
406
104
397
320
406
103
396
320
406
104
396
320
406
105
396
320
406
105
397
320
406
106
397
320
406
108
397
320
406
109
397
320
406
106
396
320
406
107
397
320
406
107
396
320
406
110
397
323
408
108
397
323
408
109
397
323
408
107
397
323
408
108
398
323
408
109
398
323
408
110
398
323
408
112
399
323
408
111
398
320
407
104
397
320
407
104
396
320
407
105
396
320
407
105
397
320
407
106
397
320
407
108
397
320
407
109
397
320
407
106
396
320
407
107
397
320
407
107
396
320
407
108
398
320
407
109
398
320
407
110
398
322
408
106
397
322
408
108
397
322
408
109
397
322
408
107
397
322
408
108
398
322
408
109
398
322
408
110
398
321
407
104
397
321
407
104
396
321
407
105
396
321
407
105
397
321
407
106
397
321
407
108
397
321
407
109
397
321
407
106
396
321
407
107
397
321
407
107
396
321
407
108
398
321
407
109
398
321
407
110
398
324
408
108
397
324
408
109
397
324
408
107
397
324
408
110
397
324
408
108
398
324
408
113
399
324
408
109
398
324
408
110
398
324
408
112
399
324
408
111
398
322
407
104
396
322
407
105
396
322
407
105
397
322
407
106
397
322
407
108
397
322
407
109
397
322
407
106
396
322
407
107
397
322
407
107
396
322
407
110
397
322
407
108
398
322
407
109
398
322
407
110
398
322
407
111
398
325
408
108
397
325
408
109
397
325
408
107
397
325
408
110
397
325
408
111
397
325
408
108
398
325
408
112
398
325
408
113
399
325
408
109
398
325
408
110
398
325
408
112
399
325
408
111
398
325
408
114
399
325
408
115
399
324
409
108
398
324
409
109
398
324
409
110
398
324
409
112
399
325
409
108
398
325
409
113
399
325
409
109
398
325
409
110
398
325
409
112
399
325
409
111
398
325
409
114
399
322
437
117
428
323
434
110
423
323
434
112
424
323
434
114
424
323
434
115
424
325
437
116
427
325
437
117
427
325
435
112
424
325
435
114
424
325
435
115
424
323
437
116
427
323
437
118
428
323
437
117
428
321
436
108
425
321
436
107
425
321
436
116
427
322
436
108
425
322
436
116
427
322
436
117
427
320
435
108
424
320
435
108
425
320
435
107
424
320
435
107
425
323
436
116
427
323
436
117
427
323
435
112
424
324
437
116
427
324
437
117
427
321
435
108
424
322
448
111
437
322
448
112
437
322
448
113
437
322
448
113
438
323
449
111
437
323
449
113
438
324
448
107
436
324
448
108
436
324
448
109
436
324
448
111
437
324
448
110
436
324
448
112
437
324
448
113
437
324
448
113
438
323
448
107
436
323
448
109
436
323
448
111
437
323
448
112
437
323
448
113
437
323
448
113
438
324
449
111
437
324
449
112
437
324
449
113
438
325
449
111
437
325
449
112
437
325
449
113
437
325
449
113
438
328
409
109
397
328
409
110
397
328
409
111
397
328
409
113
398
328
409
112
398
328
409
113
399
328
409
109
398
328
409
110
398
328
409
112
399
328
409
111
398
328
409
115
398
328
409
114
398
328
409
116
399
328
409
114
399
328
409
115
399
326
409
108
398
326
409
112
398
326
409
113
399
326
409
109
398
326
409
110
398
326
409
112
399
326
409
111
398
326
409
114
399
326
409
116
400
326
409
115
399
327
409
108
397
327
409
109
397
327
409
110
397
327
409
113
398
327
409
108
398
327
409
112
398
327
409
113
399
327
409
109
398
327
409
110
398
327
409
112
399
327
409
111
398
327
409
114
398
327
409
116
399
327
409
114
399
327
409
116
400
327
409
115
399
327
428
112
416
327
428
115
417
326
436
114
424
328
436
115
424
328
436
119
425
333
411
120
401
333
411
118
400
333
411
119
400
333
411
120
400
333
411
121
401
332
411
117
400
332
411
116
399
332
411
114
399
332
411
116
400
332
411
115
399
332
411
120
401
332
411
118
401
332
411
118
400
332
411
119
400
332
411
119
401
331
411
113
399
331
411
112
399
331
411
117
400
331
411
116
399
331
411
114
399
331
411
116
400
331
411
115
399
331
411
118
401
331
411
118
400
331
411
119
401
330
410
110
397
330
410
113
398
330
410
112
398
330
410
113
399
330
410
111
398
330
410
117
399
330
410
115
398
330
410
114
398
330
410
117
400
330
410
116
399
330
410
114
399
330
410
116
400
330
410
115
399
331
412
116
400
331
412
118
401
331
412
119
401
329
410
113
398
329
410
112
398
329
410
113
399
329
410
109
398
329
410
110
398
329
410
112
399
329
410
111
398
329
410
114
398
329
410
117
400
329
410
116
399
329
410
114
399
329
410
116
400
329
410
115
399
328
410
108
398
328
410
112
398
328
410
113
399
328
410
109
398
328
410
110
398
328
410
112
399
328
410
111
398
328
410
114
399
328
410
116
400
328
410
115
399
328
411
112
399
329
411
113
399
329
411
112
399
329
411
114
399
329
411
116
400
332
412
117
400
332
412
116
400
332
412
120
401
332
412
118
401
332
412
119
401
333
412
116
400
333
412
120
401
333
412
118
401
333
412
119
401
330
411
113
399
330
411
112
399
330
411
117
400
330
411
114
399
330
411
116
400
330
411
115
399
330
411
118
401
333
413
118
401
333
431
120
419
332
438
119
425
329
440
120
428
329
440
118
428
329
440
119
428
329
440
117
428
329
440
124
429
329
440
123
429
329
440
127
430
329
440
128
431
329
440
129
431
331
440
120
428
331
440
117
427
331
440
118
428
331
440
119
428
331
440
117
428
331
440
124
429
331
440
123
429
331
440
127
430
332
440
120
428
332
440
117
427
332
440
118
428
332
440
119
428
332
440
124
429
330
439
116
427
330
439
117
427
330
440
120
428
330
440
118
428
330
440
119
428
330
440
117
428
330
440
124
429
330
440
123
429
330
440
127
430
329
439
120
428
329
439
116
427
329
439
117
427
329
439
118
428
329
439
119
428
329
439
117
428
329
439
124
429
329
439
123
429
328
439
120
428
328
439
116
427
328
439
117
427
328
439
118
428
328
439
119
428
328
439
117
428
328
439
124
429
328
439
123
429
328
439
127
430
331
441
120
428
331
441
118
428
331
441
119
428
331
441
117
428
331
441
124
429
331
441
123
429
331
441
127
430
331
441
128
431
331
441
129
431
332
441
120
428
332
441
118
428
332
441
119
428
332
441
124
429
332
441
123
429
332
441
127
430
332
441
128
431
332
441
129
431
333
441
120
428
333
441
118
428
333
441
119
428
333
441
124
429
333
441
123
429
333
441
127
430
333
441
129
431
330
452
123
440
333
452
113
438
333
452
123
440
333
452
124
440
333
452
125
440
333
452
140
444
332
452
113
438
332
452
123
440
332
452
124
440
332
452
125
440
332
452
140
444
333
453
123
440
333
453
140
444
337
393
118
380
334
392
116
380
332
392
116
380
337
413
122
401
337
413
124
401
337
413
123
401
337
413
123
402
337
413
124
402
336
413
121
401
336
413
122
401
336
413
123
401
336
413
122
402
336
413
123
402
335
413
120
401
335
413
121
401
335
413
122
402
334
413
120
401
334
413
118
401
334
413
119
401
334
412
120
401
334
412
119
401
334
412
121
401
334
439
119
425
332
442
123
429
332
442
128
431
336
442
120
428
336
442
118
428
336
442
119
428
336
442
124
429
336
442
123
429
336
442
127
430
334
442
120
428
334
442
118
428
334
442
119
428
334
442
117
428
334
442
124
429
334
442
123
429
334
442
127
430
334
442
128
431
334
442
129
431
334
442
130
431
335
442
120
428
335
442
119
428
335
442
124
429
335
442
123
429
335
442
127
430
335
442
128
431
335
442
129
431
335
442
130
431
333
442
124
429
333
442
123
429
333
442
127
430
333
442
128
431
333
442
129
431
336
443
124
429
336
443
123
429
336
443
127
430
336
443
128
431
336
443
129
431
336
443
130
431
337
443
124
429
337
443
123
429
337
443
127
430
337
443
128
431
337
443
129
431
337
443
130
431
340
435
125
420
341
435
125
420
338
443
124
429
338
443
123
429
338
443
127
430
338
443
128
431
338
443
129
431
338
443
130
431
339
445
128
431
340
445
128
431
340
445
129
431
338
444
127
430
338
444
128
431
338
444
129
431
340
444
124
429
340
444
123
429
340
444
127
430
340
444
128
431
340
444
129
431
340
444
130
431
339
444
124
429
339
444
123
429
339
444
127
430
339
444
128
431
339
444
129
431
339
444
130
431
341
445
127
430
341
445
128
431
341
445
129
431
341
445
133
432
341
415
127
402
341
415
128
402
341
415
126
403
341
415
127
403
341
415
128
403
341
415
126
402
345
417
130
402
345
417
132
405
345
417
130
403
345
417
132
404
345
417
133
404
345
417
130
404
345
417
131
404
343
416
129
404
343
416
129
402
343
416
128
402
343
416
128
403
343
416
129
403
343
416
130
402
343
416
130
403
343
416
130
404
341
416
127
402
341
416
126
403
341
416
127
403
341
416
128
403
340
415
125
402
340
415
127
402
340
415
126
403
340
415
127
403
340
415
126
402
340
416
126
403
340
416
127
403
341
417
127
403
342
417
129
404
342
417
127
403
342
417
128
403
342
417
129
403
343
417
129
404
343
417
128
403
343
417
129
403
343
417
130
403
343
417
130
404
342
416
129
404
342
416
129
402
342
416
127
402
342
416
128
402
342
416
127
403
342
416
128
403
342
416
129
403
344
417
129
404
344
417
129
403
344
417
130
402
344
417
130
403
344
417
132
404
344
417
130
404
344
417
131
404
342
445
127
430
342
445
128
431
342
445
129
431
342
445
133
432
342
445
130
431
347
386
130
372
346
417
133
405
346
417
132
405
346
417
132
404
346
417
133
404
346
417
131
404
346
417
134
403
346
417
134
404
349
439
134
423
346
444
130
428
345
446
133
432
345
446
130
431
345
446
134
432
346
447
133
432
346
447
134
432
344
446
129
431
344
446
133
432
344
446
130
431
345
447
133
432
345
447
134
432
348
448
134
432
349
448
134
432
349
448
135
432
347
447
133
432
347
447
134
432
350
385
132
371
350
385
133
371
350
385
134
370
350
384
134
370
352
395
136
380
352
395
137
380
352
395
138
380
349
396
132
381
353
395
138
380
353
421
137
405
353
421
139
405
353
421
138
405
350
421
135
405
352
420
137
404
352
420
137
405
352
420
138
405
348
420
133
405
348
420
134
404
348
420
134
405
348
420
135
405
352
421
137
405
352
421
138
405
350
420
135
405
350
420
135
404
349
419
134
403
349
419
137
405
349
419
134
404
349
419
134
405
349
419
135
405
349
419
135
404
348
419
133
405
348
419
133
404
348
419
134
403
348
419
134
404
348
419
134
405
348
419
135
405
348
419
135
404
353
420
137
404
353
420
139
405
353
420
140
405
353
420
138
404
353
420
138
405
353
420
139
404
349
420
134
404
349
420
134
405
349
420
135
405
349
420
135
404
348
418
133
405
348
418
133
404
348
418
134
403
348
418
134
404
348
418
134
405
348
418
135
405
348
418
135
404
351
449
138
433
355
419
140
403
355
419
141
404
355
420
141
405
355
420
139
405
355
420
140
403
355
420
141
404
355
420
140
405
355
420
138
404
355
420
139
404
355
420
140
404
354
420
137
404
354
420
141
405
354
420
139
405
354
420
140
405
354
420
138
404
354
420
138
405
354
420
139
404
354
420
140
404
356
419
140
403
356
419
141
404
356
419
141
403
356
419
140
404
354
450
139
433
354
450
138
433
354
450
140
433
358
381
140
367
360
453
145
435
376
450
160
429
379
451
160
429
379
451
163
429
378
450
160
429
382
425
164
406
382
426
161
407
382
426
162
407
384
441
169
420
384
441
168
420
388
437
170
414
388
437
170
415
388
437
171
415
386
436
169
414
386
436
170
415
386
436
168
414
389
437
171
414
389
437
170
415
389
437
171
415
387
436
170
414
387
436
169
414
387
436
170
415
387
437
170
414
387
437
169
414
387
437
170
415
386
437
170
415
388
438
170
415
388
438
171
415
389
438
170
415
389
438
171
415
385
443
169
420
385
443
170
421
385
443
168
421
385
443
169
421
385
443
168
420
386
443
169
420
386
443
170
421
386
443
168
421
386
443
169
421
386
443
168
420
384
442
169
420
384
442
168
421
384
442
169
421
384
442
168
420
390
437
172
415
390
437
171
415
