Test1500.jpg
Test1501_sm_1.jpg
53
210
104
206
60
209
112
204
60
209
111
208
60
209
112
208
60
209
110
207
59
209
108
207
59
209
109
208
59
209
111
208
59
209
110
207
61
208
109
204
61
208
111
203
61
208
110
204
61
208
112
204
61
208
113
205
61
208
111
208
61
208
112
208
61
208
110
207
61
208
114
206
62
208
111
203
62
208
110
204
62
208
112
204
62
208
113
205
62
208
111
208
62
208
114
204
62
208
115
206
62
208
114
206
62
209
112
204
62
209
113
205
62
209
111
208
62
209
112
208
62
209
113
208
62
209
110
207
62
209
115
206
62
209
114
206
65
208
113
205
65
208
113
208
65
208
114
204
65
208
115
203
65
208
116
204
65
208
115
206
65
208
114
206
65
207
113
205
65
207
116
203
65
207
114
204
65
207
114
202
65
207
115
203
65
207
116
204
65
207
114
206
64
209
112
204
64
209
113
205
64
209
113
209
64
209
112
208
64
209
113
208
64
209
114
204
64
209
115
206
64
209
114
206
63
210
113
205
62
210
113
205
64
210
113
205
64
210
113
208
64
210
114
206
69
205
116
201
69
205
117
201
69
205
116
203
69
205
117
203
69
205
118
202
66
206
116
203
66
206
114
204
66
206
114
202
66
206
115
203
68
206
116
203
68
206
115
203
68
206
117
203
68
206
116
204
68
206
115
206
69
207
116
203
69
207
117
203
69
207
116
204
69
207
116
206
69
207
116
207
67
208
114
204
67
208
115
203
67
208
116
206
67
208
116
207
67
208
115
206
72
204
120
201
72
204
119
202
72
204
118
202
73
204
120
201
73
204
120
202
73
204
119
202
73
204
121
202
72
206
119
202
72
206
118
202
70
206
117
201
70
206
116
203
70
206
117
203
70
206
116
204
70
206
118
202
70
207
116
203
70
207
117
203
70
207
116
204
70
207
117
207
70
207
116
206
71
207
117
203
71
207
119
205
74
203
120
201
76
202
123
199
74
207
121
202
76
207
123
203
76
207
124
205
81
208
128
203
81
208
128
205
80
207
127
203
80
207
127
204
81
206
128
201
81
206
128
203
80
208
127
203
80
208
127
204
80
206
127
203
80
206
128
203
79
206
127
203
79
206
126
202
82
206
129
201
82
206
130
203
82
206
130
202
83
207
130
203
83
207
130
202
82
207
129
204
82
207
129
205
82
207
130
203
87
217
134
211
90
207
136
202
90
207
137
202
93
211
140
206
89
215
137
209
89
215
136
211
89
215
136
212
93
214
140
209
91
214
139
209
91
214
138
209
90
214
137
209
90
214
138
209
241
289
273
280
245
290
279
281
247
136
280
136
246
138
277
139
247
140
280
139
247
139
280
139
247
138
280
138
247
138
280
139
248
144
281
144
248
144
281
143
248
152
281
151
247
290
281
281
247
290
283
280
248
291
281
281
248
291
283
280
247
295
280
284
245
296
280
284
247
302
281
292
250
289
283
280
253
297
288
287
255
294
288
285
254
297
288
287
255
296
288
287
255
296
291
286
257
294
292
285
257
294
291
286
257
296
291
286
257
296
292
287
260
281
293
272
260
281
293
273
258
293
292
285
261
293
292
285
260
295
292
287
260
295
294
287
260
295
294
286
260
294
292
285
260
294
291
286
260
294
294
286
261
295
294
287
261
295
294
286
261
295
296
286
260
296
294
287
260
296
294
286
264
153
297
153
265
169
298
168
265
173
296
172
265
174
296
172
264
174
296
172
263
295
296
286
263
295
298
287
265
295
296
286
265
295
299
287
265
295
298
287
264
296
299
287
264
296
298
287
265
297
297
288
266
154
299
153
268
160
301
160
268
162
301
160
268
164
301
162
267
165
299
163
269
165
301
164
269
166
301
165
269
166
301
164
266
166
299
165
269
169
300
168
267
168
300
168
267
169
300
168
267
169
299
168
267
169
298
167
268
169
300
168
268
169
299
168
267
167
299
165
266
171
297
169
266
171
298
169
266
170
298
169
266
170
298
168
268
172
299
172
269
172
301
170
268
173
299
172
268
174
299
172
266
174
298
172
268
281
306
272
269
281
306
272
269
285
307
276
269
285
308
276
269
283
304
274
269
283
301
275
269
283
302
275
268
283
304
274
268
283
301
275
269
296
302
287
266
297
301
288
266
296
299
287
266
296
298
287
266
296
302
287
267
296
299
287
267
296
298
287
267
296
302
287
273
140
305
138
273
140
305
139
273
141
305
140
273
141
305
139
273
142
305
141
272
152
304
151
272
152
305
152
272
152
305
151
273
153
305
152
273
153
304
153
271
153
303
153
271
153
304
153
273
152
304
151
273
152
305
152
273
152
305
151
272
154
303
153
272
154
304
153
270
161
301
160
270
164
301
162
270
167
301
165
270
166
301
165
270
166
301
164
272
281
309
272
272
281
306
272
270
282
304
274
272
282
304
274
272
282
309
273
272
282
310
273
272
284
301
275
272
284
302
275
272
284
307
276
272
284
308
276
272
284
310
275
270
283
304
274
270
283
301
275
270
283
302
275
272
283
304
274
272
283
301
275
272
283
302
275
273
282
304
274
273
282
309
273
273
282
310
273
273
284
301
275
273
284
302
275
273
284
307
276
273
284
308
276
273
284
310
275
270
291
303
281
273
297
302
287
272
297
302
287
271
297
302
287
273
320
304
310
274
133
306
132
275
130
307
129
276
285
307
276
276
285
308
276
276
285
310
277
276
285
312
277
276
285
311
277
274
284
301
275
274
284
302
275
274
284
307
276
274
284
308
276
274
284
310
275
275
297
302
287
275
297
303
288
275
297
304
288
274
297
302
287
277
147
310
146
279
146
310
146
278
147
310
146
277
152
310
153
277
152
308
152
277
152
309
151
277
152
309
152
278
153
310
153
279
152
310
153
277
153
310
153
276
152
310
153
276
152
308
152
276
152
309
152
279
285
307
276
279
285
308
276
279
285
310
277
279
285
312
277
279
285
311
277
280
282
309
273
280
282
310
273
280
282
317
273
278
285
307
276
278
285
308
276
278
285
310
277
278
285
312
277
278
285
311
277
279
282
309
273
279
282
310
273
279
282
317
273
279
288
311
280
281
286
310
277
281
286
312
277
281
286
311
277
280
286
310
277
280
286
312
277
280
286
311
277
278
298
303
289
278
298
304
289
278
298
308
288
278
298
306
288
284
299
310
289
284
299
311
289
284
299
314
290
283
299
310
289
283
299
311
289
282
299
310
289
282
299
311
289
280
315
311
305
287
134
319
136
287
134
318
135
288
138
319
140
288
139
319
140
289
145
321
146
288
146
321
146
289
146
321
146
289
288
318
279
289
288
320
279
289
288
319
279
286
287
318
279
286
287
319
279
289
301
317
291
289
301
322
293
286
300
314
291
286
300
315
291
286
300
317
291
286
300
314
290
293
147
325
147
292
147
324
147
292
147
325
147
291
147
323
147
291
147
324
147
296
248
326
242
305
305
336
296
304
322
333
312
305
324
334
314
306
305
336
296
307
318
337
308
311
306
340
297
311
306
342
297
313
307
342
297
312
307
340
297
312
307
342
297
314
307
342
297
314
323
344
313
318
318
349
308
328
220
357
216
328
220
358
216
326
220
356
216
326
220
355
216
328
221
357
216
328
221
358
217
328
221
358
216
325
220
355
216
329
220
359
216
329
220
358
216
326
221
356
216
326
221
355
216
326
221
355
217
324
220
353
216
330
188
359
185
330
220
359
216
337
207
366
205
336
210
365
208
335
211
365
208
336
213
366
209
336
213
367
208
334
212
365
208
335
212
365
208
337
212
366
209
337
212
368
208
337
212
367
208
340
207
370
205
340
207
370
204
338
213
368
209
339
210
368
208
339
210
367
208
339
210
368
207
339
210
369
206
338
212
368
208
338
212
368
209
339
211
368
208
339
211
368
209
339
282
367
275
342
188
371
185
345
207
373
205
345
207
374
204
345
207
374
205
345
208
373
205
345
208
374
205
345
208
374
206
345
209
374
206
345
209
375
206
343
211
371
208
343
281
370
275
345
306
373
298
344
307
372
299
347
208
374
205
347
208
376
205
347
208
374
206
347
208
375
206
347
208
376
206
347
209
374
206
347
209
375
206
347
209
376
206
349
209
374
206
349
209
375
206
349
209
376
206
349
209
378
207
346
212
375
209
349
284
377
276
346
283
373
277
346
283
372
276
347
284
374
277
347
304
375
296
349
304
377
296
349
304
375
296
346
306
373
298
350
209
376
205
350
209
374
206
350
209
375
206
350
209
376
206
350
209
378
206
350
209
378
207
352
210
375
206
352
210
376
206
352
210
378
206
352
210
380
207
352
210
378
207
350
210
375
206
350
210
376
206
350
210
378
207
350
210
378
208
350
211
378
208
351
212
375
209
352
284
380
275
352
300
379
293
351
301
377
294
351
301
378
294
350
304
377
296
350
304
375
296
353
321
381
312
353
321
381
313
353
219
380
216
352
221
380
217
355
225
382
221
355
225
383
221
355
225
381
222
354
225
382
221
353
224
380
219
353
224
381
219
353
229
380
225
352
228
380
223
357
226
383
221
357
226
385
221
357
226
384
222
357
226
386
221
355
227
383
221
355
227
381
222
355
227
384
222
355
227
380
223
352
227
381
222
357
296
385
288
355
297
383
289
356
297
384
289
359
215
384
211
359
215
384
212
360
215
384
211
360
215
384
212
359
217
385
213
359
217
384
213
361
224
387
220
361
224
388
220
361
224
389
219
361
224
390
220
359
224
385
221
359
224
387
220
359
224
386
221
359
224
388
220
360
224
387
220
360
224
386
221
360
224
388
220
361
223
387
220
361
223
388
220
361
223
389
219
358
225
383
221
358
225
385
221
358
225
384
222
358
225
387
220
358
225
386
221
358
229
386
223
358
229
387
225
359
229
387
225
361
281
388
275
361
281
390
273
356
282
385
275
356
284
383
276
356
284
384
277
357
284
385
275
357
284
384
277
360
293
388
285
360
293
389
285
360
293
390
286
359
294
387
286
360
308
388
300
361
308
388
300
365
217
390
213
365
217
391
213
365
217
391
214
365
217
390
214
364
217
390
213
364
217
390
214
364
216
390
213
362
217
387
213
362
217
388
213
365
221
393
217
365
221
391
218
365
221
392
218
365
223
390
220
365
223
391
218
365
223
392
218
365
223
390
219
363
222
389
219
363
222
391
218
363
222
390
219
363
223
388
220
363
223
389
219
363
223
390
220
363
223
391
218
363
223
390
219
364
222
391
218
364
222
392
218
364
222
390
219
362
223
387
220
362
223
388
220
362
223
389
219
362
223
390
219
365
222
391
218
365
222
393
218
365
222
392
218
365
222
390
219
364
231
393
227
362
280
391
272
362
280
390
273
365
289
393
281
364
289
393
281
363
291
391
283
362
291
390
283
362
291
391
283
363
290
391
283
363
290
391
282
365
316
393
308
366
213
392
210
369
216
395
212
366
217
391
213
366
217
392
213
366
217
393
213
366
217
391
214
366
217
392
214
367
217
391
213
367
217
392
213
367
217
393
213
367
217
392
214
367
217
393
214
367
218
392
214
367
218
393
214
368
218
393
214
368
220
393
217
368
220
394
217
368
220
395
217
369
220
394
217
369
220
396
216
369
220
395
217
366
221
393
217
366
221
391
218
366
221
393
218
366
221
392
218
366
221
394
217
367
221
393
217
367
221
393
218
367
221
392
218
367
221
394
217
367
221
395
217
366
227
393
223
366
232
394
228
366
232
396
228
366
232
393
227
366
232
395
229
367
275
394
268
367
275
394
270
369
285
399
276
369
285
398
277
367
287
395
279
367
287
396
279
369
301
398
293
368
316
396
308
369
316
397
308
371
219
396
215
371
219
397
215
371
219
397
216
371
219
396
216
370
219
396
215
370
219
397
215
370
219
396
216
371
232
396
229
371
232
396
228
371
232
395
229
371
232
398
228
371
232
399
228
371
232
401
227
371
232
400
227
371
232
400
228
371
232
398
229
372
231
396
229
372
231
396
228
372
231
398
228
372
231
399
228
372
231
401
227
372
231
400
227
372
231
398
227
372
231
400
228
372
231
398
229
372
231
403
227
370
233
396
229
370
233
395
229
370
233
395
230
370
233
398
228
370
233
399
228
370
233
400
228
370
233
398
229
371
233
396
229
371
233
395
230
371
233
400
228
371
233
398
229
372
233
398
229
371
235
399
231
370
234
395
230
370
234
394
231
370
234
399
231
368
234
396
229
368
234
395
230
368
234
394
231
368
234
398
229
372
235
399
231
371
283
398
276
371
283
400
275
371
283
401
275
371
283
399
276
370
284
398
276
370
284
400
275
370
284
399
276
370
284
398
277
372
283
400
275
372
283
401
275
372
283
399
276
373
282
400
275
373
282
401
275
371
284
401
275
371
284
399
276
371
316
399
308
370
317
399
308
372
315
400
307
372
315
399
308
372
316
400
308
372
316
401
307
370
316
398
308
376
196
403
195
376
197
403
195
375
232
404
229
375
232
403
229
377
278
405
271
377
278
406
271
375
280
403
273
380
232
404
229
380
232
403
229
379
277
406
271
379
277
407
270
380
276
407
269
381
302
409
294
381
302
410
294
384
204
412
202
383
231
404
229
383
231
403
229
383
231
411
228
384
231
404
229
384
231
412
227
384
231
411
228
384
231
412
228
383
301
410
294
389
229
412
227
389
229
413
227
389
229
416
225
389
229
418
227
386
231
412
227
386
231
413
227
386
231
411
228
386
231
412
228
386
232
411
228
386
232
412
228
388
233
414
229
389
233
414
229
389
233
415
229
386
271
412
265
387
270
412
265
387
270
412
266
392
196
419
193
393
200
420
197
390
230
412
227
390
230
413
227
390
230
411
228
390
230
412
228
390
230
416
225
390
230
414
228
390
230
418
227
390
230
418
228
392
230
413
227
392
230
416
225
392
230
414
228
392
230
418
227
392
230
419
226
392
230
418
228
392
231
413
227
392
231
412
228
392
231
414
229
392
231
414
228
392
231
415
229
392
231
416
229
392
231
418
227
392
231
419
229
392
231
418
229
392
231
418
228
393
265
419
260
393
265
418
261
392
269
419
264
392
266
417
261
392
266
418
261
392
266
418
262
391
267
417
261
391
267
418
262
390
267
415
263
396
181
422
180
396
181
423
179
397
178
421
177
397
178
423
177
397
178
424
176
397
178
423
176
397
178
422
177
395
178
421
176
395
178
421
177
395
178
423
176
397
181
422
180
397
181
423
180
397
181
423
179
396
182
422
180
396
182
423
180
397
183
423
181
395
188
421
186
395
188
422
185
395
188
424
186
395
188
422
186
396
187
422
185
396
187
425
184
396
187
424
184
396
187
422
186
396
188
422
185
396
188
424
186
396
188
422
186
397
196
424
193
396
198
423
196
396
198
423
194
396
198
425
197
397
201
423
196
395
201
422
197
394
200
422
197
394
200
420
197
396
231
418
227
396
231
421
228
396
231
419
229
396
231
419
226
396
231
418
229
396
231
418
228
396
231
423
228
397
233
421
228
397
233
423
228
397
233
422
230
396
233
421
228
396
233
419
229
396
233
418
229
396
233
419
231
396
233
420
231
396
233
422
230
394
233
415
229
394
233
416
229
394
233
419
229
394
233
418
229
394
233
419
231
396
235
419
231
396
235
420
231
396
235
422
231
396
235
423
231
397
235
419
231
397
235
420
231
397
235
422
231
397
235
423
231
397
261
423
256
397
261
424
256
397
261
422
257
395
263
421
257
395
263
421
258
395
263
420
259
397
262
421
257
397
262
423
256
397
262
422
257
399
189
425
187
398
189
424
186
398
189
425
187
401
232
428
229
398
231
423
228
400
176
425
175
400
177
424
176
402
175
431
173
405
174
433
172
405
174
431
173
405
175
432
173
403
175
431
173
402
197
429
194
402
197
429
195
403
197
429
194
404
232
431
229
406
174
433
172
406
174
432
173
406
174
431
173
408
176
436
174
408
176
435
174
406
175
434
173
409
174
435
173
409
174
434
173
409
176
436
174
409
176
437
174
408
231
434
230
408
233
433
229
408
233
433
230
408
233
434
230
407
233
433
229
407
233
433
230
407
233
434
230
406
233
431
229
406
233
433
230
412
172
438
171
412
170
438
169
410
175
437
173
410
175
436
174
411
174
437
173
410
176
437
174
410
181
436
179
410
181
437
179
410
181
436
180
413
181
440
179
413
181
441
179
409
181
436
179
409
181
437
179
411
180
436
179
411
180
439
178
411
180
437
179
410
217
438
212
412
215
441
211
412
215
438
212
413
232
440
229
417
175
443
174
417
177
443
176
414
181
440
180
414
181
441
179
415
181
439
181
415
181
441
180
415
181
440
180
415
181
443
179
416
181
441
180
416
181
442
180
416
181
445
178
416
181
443
179
417
181
442
180
417
181
445
178
417
181
443
180
417
181
443
179
416
213
443
209
416
213
442
209
415
215
441
211
414
233
440
229
415
231
441
227
415
231
440
229
415
231
442
228
415
232
440
229
415
232
442
228
416
231
441
227
416
231
442
228
416
231
445
228
414
271
440
266
414
270
440
266
414
274
439
270
414
274
440
270
415
277
441
272
419
212
446
209
419
212
446
208
418
212
445
208
418
212
446
208
421
232
445
228
421
232
446
228
420
220
447
217
423
222
450
219
420
223
447
219
420
223
448
220
420
223
448
218
425
223
454
219
421
223
448
220
422
223
450
219
425
224
453
221
425
224
453
220
425
224
451
220
425
224
454
221
425
224
455
221
425
229
448
227
424
261
450
256
424
272
450
268
425
273
450
268
425
273
451
269
425
272
450
268
425
272
451
268
425
272
451
269
429
189
456
188
428
222
457
218
428
224
456
221
426
224
453
220
426
224
454
221
426
224
455
221
426
228
453
224
429
242
456
239
429
242
456
238
429
242
455
238
429
250
453
245
429
250
456
245
429
251
453
245
429
251
453
247
429
251
456
247
429
251
455
247
428
254
453
249
429
258
453
254
431
181
458
179
430
185
458
184
431
186
458
184
432
186
458
184
431
242
456
239
431
242
457
239
431
242
456
238
431
242
455
238
433
243
456
239
433
243
457
239
430
243
456
239
430
243
457
239
430
243
456
238
430
243
455
238
432
252
456
247
432
252
455
247
434
185
461
184
435
186
460
184
435
186
461
184
434
273
459
269
436
273
461
269
436
274
461
269
438
185
465
183
441
184
465
182
439
185
465
183
439
206
466
203
440
207
467
203
438
245
464
241
437
244
465
240
437
244
464
240
438
244
465
240
438
244
464
240
436
244
464
240
440
257
465
253
440
257
464
253
440
257
466
252
438
257
462
251
438
257
463
251
438
257
464
253
440
256
466
252
439
266
463
261
441
273
465
268
442
157
468
156
443
169
468
168
442
171
468
170
443
171
469
170
443
171
468
170
443
182
468
180
445
254
470
249
442
257
468
252
442
257
469
252
442
257
468
253
442
256
468
252
442
256
469
252
444
257
469
252
444
257
471
252
444
257
471
253
444
257
470
253
444
270
470
266
442
272
468
268
446
257
471
252
446
257
473
253
446
257
472
253
453
172
477
171
453
172
479
171
454
171
479
171
454
171
478
170
455
173
481
172
458
236
483
233
461
273
484
269
458
273
482
269
460
273
484
269
460
273
482
269
464
236
491
233
462
249
485
244
462
249
486
244
463
249
485
244
463
249
486
244
465
272
487
268
465
272
486
268
462
273
484
269
462
273
483
268
462
273
486
269
463
273
484
269
463
273
485
268
463
273
483
268
463
273
486
269
466
228
493
224
466
228
492
224
467
227
493
224
466
231
493
227
469
235
495
232
466
237
491
233
466
237
495
233
468
237
495
233
465
251
489
246
465
251
493
246
465
251
493
247
465
251
491
246
466
252
493
247
466
252
491
246
466
252
492
248
466
252
494
248
464
250
485
245
464
250
487
245
464
250
491
246
467
252
493
246
467
252
493
247
467
252
491
246
467
252
492
248
467
252
494
248
469
252
493
246
469
252
493
247
469
252
491
246
466
269
488
264
467
273
487
268
467
273
486
268
473
229
499
225
475
250
500
245
474
273
494
268
475
273
496
268
474
272
496
268
474
272
494
268
481
190
504
188
481
190
505
188
476
192
501
192
476
192
502
191
480
191
503
189
480
191
503
190
480
191
505
190
479
190
504
188
479
190
503
189
479
190
505
190
480
192
503
190
480
192
502
190
479
193
501
192
479
193
502
191
478
190
503
189
478
190
503
190
478
190
505
190
479
189
504
188
479
189
505
188
477
192
501
192
477
192
502
191
477
191
503
190
477
191
502
191
477
191
502
190
476
193
501
192
478
191
503
190
478
191
505
190
478
191
502
190
477
260
498
256
480
261
502
256
476
258
501
253
476
260
498
256
478
261
498
257
478
261
498
256
478
261
502
256
478
273
501
269
480
273
500
268
480
273
502
269
479
273
501
269
479
273
502
269
481
272
503
268
484
260
508
256
482
260
502
256
486
261
508
256
495
168
519
166
492
187
518
187
496
188
521
187
497
232
522
229
495
241
520
237
500
169
523
167
500
169
524
168
499
169
523
167
500
171
524
171
501
170
524
168
501
170
524
171
498
173
522
171
498
172
522
171
499
172
522
171
500
172
524
172
500
172
524
171
501
171
525
171
501
171
524
171
499
173
522
171
499
189
523
188
498
188
523
188
501
192
525
190
499
197
525
197
500
208
524
206
501
228
526
226
500
230
526
226
499
240
526
237
499
241
526
238
499
241
524
238
501
252
527
248
501
252
526
248
500
261
523
256
500
261
522
257
501
261
523
256
501
261
522
257
503
171
525
171
503
171
526
171
503
171
526
170
503
171
527
170
502
171
525
171
502
171
524
171
502
171
526
171
502
171
526
170
505
184
529
182
505
184
530
182
503
187
527
184
504
189
529
188
502
186
526
183
502
186
527
184
504
184
529
182
504
184
528
182
504
184
530
182
505
192
530
190
505
192
531
191
505
193
530
190
505
193
531
191
502
192
527
191
505
196
531
194
502
198
526
197
502
199
526
197
502
199
528
198
502
201
526
200
503
199
528
198
501
199
526
197
501
199
525
197
504
199
528
198
504
198
528
196
504
232
530
229
504
235
529
233
504
236
529
234
504
237
529
234
503
239
528
236
504
240
529
238
503
252
527
248
503
252
526
248
503
252
528
248
503
252
529
248
504
252
527
248
504
252
528
248
504
252
529
248
507
181
531
182
507
192
533
191
507
192
531
191
507
192
533
190
509
193
533
191
509
193
535
191
509
193
534
191
509
193
535
192
508
193
533
191
508
193
534
191
506
192
531
189
506
192
530
190
506
192
531
191
506
201
532
199
509
199
533
198
507
200
533
198
507
200
532
198
507
200
532
199
508
199
533
198
508
199
532
198
506
200
532
198
506
200
532
199
509
207
533
206
509
207
536
205
509
207
535
206
509
214
534
212
508
215
534
212
509
215
535
214
508
216
534
215
508
217
534
215
508
217
535
214
509
217
534
215
509
217
535
214
507
220
533
217
507
220
533
216
507
220
533
219
507
220
533
218
506
223
532
218
506
223
532
221
506
223
533
219
513
176
537
174
511
179
536
180
511
179
535
180
510
194
535
192
510
196
534
194
510
193
535
191
510
193
534
191
510
193
535
192
513
194
539
192
511
194
535
192
512
194
535
192
510
208
536
205
510
208
537
205
510
208
535
206
510
208
534
207
510
208
536
207
510
208
535
207
513
205
537
204
513
205
536
205
511
209
535
209
511
209
536
207
511
209
535
208
511
209
536
208
511
207
536
205
511
207
537
205
511
207
535
206
512
206
537
204
512
206
536
205
512
206
537
205
512
206
535
206
510
211
535
209
510
211
536
208
510
211
534
212
510
211
535
210
510
212
534
212
510
212
535
210
511
210
535
209
511
210
536
208
511
210
535
210
516
193
540
191
516
193
539
192
516
193
540
192
514
192
540
191
514
192
540
190
517
193
540
191
515
194
539
192
515
194
540
192
516
194
539
192
516
194
540
192
517
189
541
188
519
233
544
229
523
217
548
216
523
217
547
215
523
217
548
215
521
220
546
217
521
220
545
218
523
221
547
219
525
219
549
218
525
219
550
216
521
219
545
217
521
219
546
217
521
219
546
216
521
219
545
218
522
221
546
219
523
222
548
219
521
222
546
219
522
222
547
219
523
234
547
231
523
237
548
232
520
237
544
233
523
235
548
231
528
209
553
208
528
209
553
207
526
211
550
211
526
211
551
211
528
215
553
214
529
216
553
214
529
216
553
216
529
216
553
215
529
216
554
214
529
216
554
215
529
217
553
216
529
217
553
215
529
217
554
214
529
217
554
215
527
218
551
217
528
218
553
214
528
218
552
217
528
218
553
216
528
218
553
215
528
220
553
216
526
218
550
216
527
223
551
221
531
216
555
215
530
216
554
216
530
216
554
214
530
216
555
215
530
216
554
215
530
215
554
214
530
215
554
215
532
214
557
212
533
214
557
212
533
214
557
213
532
216
557
212
532
216
557
213
533
215
557
212
533
215
557
213
533
215
558
213
530
217
554
216
530
217
554
214
530
217
555
215
530
217
554
215
531
219
555
217
532
256
556
253
530
261
553
257
530
260
554
256
530
260
553
257
530
259
554
255
530
259
554
256
531
258
554
255
531
258
555
254
531
258
554
256
529
261
553
257
529
259
552
256
529
259
554
255
529
259
554
256
529
259
553
257
529
258
554
255
529
258
554
256
529
258
553
257
537
273
560
269
537
273
561
269
536
273
560
269
536
273
558
269
536
273
561
269
533
273
558
269
540
274
563
270
543
195
569
193
544
195
569
193
544
194
569
193
542
274
567
270
543
274
567
270
548
193
573
189
548
193
572
190
548
193
572
191
548
191
573
189
548
191
572
190
548
192
573
189
548
192
572
190
548
192
572
191
552
200
577
198
552
200
576
200
551
201
576
200
553
201
577
198
553
201
577
200
553
201
578
199
550
257
574
254
552
256
577
254
552
257
577
254
552
258
577
254
552
258
577
255
557
192
583
188
557
192
582
190
557
198
581
197
557
199
581
197
557
200
581
197
555
205
580
203
555
205
580
204
555
204
580
203
557
205
581
203
557
205
582
203
557
204
582
202
552
202
576
200
552
202
577
200
556
205
580
203
556
205
580
204
556
205
581
203
556
251
580
248
556
251
581
248
556
251
580
249
556
251
580
250
555
250
580
248
556
252
580
250
555
255
579
251
555
255
580
252
554
256
578
252
554
256
578
255
555
257
580
254
554
254
579
251
554
254
578
251
554
254
578
250
554
254
578
252
557
255
581
252
554
255
578
251
554
255
578
252
554
255
578
255
556
257
580
254
554
258
578
255
554
259
578
255
558
187
582
185
558
187
583
185
561
189
585
189
561
189
585
188
561
189
588
185
559
189
583
188
559
189
582
190
558
189
583
188
558
189
582
190
560
189
583
188
560
189
585
188
560
191
585
189
560
191
585
188
559
190
583
188
559
190
585
188
559
190
582
190
561
191
585
189
561
191
585
188
561
192
585
189
561
192
587
189
560
196
585
194
560
197
585
194
558
204
582
203
558
204
582
202
559
204
583
203
559
204
584
202
559
204
582
202
560
205
584
203
560
205
583
203
560
205
585
203
562
187
588
185
562
205
584
203
562
205
585
203
568
187
590
186
568
188
590
186
566
204
591
202
569
205
593
204
566
203
591
202
569
203
593
202
568
206
593
204
568
207
590
205
568
207
591
205
