Test47_rot.jpg
Test49_rot.jpg
207
231
377
93
207
231
377
95
483
358
89
198
483
358
88
197
325
322
228
106
335
349
200
98
325
349
205
89
312
338
225
87
327
357
200
87
327
357
200
86
326
353
205
89
330
354
199
90
484
349
95
204
484
349
96
207
333
358
197
91
327
331
211
99
328
352
203
90
207
233
377
93
330
357
198
89
330
357
198
90
330
357
199
90
325
345
220
89
325
345
219
90
331
357
198
89
331
357
198
90
331
357
199
90
484
345
97
206
328
332
212
99
321
324
228
99
439
257
194
240
325
344
220
89
325
344
221
88
325
332
212
99
323
337
212
97
323
337
216
96
323
337
211
95
323
337
211
96
484
356
89
200
338
349
196
98
333
357
197
91
324
336
211
98
324
336
212
99
324
336
211
99
324
336
218
100
324
336
212
97
324
336
216
96
324
336
211
95
324
336
215
98
324
336
211
96
324
336
217
98
324
336
219
99
438
256
195
238
482
364
87
194
328
357
200
87
328
357
200
86
328
357
200
88
323
332
212
99
319
326
228
99
291
361
220
58
319
338
220
92
319
338
219
92
327
352
204
88
327
352
205
89
290
361
220
58
485
354
90
201
327
356
200
86
323
333
212
99
323
333
211
99
323
333
218
100
328
358
200
87
328
358
200
86
328
358
200
88
324
337
210
94
324
337
211
98
324
337
212
99
324
337
210
95
324
337
212
97
324
337
216
96
324
337
210
93
324
337
211
95
324
337
215
98
324
337
211
96
328
356
200
87
328
356
200
86
328
356
200
88
311
342
221
84
311
342
220
85
311
342
220
86
325
356
207
91
325
356
205
89
483
345
98
205
326
352
205
89
482
348
98
205
336
350
195
93
312
343
221
84
312
343
220
85
312
343
220
86
326
349
205
89
318
325
230
98
333
354
195
93
333
354
197
92
332
357
198
90
332
357
199
90
290
360
220
58
321
338
210
95
321
338
212
97
321
338
216
96
321
338
211
95
321
338
211
96
