Test1027.jpg
Test1029.jpg
117
133
214
87
118
133
214
87
121
133
217
87
120
205
191
156
156
203
221
165
158
201
224
165
159
203
225
168
160
204
225
168
173
125
259
95
173
125
261
96
173
125
263
97
173
128
258
98
173
129
258
99
233
216
289
201
237
213
292
201
237
213
293
200
237
213
293
201
235
243
280
226
241
159
314
149
239
214
293
201
239
215
293
203
238
213
292
201
238
213
293
200
238
213
293
201
238
217
292
204
238
217
293
203
238
214
292
201
239
216
292
204
239
216
293
203
240
212
292
201
242
253
284
239
242
253
283
238
257
232
305
221
257
232
304
221
256
233
304
221
258
232
306
221
257
230
304
221
261
251
301
242
261
251
301
243
261
204
318
201
261
204
319
201
260
206
318
201
269
254
308
248
267
255
307
248
269
255
309
249
273
233
318
228
271
234
315
229
272
234
316
230
272
234
318
229
273
235
317
230
273
235
316
230
271
237
315
232
273
237
318
232
273
253
312
248
272
254
311
249
272
254
312
249
271
254
311
249
275
186
335
187
279
244
322
243
281
245
323
245
279
246
322
246
279
247
321
246
284
240
326
239
282
245
323
246
283
243
325
244
282
249
322
249
286
239
329
239
286
239
329
240
289
262
321
260
286
262
321
260
286
262
321
261
287
262
321
260
287
262
321
261
292
257
328
258
292
263
326
264
294
256
329
258
296
256
331
259
297
257
332
260
296
263
329
266
299
257
335
261
299
257
336
261
301
261
336
265
305
191
363
202
302
256
337
261
305
255
341
261
305
255
339
261
305
255
340
261
303
256
339
261
302
254
339
259
302
260
336
265
302
261
336
265
309
190
368
201
311
189
369
201
311
189
370
201
310
189
368
201
310
189
369
201
312
189
370
201
315
188
372
201
317
188
374
202
317
188
375
202
315
189
373
202
315
186
373
199
315
186
374
199
316
186
374
199
312
192
369
204
321
188
378
203
319
188
377
202
320
188
377
202
322
257
356
269
329
253
365
268
331
247
369
262
332
238
373
255
349
38
460
72
351
234
394
256
396
152
463
198
397
155
464
200
397
155
465
200
395
152
463
198
393
157
460
201
396
156
463
200
469
268
500
333
