Test5000_rot.jpg
Test5001_rot.jpg
69
84
560
82
69
85
559
82
117
133
496
88
116
135
496
88
116
134
496
88
125
128
496
101
125
128
498
100
125
126
498
99
125
126
498
100
125
126
500
100
125
126
499
99
125
126
498
98
125
126
500
101
149
57
545
155
149
57
545
156
150
57
544
156
150
57
545
155
150
57
545
156
151
57
545
155
151
57
545
156
152
57
545
155
152
57
545
156
349
87
417
318
349
88
417
318
362
145
364
296
362
144
365
296
362
144
364
296
405
105
376
359
405
105
376
358
409
105
375
357
409
105
375
355
407
105
375
357
407
105
374
358
407
105
375
358
407
104
375
357
407
104
376
358
407
104
375
358
409
104
377
355
409
104
375
357
406
103
377
359
408
105
375
357
408
105
374
358
406
104
376
359
406
104
376
358
406
104
375
358
411
95
384
358
411
98
382
356
413
104
377
352
476
100
345
413
477
100
345
413
