Test81.jpg
Test85.jpg
378
164
401
65
332
118
331
65
370
143
384
60
370
143
383
59
377
135
378
44
372
126
369
39
381
169
406
65
381
169
407
65
381
169
407
66
366
143
383
63
380
163
399
63
380
163
401
65
381
150
393
55
375
166
400
69
375
166
399
70
371
126
369
39
371
143
384
60
371
143
383
59
371
129
369
39
373
127
369
39
373
142
383
59
371
131
369
42
371
131
368
42
332
113
329
64
371
133
370
45
372
143
383
59
374
125
369
39
369
142
384
60
369
142
383
59
330
115
329
64
382
167
407
65
376
166
400
69
376
166
399
70
371
130
369
42
372
127
369
39
372
124
369
39
372
141
383
59
383
171
408
71
360
144
378
67
