5_5_l.jpg
5_5_r.jpg
497
197
358
207
497
197
359
207
310
285
177
295
310
285
176
295
397
246
269
253
423
171
293
182
374
187
247
195
394
228
266
235
394
228
266
236
354
226
225
233
396
197
270
206
396
197
271
207
396
197
270
207
412
110
277
121
412
110
284
121
412
110
283
121
373
242
244
249
395
73
268
83
395
73
266
84
395
73
269
84
428
108
299
121
428
108
296
121
428
108
298
121
428
108
298
120
227
240
78
248
276
215
128
221
424
106
315
120
424
106
321
120
424
106
305
120
424
106
296
118
424
106
289
118
424
106
325
120
424
106
322
119
424
106
295
120
424
106
325
119
424
106
298
120
396
208
267
217
470
102
336
119
470
102
332
120
470
102
335
118
470
102
334
119
470
102
337
119
470
102
339
119
470
102
334
120
470
102
339
118
470
102
334
118
415
109
285
120
415
109
284
121
415
109
282
120
415
109
287
121
415
109
283
121
415
109
286
120
428
58
298
72
428
58
297
72
402
228
271
235
376
89
249
98
376
89
247
98
376
89
246
98
376
89
248
98
376
89
242
101
429
108
299
121
429
108
296
121
429
108
298
121
383
87
255
97
383
87
257
96
383
87
258
96
383
87
252
97
383
87
254
97
383
87
254
96
385
85
256
94
385
85
257
94
385
85
254
96
181
189
31
190
371
95
243
103
195
183
44
183
195
183
42
182
397
221
268
227
397
221
268
229
397
221
268
228
403
229
273
236
275
278
138
288
311
286
178
295
311
286
177
295
311
286
176
295
418
65
289
78
504
218
366
228
382
104
255
113
373
89
242
100
373
89
245
97
373
89
246
97
373
89
246
98
373
89
245
98
384
85
256
94
384
85
257
94
384
85
254
96
394
197
267
206
334
256
203
264
402
235
272
242
395
201
267
210
395
201
270
210
395
201
267
209
395
201
270
208
395
201
270
209
419
125
285
137
404
236
273
243
490
222
354
231
303
285
167
295
311
285
177
295
388
264
261
272
388
264
259
272
388
264
258
271
388
264
259
271
388
264
258
272
348
243
221
252
390
199
265
208
390
199
263
209
396
199
270
206
396
199
270
208
396
199
271
207
396
199
270
209
396
199
270
207
410
109
284
121
410
109
282
120
410
109
283
121
410
109
276
120
377
89
249
98
377
89
247
98
377
89
248
98
403
235
272
242
396
196
270
206
188
232
41
241
396
211
267
219
418
92
291
104
388
265
261
272
388
265
259
272
388
265
258
271
388
265
259
271
388
265
258
272
491
220
354
230
364
272
235
280
364
272
234
280
364
272
234
279
301
286
165
296
301
286
164
295
301
286
165
295
453
105
315
120
453
105
321
120
453
105
305
120
453
105
325
120
453
105
316
120
453
105
326
120
453
105
318
120
453
105
298
120
423
172
293
182
244
224
99
232
395
199
270
206
395
199
270
208
395
199
270
207
464
88
325
104
500
221
362
231
462
88
325
104
322
285
190
294
358
222
229
230
483
226
348
233
353
230
224
237
353
230
223
236
495
199
359
209
495
199
358
209
495
199
358
208
495
199
355
209
495
199
359
208
453
103
326
118
453
103
323
118
453
103
322
119
379
247
250
255
378
89
249
98
378
89
247
98
378
89
252
97
378
89
248
98
492
228
356
236
429
56
299
70
412
70
282
83
412
70
284
82
412
70
285
81
412
70
283
82
396
74
266
85
396
74
268
85
396
74
269
84
376
104
248
113
367
254
237
262
367
254
237
261
457
89
321
104
367
217
239
224
417
126
285
137
482
120
347
136
490
219
354
230
490
219
354
231
490
219
354
228
490
219
353
229
424
108
288
120
424
108
299
121
424
108
296
121
424
108
298
121
424
108
295
120
424
108
284
118
329
297
197
306
362
231
234
239
406
74
278
85
406
74
279
85
406
74
277
86
405
75
278
85
405
75
279
85
405
75
275
87
405
75
276
87
405
75
277
86
370
92
242
100
370
92
245
98
370
92
242
101
396
229
267
237
399
66
271
77
472
102
335
120
472
102
336
119
472
102
338
120
472
102
334
119
472
102
337
119
472
102
337
120
472
102
339
119
472
102
334
120
492
120
354
136
404
228
273
236
310
286
178
295
310
286
177
295
310
286
176
295
403
245
273
251
425
106
315
120
425
106
321
120
425
106
305
120
425
106
296
118
425
106
289
118
425
106
325
120
425
106
322
119
425
106
316
120
425
106
295
120
425
106
325
119
425
106
318
120
425
106
298
120
344
234
214
240
402
247
273
253
402
247
270
253
431
124
294
137
431
124
301
137
409
126
277
136
372
186
244
194
372
186
242
195
403
76
275
87
403
76
274
88
403
76
275
86
403
76
273
88
403
76
276
87
403
76
277
86
387
264
259
272
387
264
258
271
387
264
259
271
387
264
258
272
364
249
235
257
358
223
229
230
408
109
277
121
408
109
276
120
397
198
271
207
397
198
270
207
484
222
348
233
188
177
42
182
323
287
190
294
415
68
287
80
466
62
332
79
466
62
331
79
421
108
288
120
421
108
299
121
421
108
296
121
421
108
298
121
421
108
284
118
421
108
286
120
374
186
246
194
374
186
247
195
488
221
351
231
488
221
353
231
409
227
277
235
360
233
231
240
428
107
315
120
428
107
305
120
428
107
299
121
428
107
296
121
428
107
298
121
428
107
316
120
428
107
295
120
428
107
318
120
428
107
298
120
391
199
266
207
391
199
265
208
391
199
266
208
391
199
263
209
502
103
363
122
424
60
294
74
374
89
247
98
374
89
242
100
374
89
245
97
374
89
246
97
374
89
246
98
374
89
245
98
360
234
231
240
486
229
351
238
486
229
350
238
502
219
364
229
502
219
365
229
502
219
366
228
462
105
335
120
462
105
336
119
462
105
332
120
462
105
325
120
462
105
334
119
462
105
326
121
462
105
337
119
462
105
334
120
462
105
326
120
396
223
268
229
485
223
351
231
477
120
338
136
477
120
347
136
370
216
239
224
370
216
242
224
405
110
277
121
397
218
268
227
397
218
268
226
397
218
268
228
491
222
354
230
491
222
354
231
452
104
315
120
452
104
321
120
452
104
326
119
452
104
322
119
452
104
316
120
452
104
325
119
452
104
318
120
408
110
277
121
396
73
266
84
396
73
269
84
471
65
336
82
469
87
332
104
333
256
202
264
248
208
99
214
434
124
310
136
434
124
301
137
413
107
281
118
413
107
288
120
413
107
285
120
413
107
287
121
413
107
284
118
413
107
286
120
235
221
92
227
308
285
173
295
413
108
285
120
413
108
284
121
413
108
282
120
413
108
287
121
413
108
286
120
474
121
338
136
309
286
177
295
309
286
176
295
339
233
209
240
339
233
213
238
339
233
214
240
330
254
199
262
425
171
294
182
425
171
295
182
425
171
293
182
416
110
285
120
416
110
284
121
416
110
282
120
416
110
287
121
416
110
283
121
396
201
267
210
396
201
270
210
396
201
270
209
304
286
168
295
304
286
167
296
304
286
167
295
304
286
169
295
304
286
168
296
379
248
250
255
465
62
331
79
468
63
333
80
303
286
166
296
303
286
168
295
303
286
167
296
303
286
167
295
303
286
168
296
421
109
288
120
421
109
285
120
421
109
287
121
421
109
286
120
394
219
265
226
394
219
266
226
339
222
208
229
339
222
209
229
395
198
270
206
395
198
270
208
395
198
270
207
423
108
288
120
423
108
299
121
423
108
296
121
423
108
298
121
423
108
295
120
423
108
284
118
316
226
188
235
403
241
274
247
469
104
335
120
469
104
336
119
469
104
338
120
469
104
332
120
469
104
340
120
469
104
334
119
469
104
337
119
469
104
337
120
469
104
339
119
469
104
334
120
403
75
273
87
403
75
274
86
403
75
275
87
403
75
275
86
420
72
291
85
420
72
292
85
272
217
123
223
424
125
294
137
491
196
352
206
398
257
269
263
455
106
326
121
463
105
335
120
463
105
336
119
463
105
332
120
463
105
334
119
463
105
326
121
463
105
337
119
463
105
334
120
463
105
326
120
398
201
270
210
408
93
282
104
397
73
266
84
397
73
269
84
395
200
267
209
395
200
270
208
395
200
270
209
395
200
270
207
394
201
267
210
394
201
267
209
398
199
271
207
489
200
351
210
394
198
267
207
394
198
266
207
394
198
270
206
391
264
262
271
447
170
315
181
429
105
299
118
429
105
296
118
429
105
323
118
429
105
322
119
419
126
285
137
419
126
294
137
395
211
267
219
447
90
314
105
380
88
249
98
380
88
252
97
380
88
254
96
368
90
240
98
368
90
241
98
373
88
245
97
411
93
284
104
451
106
299
121
451
106
326
121
451
106
296
121
451
106
298
121
381
88
252
97
381
88
254
97
381
88
254
96
376
204
251
212
258
212
109
218
382
88
255
97
382
88
257
96
382
88
252
97
382
88
254
97
458
106
335
120
458
106
326
121
458
106
334
120
482
227
347
235
485
228
349
237
485
228
350
237
426
109
299
121
426
109
296
121
426
109
298
121
408
227
277
235
411
109
284
121
411
109
282
120
411
109
283
121
416
109
285
120
416
109
284
121
416
109
282
120
416
109
287
121
416
109
283
121
416
109
286
120
458
103
326
118
458
103
323
118
458
103
334
117
458
103
326
119
458
103
322
119
458
103
325
119
467
104
335
120
467
104
336
119
467
104
338
120
467
104
332
120
467
104
340
120
467
104
334
119
467
104
326
121
467
104
337
119
467
104
337
120
467
104
339
119
467
104
334
120
467
104
339
118
254
222
111
230
417
66
288
79
404
110
277
121
406
93
277
104
418
66
289
79
418
66
288
79
387
86
259
96
387
86
257
96
387
86
258
96
387
86
260
96
402
243
274
249
404
255
275
261
328
253
197
261
382
217
251
224
425
109
299
121
425
109
296
121
425
109
298
121
485
229
350
238
485
229
349
238
485
229
350
237
491
199
354
208
491
199
355
208
406
73
278
85
400
228
271
235
446
106
305
120
446
106
299
121
446
106
296
121
446
106
298
121
453
106
299
121
453
106
326
121
453
106
298
121
326
287
192
296
326
287
193
296
426
59
296
73
371
89
241
99
371
89
241
98
370
90
241
99
370
204
242
212
370
186
242
195
395
227
266
235
395
227
266
236
452
103
323
118
379
204
251
212
409
125
277
136
409
125
275
136
457
106
335
120
457
106
332
120
457
106
326
121
457
106
334
120
391
200
266
208
391
200
263
209
391
200
263
210
391
200
265
209
302
286
166
296
302
286
165
296
302
286
167
295
302
286
165
295
389
103
261
113
369
245
240
252
358
217
230
224
370
91
242
100
352
229
224
237
352
229
223
236
242
221
99
228
490
220
354
230
490
220
354
231
490
220
353
229
417
65
289
78
430
91
300
104
306
286
171
295
306
286
170
295
350
216
220
225
323
285
190
294
324
287
190
294
390
200
263
209
390
200
265
209
425
60
295
74
246
213
99
220
415
108
288
120
415
108
285
120
415
108
282
120
415
108
287
121
415
108
286
120
414
126
285
137
426
58
296
72
426
58
297
72
503
104
364
123
426
60
296
74
228
215
82
222
496
198
358
208
496
198
359
208
496
198
359
207
385
104
257
113
385
104
259
112
335
227
206
234
454
104
315
120
454
104
321
120
454
104
325
120
454
104
326
119
454
104
322
119
454
104
316
120
454
104
325
119
404
76
275
87
404
76
274
88
404
76
276
87
404
76
277
86
429
125
294
137
429
125
301
137
403
222
272
229
403
222
272
230
410
71
282
83
410
71
281
83
410
71
283
82
415
78
287
89
415
78
286
91
450
106
299
121
450
106
326
121
450
106
296
121
450
106
298
121
225
218
79
224
390
85
259
96
390
85
260
96
452
89
316
104
382
87
252
97
382
87
254
97
382
87
254
96
386
87
255
97
386
87
259
96
386
87
257
96
386
87
258
96
386
87
260
96
480
227
345
235
480
227
344
236
385
242
257
250
394
199
266
208
394
199
270
208
371
226
242
234
252
219
109
225
409
72
282
83
409
72
281
83
409
72
281
84
409
72
280
84
386
232
258
240
484
121
354
136
484
121
347
136
217
242
69
250
496
196
359
206
368
269
236
276
368
269
239
275
368
269
237
276
368
269
238
276
364
271
234
279
423
92
293
104
471
103
335
120
471
103
336
119
471
103
338
120
471
103
340
120
471
103
337
119
471
103
337
120
471
103
339
119
471
103
334
120
436
124
308
137
436
124
310
136
436
124
322
136
436
124
301
137
364
253
234
259
364
253
234
260
364
253
235
260
364
253
235
261
364
253
236
260
364
253
235
259
364
252
234
259
364
252
234
260
364
252
235
260
364
252
235
259
392
199
267
207
392
199
266
207
392
199
265
208
392
199
266
208
392
199
263
209
392
199
265
209
487
120
354
136
487
120
347
136
332
227
202
234
332
227
200
234
452
106
299
121
452
106
326
121
452
106
296
121
452
106
298
121
343
231
213
238
470
104
335
120
470
104
336
119
470
104
338
120
470
104
340
120
470
104
337
119
470
104
337
120
470
104
339
119
470
104
334
120
388
86
259
96
388
86
257
96
388
86
258
96
388
86
260
96
192
183
45
190
192
183
45
189
192
183
42
182
223
218
79
224
226
240
78
248
503
218
365
228
503
218
365
229
503
218
366
228
377
191
249
199
402
127
273
137
397
210
267
219
424
61
293
75
399
258
269
264
486
223
351
231
496
197
358
207
496
197
359
206
496
197
359
207
429
171
298
182
399
245
270
252
399
245
271
252
483
230
347
238
429
106
315
120
429
106
321
120
429
106
305
120
429
106
322
119
429
106
316
120
429
106
295
120
429
106
318
120
429
106
298
120
411
71
282
83
411
71
284
82
411
71
283
82
411
71
283
83
365
256
234
265
365
256
236
264
489
222
354
230
489
222
353
231
489
222
354
231
365
253
234
260
365
253
235
260
365
253
235
261
365
253
236
260
365
253
235
259
376
186
250
194
376
186
247
195
376
186
250
193
493
226
356
235
399
247
270
253
399
247
269
253
483
225
348
233
483
225
347
235
473
104
338
120
473
104
340
120
473
104
337
120
299
286
161
296
411
107
281
118
411
107
288
120
411
107
285
120
411
107
287
121
411
107
286
120
484
228
349
237
408
73
279
85
408
73
281
84
408
73
280
84
452
90
316
104
413
69
285
81
413
69
283
82
434
107
305
120
434
107
299
121
434
107
296
121
434
107
298
121
434
107
298
120
304
285
168
295
304
285
167
295
304
285
169
295
446
102
315
116
186
187
36
188
186
187
35
187
186
187
38
189
369
91
241
99
366
254
237
262
366
254
235
261
366
254
236
260
366
254
237
261
491
198
351
208
392
202
267
210
270
273
133
282
305
285
170
295
305
285
169
295
387
113
262
121
407
228
275
236
407
228
277
235
483
222
348
229
470
105
338
120
470
105
340
120
470
105
337
120
491
197
353
207
414
69
284
82
414
69
285
81
414
69
286
81
416
107
281
118
416
107
288
120
416
107
284
118
416
107
286
120
494
196
358
206
420
106
289
118
420
106
295
120
420
106
298
120
338
221
208
229
338
221
209
229
404
242
274
248
375
89
247
98
375
89
242
100
375
89
246
97
375
89
246
98
375
89
245
98
375
89
248
98
375
89
242
101
454
105
315
120
454
105
321
120
454
105
325
120
454
105
326
121
454
105
316
120
454
105
326
120
454
105
318
120
454
105
298
120
385
87
255
97
385
87
259
96
385
87
257
96
385
87
258
96
385
87
254
97
385
87
260
96
503
219
365
229
251
214
102
221
391
201
263
210
391
201
265
209
426
106
315
120
426
106
321
120
426
106
305
120
426
106
326
119
426
106
322
119
426
106
316
120
426
106
295
120
426
106
325
119
426
106
318
120
426
106
298
120
383
88
255
97
383
88
252
97
383
88
254
97
481
227
345
235
407
74
278
85
407
74
279
85
258
224
112
231
394
217
265
226
394
217
266
226
457
105
315
120
457
105
321
120
457
105
332
120
457
105
325
120
457
105
326
121
457
105
316
120
457
105
326
120
414
105
289
118
402
246
270
252
402
246
271
252
402
246
273
252
