Test1500.jpg
Test1501_sm_8.jpg
79
232
194
190
145
220
233
241
156
218
245
236
156
218
240
238
160
192
242
176
160
192
238
174
158
194
238
175
163
195
238
172
163
195
235
173
163
195
238
174
163
195
237
171
158
196
234
174
158
198
238
175
160
195
233
173
160
195
234
174
160
195
235
173
160
195
238
174
157
208
245
236
161
210
214
240
161
210
212
241
161
210
244
235
161
210
245
236
158
208
245
236
160
213
244
235
160
213
245
236
157
209
245
236
157
217
239
238
157
217
245
236
157
217
240
238
158
217
244
235
158
217
245
236
