000978.jpg
000979.jpg
53
377
62
366
53
377
63
366
53
377
61
366
40
356
51
346
40
356
49
345
42
357
51
346
42
357
52
347
42
357
53
347
42
357
54
347
42
357
53
346
42
357
52
346
143
173
150
167
143
173
149
170
143
173
151
167
143
173
150
168
143
173
148
170
143
173
152
169
69
300
78
292
72
260
83
256
72
260
83
257
72
260
84
256
72
260
84
257
70
299
79
290
70
299
78
292
70
299
78
290
286
416
283
401
199
334
203
325
199
334
205
326
199
334
203
324
468
67
473
61
468
67
474
61
37
52
46
48
153
304
159
295
156
451
162
435
156
451
161
435
572
544
563
527
572
544
557
525
572
544
562
527
572
544
562
528
572
544
558
525
572
544
558
526
572
544
559
526
572
544
564
528
572
544
563
528
572
544
561
527
572
544
561
528
572
544
558
527
572
544
560
527
231
385
231
373
231
385
234
374
231
385
232
373
461
50
466
42
193
316
198
308
193
316
197
307
275
395
276
384
275
395
273
383
275
395
276
385
275
395
273
384
337
96
339
92
330
418
328
405
525
111
531
106
208
453
209
436
208
453
210
436
480
106
488
100
574
545
563
527
574
545
562
527
574
545
562
528
574
545
564
528
574
545
563
528
574
545
561
527
574
545
561
528
574
545
558
527
574
545
560
527
93
301
102
293
93
301
101
293
93
301
101
292
231
384
234
374
231
384
232
373
231
384
233
373
362
66
364
65
362
66
365
63
362
66
364
64
486
42
494
36
486
42
495
37
486
42
494
38
359
495
354
477
359
495
355
477
99
332
106
323
99
332
109
323
99
332
107
323
99
332
105
322
99
332
103
323
99
332
109
324
99
332
110
323
74
316
83
308
74
316
83
307
74
316
82
308
74
316
81
308
161
452
166
437
161
452
166
436
153
302
160
294
153
302
159
294
153
302
159
295
153
302
158
295
153
302
160
293
292
35
299
29
292
35
298
31
194
318
198
308
75
264
85
258
75
264
85
257
572
543
563
527
572
543
556
525
572
543
557
525
572
543
562
527
572
543
558
525
572
543
558
526
572
543
559
526
572
543
561
527
245
386
247
375
245
386
246
375
245
386
247
376
195
319
201
308
52
376
62
366
52
376
63
365
52
376
64
365
52
376
61
365
125
147
131
142
536
172
543
167
536
172
540
165
233
379
234
369
148
386
157
373
568
543
556
525
568
543
557
525
568
543
558
525
568
543
558
526
568
543
559
526
568
543
555
525
568
543
555
524
456
507
448
489
256
440
256
425
256
440
256
424
150
317
156
309
150
317
155
309
150
317
155
310
150
317
155
311
150
317
154
311
192
315
198
304
192
315
197
305
192
315
197
307
192
315
197
306
307
410
304
397
462
492
453
477
462
492
453
475
462
492
453
476
237
386
239
375
106
333
112
324
106
333
111
323
106
333
111
324
106
333
112
323
106
333
114
324
106
333
109
324
373
529
364
511
308
410
305
397
136
181
144
177
573
545
563
527
573
545
562
527
573
545
562
528
573
545
558
526
573
545
559
526
573
545
564
528
573
545
563
528
573
545
561
527
573
545
561
528
573
545
558
527
573
545
560
527
529
529
514
511
529
529
514
510
351
72
355
69
44
378
54
367
74
260
83
256
74
260
84
256
74
260
84
257
253
447
255
430
253
447
253
432
253
447
253
431
360
493
354
477
360
493
355
477
190
293
194
288
190
293
196
286
190
293
197
286
190
293
196
287
235
368
237
358
235
368
237
359
235
368
239
358
235
368
238
358
235
368
238
359
485
516
479
500
532
531
516
512
74
264
84
258
74
264
85
258
74
264
84
256
74
264
84
257
175
267
180
260
207
334
210
324
208
337
213
328
208
337
214
328
208
337
211
328
67
259
77
252
67
259
78
252
67
259
77
254
342
49
345
46
518
82
528
74
518
82
522
77
249
449
249
433
249
449
253
432
249
449
250
434
249
449
249
434
249
449
250
433
249
449
248
433
336
96
339
92
336
96
339
91
481
105
488
100
571
544
563
527
571
544
556
525
571
544
557
525
571
544
562
527
571
544
562
528
571
544
558
525
571
544
558
526
571
544
559
526
571
544
563
528
571
544
561
527
571
544
561
528
571
544
558
527
571
544
560
527
229
384
231
373
229
384
232
373
229
384
230
373
69
301
78
293
69
301
78
292
454
67
460
62
321
411
318
398
321
411
319
398
321
411
318
399
199
336
203
325
199
336
205
326
206
343
210
334
206
343
209
334
206
343
209
333
191
314
197
303
191
314
196
305
191
314
197
305
191
314
198
303
487
45
494
38
158
126
166
122
158
126
165
121
158
126
166
121
158
126
165
122
278
398
276
385
278
398
276
386
465
34
472
30
465
34
471
30
52
378
61
367
52
378
62
367
52
378
63
367
446
53
453
47
446
53
452
47
238
387
240
376
238
387
239
375
238
387
240
375
474
66
482
61
474
66
481
61
474
66
478
60
122
412
129
400
154
303
160
294
361
494
354
477
361
494
355
477
457
470
449
455
53
378
61
367
53
378
62
367
53
378
64
367
53
378
63
367
190
452
195
435
190
452
194
436
141
175
149
170
141
175
149
172
141
175
149
171
141
175
150
172
141
175
148
170
141
175
150
171
577
545
563
527
577
545
562
527
577
545
562
528
577
545
564
528
577
545
563
528
577
545
561
527
577
545
561
528
98
332
102
323
98
332
106
323
98
332
107
323
98
332
103
323
98
332
109
324
223
262
223
256
517
130
523
126
517
130
524
127
468
39
474
34
468
39
473
34
154
449
160
432
154
449
159
433
154
449
159
435
154
449
161
433
195
263
199
255
195
263
200
256
195
263
201
256
195
263
201
255
195
263
200
255
478
38
483
33
478
38
484
33
478
38
482
33
403
502
396
485
403
502
395
485
403
502
397
485
170
457
174
441
51
377
61
367
51
377
62
366
51
377
62
367
51
377
63
366
51
377
61
366
371
530
362
512
52
377
62
366
52
377
63
366
52
377
61
366
355
35
359
30
252
447
253
432
252
447
253
431
74
259
84
256
143
124
150
119
75
317
88
308
75
317
83
308
75
317
81
309
75
317
82
309
75
317
82
308
75
317
81
308
75
317
83
309
43
357
54
346
43
357
55
347
43
357
53
347
43
357
54
347
43
357
53
346
43
357
52
346
460
487
451
471
460
487
450
466
460
487
451
470
237
367
241
357
237
367
239
358
237
367
239
357
237
367
240
358
100
327
109
320
100
327
110
320
100
327
107
320
100
327
110
317
145
339
149
333
145
339
151
330
145
339
149
334
60
373
70
362
60
373
69
362
60
373
70
363
60
373
69
363
52
256
61
250
52
256
60
250
52
256
62
250
238
386
240
375
442
46
448
41
442
46
448
40
359
491
356
473
93
300
101
291
93
300
102
291
93
300
101
292
140
176
149
172
140
176
149
171
140
176
150
172
140
176
148
170
461
487
451
471
461
487
452
471
461
487
450
466
461
487
452
469
461
487
452
470
461
487
451
470
461
487
450
465
274
396
273
384
134
114
141
109
54
334
65
324
195
265
200
256
195
265
201
256
195
265
201
255
195
265
200
255
527
93
533
85
532
530
517
511
532
530
516
511
124
145
131
142
124
145
131
141
32
359
43
349
32
359
42
349
116
321
124
313
116
321
124
312
276
396
276
384
276
396
276
385
276
396
276
386
486
109
492
105
486
109
492
104
486
109
492
103
486
109
491
104
486
109
493
103
486
109
493
105
151
315
156
309
151
315
156
308
151
315
155
309
151
315
156
307
153
303
159
294
153
303
159
295
153
303
158
295
584
546
570
529
584
546
571
529
475
35
484
30
475
35
482
32
364
69
365
67
364
69
366
66
45
358
55
347
45
358
54
347
156
319
161
311
363
65
365
62
363
65
365
63
363
65
364
64
69
298
79
290
69
298
78
290
69
298
78
289
71
319
80
310
71
319
81
310
71
319
79
310
71
319
79
311
576
545
563
527
576
545
562
527
576
545
562
528
576
545
564
528
576
545
563
528
576
545
561
527
576
545
561
528
576
545
560
527
142
176
149
170
142
176
149
172
142
176
149
171
142
176
150
172
142
176
148
170
142
176
150
171
132
115
140
110
132
115
139
110
132
115
140
111
516
130
523
126
516
130
524
127
304
409
301
395
73
259
84
256
74
317
83
308
74
317
81
309
74
317
82
309
74
317
82
308
74
317
81
308
74
317
83
309
457
473
449
459
457
473
449
457
457
473
449
458
187
371
191
360
187
371
192
360
149
344
155
334
39
359
50
348
39
359
49
347
39
359
48
348
536
171
543
167
536
171
540
165
253
446
253
431
253
446
255
429
95
332
102
323
95
332
106
323
95
332
103
323
75
263
84
258
75
263
85
258
75
263
84
256
75
263
84
257
75
263
85
257
45
357
54
346
45
357
55
347
459
48
466
42
194
317
198
308
157
451
162
435
157
451
161
435
419
33
425
28
399
501
393
485
419
34
425
29
419
34
425
28
68
258
77
252
68
258
78
252
570
542
556
525
570
542
557
525
570
542
558
525
570
542
555
524
486
108
492
105
486
108
492
104
486
108
492
103
486
108
493
103
486
108
493
105
361
69
365
67
361
69
364
65
361
69
363
68
105
331
113
323
105
331
112
324
105
331
111
323
105
331
112
322
105
331
111
324
105
331
110
322
105
331
112
323
105
331
109
322
105
331
109
323
105
331
114
324
105
331
113
322
105
331
108
322
105
331
110
323
245
387
247
375
245
387
246
376
245
387
247
376
124
172
130
168
124
172
129
166
124
172
129
167
124
172
128
166
124
172
131
168
40
359
50
348
40
359
49
347
40
359
51
349
100
330
111
323
100
330
107
322
100
330
106
323
100
330
110
322
100
330
112
323
100
330
109
322
100
330
109
323
100
330
107
323
100
330
106
320
100
330
103
321
100
330
105
322
100
330
103
322
100
330
108
322
100
330
110
323
130
482
136
466
331
403
328
390
248
449
249
433
248
449
253
432
248
449
250
433
248
449
248
433
578
546
564
528
578
546
563
528
578
546
569
529
144
337
149
333
144
337
150
327
144
337
151
330
54
378
62
367
54
378
64
367
54
378
63
367
42
356
53
346
42
356
52
346
209
338
213
328
209
338
211
330
209
338
215
329
209
338
213
330
209
338
214
328
209
338
211
328
152
303
159
294
152
303
159
295
152
303
158
295
444
52
451
47
444
52
452
47
487
110
492
105
487
110
492
104
487
110
492
103
487
110
493
103
487
110
493
105
232
385
234
374
232
385
232
373
232
385
233
373
477
37
483
33
477
37
481
32
477
37
484
33
477
37
482
33
477
37
482
32
477
37
483
32
206
335
210
324
476
38
481
34
476
38
483
33
476
38
484
33
476
38
482
33
476
38
483
32
207
452
209
436
207
452
210
436
239
387
241
375
239
387
241
376
239
387
240
375
58
373
67
363
58
373
67
362
58
373
70
362
58
373
69
362
58
373
69
363
73
260
83
256
73
260
83
257
73
260
84
256
73
260
84
257
41
356
51
346
41
356
52
346
161
453
166
437
75
261
84
256
75
261
84
257
75
261
85
257
194
260
199
255
194
260
199
253
194
260
200
256
194
260
201
256
194
260
201
255
194
260
200
255
448
490
440
475
448
490
440
476
448
490
439
474
448
490
441
476
448
490
440
474
448
490
441
475
465
503
456
486
465
503
456
485
107
332
113
323
107
332
112
324
107
332
111
323
107
332
112
322
107
332
111
324
107
332
112
323
107
332
114
324
107
332
113
322
107
332
110
323
193
313
198
304
193
313
196
305
193
313
197
305
193
313
198
303
193
313
197
306
359
494
354
477
359
494
355
477
457
50
465
45
457
50
464
45
121
412
129
400
134
113
141
109
264
412
262
400
468
66
474
61
468
66
477
61
468
66
476
61
194
315
198
308
194
315
197
307
194
313
198
304
194
313
197
305
194
313
197
307
194
313
197
306
151
311
156
305
151
311
156
304
465
502
456
485
73
318
80
310
73
318
81
310
73
318
81
309
73
318
80
309
73
318
82
309
73
318
83
309
458
481
448
461
458
481
449
464
458
481
449
465
458
481
449
463
458
481
450
466
458
481
450
465
154
302
160
294
154
302
164
295
154
302
161
293
154
302
160
293
302
407
299
394
37
308
46
300
37
308
47
300
457
474
449
459
457
474
449
457
457
474
449
458
457
474
449
461
474
69
481
63
117
321
124
313
117
321
125
313
117
321
125
312
209
453
209
436
209
453
210
436
136
182
144
177
573
544
563
527
573
544
562
527
573
544
562
528
573
544
558
526
573
544
559
526
573
544
564
528
573
544
563
528
573
544
561
527
573
544
561
528
573
544
558
527
573
544
560
527
142
174
149
170
142
174
149
171
142
174
150
168
142
174
148
170
142
174
150
171
571
543
563
527
571
543
556
525
571
543
557
525
571
543
562
527
571
543
558
525
571
543
558
526
571
543
559
526
571
543
555
525
571
543
561
527
193
312
197
303
193
312
198
304
193
312
196
305
193
312
197
305
193
312
198
303
137
481
143
465
208
338
213
328
208
338
211
330
208
338
214
328
208
338
211
328
97
331
102
322
97
331
107
322
97
331
102
323
97
331
106
323
97
331
109
323
97
331
107
323
97
331
105
322
97
331
103
322
97
331
103
323
97
331
108
322
143
342
149
333
143
342
149
334
570
543
556
525
570
543
557
525
570
543
562
527
570
543
558
525
570
543
558
526
570
543
559
526
570
543
555
525
570
543
561
527
570
543
555
524
452
66
460
61
452
66
460
62
466
35
472
30
466
35
471
30
73
317
83
308
73
317
81
309
73
317
82
309
73
317
82
308
73
317
81
308
73
317
83
309
186
371
191
360
475
74
484
69
125
145
131
142
125
145
131
141
320
411
318
398
320
411
317
399
474
101
480
97
474
101
479
96
474
101
480
96
125
152
133
148
460
486
449
465
460
486
451
471
460
486
450
466
460
486
451
470
460
486
450
465
461
49
466
42
71
259
83
256
193
265
198
255
129
174
136
169
129
174
136
170
129
174
138
170
129
174
138
169
463
35
471
30
453
41
459
35
210
451
216
435
210
451
215
435
210
451
210
436
399
505
392
488
210
340
212
332
210
340
213
330
249
448
249
433
249
448
253
432
249
448
253
431
249
448
250
433
320
430
316
417
320
430
316
418
320
430
317
416
320
430
317
417
210
338
215
329
210
338
213
330
160
451
166
436
148
341
154
331
193
291
198
285
193
291
197
286
193
291
197
285
565
180
568
175
565
180
571
175
565
180
569
175
454
69
460
64
154
448
159
432
154
448
161
431
154
448
160
432
154
448
159
433
154
448
161
433
37
50
46
48
475
67
482
61
475
67
479
61
475
67
481
61
516
83
522
77
496
91
504
85
360
72
363
68
124
146
131
142
124
146
131
141
277
396
276
384
277
396
276
385
277
396
277
384
277
396
277
385
277
396
276
386
43
378
54
367
128
174
136
169
128
174
136
170
53
379
63
368
154
300
163
291
154
300
161
292
154
300
161
293
154
300
160
293
154
300
162
291
154
300
160
292
154
300
161
291
477
38
483
33
477
38
484
33
477
38
482
33
477
38
483
32
564
180
568
175
564
180
571
175
564
180
567
175
564
180
569
175
149
345
155
334
363
71
365
67
363
71
365
68
363
71
363
68
159
295
166
286
159
295
166
287
159
295
165
286
159
295
165
287
51
256
61
250
51
256
59
251
51
256
60
250
194
290
198
285
232
384
234
374
232
384
234
373
232
384
233
373
456
476
448
461
466
504
456
487
460
485
449
465
460
485
451
471
460
485
450
466
460
485
451
470
460
485
450
465
321
429
316
417
321
429
318
416
321
429
316
418
321
429
317
416
321
429
318
417
321
429
317
417
213
339
216
330
67
258
77
251
67
258
77
252
67
258
78
252
67
258
77
254
67
258
76
252
275
58
281
54
370
530
361
512
125
146
131
142
125
146
131
141
255
445
255
430
255
445
255
429
208
452
209
436
208
452
215
435
208
452
210
436
476
464
468
451
234
368
237
358
234
368
237
359
234
368
238
358
386
500
380
485
459
481
449
464
459
481
450
464
459
481
449
462
459
481
449
463
459
481
450
466
459
481
450
465
459
481
449
461
488
44
494
38
95
330
102
322
95
330
107
322
95
330
102
323
95
330
106
323
95
330
103
321
95
330
105
322
95
330
103
322
95
330
103
323
577
546
562
528
577
546
564
528
577
546
563
528
577
546
561
528
103
325
110
317
103
325
111
317
447
490
440
475
447
490
440
476
447
490
439
474
447
490
440
474
51
378
61
367
51
378
62
367
470
66
479
61
470
66
477
61
470
66
478
60
470
66
476
61
122
321
129
313
237
369
240
359
237
369
240
360
76
264
85
258
76
264
85
257
221
264
223
256
155
301
161
292
155
301
161
293
168
455
174
441
514
131
523
126
205
334
210
324
69
299
79
290
69
299
78
290
155
299
164
290
155
299
163
291
155
299
161
292
155
299
161
290
155
299
163
289
155
299
162
290
155
299
162
291
155
299
162
289
155
299
161
291
399
502
393
485
399
502
392
485
399
502
393
486
40
358
50
348
40
358
49
347
142
173
150
167
142
173
149
170
142
173
150
168
142
173
148
170
142
173
152
169
43
359
52
347
43
359
53
347
143
343
149
333
143
343
149
334
469
95
480
90
469
95
475
90
361
495
355
477
238
388
239
375
370
531
362
512
370
531
361
512
484
108
492
103
484
108
491
104
191
313
197
303
191
313
196
305
474
94
481
88
474
94
480
89
249
450
249
433
249
450
253
432
249
450
250
434
249
450
248
434
249
450
249
434
249
450
250
433
151
312
156
305
151
312
156
304
471
66
479
61
471
66
477
61
471
66
478
60
154
439
160
426
150
316
156
309
150
316
156
308
150
316
155
309
150
316
155
310
125
153
133
149
71
260
83
256
71
260
83
257
341
51
345
46
69
258
78
252
150
312
156
305
150
312
156
304
150
312
156
307
148
320
154
311
91
300
101
293
91
300
101
292
573
134
580
130
573
134
579
130
442
45
448
40
238
368
241
358
238
368
240
359
131
174
139
170
131
174
138
170
131
174
138
169
590
548
577
531
590
548
578
531
55
377
63
366
45
378
54
367
105
326
114
318
105
326
110
317
105
326
111
317
144
336
150
326
144
336
150
327
195
262
199
255
195
262
200
256
195
262
202
255
195
262
201
256
195
262
201
255
195
262
200
255
59
373
67
363
59
373
67
362
59
373
70
362
59
373
69
362
59
373
70
363
59
373
69
363
362
67
364
65
362
67
364
64
275
60
281
54
95
331
102
322
95
331
102
323
95
331
106
323
95
331
105
322
95
331
103
322
95
331
103
323
487
108
492
103
487
108
493
103
213
451
216
435
213
451
215
435
213
451
218
436
70
319
80
310
70
319
79
310
70
319
79
311
143
175
149
170
143
175
149
172
143
175
149
171
143
175
150
172
143
175
148
170
143
175
150
171
93
291
102
283
93
291
101
283
458
50
465
45
458
50
464
45
553
174
560
169
553
174
559
169
103
332
113
323
103
332
112
324
103
332
111
323
103
332
107
322
103
332
111
324
103
332
112
323
103
332
109
323
103
332
107
323
103
332
114
324
103
332
109
324
103
332
108
322
103
332
110
323
514
138
522
135
61
373
70
362
61
373
69
362
61
373
70
363
323
410
320
399
481
516
474
499
481
516
474
500
37
51
46
48
36
308
46
300
76
265
85
258
76
265
85
257
276
395
276
384
276
395
276
385
276
395
277
384
276
395
277
385
31
57
39
55
137
480
143
465
137
480
143
464
562
180
568
175
562
180
567
175
562
180
569
175
475
37
483
33
475
37
481
32
475
37
484
33
475
37
482
33
475
37
482
32
475
37
483
32
107
325
114
318
107
325
110
317
107
325
111
317
574
544
563
527
574
544
562
527
574
544
562
528
574
544
558
526
574
544
559
526
574
544
564
528
574
544
563
528
574
544
561
527
574
544
560
527
149
317
156
309
149
317
155
309
149
317
155
310
149
317
155
311
149
317
154
311
155
439
162
426
155
439
162
425
478
35
484
30
474
68
481
63
474
68
477
61
528
529
514
510
484
112
490
107
145
340
149
333
145
340
151
330
145
340
149
334
212
339
216
330
102
331
113
323
102
331
112
324
102
331
111
323
102
331
112
322
102
331
107
322
102
331
111
324
102
331
106
323
102
331
110
322
102
331
112
323
102
331
109
322
102
331
109
323
102
331
107
323
102
331
113
322
102
331
109
324
102
331
108
322
102
331
110
323
101
331
113
323
101
331
112
324
101
331
111
323
101
331
112
322
101
331
107
322
101
331
111
324
101
331
106
323
101
331
110
322
101
331
112
323
101
331
109
322
101
331
109
323
101
331
107
323
101
331
105
322
101
331
109
324
101
331
108
322
101
331
110
323
33
359
43
349
70
302
78
293
70
302
79
294
575
545
563
527
575
545
562
527
575
545
562
528
575
545
564
528
575
545
563
528
575
545
561
527
575
545
561
528
575
545
560
527
236
367
239
358
236
367
239
357
236
367
238
358
99
331
111
323
99
331
107
322
99
331
111
324
99
331
106
323
99
331
110
322
99
331
109
322
99
331
109
323
99
331
107
323
99
331
105
322
99
331
103
322
99
331
103
323
99
331
109
324
99
331
108
322
99
331
110
323
560
180
568
175
560
180
567
175
560
180
569
175
123
172
130
168
123
172
129
166
123
172
129
167
123
172
130
169
123
172
128
167
123
172
128
166
123
172
131
168
123
172
127
167
92
296
100
288
358
495
354
477
71
317
81
309
71
317
80
309
71
317
82
309
71
317
82
308
71
317
81
308
71
317
83
309
253
448
253
432
253
448
253
431
253
448
250
433
101
332
112
324
101
332
111
323
101
332
111
324
101
332
106
323
101
332
112
323
101
332
109
323
101
332
107
323
101
332
109
324
101
332
110
323
104
333
112
324
104
333
111
324
104
333
109
323
104
333
114
324
104
333
109
324
104
333
110
323
208
451
215
435
155
448
160
432
155
448
159
433
155
448
162
431
155
448
161
433
402
502
396
485
402
502
393
485
402
502
395
485
450
42
457
37
123
171
130
168
123
171
129
166
123
171
129
167
123
171
128
166
123
171
131
168
279
424
275
410
229
385
230
373
52
277
61
270
52
277
61
271
207
453
209
436
207
453
210
436
117
320
124
313
117
320
124
312
117
320
125
313
117
320
125
312
117
320
123
312
32
256
43
250
32
256
42
250
131
175
139
170
131
175
138
170
131
175
138
169
98
331
102
322
98
331
107
322
98
331
102
323
98
331
106
323
98
331
109
323
98
331
107
323
98
331
103
321
98
331
105
322
98
331
103
322
98
331
103
323
98
331
109
324
98
331
108
322
98
331
110
323
129
172
138
167
68
301
78
293
68
301
78
292
33
355
44
345
472
67
479
61
472
67
477
61
472
67
476
61
361
70
365
67
361
70
365
68
361
70
363
68
133
114
140
110
133
114
140
111
133
114
141
109
464
56
470
50
194
295
197
290
72
317
83
308
72
317
81
309
72
317
80
309
72
317
82
309
72
317
82
308
72
317
81
308
72
317
83
309
279
398
278
388
279
398
277
385
465
504
456
487
465
504
456
486
194
312
198
304
194
312
196
305
194
312
197
305
194
312
198
303
194
312
197
306
102
329
109
320
102
329
112
322
102
329
110
320
102
329
107
320
102
329
110
322
102
329
109
322
102
329
106
320
102
329
113
322
102
329
114
320
454
66
460
61
471
65
478
60
195
451
195
435
72
263
83
258
72
263
84
258
72
263
83
256
72
263
83
257
72
263
84
257
420
34
425
29
205
342
209
333
488
111
493
105
214
451
216
435
214
451
215
435
214
451
219
435
214
451
218
436
34
356
44
345
350
100
353
96
350
100
354
96
77
384
87
373
451
490
444
475
451
490
443
473
451
490
443
477
451
490
443
474
451
490
441
475
125
143
133
139
278
397
276
385
278
397
277
385
278
397
276
386
455
507
448
489
455
507
445
490
204
339
208
330
204
339
209
329
204
339
208
329
156
450
162
435
156
450
160
435
156
450
161
434
156
450
161
435
94
331
102
322
94
331
102
323
94
331
106
323
94
331
105
322
94
331
103
322
94
331
103
323
196
316
201
308
34
311
44
303
43
356
54
346
71
261
83
258
71
261
83
256
71
261
83
257
71
261
84
256
71
261
84
257
235
367
237
358
235
367
237
357
235
367
239
357
235
367
238
358
475
66
482
61
69
319
79
310
69
319
79
311
476
37
483
33
476
37
481
32
476
37
484
33
476
37
482
33
476
37
482
32
476
37
483
32
193
294
197
289
41
359
50
348
41
359
52
347
41
359
51
349
155
300
163
291
155
300
161
292
155
300
161
293
155
300
162
291
155
300
161
291
324
411
322
398
72
319
80
310
72
319
81
310
72
319
79
310
72
319
79
311
31
360
42
349
358
494
354
477
358
494
355
477
152
302
160
294
152
302
159
294
152
302
159
295
152
302
158
295
292
31
299
29
137
182
144
177
473
74
481
69
485
43
494
38
148
318
155
309
148
318
155
310
148
318
155
311
148
318
154
311
362
68
364
65
362
68
366
66
362
68
364
64
561
180
568
175
561
180
567
175
561
180
569
175
193
290
198
285
193
290
197
285
321
428
317
416
321
428
317
417
60
374
70
363
60
374
69
363
363
66
365
63
363
66
364
64
237
366
239
356
237
366
239
357
461
48
466
42
130
174
139
170
130
174
136
169
130
174
136
170
130
174
138
170
130
174
138
169
533
533
518
515
143
336
150
326
143
336
150
327
239
388
240
376
239
388
241
377
459
482
449
464
459
482
449
465
459
482
450
464
459
482
449
462
459
482
449
463
459
482
450
466
459
482
450
465
107
333
113
323
107
333
112
324
107
333
111
324
107
333
114
324
158
125
165
121
158
125
166
121
158
125
165
122
474
67
482
61
474
67
479
61
474
67
481
61
39
360
48
349
461
491
451
471
69
302
78
293
69
302
79
294
36
358
47
348
36
358
48
348
36
358
46
348
208
331
211
322
208
331
211
321
51
379
61
368
154
301
160
294
154
301
161
292
154
301
159
294
154
301
161
293
154
301
160
293
154
301
160
292
157
126
165
121
157
126
166
121
157
126
165
122
360
491
356
473
466
506
457
489
127
176
136
170
140
177
149
172
239
368
241
358
156
426
162
411
156
426
161
410
279
397
278
385
279
397
279
386
279
397
277
385
275
396
276
385
275
396
273
384
209
341
212
332
280
400
278
388
55
334
65
324
51
375
61
365
248
450
249
433
248
450
250
434
248
450
248
434
248
450
249
434
248
450
250
433
248
450
248
433
55
375
64
364
194
320
201
308
198
357
201
345
363
70
365
67
363
70
365
68
484
111
492
105
484
111
491
104
484
111
490
107
93
299
101
291
93
299
102
291
455
466
448
451
104
332
113
323
104
332
112
324
104
332
111
323
104
332
111
324
104
332
112
323
104
332
109
322
104
332
109
323
104
332
114
324
104
332
109
324
104
332
108
322
104
332
110
323
160
125
166
122
160
125
165
121
160
125
166
121
160
125
165
122
526
87
532
81
526
87
531
82
526
87
533
84
526
87
533
81
155
445
161
431
155
445
161
430
44
357
54
346
44
357
55
347
44
357
54
347
44
357
53
346
464
497
455
479
464
497
455
478
464
497
455
480
464
497
454
479
228
385
230
373
149
318
155
309
149
318
155
310
149
318
155
311
149
318
154
311
70
262
83
258
70
262
83
257
478
74
484
69
239
386
242
376
239
386
241
375
341
50
345
46
458
51
465
45
458
51
464
45
72
318
80
310
72
318
81
310
72
318
81
309
72
318
79
310
72
318
80
309
72
318
82
309
72
318
83
309
193
317
198
308
193
317
197
307
155
449
160
435
155
449
159
435
155
449
161
434
155
449
161
433
487
41
494
36
487
41
495
37
38
365
48
354
68
259
78
252
193
288
198
282
187
370
191
360
106
332
113
323
106
332
112
324
106
332
111
323
106
332
112
322
106
332
111
324
106
332
110
322
106
332
112
323
106
332
109
323
106
332
114
324
106
332
113
322
106
332
110
323
444
53
451
47
444
53
452
47
73
316
83
308
73
316
83
307
73
316
82
308
73
316
81
308
194
265
199
255
194
265
200
256
304
408
301
395
70
318
80
310
70
318
81
310
70
318
79
310
70
318
80
309
151
310
156
304
131
172
138
167
462
74
468
69
192
451
195
435
219
251
221
246
99
329
109
320
99
329
110
320
99
329
107
322
99
329
107
320
99
329
110
322
99
329
109
322
99
329
106
320
99
329
103
321
99
329
105
322
99
329
108
322
230
385
231
373
230
385
232
373
230
385
230
373
516
131
523
126
516
131
524
127
331
417
328
405
38
364
48
354
342
50
345
46
71
318
80
310
71
318
81
310
71
318
81
309
71
318
79
310
71
318
80
309
31
359
41
348
31
359
42
349
467
35
472
30
336
95
339
92
336
95
339
91
465
35
472
30
465
35
471
30
458
480
448
461
458
480
449
464
458
480
449
465
458
480
450
464
458
480
449
462
458
480
449
463
458
480
450
466
458
480
450
465
569
543
556
525
569
543
557
525
569
543
558
525
569
543
558
526
569
543
559
526
569
543
555
525
569
543
555
524
569
543
560
527
293
33
299
29
453
40
459
35
477
464
468
451
193
309
197
300
170
456
174
441
170
456
175
441
156
428
161
412
517
131
523
126
517
131
524
127
31
58
39
55
150
315
156
309
150
315
156
308
150
315
155
309
150
315
156
307
39
357
49
347
230
384
231
373
230
384
232
373
230
384
230
373
230
384
233
373
159
125
166
122
159
125
165
121
159
125
166
121
159
125
165
122
141
177
149
172
141
177
149
171
141
177
150
172
338
41
343
36
208
332
211
322
208
332
211
321
208
340
211
330
208
340
212
332
208
340
213
330
319
430
316
417
319
430
316
418
515
130
523
126
460
484
450
464
460
484
451
471
460
484
450
466
460
484
451
470
460
484
450
465
35
354
45
344
38
358
49
347
38
358
48
348
194
289
198
285
194
289
197
285
130
173
136
169
130
173
138
167
130
173
138
169
70
320
79
311
57
373
67
363
57
373
67
362
57
373
69
362
451
488
444
475
451
488
443
473
451
488
443
474
322
411
319
398
322
411
319
399
353
72
355
69
44
377
54
367
41
358
51
346
41
358
52
347
195
260
203
255
195
260
199
255
195
260
199
253
195
260
200
256
195
260
202
255
195
260
201
256
195
260
201
255
195
260
200
255
360
495
355
477
46
358
55
347
303
408
299
394
303
408
299
395
303
408
299
396
569
542
556
525
569
542
557
525
569
542
558
525
569
542
555
525
569
542
555
524
244
386
247
375
244
386
246
375
244
386
247
376
