image_2849.jpg
image_2848.jpg
345
576
345
443
345
576
345
441
345
576
346
441
347
585
348
449
352
467
354
418
352
575
353
440
352
575
354
440
340
576
341
442
344
580
344
445
344
580
345
446
341
582
342
448
344
576
344
442
344
576
345
441
344
576
343
443
349
577
349
444
349
577
349
442
349
577
349
443
349
579
350
444
349
579
349
444
349
579
350
445
349
579
349
445
343
576
344
442
343
576
343
443
343
576
342
443
350
586
351
449
343
582
344
448
343
582
344
447
344
582
344
448
354
581
355
444
354
581
354
445
354
581
355
443
354
581
353
445
341
579
342
445
344
574
345
441
344
574
345
440
342
576
343
441
343
574
343
441
355
581
355
444
355
581
354
445
355
581
355
443
353
573
355
438
350
579
350
444
350
579
349
444
350
579
351
443
350
579
350
445
350
579
349
445
355
578
354
442
355
578
355
442
350
583
350
447
350
583
351
449
340
582
341
448
350
587
351
450
350
587
350
450
350
587
351
449
352
468
354
418
343
581
344
447
349
575
349
442
349
575
350
441
349
575
348
441
347
575
348
441
347
575
346
441
345
580
345
446
345
580
346
446
345
580
346
444
345
580
346
445
347
576
348
441
345
575
345
441
345
575
346
440
345
575
346
441
350
574
350
441
352
469
354
418
355
577
354
442
349
578
350
444
349
578
349
444
349
578
349
443
346
579
347
445
346
579
346
446
346
579
346
444
346
579
346
445
346
579
347
444
346
583
347
447
346
583
347
448
343
579
344
445
343
579
342
446
343
579
344
444
343
579
343
444
354
582
355
444
354
582
355
445
354
582
354
445
354
582
353
445
350
577
350
444
350
577
349
443
350
577
351
443
350
584
350
447
350
584
351
449
351
588
352
450
351
588
352
448
351
588
351
451
351
588
351
450
351
588
352
451
351
588
351
449
348
577
347
444
348
577
349
442
348
577
349
443
348
576
349
442
348
576
349
443
346
582
347
447
346
582
347
446
346
582
346
446
351
579
350
444
351
579
352
444
351
579
352
443
351
579
351
443
351
587
352
447
351
587
352
450
351
587
352
448
351
587
351
450
351
587
352
451
351
587
351
449
340
575
341
441
351
584
352
447
351
584
352
446
351
584
352
448
354
587
352
448
354
587
354
449
354
587
353
448
354
587
353
449
354
587
354
448
348
579
347
445
348
579
349
444
348
579
347
444
348
579
349
443
348
579
349
445
351
582
352
447
351
582
352
446
351
582
351
445
354
583
355
444
354
583
355
445
354
583
354
445
354
583
353
446
354
583
353
445
347
586
348
450
347
580
347
445
347
580
347
446
347
580
346
446
347
580
346
445
344
581
345
446
344
581
344
447
354
579
355
443
354
579
353
443
354
579
355
442
354
579
353
444
342
579
342
445
342
579
343
444
346
580
347
445
346
580
347
446
346
580
346
446
346
580
346
445
346
580
347
444
346
581
347
445
346
581
347
447
346
581
347
446
346
581
346
446
354
578
355
443
354
578
353
443
354
578
354
442
354
578
355
442
346
573
346
440
354
575
354
440
354
575
355
440
345
579
344
445
345
579
346
444
345
579
346
445
355
585
355
445
355
585
354
445
355
585
353
446
355
583
355
444
355
583
355
445
355
583
354
445
342
581
342
447
350
576
349
442
344
579
344
445
344
579
344
444
345
573
346
440
345
573
345
440
352
573
353
439
343
580
344
445
346
574
346
440
346
574
346
441
346
578
347
445
346
578
346
444
346
578
346
445
346
578
347
444
354
586
352
447
354
586
352
448
354
586
354
449
354
586
353
446
354
586
353
448
354
586
354
448
347
579
347
445
347
579
347
446
347
579
346
445
347
579
347
444
343
575
343
441
347
578
347
445
347
578
346
444
347
578
347
444
354
574
354
440
