Test6.jpg
Test7.jpg
193
271
141
275
193
271
142
276
193
271
143
276
195
272
145
277
195
272
146
277
197
272
147
277
197
272
148
277
199
273
148
277
199
273
151
278
199
273
150
278
200
273
151
278
200
273
150
278
201
273
151
278
202
273
154
278
205
274
157
279
205
274
154
278
205
274
156
279
205
274
155
278
203
277
154
279
204
274
154
279
204
274
154
278
204
274
156
279
204
274
155
278
202
274
151
278
202
274
154
279
202
274
154
278
202
274
155
278
205
275
154
279
205
275
157
279
205
275
154
278
205
275
156
279
205
275
155
278
205
275
158
279
209
277
157
279
209
277
156
279
209
277
160
280
209
277
158
279
209
277
161
280
209
275
157
279
209
275
160
280
209
275
158
279
209
275
161
280
207
274
157
279
207
274
155
278
207
274
158
279
212
276
160
280
212
276
161
280
212
276
163
281
212
276
162
281
213
276
160
280
213
276
161
280
213
276
163
281
213
276
162
281
211
276
160
280
211
276
158
279
211
276
161
280
211
276
162
281
210
275
160
280
210
275
158
279
210
275
161
280
217
233
165
232
217
233
165
235
217
236
165
241
217
235
165
235
217
235
165
241
217
244
164
246
217
244
165
246
217
246
165
251
217
253
165
256
214
277
161
280
214
277
163
281
214
277
162
281
219
216
169
217
219
216
166
221
219
216
166
220
219
216
166
218
219
216
166
219
219
216
171
217
219
216
170
217
219
217
169
217
219
217
166
221
219
217
166
220
219
217
166
218
219
217
166
219
219
217
171
217
219
217
170
217
218
221
166
221
218
221
166
220
218
221
166
219
218
229
165
229
218
229
165
232
218
233
165
235
218
238
165
241
218
239
165
241
218
248
165
252
218
248
165
251
218
249
165
252
218
252
165
256
218
264
168
268
224
184
172
185
224
184
171
184
224
184
173
184
224
184
172
183
224
184
171
185
224
184
173
186
224
184
172
187
224
184
174
185
225
184
172
185
225
184
173
184
225
184
173
186
225
184
175
185
225
184
174
185
225
183
173
184
225
183
172
183
225
183
173
186
225
183
175
185
225
183
175
184
225
183
174
185
225
182
173
181
225
182
173
184
225
182
172
183
225
182
175
183
225
182
175
185
225
182
175
184
225
182
174
185
224
185
172
185
224
185
173
184
224
185
171
185
224
185
173
186
224
185
171
187
224
185
172
187
224
185
171
188
224
185
174
185
225
189
172
189
225
189
172
191
225
189
171
192
225
189
172
190
225
189
171
191
225
189
173
194
224
188
173
186
224
188
172
187
224
188
171
188
224
188
172
189
224
188
172
191
224
188
171
192
224
188
172
190
224
188
171
191
225
187
173
186
225
187
172
187
225
187
171
188
225
187
172
189
225
187
172
191
225
187
172
190
224
191
172
191
224
191
171
192
224
191
172
190
224
191
171
191
224
191
172
194
224
191
172
195
224
191
173
194
224
191
173
195
223
193
171
192
223
193
172
194
223
193
172
195
223
193
170
195
223
193
173
194
223
193
173
195
223
193
170
197
223
192
172
191
223
192
171
192
223
192
171
191
223
192
172
194
223
192
172
195
223
192
170
195
223
192
173
194
223
192
173
195
225
190
172
191
225
190
171
192
225
190
172
190
225
190
172
194
225
190
173
194
222
195
169
197
222
195
172
195
222
195
170
195
222
195
173
195
222
195
170
197
222
195
170
198
225
195
172
195
225
195
173
194
225
195
173
195
225
196
173
195
225
196
170
198
225
194
172
194
225
194
172
195
225
194
173
194
225
194
173
195
223
196
169
197
223
196
172
195
223
196
170
195
223
196
170
197
223
196
170
198
223
195
169
197
223
195
172
194
223
195
172
195
223
195
170
195
223
195
173
195
223
195
170
197
223
195
170
198
222
197
169
197
222
197
169
201
222
197
169
199
222
197
170
197
222
197
171
201
222
197
170
198
225
200
173
201
225
200
173
204
225
200
174
204
222
198
169
197
222
198
169
201
222
198
169
199
222
198
169
202
222
198
170
197
222
198
173
201
222
198
171
201
222
198
170
198
224
200
169
201
224
200
173
201
224
200
171
201
224
200
172
204
224
200
173
204
222
201
169
201
222
201
169
202
222
201
169
203
222
201
169
204
222
201
173
201
222
201
171
201
222
201
172
204
222
201
170
204
222
201
173
204
225
203
172
204
225
203
173
204
225
203
175
204
225
203
174
204
223
203
169
202
223
203
169
203
223
203
169
204
223
203
172
204
223
203
170
204
223
203
173
204
223
203
174
204
224
203
172
204
224
203
170
204
224
203
173
204
224
203
174
204
223
216
169
217
223
216
173
217
223
216
171
217
223
216
170
217
223
216
173
220
223
216
173
218
223
216
172
220
223
216
172
218
224
219
173
217
224
219
173
220
224
219
173
218
224
219
172
220
224
219
172
218
224
219
173
222
224
219
174
222
224
219
174
223
224
218
173
217
224
218
171
217
224
218
173
220
224
218
173
218
224
218
172
220
224
218
172
218
224
218
173
222
224
218
174
222
224
218
174
223
225
219
173
217
225
219
173
220
225
219
173
218
225
219
172
220
225
219
173
222
225
219
175
220
225
219
174
222
225
219
174
223
225
319
176
323
227
181
175
181
227
181
175
183
227
181
175
184
227
181
175
182
226
182
173
181
226
182
175
181
226
182
175
183
226
182
175
185
226
182
175
184
226
182
175
182
226
182
174
185
227
184
175
183
227
184
175
185
227
184
175
184
228
184
175
183
228
184
175
184
228
182
175
181
228
182
175
183
228
182
175
182
228
183
175
183
228
183
175
184
228
183
175
182
227
183
175
183
227
183
175
185
227
183
175
184
227
183
175
182
228
185
175
185
228
185
175
184
227
216
175
220
226
220
175
220
226
220
174
222
226
220
174
223
226
221
175
220
226
221
174
222
226
221
174
223
228
264
177
268
226
319
177
324
227
318
178
322
228
319
179
324
228
263
177
267
237
317
188
321
237
317
189
321
235
318
185
321
235
318
186
322
240
288
190
293
240
288
191
293
240
288
190
291
240
288
191
291
240
288
190
290
239
289
189
294
239
289
190
293
239
289
190
291
239
289
190
294
240
287
190
291
240
287
191
291
240
287
190
290
240
287
191
290
239
286
190
291
239
286
190
290
241
289
192
293
241
289
191
293
241
289
191
291
241
289
191
290
239
290
189
294
239
290
189
295
239
290
190
293
239
290
190
294
239
290
190
295
240
316
191
320
240
316
191
321
238
317
188
321
238
317
189
321
242
288
192
293
242
291
192
293
257
308
208
311
258
308
208
311
273
317
225
320
289
305
239
307
288
317
238
319
286
318
236
320
284
318
234
319
284
318
234
320
287
318
237
320
289
318
239
319
285
319
235
321
287
319
237
320
288
320
238
322
291
317
241
318
293
316
243
318
293
317
243
318
292
319
242
320
290
320
240
321
290
320
240
322
296
319
246
321
295
320
245
321
295
319
245
320
295
319
245
321
296
320
246
321
298
316
249
318
299
316
249
318
299
316
250
318
303
316
253
317
303
316
254
318
304
316
254
318
308
316
259
317
306
317
257
317
307
317
258
317
307
317
259
317
333
304
284
305
333
304
284
303
332
315
283
317
332
314
283
317
332
316
283
317
332
316
283
319
333
321
284
323
333
319
283
319
332
321
283
323
332
319
283
319
332
322
283
323
332
326
283
327
332
329
283
330
332
328
283
329
331
332
282
333
331
333
282
334
331
337
282
338
331
334
282
335
332
337
282
338
333
339
282
339
333
339
285
340
332
339
282
339
336
304
286
304
337
306
288
307
337
314
288
316
337
318
288
318
337
318
287
320
336
324
286
325
334
323
284
323
334
323
286
325
336
322
287
324
336
322
287
323
334
330
285
331
335
332
286
333
341
264
291
264
341
309
291
309
340
343
293
344
343
312
295
313
343
312
296
314
342
313
295
314
344
313
295
313
344
313
295
314
344
313
296
314
345
331
296
332
343
332
293
333
343
332
294
333
343
332
295
333
343
332
296
333
344
332
294
333
344
332
295
333
344
332
296
333
341
349
292
350
344
315
297
316
344
315
296
315
345
315
297
316
345
315
296
315
346
315
297
316
346
316
297
316
349
317
300
318
348
330
297
331
350
320
302
320
350
319
302
319
350
319
302
320
351
321
303
321
351
320
303
321
351
319
303
321
351
319
302
320
352
320
304
321
352
320
303
321
352
320
304
322
352
337
302
337
349
334
301
335
350
344
302
344
350
347
300
347
351
351
302
351
352
350
302
351
353
323
305
325
352
324
304
325
355
324
307
325
354
323
306
325
354
323
306
324
353
322
305
323
355
338
307
338
355
338
306
339
357
344
308
345
357
344
309
345
356
345
308
345
357
347
309
348
358
334
309
334
358
344
308
345
358
344
309
345
358
344
311
345
359
341
309
341
358
341
309
341
358
341
308
342
361
344
311
345
361
344
314
345
359
347
309
348
359
347
311
347
363
332
314
332
363
332
316
333
364
332
316
333
362
345
315
346
362
345
314
345
364
345
315
346
364
345
314
345
364
347
316
347
364
347
315
347
365
347
316
347
365
347
315
347
365
347
317
347
366
334
318
335
366
334
316
335
369
336
319
336
369
336
320
337
366
336
318
336
366
336
320
337
367
336
318
336
367
336
319
336
367
336
320
337
368
337
320
337
369
337
320
337
373
287
324
286
373
287
323
286
372
286
322
285
372
286
323
285
371
286
322
285
377
108
327
110
375
127
325
130
375
130
328
133
375
132
325
136
375
132
324
135
374
288
325
287
374
288
324
287
376
290
326
289
380
293
329
291
380
293
329
292
379
293
329
291
379
293
329
292
378
292
329
291
381
294
329
292
381
294
331
293
381
314
331
313
383
289
334
288
384
296
332
294
384
296
333
294
382
295
332
294
382
295
333
294
382
295
331
293
383
296
332
294
383
296
333
294
383
296
333
295
382
315
331
313
400
124
350
125
401
129
351
130
405
121
354
123
403
123
353
125
403
122
351
124
403
122
353
123
403
122
354
123
402
123
353
125
402
123
351
124
402
123
350
125
404
122
354
123
402
129
352
130
402
129
351
130
404
128
353
129
404
128
352
130
404
128
354
129
403
128
353
129
403
128
352
130
403
128
351
130
405
273
356
272
402
285
353
284
405
351
361
350
409
113
358
113
408
113
358
113
407
113
358
113
409
120
359
120
409
120
358
121
409
120
360
122
407
125
359
127
408
351
361
350
407
350
359
349
407
350
361
350
407
351
361
350
411
119
359
120
411
119
361
120
411
119
362
121
411
119
362
120
410
125
359
127
410
125
361
126
410
125
360
126
412
123
362
123
412
123
362
125
412
125
361
126
412
125
360
126
412
125
362
125
412
128
360
129
412
128
361
128
412
128
359
129
412
128
362
129
413
127
359
127
413
127
361
128
413
127
363
128
411
345
361
345
411
345
362
345
411
345
363
345
412
347
364
346
412
347
366
346
412
347
368
347
413
346
362
345
413
346
363
345
413
346
364
346
413
346
366
346
413
348
368
347
414
120
361
120
414
120
362
121
414
120
365
120
414
120
362
120
414
120
364
122
415
119
365
120
415
119
362
120
417
119
365
120
417
119
368
120
414
119
361
120
414
119
365
120
414
119
362
120
415
120
361
120
415
120
362
121
415
120
365
120
415
120
362
120
415
120
364
122
416
120
365
120
416
120
362
120
415
125
362
125
415
125
365
126
415
125
365
127
416
123
362
123
416
123
365
123
416
123
367
124
417
125
365
126
417
125
368
127
415
127
363
128
415
127
365
127
415
126
361
126
415
126
365
126
415
126
365
127
416
138
364
139
416
138
362
139
416
138
367
139
416
348
368
347
417
346
364
346
417
346
366
346
417
346
372
345
415
346
364
346
415
346
366
346
416
347
364
346
416
347
366
346
416
347
368
347
414
346
363
345
414
346
364
346
414
346
366
346
418
114
369
115
418
114
367
115
420
114
369
115
420
114
367
115
420
114
371
115
421
114
369
115
421
114
371
115
421
114
372
115
420
121
369
122
419
119
368
120
419
119
370
120
420
119
368
120
420
119
370
120
418
119
365
120
418
119
368
120
419
124
367
124
421
131
369
131
421
131
370
131
421
131
371
132
421
277
373
275
418
290
368
288
419
346
366
346
419
346
372
345
418
346
366
346
418
346
372
345
418
349
372
348
418
349
371
349
422
114
369
115
422
114
371
115
422
114
372
115
422
114
373
115
422
120
372
121
422
120
370
120
424
121
372
121
424
121
375
123
424
121
374
122
422
131
370
131
422
131
371
132
424
131
373
132
424
131
373
131
425
139
373
139
425
139
374
139
424
139
373
139
424
139
374
139
422
277
373
275
423
346
372
345
423
346
375
346
425
346
375
346
423
347
375
346
425
348
372
348
427
114
377
115
428
115
377
115
427
123
375
123
427
123
374
124
427
123
377
125
429
127
376
128
429
127
377
128
429
128
377
128
429
128
378
129
427
131
377
132
427
131
376
131
428
131
377
132
428
131
376
131
429
289
377
287
426
347
375
346
430
115
381
116
430
115
380
116
433
115
381
116
433
115
384
116
431
131
380
131
431
131
379
132
431
131
380
132
431
131
381
132
431
132
379
132
431
132
380
132
432
139
381
140
432
139
382
140
430
275
381
273
432
275
381
273
433
275
384
273
432
344
381
344
432
344
381
343
433
345
381
344
433
345
384
344
430
345
380
344
430
345
380
345
430
345
381
344
431
345
380
344
431
345
380
345
431
345
381
344
431
342
382
342
435
115
384
116
435
115
385
116
434
115
384
116
434
130
380
131
434
132
380
132
434
132
381
132
434
132
384
133
434
132
383
132
436
132
381
132
436
132
384
133
436
132
385
132
436
132
383
132
435
140
381
140
435
140
383
140
435
140
382
140
436
277
387
275
437
277
387
275
441
140
390
141
441
140
391
141
440
140
390
141
441
276
387
274
441
276
389
274
441
276
390
274
439
276
387
274
439
276
389
274
439
276
390
274
440
276
387
274
440
276
389
274
440
276
390
274
438
286
386
284
438
287
388
285
439
293
392
290
439
345
388
345
440
345
388
345
440
346
388
345
443
116
393
117
443
116
391
117
442
140
390
141
442
140
391
141
443
276
389
274
443
276
390
274
443
276
392
274
442
277
389
275
443
292
394
289
443
292
394
290
443
292
395
290
445
292
397
289
445
292
396
289
445
292
394
289
445
292
394
290
445
292
395
290
444
291
397
289
444
291
396
289
444
291
394
289
442
290
391
288
442
290
392
288
444
345
393
345
444
345
394
344
443
342
390
342
449
99
397
100
449
115
396
117
449
115
396
116
449
115
397
116
448
115
396
117
448
115
396
116
448
115
397
116
449
116
396
117
449
116
396
116
449
116
397
116
448
121
395
123
448
121
397
122
448
121
398
122
447
121
395
123
447
121
397
122
449
121
397
122
449
121
398
122
447
125
395
125
447
136
396
137
447
136
397
137
449
134
397
135
449
134
399
135
448
135
398
136
449
141
397
141
446
280
395
278
448
282
400
280
448
291
397
289
448
291
398
288
448
291
399
288
448
291
398
289
448
291
400
289
447
291
397
289
447
291
398
288
447
291
399
288
447
291
398
289
447
291
400
289
447
291
400
290
449
291
399
288
449
291
400
289
453
121
400
122
452
121
400
122
452
125
399
124
452
124
399
124
451
128
399
129
451
128
401
129
451
128
400
129
452
126
399
127
452
128
399
129
452
128
401
129
452
128
400
129
450
133
400
134
450
133
399
134
453
133
400
133
453
133
401
134
451
133
400
134
451
133
399
134
451
133
401
134
453
137
399
137
453
137
402
138
453
137
403
138
451
135
397
135
451
135
399
135
451
135
401
136
452
136
398
136
452
136
402
137
451
137
397
137
451
137
398
137
451
137
399
137
451
137
400
138
453
135
399
135
453
135
401
136
453
135
403
136
453
140
403
141
450
291
399
288
450
291
400
289
450
293
400
290
450
293
400
291
451
295
400
292
451
295
400
291
451
296
400
292
451
296
401
293
452
297
401
293
450
294
400
292
450
294
400
291
452
296
401
293
452
295
401
293
450
324
399
321
452
323
401
320
452
323
401
321
452
324
401
321
457
117
404
118
455
122
403
123
455
122
402
123
454
122
400
122
454
122
403
123
454
122
402
123
456
123
403
123
456
123
402
123
456
125
404
125
457
131
405
131
457
131
405
132
457
130
405
131
456
136
404
136
456
136
403
136
456
136
405
137
456
136
406
137
455
137
402
137
455
137
403
138
454
136
401
136
454
136
402
137
454
134
400
134
454
134
401
134
456
137
402
137
457
137
405
137
457
137
406
137
458
135
405
136
458
137
405
137
458
137
406
137
461
287
408
285
459
301
408
299
460
308
408
303
456
306
405
302
460
322
408
320
464
117
410
118
463
117
409
118
463
117
410
118
462
117
409
118
462
117
410
118
465
141
412
142
465
141
415
142
463
309
412
306
464
320
413
317
469
101
415
102
468
101
415
102
468
117
415
117
468
117
415
118
468
117
414
118
467
117
415
117
467
117
415
118
467
117
414
118
468
142
415
142
469
308
420
305
468
341
417
340
473
139
421
140
473
139
420
138
473
139
420
139
473
139
419
139
473
139
421
139
472
138
420
138
472
138
420
139
472
138
419
139
472
138
421
139
470
289
417
287
472
308
420
305
472
308
422
305
470
308
420
305
470
308
422
305
476
109
423
109
476
110
423
109
474
125
421
126
474
122
422
122
475
122
422
122
475
142
422
143
475
142
423
142
474
142
422
143
474
142
423
142
477
309
425
306
477
309
428
307
477
309
430
306
475
351
422
350
475
351
424
351
472
351
420
351
472
351
422
350
472
351
424
351
474
349
424
349
479
310
425
306
479
310
428
307
479
310
430
306
479
310
432
309
482
313
428
307
482
313
432
309
482
313
433
309
484
313
432
307
484
313
432
309
484
313
433
309
484
313
434
309
483
313
428
307
483
313
432
309
483
313
433
309
483
313
434
309
485
310
433
306
485
310
432
307
485
310
433
307
485
310
435
308
484
321
433
316
481
322
429
319
481
322
430
318
482
322
430
318
480
321
429
317
480
321
429
319
480
321
429
316
480
321
430
318
480
321
428
317
485
320
433
316
481
321
429
317
481
321
430
318
481
321
428
317
485
351
434
350
487
270
435
267
487
270
438
268
488
270
435
267
488
270
439
268
488
270
438
268
489
270
435
267
489
270
439
268
489
270
438
268
489
292
437
288
489
292
438
288
489
292
439
288
489
294
438
290
489
294
440
290
489
297
435
294
489
297
437
294
486
311
433
306
486
311
432
307
486
311
433
307
486
311
435
308
487
312
433
307
487
312
435
308
487
312
434
309
487
312
437
309
486
313
432
307
486
313
433
307
486
313
432
309
486
313
433
309
486
313
435
308
486
313
434
309
486
313
437
309
492
260
439
257
492
260
440
258
490
260
439
257
490
260
438
257
492
271
440
268
492
271
441
269
492
271
439
268
492
271
438
268
492
271
442
269
491
293
437
288
491
293
438
288
491
293
439
288
491
293
438
290
491
293
440
290
492
291
441
287
492
291
439
288
491
291
438
288
491
291
439
288
492
294
438
290
492
294
440
290
492
294
440
291
493
295
438
290
493
295
440
290
493
295
440
291
493
312
441
307
490
312
437
309
490
312
438
309
490
313
437
309
490
313
438
309
491
313
438
309
494
272
440
268
494
272
441
269
494
272
439
268
494
272
442
269
495
272
440
268
495
272
441
269
495
272
442
269
495
272
444
270
494
293
439
288
494
293
440
290
494
292
441
287
494
292
439
288
494
291
441
287
495
291
441
287
494
295
438
290
494
295
440
290
494
295
440
291
496
294
440
290
495
313
445
309
494
311
441
307
498
273
442
269
498
273
444
270
498
273
445
270
500
274
444
270
501
274
445
270
501
274
448
271
498
313
445
309
498
313
447
309
500
310
444
306
500
310
447
306
499
313
445
309
499
313
447
309
500
313
448
308
500
313
447
309
504
275
450
272
504
275
451
272
504
275
448
271
502
312
448
308
502
312
451
308
502
312
450
308
503
312
448
308
503
312
451
308
503
312
450
308
503
312
453
308
505
312
448
308
505
312
451
308
505
312
450
308
505
312
453
308
503
313
448
308
503
313
447
309
503
313
451
308
503
313
450
308
503
313
451
309
504
313
451
308
504
313
450
308
504
313
451
309
504
313
454
309
504
324
451
320
506
276
453
273
506
276
450
272
506
276
451
272
507
276
453
273
507
276
450
272
507
276
451
272
508
285
454
282
509
285
454
282
509
313
453
308
509
313
451
309
509
313
454
309
509
313
458
309
509
313
458
308
505
315
452
311
511
253
456
249
511
252
456
249
510
277
453
273
510
277
457
274
513
278
457
274
513
278
461
275
510
285
457
282
510
285
454
282
513
286
457
282
513
286
458
282
512
289
456
284
512
289
457
285
512
289
458
285
513
315
461
311
510
315
457
311
514
285
461
282
514
285
459
282
515
285
461
282
516
288
460
285
516
288
461
285
516
288
462
285
516
288
462
284
516
289
458
285
516
289
459
285
516
289
460
285
516
289
461
285
516
289
462
285
517
286
461
282
517
286
459
282
517
286
463
282
517
286
464
283
515
286
457
282
515
286
458
282
515
286
460
283
515
286
461
282
515
286
459
282
517
288
460
283
517
288
461
285
517
288
462
285
517
288
462
284
517
289
459
285
517
289
460
285
517
289
461
285
517
289
462
285
514
312
461
307
514
312
461
308
514
312
460
308
514
312
458
308
514
312
459
308
514
312
464
308
520
273
465
269
520
273
466
269
520
273
467
269
520
273
466
270
519
273
465
269
519
273
464
269
519
273
466
269
519
277
462
273
519
277
464
273
519
276
463
272
519
276
464
273
519
275
465
271
518
276
463
272
518
276
464
273
520
286
463
282
520
286
464
282
520
286
466
282
519
287
464
284
519
287
465
284
519
287
464
283
518
286
461
282
518
286
463
282
518
286
464
282
518
286
464
283
518
289
460
285
518
289
461
285
518
289
462
285
518
289
462
284
521
286
463
282
521
286
464
282
521
286
466
282
520
287
463
282
520
287
465
284
520
287
464
283
521
287
464
282
521
287
464
283
518
288
462
285
518
288
464
284
518
288
462
284
518
288
466
285
519
286
461
282
519
286
463
282
519
286
464
282
519
286
464
283
519
289
461
285
519
289
462
285
519
289
462
284
519
289
466
285
521
289
464
284
521
289
465
284
521
289
466
285
521
289
467
285
518
313
465
308
518
313
464
308
518
313
466
308
518
312
461
308
518
312
465
308
518
312
464
308
518
312
466
308
523
216
469
213
522
289
465
284
522
289
466
285
522
289
467
285
522
289
469
285
523
288
465
284
523
288
469
284
523
288
469
285
523
288
470
284
525
288
469
284
525
288
470
284
525
288
472
284
524
289
466
285
524
289
467
285
524
289
469
285
524
289
472
285
522
312
465
308
522
312
468
307
522
312
469
308
522
312
468
308
522
312
466
308
522
312
470
307
523
312
468
307
523
312
469
308
523
312
468
308
523
312
466
308
523
312
470
307
525
312
469
308
525
312
468
308
525
312
470
307
525
312
475
307
525
312
474
307
527
269
476
265
528
269
476
265
528
276
476
272
528
276
475
272
527
289
469
284
527
289
469
285
527
289
473
285
527
289
470
284
527
289
472
285
526
289
469
284
526
289
469
285
526
289
473
285
526
289
472
285
528
288
469
284
528
288
470
283
528
288
470
284
528
288
472
284
528
288
474
284
527
288
469
284
527
288
470
284
527
288
472
284
527
288
474
284
529
288
470
283
529
288
470
284
529
288
472
284
529
288
473
283
529
288
476
284
529
288
474
284
529
287
470
283
529
287
473
282
529
287
473
283
529
287
476
283
529
287
474
283
526
312
469
308
526
312
475
307
526
312
474
307
529
312
475
307
529
312
474
307
526
313
472
309
529
320
474
316
528
321
474
316
527
321
474
316
527
320
474
316
530
218
477
216
532
229
477
225
532
227
479
225
532
227
478
225
533
228
479
225
533
228
478
225
532
228
479
225
532
228
478
225
532
228
477
225
530
276
476
272
530
276
475
272
533
276
476
272
533
276
479
272
532
276
476
272
532
276
475
272
532
276
479
272
531
276
476
272
531
276
475
272
533
277
476
273
533
277
477
273
533
277
479
273
533
277
478
273
533
277
479
272
533
277
480
273
532
285
473
281
532
285
478
281
532
289
473
285
532
289
472
284
532
289
476
284
532
289
474
284
532
289
478
285
530
288
470
283
530
288
472
284
530
288
473
283
530
288
476
284
530
288
474
283
530
288
474
284
530
286
473
281
530
286
473
282
530
286
477
282
532
286
473
281
532
286
473
282
532
286
477
282
532
286
478
282
532
286
479
282
532
288
473
283
532
288
476
283
532
288
477
283
532
288
476
284
532
288
474
283
532
288
474
284
532
311
475
307
532
311
474
307
531
312
475
307
530
316
472
312
530
316
474
312
530
316
476
312
530
316
480
311
536
215
483
213
536
219
480
213
536
219
481
214
536
219
484
216
534
218
478
213
534
218
480
213
534
218
481
214
534
218
479
215
537
227
483
225
537
227
484
225
536
227
481
224
536
227
483
225
534
277
476
273
534
277
477
273
534
277
479
273
534
277
478
273
534
277
479
272
534
277
480
273
535
277
476
273
535
277
477
273
535
277
479
273
535
277
478
273
535
277
479
272
535
277
480
273
536
277
479
273
536
277
478
273
536
277
480
273
537
284
479
279
537
284
484
280
537
284
482
279
537
284
482
280
534
283
479
279
537
285
478
281
537
285
481
281
537
285
480
281
537
285
484
281
535
283
479
279
535
283
482
279
535
285
478
281
535
285
481
281
535
285
480
281
537
283
479
279
537
283
483
279
537
283
482
278
537
283
482
279
534
286
473
282
534
286
477
282
534
286
478
281
534
286
478
282
534
286
479
282
534
286
480
282
534
286
481
282
537
286
478
281
537
286
481
281
537
286
480
281
537
286
478
282
537
286
479
282
537
286
480
282
537
286
481
282
537
286
483
282
535
287
476
283
535
287
477
283
535
287
477
282
535
287
478
282
535
287
479
282
535
287
481
283
535
287
480
282
535
287
478
283
534
289
476
284
534
289
474
284
534
289
481
285
534
289
479
284
534
289
478
285
534
289
480
285
537
287
477
282
537
287
478
282
537
287
479
282
537
287
481
283
537
287
480
282
537
287
481
282
537
287
478
283
537
287
483
283
534
288
476
283
534
288
477
283
534
288
476
284
534
288
474
283
534
288
474
284
534
288
479
284
534
288
480
284
534
288
478
283
537
288
477
283
537
288
479
284
537
288
481
283
537
288
480
284
537
288
478
283
537
288
482
284
537
288
483
284
536
287
476
283
536
287
477
283
536
287
477
282
536
287
478
282
536
287
479
282
536
287
481
283
536
287
480
282
536
287
478
283
537
312
480
308
537
314
484
310
537
314
482
309
537
314
482
310
535
318
476
313
535
318
478
314
535
318
482
312
535
318
483
313
535
318
484
314
539
219
485
217
539
219
484
216
539
228
484
225
538
227
484
225
540
228
486
225
541
228
486
225
537
239
481
236
539
282
482
278
540
284
483
279
540
284
484
280
540
284
482
279
540
284
482
280
538
285
481
281
538
285
480
281
538
285
482
280
538
285
484
281
538
285
485
281
541
283
483
279
541
283
482
279
538
283
479
279
538
283
483
279
538
283
482
278
538
283
482
279
541
284
484
280
541
284
482
280
540
283
479
279
540
283
483
279
540
283
482
279
540
285
481
281
540
285
480
281
540
285
484
280
540
285
482
280
540
285
484
281
540
285
485
281
538
286
478
281
538
286
481
281
538
286
480
281
538
286
479
282
538
286
480
282
538
286
481
282
538
286
484
282
538
286
483
282
539
287
479
282
539
287
481
283
539
287
480
282
539
287
481
282
539
287
483
283
539
287
485
283
539
287
484
283
539
287
483
282
538
287
478
282
538
287
479
282
538
287
481
283
538
287
480
282
538
287
481
282
538
287
483
283
538
287
484
283
541
286
484
281
541
286
485
281
541
286
484
282
541
286
483
282
538
288
479
284
538
288
481
283
538
288
480
284
538
288
478
283
538
288
482
284
538
288
483
284
538
289
481
285
538
289
479
284
538
289
480
284
538
289
480
285
538
289
482
285
538
289
482
284
541
313
482
309
539
318
483
313
539
318
484
314
539
318
489
314
538
319
484
314
538
319
485
315
542
227
486
222
542
227
488
225
542
228
488
225
543
229
488
225
542
229
486
225
544
229
488
225
545
318
489
314
545
318
492
313
549
219
495
217
549
258
492
254
549
256
493
252
549
256
492
253
549
259
492
255
549
259
492
256
547
260
492
256
547
261
491
257
547
261
492
257
548
261
491
257
548
261
492
257
548
262
492
257
548
262
491
258
547
262
491
257
547
262
491
258
547
318
492
313
547
318
495
314
547
318
495
313
553
219
499
217
553
317
497
313
553
317
497
312
553
317
499
314
553
317
498
313
552
319
496
315
552
319
497
313
552
319
497
312
552
319
495
314
552
319
495
313
552
319
497
315
552
319
499
315
552
319
499
314
552
319
498
313
554
229
499
225
554
229
499
226
554
229
498
226
555
227
499
225
555
227
499
226
552
229
497
224
552
229
496
228
552
229
497
228
556
229
500
227
556
229
501
227
556
229
502
226
553
277
496
273
556
276
502
272
556
276
503
272
552
277
496
273
557
276
502
272
557
276
504
271
557
276
503
272
553
288
496
283
553
288
497
283
553
288
494
284
553
288
497
284
553
288
498
285
553
288
498
284
553
289
497
284
553
289
498
285
553
289
498
284
555
288
497
284
555
288
498
285
555
288
498
284
555
288
503
284
554
288
497
283
554
288
497
284
554
288
498
285
554
288
498
284
556
293
501
288
556
293
501
289
556
293
499
288
556
293
500
289
556
293
502
288
556
293
502
289
553
311
497
305
553
311
498
305
552
311
496
305
552
311
497
305
552
311
498
305
555
320
499
315
555
320
499
314
555
320
498
313
558
228
502
226
559
228
502
226
559
276
502
272
559
276
504
271
559
276
503
272
558
277
501
273
558
277
500
273
558
277
502
272
558
277
503
272
560
288
502
283
560
288
503
283
560
288
503
284
560
288
504
284
560
288
505
284
561
288
502
283
561
288
503
283
561
288
503
284
561
288
504
284
561
288
505
284
558
293
501
288
558
293
501
289
558
293
504
289
558
293
502
288
558
293
502
289
559
304
504
299
560
304
505
299
560
304
504
299
561
315
506
309
561
315
506
312
563
216
508
214
564
229
506
226
562
232
506
228
560
231
503
228
562
276
502
272
562
276
504
271
562
276
503
272
565
275
508
270
565
275
507
271
565
275
508
271
565
310
508
305
565
310
510
305
565
310
511
305
565
310
512
305
562
310
504
305
562
310
508
305
562
310
506
307
562
315
506
309
563
314
506
309
563
314
510
308
562
319
506
313
562
319
506
312
562
319
509
314
565
320
509
314
569
311
510
305
569
311
511
305
569
311
512
305
569
311
515
307
569
310
511
304
569
310
510
305
569
310
511
305
569
310
512
305
570
310
511
304
570
310
511
305
570
310
512
305
570
310
516
305
573
310
516
305
572
236
514
233
572
236
513
233
574
304
517
299
577
302
517
297
577
302
518
297
579
230
521
227
578
231
520
228
581
230
522
228
581
264
524
260
581
264
525
260
579
273
522
269
579
273
523
269
576
273
518
269
580
273
522
269
580
273
523
269
578
277
520
273
577
277
520
273
577
276
520
271
581
312
523
307
583
221
526
218
580
238
522
236
581
238
523
236
580
239
523
236
580
239
522
237
584
264
525
260
582
274
527
270
583
274
527
270
585
275
527
270
585
309
524
304
585
309
526
304
585
309
527
304
585
309
528
304
585
309
526
305
585
309
530
305
585
319
527
314
587
221
530
218
588
221
531
218
586
221
529
218
587
275
527
270
585
281
530
277
586
309
524
304
586
309
526
304
586
309
527
304
586
309
528
304
586
309
530
304
586
309
530
305
587
310
526
304
587
310
527
304
587
310
528
304
587
310
526
305
587
310
529
306
587
310
530
305
586
310
524
304
586
310
526
304
586
310
527
304
586
310
526
305
586
310
529
306
586
310
530
305
587
311
523
305
587
311
525
306
587
311
526
305
587
311
529
306
586
319
527
314
589
318
526
312
589
318
528
313
589
318
530
312
588
318
526
312
588
318
528
313
589
320
527
314
591
221
534
218
591
276
531
271
590
302
529
296
590
309
528
304
590
309
530
304
595
277
535
272
594
308
536
304
594
308
534
303
594
308
535
303
594
308
538
303
596
308
535
303
596
308
538
303
595
309
536
304
595
309
534
303
595
309
535
303
595
309
538
303
594
310
536
304
594
310
539
306
597
310
536
304
595
312
539
306
597
318
537
311
601
220
544
219
601
227
543
226
601
228
543
226
600
232
542
228
600
235
542
231
599
238
541
234
597
261
538
256
596
262
538
257
596
262
539
258
599
278
539
273
601
309
543
303
601
309
542
304
601
309
542
303
600
309
543
303
600
309
542
304
600
309
542
303
601
317
540
311
601
317
543
310
603
279
543
274
603
279
544
274
603
309
543
303
603
309
544
303
603
309
542
303
604
317
543
310
607
280
548
275
607
309
547
303
608
285
549
280
608
293
549
288
