S24_01.png
S24_02.png
420
246
142
161
439
193
176
109
444
188
185
108
444
189
182
107
444
189
184
108
444
189
185
108
445
188
186
108
446
188
186
108
448
189
184
108
448
189
185
108
448
189
186
108
449
184
188
104
447
186
187
106
446
187
185
106
446
187
184
106
448
187
185
106
448
185
188
105
447
188
186
108
448
188
186
108
457
188
195
109
457
188
194
109
457
188
196
109
457
188
198
111
457
188
197
110
456
186
194
107
456
186
196
107
456
186
195
107
456
186
196
109
458
188
195
109
458
188
194
109
458
188
196
109
458
188
198
111
458
188
197
110
459
188
195
109
459
188
196
109
459
188
198
111
459
188
197
110
458
190
197
112
464
191
202
115
464
191
205
116
460
195
196
117
460
195
197
117
460
195
200
119
464
195
201
120
464
195
204
120
464
195
200
119
464
195
201
119
464
195
203
120
464
195
202
119
464
195
200
118
463
195
201
120
463
195
200
119
463
195
201
119
463
195
203
120
463
195
202
119
463
195
200
118
462
195
197
117
462
195
201
120
462
195
200
119
462
195
201
119
462
195
202
119
462
195
200
118
468
196
204
121
468
196
204
120
468
196
203
120
468
196
205
121
468
196
206
121
470
178
213
105
473
196
211
123
473
196
209
123
473
196
211
124
473
196
209
122
473
196
210
123
473
196
208
122
470
196
204
121
470
196
205
121
470
196
207
121
470
196
206
121
470
196
209
123
470
196
208
122
472
196
208
121
472
196
209
123
472
196
210
123
472
196
208
122
471
196
204
121
471
196
205
121
471
196
207
121
471
196
206
121
471
196
209
123
471
196
210
123
471
196
208
122
470
199
207
126
470
199
208
126
478
179
221
108
478
197
211
124
478
197
214
125
478
197
215
125
479
197
213
124
479
197
211
124
479
197
214
125
479
197
215
125
479
197
217
126
480
197
213
124
480
197
214
125
480
197
215
125
480
197
216
125
480
197
217
126
481
208
211
134
481
208
213
135
481
208
214
136
481
207
211
134
481
207
213
135
481
207
214
135
478
206
209
133
478
206
211
134
483
176
224
106
483
176
229
108
483
176
226
107
483
176
230
108
483
197
215
125
483
197
216
125
483
197
217
125
483
197
217
126
483
197
218
126
484
197
215
125
484
197
216
125
484
197
217
125
484
197
217
126
484
197
218
126
484
196
217
125
484
196
219
125
484
196
218
125
484
196
221
126
485
196
219
125
485
196
218
125
485
196
221
126
485
197
216
125
485
197
217
125
485
197
217
126
485
197
218
126
483
206
211
134
483
206
213
135
483
206
214
135
483
207
211
134
483
207
213
135
483
207
214
135
483
207
216
136
483
207
214
136
486
169
230
99
486
177
230
109
489
177
230
109
489
177
233
110
