38_38_l.jpg
38_38_r.jpg
396
197
224
194
396
197
223
195
396
197
226
196
396
197
224
195
444
214
268
217
419
224
239
224
400
208
233
206
441
203
268
206
441
203
268
205
441
203
267
206
441
203
270
206
441
203
269
206
423
228
246
228
373
193
203
189
373
193
201
189
390
209
215
206
399
211
224
209
399
211
229
209
399
211
226
209
437
188
265
191
393
194
220
193
419
226
236
226
435
191
262
193
435
191
262
194
430
214
255
214
430
214
250
215
430
214
256
215
430
214
250
214
430
214
253
214
430
214
249
214
430
214
254
215
430
214
256
216
430
214
255
216
451
195
273
198
434
214
259
216
434
214
256
215
434
214
257
216
434
214
260
216
434
214
256
216
434
214
255
216
419
227
242
227
438
190
262
193
438
190
262
194
439
229
264
230
385
209
210
206
385
209
212
206
375
193
203
189
375
193
201
189
444
210
268
214
444
210
272
213
445
367
249
366
433
191
262
193
427
214
250
215
427
214
256
215
427
214
250
214
427
214
253
214
427
214
249
214
427
214
254
215
398
205
223
203
398
205
229
204
398
205
225
203
398
205
226
203
441
215
268
217
414
208
241
207
414
208
246
208
414
208
240
207
414
208
242
209
414
208
244
209
414
208
239
207
414
208
242
208
465
205
288
210
465
205
288
211
465
205
287
211
418
187
251
189
418
187
250
189
439
186
266
189
375
215
201
211
375
215
200
211
378
193
205
190
424
190
250
191
424
190
252
191
408
212
234
211
408
212
240
212
408
212
231
211
408
212
233
211
408
212
238
212
441
196
266
198
441
196
268
198
423
211
248
212
423
211
249
213
423
211
252
213
423
211
245
212
396
218
227
216
387
213
214
210
392
210
218
207
392
210
230
208
420
188
251
190
420
188
251
189
420
188
250
189
387
195
215
193
387
195
214
192
434
194
261
195
434
194
261
197
434
194
263
195
434
194
261
196
422
210
248
212
354
220
179
212
408
207
232
205
408
207
240
207
408
207
234
205
408
207
239
207
408
207
233
206
429
203
259
204
429
203
251
206
429
203
252
204
429
203
255
205
429
203
250
205
432
194
261
195
432
194
261
196
394
196
224
194
394
196
223
195
394
196
221
194
394
196
224
193
461
205
286
209
437
230
260
231
421
189
251
190
421
189
249
191
421
189
250
191
421
189
252
191
447
365
250
364
429
209
253
209
429
209
257
211
429
209
254
210
429
209
256
210
393
211
219
208
393
211
229
209
393
211
221
208
393
211
218
208
393
211
220
208
396
212
226
210
396
212
224
209
396
212
222
209
396
212
228
210
423
188
251
190
423
188
251
189
423
188
250
189
402
219
229
217
394
212
222
209
394
212
219
209
373
202
201
197
446
209
272
213
446
209
272
211
433
197
261
198
433
197
260
199
469
206
292
212
447
210
272
213
423
225
246
226
466
205
288
211
424
213
255
214
424
213
249
213
424
213
250
214
424
213
253
214
424
213
249
214
424
213
254
215
424
213
252
213
437
192
261
195
437
192
263
195
386
209
210
206
386
209
212
206
368
193
196
188
368
193
195
188
435
215
259
217
435
215
261
217
435
215
259
216
435
215
257
216
435
215
260
216
435
215
260
217
435
215
256
216
441
194
266
198
441
194
266
197
426
211
248
212
426
211
249
213
426
211
252
213
433
215
259
217
433
215
259
216
433
215
257
216
433
215
260
216
433
215
256
216
433
215
255
216
442
230
265
232
442
230
268
232
402
218
227
216
421
225
246
226
377
195
206
191
377
195
205
190
436
200
261
204
436
200
259
204
436
200
264
202
427
219
246
219
421
208
246
208
421
208
253
209
421
208
244
209
421
208
254
210
436
229
261
230
421
212
242
212
421
212
248
212
421
212
249
213
421
212
250
214
421
212
253
214
421
212
249
214
421
212
243
212
421
212
252
213
421
212
245
212
418
217
245
217
413
211
242
211
413
211
242
212
413
211
240
212
413
211
236
210
413
211
243
212
413
211
245
212
419
187
251
189
419
187
250
189
381
208
208
205
381
208
206
204
438
186
266
189
437
202
261
204
437
202
262
204
437
202
263
204
399
218
227
216
395
197
224
194
395
197
223
195
395
197
221
194
395
197
224
195
424
189
251
190
424
189
254
190
424
189
252
191
402
211
224
209
402
211
229
209
402
211
226
209
425
228
242
227
425
228
246
228
402
208
233
206
431
214
255
214
431
214
250
215
431
214
256
215
431
214
257
216
431
214
254
215
431
214
256
216
431
214
255
216
389
209
215
206
390
196
220
193
388
204
213
202
388
204
214
202
442
215
268
217
379
210
206
206
405
208
233
206
437
195
261
198
437
195
260
199
437
195
266
197
377
192
203
189
443
203
268
206
443
203
268
205
443
203
267
206
443
203
271
206
443
203
270
206
443
203
269
206
419
205
245
204
419
205
247
207
419
205
250
207
419
205
251
206
419
205
250
205
425
218
246
219
416
206
241
207
416
206
246
208
416
206
247
207
416
206
243
207
416
206
240
207
416
206
239
207
414
207
241
207
414
207
246
208
414
207
243
207
414
207
240
207
414
207
242
209
414
207
244
209
414
207
239
207
414
207
242
208
426
224
245
224
435
209
262
212
435
209
263
210
435
209
259
212
435
209
262
211
435
209
257
211
435
209
261
211
435
209
262
209
439
195
266
198
439
195
261
198
439
195
260
199
439
195
268
198
439
195
266
197
421
209
253
209
421
209
244
209
421
209
254
210
387
196
215
193
425
210
248
212
425
210
254
210
402
188
233
187
402
188
234
188
402
188
232
188
402
188
231
186
419
213
249
213
419
213
250
214
419
213
249
214
419
213
242
213
388
196
215
193
387
220
216
217
432
209
257
211
432
209
256
210
428
214
255
214
428
214
250
215
428
214
256
215
428
214
250
214
428
214
253
214
428
214
249
214
428
214
254
215
428
214
255
216
420
190
249
191
420
190
250
191
420
190
252
191
434
202
261
204
434
202
262
204
434
202
259
204
434
202
263
204
428
206
250
207
428
206
253
209
428
206
254
208
382
195
211
191
382
195
210
192
433
229
257
230
433
229
258
230
422
213
250
215
422
213
249
213
422
213
250
214
422
213
253
214
422
213
249
214
422
213
254
215
438
215
262
217
438
215
261
217
438
215
260
216
388
216
213
212
388
216
214
213
389
217
214
213
442
202
268
206
442
202
268
205
442
202
267
206
442
202
269
206
415
211
242
211
415
211
242
212
415
211
240
212
415
211
243
212
415
211
245
212
445
203
268
206
445
203
268
205
445
203
271
206
445
203
270
206
445
203
269
206
444
203
268
206
444
203
268
205
444
203
267
206
444
203
271
206
444
203
270
206
444
203
269
206
447
366
252
365
447
366
250
364
431
213
255
214
431
213
256
215
431
213
250
214
431
213
253
214
431
213
249
214
431
213
254
215
431
199
260
199
407
211
234
211
407
211
236
210
388
217
214
213
410
212
234
211
410
212
242
212
410
212
240
212
410
212
233
211
410
212
238
212
401
186
230
185
389
189
218
187
379
208
206
204
389
193
220
190
423
214
245
215
423
214
250
215
423
214
250
214
423
214
249
214
423
214
254
215
392
196
221
194
392
196
220
193
426
208
253
209
426
208
254
210
426
208
256
210
426
208
254
208
415
205
242
204
415
205
243
207
422
219
246
219
407
206
232
205
407
206
233
204
407
206
231
205
407
206
234
205
407
206
233
206
467
210
288
217
443
215
268
217
436
202
261
204
436
202
262
204
436
202
259
204
436
202
263
204
421
207
246
208
421
207
247
207
421
207
250
207
421
207
253
209
421
207
254
208
404
212
226
210
404
212
234
211
404
212
228
210
404
212
231
211
404
212
229
211
404
212
233
211
390
190
218
188
390
190
218
187
390
190
219
188
440
202
268
205
440
202
267
206
440
202
263
204
441
230
265
232
418
204
245
204
418
204
242
204
418
204
252
204
418
204
250
205
418
215
245
215
418
215
242
215
373
194
203
189
373
194
203
190
373
194
201
189
379
203
206
199
422
216
243
216
422
216
245
217
435
208
263
210
435
208
259
212
435
208
262
211
435
208
257
211
435
208
261
211
435
208
262
209
447
197
267
200
434
193
261
195
434
193
263
195
434
193
261
196
382
210
206
206
420
214
245
215
420
214
250
215
420
214
249
214
428
228
242
227
428
228
257
230
428
228
246
228
431
193
262
194
401
198
230
197
401
198
232
197
401
198
227
196
401
198
233
197
401
198
228
196
401
198
231
197
426
213
255
214
426
213
249
213
426
213
250
214
426
213
253
214
426
213
249
214
426
213
254
215
426
213
252
213
422
226
246
226
422
226
236
226
383
204
210
200
414
212
242
212
414
212
240
212
414
212
243
212
414
212
242
213
414
212
245
212
414
212
238
212
435
192
261
195
435
192
262
194
375
194
203
189
375
194
203
190
446
368
249
366
446
368
249
367
403
188
233
187
403
188
234
188
403
188
232
188
403
188
231
186
411
213
234
211
411
213
242
213
411
213
238
212
444
202
268
206
444
202
268
205
444
202
270
206
444
202
269
206
423
204
245
204
423
204
250
207
423
204
251
206
423
204
252
204
423
204
255
205
423
204
250
205
370
194
198
189
370
194
199
189
370
194
201
189
398
209
230
208
422
208
246
208
422
208
253
209
422
208
244
209
422
208
254
210
422
208
254
208
423
205
247
207
423
205
250
207
423
205
251
206
423
205
255
205
423
205
250
205
406
206
232
205
406
206
233
204
406
206
231
205
406
206
234
205
406
206
233
206
417
226
236
226
374
215
201
211
374
215
200
211
444
230
268
232
442
203
268
206
442
203
268
205
442
203
267
206
442
203
270
206
442
203
269
206
371
194
203
189
371
194
198
189
371
194
199
189
371
194
201
189
447
367
253
366
447
367
249
366
447
367
252
365
447
367
250
364
374
202
202
198
451
179
278
182
431
197
261
197
431
197
261
198
431
197
260
199
396
219
222
216
415
212
242
211
415
212
242
212
415
212
240
212
415
212
243
212
415
212
242
213
415
212
245
212
415
212
238
212
367
207
195
202
377
202
204
198
425
221
245
221
425
221
243
221
403
210
229
209
403
210
230
208
464
205
288
210
464
205
288
211
464
205
287
211
369
198
196
193
427
225
239
224
392
205
225
203
392
205
226
203
394
204
226
203
394
211
219
208
394
211
229
209
394
211
221
208
394
211
224
208
394
211
220
208
421
224
245
224
421
224
239
224
464
206
288
210
464
206
288
211
464
206
287
211
417
221
243
221
433
196
261
197
433
196
261
198
383
203
210
200
417
216
243
216
417
216
245
217
378
195
206
191
378
195
207
191
424
208
253
209
424
208
254
210
424
208
254
208
419
219
246
219
441
191
266
194
430
209
257
211
430
209
254
210
430
209
256
210
448
203
271
206
446
367
249
366
