pano8.jpg
pano9.jpg
285
310
559
331
285
310
559
330
238
278
513
299
261
315
536
334
261
315
534
333
261
315
536
336
280
322
553
343
280
322
554
343
280
322
558
343
280
322
557
343
280
322
555
343
285
327
566
348
285
327
564
348
285
327
563
347
285
327
567
348
285
327
565
348
318
307
588
331
283
309
559
331
283
309
558
330
283
309
558
331
283
309
559
330
217
293
492
315
217
293
485
312
217
293
484
312
217
293
490
315
217
293
491
315
217
293
492
316
244
276
522
297
244
276
522
298
244
276
516
298
244
276
515
298
244
276
519
298
264
285
540
306
264
285
538
305
256
291
534
313
278
308
558
331
273
320
550
341
273
320
549
340
273
320
548
341
281
336
561
360
281
336
559
360
310
297
587
318
262
282
536
301
262
282
537
302
262
282
536
304
262
282
538
305
272
299
545
319
283
337
561
360
283
337
559
360
211
295
482
316
211
295
483
315
211
295
484
315
260
323
535
344
273
325
547
344
273
325
543
345
273
325
544
346
273
325
546
347
273
325
547
345
284
329
565
350
284
329
562
350
284
329
562
352
284
329
564
353
284
329
559
351
284
329
563
352
284
329
564
350
284
329
565
354
216
295
491
318
216
295
485
314
216
295
488
315
216
295
487
315
216
295
489
316
216
295
484
314
216
295
486
316
216
295
492
317
241
275
518
296
241
275
517
296
241
275
519
298
306
308
584
330
245
324
519
345
217
295
485
314
217
295
488
315
217
295
490
315
217
295
492
316
217
295
487
315
217
295
489
316
217
295
484
314
217
295
492
317
247
278
522
298
247
278
523
300
247
278
524
299
247
278
525
299
247
278
522
300
247
278
523
299
214
292
485
312
214
292
484
312
214
292
483
311
247
312
519
332
278
321
555
343
210
293
483
315
210
293
483
314
210
293
484
315
210
293
484
314
210
293
483
313
210
293
481
313
300
308
578
331
300
308
578
330
300
308
579
330
300
308
580
329
282
337
559
360
270
293
546
313
270
293
546
312
270
293
545
312
270
293
543
313
270
293
543
312
271
301
546
321
271
301
545
321
282
308
559
331
282
308
558
330
282
308
558
331
282
308
559
330
276
327
550
346
276
327
546
347
281
320
555
341
281
320
557
342
285
337
567
360
285
337
561
360
285
337
559
360
286
327
566
348
286
327
568
350
286
327
564
348
286
327
563
347
286
327
567
348
286
327
565
348
316
347
607
373
215
293
485
314
215
293
488
315
215
293
485
312
215
293
484
312
215
293
490
315
215
293
487
315
212
291
485
312
212
291
484
312
212
291
483
311
215
291
484
310
215
291
483
310
215
291
483
311
239
282
512
304
283
308
559
331
283
308
558
330
283
308
558
329
283
308
559
330
256
279
534
302
256
279
532
303
256
279
531
299
256
279
531
298
256
279
532
299
273
328
543
345
273
328
544
346
273
328
546
347
273
328
542
347
210
292
483
314
210
292
484
314
210
292
483
313
210
292
481
313
249
277
522
297
249
277
522
298
249
277
523
300
249
277
524
299
249
277
525
299
249
277
524
297
249
277
527
298
249
277
522
300
249
277
523
299
256
284
530
305
269
292
545
312
269
292
543
312
269
292
544
310
286
325
563
347
246
275
522
297
246
275
522
298
246
275
518
296
246
275
524
297
246
275
523
296
273
323
545
342
273
323
547
344
273
323
549
344
273
323
548
342
286
335
561
360
286
335
565
359
286
335
563
358
286
335
565
357
299
307
578
331
299
307
578
330
299
307
576
330
299
307
579
330
299
307
575
326
299
307
576
329
282
321
557
342
282
321
558
343
282
321
557
343
282
321
559
342
286
324
559
345
211
290
483
310
211
290
484
312
211
290
483
311
211
290
481
309
257
323
528
345
247
279
523
300
247
279
520
301
247
279
522
300
271
293
546
313
271
293
546
312
271
293
545
312
271
293
543
312
262
295
539
315
262
295
535
314
262
295
538
316
262
295
537
315
275
323
549
344
275
323
548
342
210
289
483
310
210
289
481
309
285
322
559
342
278
327
550
346
278
327
556
347
280
323
555
344
280
323
557
343
280
323
556
344
280
323
555
343
211
291
484
312
211
291
483
311
301
308
578
331
301
308
578
330
301
308
581
330
301
308
579
330
301
308
580
329
283
334
561
358
283
334
560
357
283
334
561
360
283
334
561
357
283
334
563
358
283
334
565
357
248
280
523
300
248
280
520
301
248
280
522
300
272
320
550
341
272
320
549
340
272
320
548
341
272
320
548
342
267
293
541
313
267
293
540
312
267
293
543
313
267
293
543
312
252
277
524
299
252
277
525
299
252
277
528
298
252
277
527
298
304
308
581
330
304
308
584
330
304
308
582
330
304
308
580
329
286
330
564
353
286
330
563
352
286
330
565
354
244
279
520
301
259
284
536
304
269
293
545
312
269
293
543
313
269
293
543
312
270
319
548
341
279
322
553
343
279
322
554
343
279
322
557
343
279
322
555
343
244
320
518
341
244
320
518
340
244
277
522
298
244
277
522
300
244
277
516
298
244
277
519
298
272
307
548
328
279
323
553
343
279
323
555
344
279
323
554
343
279
323
556
344
279
323
555
343
219
294
492
315
219
294
485
312
219
294
490
315
219
294
491
315
219
294
492
316
286
332
561
358
286
332
563
356
286
332
561
357
286
332
566
356
286
332
563
358
286
332
565
354
286
332
565
357
283
310
558
331
259
279
534
300
259
279
536
301
259
279
534
302
259
279
535
300
259
279
534
299
259
279
535
298
259
279
531
299
259
279
531
298
259
279
536
300
259
279
532
299
268
293
541
313
268
293
545
312
268
293
540
312
268
293
543
313
268
293
543
312
285
314
559
336
208
294
482
316
208
294
480
315
208
294
478
314
270
299
545
319
211
294
483
315
211
294
483
314
211
294
485
316
211
294
484
315
211
294
481
313
251
275
529
295
251
275
528
298
251
275
524
297
251
275
527
298
317
347
607
373
213
293
485
314
213
293
487
315
213
293
484
314
213
293
483
313
262
299
538
319
259
282
534
300
259
282
534
302
259
282
532
303
259
282
536
304
254
279
528
298
254
279
527
298
254
279
531
299
254
279
531
298
254
279
532
299
270
289
546
309
261
313
536
334
261
313
534
333
261
313
536
336
280
310
554
332
280
310
557
333
284
335
561
358
284
335
561
360
284
335
565
359
284
335
563
358
284
335
559
360
256
278
534
300
256
278
535
300
256
278
528
298
256
278
532
303
256
278
531
299
256
278
531
298
256
278
532
299
210
290
484
312
210
290
483
311
277
324
551
345
277
324
554
345
277
324
556
345
277
324
554
346
277
324
553
346
277
324
555
345
277
324
549
344
267
296
539
315
267
296
539
314
254
278
525
299
254
278
528
298
254
278
527
298
254
278
531
299
254
278
531
298
254
278
532
299
272
291
546
309
272
291
548
311
272
291
546
311
272
291
548
310
272
291
544
310
285
324
559
345
286
321
559
342
272
293
548
313
272
293
549
313
272
293
546
313
272
293
546
312
272
293
545
312
249
280
523
300
249
280
522
300
260
317
531
338
214
289
483
309
211
289
484
310
211
289
483
309
211
289
483
310
211
289
481
309
281
313
558
335
281
313
556
335
265
296
539
315
265
296
542
317
269
291
545
312
269
291
544
310
262
285
540
306
262
285
538
305
270
300
545
319
270
300
546
321
282
315
557
337
282
315
556
336
282
315
558
337
283
323
559
345
283
323
558
345
283
323
558
343
279
320
555
341
273
301
546
321
273
301
545
321
285
308
558
329
285
308
559
330
261
284
536
304
261
284
538
305
243
273
515
294
243
273
518
294
243
273
517
296
243
273
514
295
286
328
566
348
286
328
565
350
286
328
568
350
286
328
564
348
286
328
565
348
286
328
564
350
236
273
514
295
282
314
559
336
282
314
556
335
282
314
558
337
280
320
555
341
280
320
557
342
282
334
561
358
282
334
560
357
282
334
561
360
282
334
561
357
282
334
563
358
282
334
559
360
220
292
490
312
245
275
522
297
245
275
522
298
245
275
518
296
245
275
517
296
245
275
519
298
245
275
523
296
273
324
547
344
273
324
549
344
273
324
547
345
281
311
557
333
272
300
545
319
277
323
554
345
277
323
553
343
277
323
555
344
277
323
554
343
277
323
556
344
277
323
555
343
260
319
533
340
260
319
535
340
260
319
531
340
284
332
561
358
284
332
563
356
284
332
560
357
284
332
561
357
284
332
566
356
284
332
562
355
284
332
563
358
284
332
565
354
284
332
565
357
309
298
586
319
257
279
534
300
257
279
534
302
257
279
532
303
257
279
531
299
257
279
531
298
257
279
532
299
260
280
534
300
260
280
536
301
260
280
534
302
260
280
535
300
260
280
537
302
260
280
534
299
260
280
536
304
260
280
536
300
268
291
543
312
268
291
544
310
284
320
559
340
284
320
559
341
281
321
555
341
281
321
557
342
281
321
557
343
254
286
527
306
212
294
483
315
212
294
483
314
212
294
485
316
212
294
484
315
212
294
484
314
212
294
486
316
212
294
483
313
265
294
541
313
265
294
539
314
265
294
543
314
267
292
543
313
267
292
543
312
273
291
548
311
273
291
546
311
273
291
548
310
210
294
483
315
210
294
481
313
281
315
557
337
281
315
556
336
278
324
551
345
278
324
554
345
278
324
555
344
278
324
558
345
278
324
556
345
278
324
554
346
278
324
556
344
278
324
555
345
282
320
559
341
284
309
559
331
284
309
558
330
284
309
559
330
282
336
561
360
282
336
559
360
244
319
518
341
244
319
518
340
275
327
544
346
275
327
546
347
242
323
516
343
275
324
551
345
275
324
549
344
270
301
546
321
270
301
545
321
270
292
546
311
270
292
546
312
270
292
545
312
270
292
543
312
270
292
544
310
270
291
546
311
270
291
546
312
270
291
545
312
270
291
544
310
268
299
545
319
268
299
541
319
280
314
556
336
274
328
546
347
264
320
538
343
264
320
535
340
273
326
547
344
273
326
542
345
273
326
543
345
273
326
544
346
273
326
546
347
273
326
547
345
264
286
540
308
263
297
538
316
274
320
550
341
274
320
549
340
257
277
534
300
257
277
535
300
257
277
534
299
257
277
535
298
257
277
531
299
257
277
532
295
257
277
531
298
257
277
532
299
279
321
555
341
274
293
548
313
274
293
549
313
274
293
550
313
274
293
551
312
263
293
539
314
285
330
562
352
285
330
564
353
285
330
563
352
285
330
564
350
285
330
563
353
285
330
565
354
252
278
524
299
252
278
525
299
252
278
528
298
252
278
527
298
277
335
559
360
215
288
486
308
215
288
487
308
215
288
487
309
283
318
559
340
282
329
565
350
282
329
562
350
282
329
559
351
282
329
563
352
282
329
564
350
