Test1027.jpg
Test1028_3.jpg
226
194
255
241
224
192
252
241
226
196
256
243
226
196
259
243
292
266
346
247
225
194
254
242
225
194
256
243
225
194
255
241
225
194
255
243
225
196
256
243
225
196
259
243
225
196
255
243
290
266
346
247
223
193
252
241
100
126
124
274
229
193
260
240
223
197
255
243
104
126
126
272
228
196
257
240
228
196
260
240
228
196
259
243
231
193
258
237
230
195
258
239
230
195
260
240
231
199
260
240
230
197
260
240
231
195
258
239
265
100
213
142
292
263
346
243
226
198
259
243
228
194
257
240
228
194
258
239
228
194
260
240
225
192
255
241
228
198
259
243
231
197
260
240
