Test1500.jpg
Test1501_sm_2.jpg
61
208
120
202
61
208
123
201
61
208
123
202
62
208
123
201
62
208
124
202
62
208
123
202
65
208
124
204
65
207
124
202
148
193
196
188
148
193
196
189
146
194
194
189
258
293
293
278
272
284
311
269
272
283
304
268
273
284
312
269
273
284
311
269
274
284
312
269
274
284
311
269
281
286
309
271
280
286
309
271
288
140
320
143
289
288
317
272
289
288
318
273
289
288
319
273
286
287
312
272
286
287
313
272
286
287
317
272
305
305
331
288
364
231
388
225
364
231
388
224
364
233
388
225
364
233
390
225
366
227
389
220
366
232
388
225
366
232
390
225
366
232
391
225
366
232
393
225
366
232
392
226
366
232
391
226
371
232
392
226
372
231
393
226
370
233
391
227
368
234
390
228
390
196
413
192
392
196
415
192
393
265
413
255
392
266
412
256
394
177
416
174
394
177
415
175
396
181
417
179
396
181
417
178
397
178
418
176
395
178
416
175
397
181
417
179
397
181
418
179
396
182
417
179
396
182
418
179
397
183
418
181
397
196
420
191
396
198
418
192
396
198
419
193
397
262
417
252
400
176
420
174
401
176
422
174
408
231
427
226
408
233
427
226
408
233
427
227
410
232
428
227
410
234
427
227
410
234
428
227
425
188
445
185
426
188
445
185
432
186
449
183
465
272
478
263
466
252
484
243
467
252
484
243
477
260
488
252
477
260
489
252
477
260
490
252
477
260
492
252
480
261
492
252
480
261
493
252
476
260
488
252
476
260
489
252
476
260
490
252
478
261
489
252
478
261
490
252
478
261
492
252
478
261
490
253
478
261
493
252
480
273
494
264
481
272
493
263
481
272
494
263
484
260
497
252
484
260
502
251
482
260
493
252
482
260
497
252
483
272
496
263
482
272
493
263
482
272
494
263
482
272
496
263
487
260
502
251
486
272
497
262
488
272
498
262
488
271
500
262
486
271
498
262
493
173
508
172
500
225
516
219
505
220
521
214
505
220
521
215
509
200
523
197
509
199
523
197
509
199
523
196
509
199
524
196
507
200
521
197
508
199
521
197
508
199
523
196
506
200
521
197
509
207
524
204
509
207
525
204
506
218
523
213
510
194
524
191
511
194
525
191
512
194
525
191
510
208
524
204
510
208
525
204
510
208
523
205
510
208
524
205
510
208
524
206
510
208
525
206
511
209
524
207
511
209
524
206
511
209
525
206
511
207
524
204
511
207
525
204
511
207
524
205
512
206
525
204
510
211
524
208
511
210
524
208
514
192
527
190
514
192
528
189
515
194
528
191
528
209
541
205
528
209
541
206
529
216
541
213
529
216
542
211
529
216
542
212
529
217
541
213
529
217
541
214
529
217
542
211
529
217
542
212
528
218
540
213
528
218
541
213
528
218
540
215
528
220
540
215
526
218
538
213
526
218
538
215
526
218
538
214
526
222
538
217
527
223
539
218
531
211
544
206
531
216
543
212
530
216
542
211
530
216
542
212
530
216
543
212
530
215
542
211
530
215
542
212
533
214
545
211
533
214
546
209
533
214
546
210
532
216
545
211
532
216
545
212
533
215
545
211
533
215
546
209
533
215
546
210
530
217
541
215
530
217
542
212
530
217
543
212
532
220
544
216
532
220
543
218
531
219
542
217
531
219
543
216
543
195
556
191
542
274
554
265
543
274
554
265
548
191
560
188
550
257
562
249
550
257
563
249
551
257
563
249
554
256
566
248
554
256
566
249
554
256
566
250
554
254
566
246
554
254
566
247
554
254
566
248
554
255
566
247
554
255
566
248
554
255
566
249
554
258
566
250
554
258
566
251
554
259
566
251
559
189
569
187
558
251
569
245
