S35_01.png
S35_02.png
329
117
220
88
326
134
220
107
332
117
222
88
332
117
222
89
330
117
220
88
331
117
222
88
333
115
222
86
333
117
222
88
333
117
222
89
333
117
224
88
332
137
227
110
333
138
227
110
333
138
227
111
333
139
227
111
329
161
228
135
329
161
230
135
333
153
231
124
333
153
234
127
336
152
231
124
336
152
234
127
337
156
234
127
335
155
234
127
334
154
234
127
335
165
233
136
338
132
231
105
340
141
232
110
340
141
234
111
340
141
237
112
340
141
236
111
340
141
235
111
340
141
238
112
338
140
232
110
338
140
234
111
338
140
235
111
338
157
234
127
340
161
237
134
341
160
238
133
340
160
237
134
340
160
238
133
340
159
238
133
339
160
237
134
339
161
237
134
341
161
237
134
341
161
238
133
341
162
237
134
341
162
238
133
338
165
236
137
338
163
236
137
339
162
237
134
339
163
237
134
340
168
238
138
340
168
238
139
338
166
236
137
341
167
238
136
340
131
233
102
343
157
240
128
344
160
240
128
344
160
240
129
346
56
273
37
349
137
239
103
349
137
244
105
349
137
243
109
349
137
244
107
349
137
244
106
348
140
243
109
348
140
244
107
348
140
244
106
349
138
242
104
349
138
244
105
349
138
243
109
349
138
244
107
349
138
245
107
349
138
244
106
348
145
241
113
348
145
244
114
348
145
244
115
348
145
244
118
347
144
241
113
349
145
244
114
349
145
245
114
349
145
244
115
347
146
241
113
349
151
244
118
349
151
243
119
349
151
246
119
346
151
243
119
346
151
243
120
346
151
242
122
348
150
244
115
348
150
244
118
348
150
243
119
348
150
243
120
348
155
243
120
348
155
243
123
348
155
242
122
349
155
243
120
349
155
243
123
349
155
242
122
348
156
243
123
348
156
242
122
348
156
242
126
349
156
243
123
349
156
242
122
348
157
243
123
348
157
242
122
348
157
242
126
347
158
242
126
346
158
242
126
346
159
243
128
346
159
242
126
348
158
243
128
348
158
242
126
352
59
234
27
352
59
235
27
352
84
239
51
352
85
236
52
352
85
239
53
350
84
236
52
350
136
239
103
350
136
242
104
350
136
244
105
350
136
244
107
350
136
244
106
351
137
242
104
351
137
244
105
351
137
243
109
351
137
244
107
351
137
245
107
351
137
244
106
353
136
247
104
350
137
242
104
350
137
244
105
350
137
243
109
350
137
244
107
350
137
245
107
350
137
244
106
351
136
242
104
351
136
244
105
351
136
244
107
351
136
244
106
353
137
247
104
350
138
242
104
350
138
244
105
350
138
243
109
350
138
244
107
350
138
245
107
350
138
244
106
350
145
244
114
350
145
245
114
350
145
246
115
350
145
246
114
352
147
248
116
352
146
248
116
352
146
247
114
351
146
246
115
351
146
247
114
351
146
246
114
352
152
248
120
352
152
248
119
352
152
249
120
352
152
247
119
350
150
246
119
350
152
244
118
350
152
247
120
350
152
246
119
350
152
247
119
351
151
248
120
351
151
248
119
351
151
247
120
351
151
246
119
351
151
247
119
353
152
248
120
353
152
248
119
353
152
249
120
353
157
247
125
353
157
247
126
350
154
247
124
350
154
247
123
353
193
259
162
356
60
234
27
356
60
236
27
356
60
237
27
356
60
235
27
356
60
240
28
354
60
234
27
354
60
237
28
354
60
235
27
354
60
238
28
357
61
234
27
357
61
237
28
357
61
236
27
357
61
237
27
357
61
235
27
357
61
238
28
357
61
239
28
357
61
240
28
357
61
242
29
357
62
237
28
357
62
242
29
357
62
242
30
357
62
244
30
354
137
247
104
356
149
252
116
357
151
253
119
357
152
253
119
355
152
251
120
356
152
252
120
354
153
249
120
354
153
250
121
355
153
251
120
355
153
251
121
356
154
252
121
356
154
251
120
356
154
253
122
357
154
253
121
357
154
253
122
355
155
250
121
354
154
249
120
354
154
250
121
354
155
250
121
355
154
250
121
355
154
251
121
356
155
251
121
356
155
252
123
353
177
256
146
358
63
242
30
358
63
244
30
358
63
248
31
358
63
247
31
358
63
249
31
358
63
246
31
358
62
234
27
358
62
237
28
358
62
235
27
358
62
238
28
358
62
242
29
358
62
242
30
358
62
244
30
358
62
286
43
359
63
237
28
359
63
242
29
359
63
242
30
359
63
244
30
359
63
248
31
359
63
247
31
359
63
249
31
359
63
246
31
361
64
242
29
361
64
242
30
361
64
244
30
361
64
248
31
361
64
248
32
361
64
249
32
361
64
247
31
361
64
249
31
361
64
246
31
361
64
308
51
361
64
306
51
361
89
245
54
361
89
247
55
361
89
250
56
359
88
245
54
359
88
247
55
356
180
260
148
360
180
264
148
363
64
237
28
363
64
238
28
363
64
239
28
363
64
242
29
363
64
242
30
363
64
244
30
363
64
248
31
363
64
248
32
363
64
249
32
363
64
247
31
363
64
249
31
363
64
246
31
363
64
305
50
363
64
308
50
363
64
306
51
363
64
306
50
363
65
242
30
363
65
244
30
363
65
248
31
363
65
248
32
363
65
249
32
363
65
247
31
363
65
249
31
363
65
246
31
363
65
252
33
363
65
306
51
364
65
242
30
364
65
244
30
364
65
248
31
364
65
248
32
364
65
249
32
364
65
247
31
364
65
249
31
364
65
246
31
364
65
252
32
364
65
252
33
364
65
265
37
364
65
266
37
364
65
305
50
364
65
306
51
365
66
242
30
365
66
244
30
365
66
248
31
365
66
248
32
365
66
249
32
365
66
247
31
365
66
249
31
365
66
246
31
365
66
252
33
365
66
265
37
365
66
266
37
365
66
306
51
364
90
250
56
364
90
258
58
362
172
264
139
363
177
265
145
363
177
264
146
364
178
266
146
362
178
264
146
367
66
244
30
367
66
248
31
367
66
248
32
367
66
249
32
367
66
247
31
367
66
249
31
367
66
246
31
367
66
252
32
367
66
252
33
367
66
254
33
367
66
265
37
367
66
264
36
367
66
268
37
367
66
266
37
369
68
248
31
369
68
248
32
369
68
249
32
369
68
247
31
369
68
249
31
369
68
246
31
369
68
252
32
369
68
252
33
369
68
254
33
369
68
256
34
369
68
265
37
369
68
266
37
367
67
244
30
367
67
248
31
367
67
248
32
367
67
249
32
367
67
247
31
367
67
249
31
367
67
246
31
367
67
252
32
367
67
252
33
367
67
265
37
366
66
242
30
366
66
244
30
366
66
248
31
366
66
248
32
366
66
249
32
366
66
247
31
366
66
249
31
366
66
246
31
366
66
252
32
366
66
252
33
366
66
254
33
366
66
265
37
366
66
263
36
366
66
262
36
366
66
266
37
366
66
306
51
368
67
248
31
368
67
248
32
368
67
249
32
368
67
247
31
368
67
249
31
368
67
246
31
368
67
252
32
368
67
252
33
368
67
254
33
368
67
256
34
368
67
258
35
368
67
265
37
368
67
266
37
369
93
252
57
369
93
250
56
369
93
255
58
369
93
258
59
369
93
258
58
368
95
254
60
367
157
265
124
367
157
266
123
367
157
267
123
367
157
266
124
369
157
267
124
369
157
269
123
369
157
267
125
369
155
267
123
369
155
268
122
365
157
265
124
368
157
267
124
368
157
267
123
368
157
266
125
368
157
266
124
368
180
272
148
368
180
273
149
368
180
272
149
368
180
273
148
368
181
273
149
368
181
272
149
369
180
272
148
369
180
273
149
369
180
273
148
372
69
248
31
372
69
248
32
372
69
249
32
372
69
247
31
372
69
249
31
372
69
252
32
372
69
252
33
372
69
254
33
372
69
257
34
372
69
256
34
372
69
259
35
372
69
258
35
372
69
265
37
372
69
263
36
372
69
262
36
373
69
248
31
373
69
249
31
373
69
252
32
373
69
252
33
373
69
254
33
373
69
257
34
373
69
256
34
373
69
261
35
373
69
259
35
373
69
258
35
373
69
265
37
373
69
263
36
373
69
262
36
373
69
264
36
370
68
248
31
370
68
249
32
370
68
247
31
370
68
249
31
370
68
252
32
370
68
252
33
370
68
254
33
370
68
257
34
370
68
256
34
370
68
259
35
370
68
258
35
370
68
265
37
370
68
263
36
370
68
262
36
370
68
266
37
371
69
248
31
371
69
248
32
371
69
249
32
371
69
247
31
371
69
249
31
371
69
246
31
371
69
252
32
371
69
252
33
371
69
254
33
371
69
256
34
371
69
258
35
371
69
265
37
368
71
245
34
368
71
250
36
373
70
248
32
373
70
249
32
373
70
247
31
373
70
246
31
373
70
252
32
373
70
252
33
373
70
254
33
373
70
257
34
373
70
256
34
373
70
259
35
373
70
258
35
373
70
262
36
370
72
250
36
370
72
260
39
372
90
257
55
371
94
255
58
371
94
258
59
371
94
258
58
373
104
260
68
372
103
259
68
372
103
260
68
371
104
259
68
371
104
260
68
371
181
272
148
371
181
273
148
371
182
273
149
377
71
249
32
377
71
252
32
377
71
254
33
377
71
257
34
377
71
256
34
377
71
261
35
377
71
259
35
377
71
258
35
377
71
265
37
377
71
263
36
377
71
262
36
377
71
263
35
377
71
264
36
377
71
264
35
377
71
266
37
374
70
248
31
374
70
249
32
374
70
247
31
374
70
252
32
374
70
252
33
374
70
254
33
374
70
257
34
374
70
256
34
374
70
261
35
374
70
259
35
374
70
258
35
374
70
263
36
374
70
262
36
376
71
252
32
376
71
252
33
376
71
254
33
376
71
257
34
376
71
256
34
376
71
261
35
376
71
259
35
376
71
258
35
376
71
265
37
376
71
263
36
376
71
262
36
375
94
261
58
377
96
264
60
377
96
265
61
377
96
263
60
377
96
262
60
377
96
265
60
377
97
265
61
376
96
260
59
376
96
263
60
376
96
262
60
374
95
258
59
374
95
258
58
374
95
260
59
374
95
262
60
375
95
260
59
375
95
263
60
375
95
262
60
374
104
260
68
374
104
263
69
376
104
264
68
376
104
263
69
375
105
264
68
375
105
263
69
376
108
266
71
377
108
266
71
377
108
267
71
374
136
270
101
373
137
270
101
375
136
271
101
375
136
270
101
377
137
273
101
377
137
274
101
381
73
248
31
381
73
248
32
381
73
249
32
381
73
247
31
381
73
249
31
381
73
246
31
381
73
252
32
381
73
254
33
381
73
257
34
381
73
256
34
381
73
261
35
381
73
259
35
381
73
258
35
381
73
265
37
381
73
263
36
381
73
262
36
381
73
264
36
381
73
268
37
381
73
266
37
381
73
266
36
378
72
248
32
378
72
249
32
378
72
254
33
378
72
257
34
378
72
256
34
378
72
261
35
378
72
259
35
378
72
258
35
378
72
265
37
378
72
263
36
378
72
262
36
378
72
264
36
378
72
266
37
380
73
248
32
380
73
249
32
380
73
252
33
380
73
254
33
380
73
256
34
380
73
259
35
380
73
258
35
380
73
265
37
380
73
263
36
380
73
262
36
380
73
264
36
380
73
266
37
379
96
265
60
379
96
268
60
380
98
266
61
381
100
269
64
380
97
266
61
380
97
268
60
381
99
269
64
381
97
268
60
381
101
269
64
378
105
264
68
378
105
267
69
378
105
267
70
378
107
267
69
378
107
267
70
378
107
266
71
378
107
267
71
380
107
267
70
380
107
269
71
380
107
270
72
380
137
274
101
380
135
274
101
378
137
273
101
378
137
274
101
381
176
279
140
381
176
280
141
379
185
280
148
384
68
269
33
384
68
268
31
384
68
267
33
384
68
269
31
384
68
270
32
385
69
269
33
385
69
267
33
385
69
270
32
385
69
270
33
385
69
273
34
384
73
252
32
384
73
261
35
384
73
263
35
384
73
264
36
384
73
264
35
384
73
268
37
384
73
266
37
384
73
269
37
384
73
268
36
384
73
269
36
384
73
266
36
384
73
266
35
383
73
248
31
383
73
249
31
383
73
261
35
383
73
265
37
383
73
263
36
383
73
262
36
383
73
263
35
383
73
264
36
383
73
264
35
383
73
268
37
383
73
266
37
383
73
269
37
383
73
268
36
383
73
266
36
382
73
248
31
382
73
249
32
382
73
247
31
382
73
249
31
382
73
254
33
382
73
261
35
382
73
259
35
382
73
265
37
382
73
263
36
382
73
262
36
382
73
263
35
382
73
264
36
382
73
264
35
382
73
268
37
382
73
266
37
382
73
269
37
382
73
266
36
382
71
264
34
382
71
263
35
382
71
264
35
382
71
266
34
382
71
268
36
382
71
269
36
382
71
268
35
382
71
266
36
382
71
266
35
382
71
273
37
384
70
266
33
384
70
269
33
384
70
267
33
384
70
266
34
384
70
268
35
384
70
272
35
384
70
271
35
384
75
248
31
384
75
248
32
384
75
249
32
384
75
247
31
384
75
249
31
384
75
246
31
384
75
252
32
384
75
252
33
384
75
256
34
384
75
258
35
384
75
265
37
384
75
262
36
384
75
264
36
384
75
266
37
385
75
248
31
385
75
249
32
385
75
249
31
385
75
252
32
385
75
252
33
385
75
254
33
385
75
265
37
385
75
263
36
385
75
262
36
385
75
264
36
385
75
268
37
385
75
266
37
382
74
248
31
382
74
248
32
382
74
249
32
382
74
247
31
382
74
249
31
382
74
246
31
382
74
252
32
382
74
252
33
382
74
254
33
382
74
256
34
382
74
259
35
382
74
258
35
382
74
265
37
382
74
263
36
382
74
262
36
382
74
264
36
382
74
266
37
383
74
248
31
383
74
248
32
383
74
249
32
383
74
247
31
383
74
249
31
383
74
246
31
383
74
252
32
383
74
252
33
383
74
254
33
383
74
259
35
383
74
258
35
383
74
265
37
383
74
263
36
383
74
262
36
383
74
264
36
383
74
268
37
383
74
266
37
385
74
249
31
385
74
252
32
385
74
261
35
385
74
263
35
385
74
264
36
385
74
264
35
385
74
268
37
385
74
266
37
385
74
269
37
385
74
268
36
385
74
266
36
383
108
272
72
383
108
274
73
384
107
272
72
384
107
274
73
384
107
274
71
384
107
274
69
383
109
272
72
383
109
274
73
382
134
277
98
385
189
287
153
385
187
285
151
389
69
269
31
389
69
270
30
389
69
271
31
389
69
270
32
389
69
272
32
386
68
268
31
386
68
269
31
386
68
271
31
386
68
270
32
386
68
272
32
388
69
268
31
388
69
269
31
388
69
271
31
388
69
270
32
388
69
272
32
388
69
273
34
387
68
268
31
387
68
269
31
387
68
270
30
387
68
271
31
387
68
270
32
387
68
272
32
389
72
269
33
389
72
270
33
389
72
273
34
389
72
272
36
389
72
272
35
389
72
271
35
386
72
266
33
386
72
266
34
386
72
268
36
386
72
269
36
386
72
268
35
386
72
272
36
386
72
272
35
386
72
271
35
386
72
273
37
386
72
274
37
389
70
268
31
389
70
269
31
389
70
270
32
389
70
272
32
389
70
270
33
389
70
273
34
386
73
264
34
386
73
266
34
386
73
269
37
386
73
268
36
386
73
269
36
386
73
268
35
386
73
266
35
386
73
272
36
386
73
273
37
386
73
274
37
387
72
266
33
387
72
267
33
387
72
268
35
387
72
272
36
387
72
272
35
387
72
271
35
387
72
273
37
389
71
269
33
389
71
270
32
389
71
270
33
389
71
273
34
389
71
272
35
388
72
269
33
388
72
267
33
388
72
272
36
388
72
272
35
388
72
271
35
387
71
269
33
387
71
267
33
387
71
270
33
387
71
273
34
387
71
272
36
387
71
272
35
387
71
271
35
388
73
266
33
388
73
269
36
388
73
268
35
388
73
272
36
388
73
272
35
388
73
271
35
388
73
273
37
388
73
274
37
386
105
274
69
386
110
275
73
386
110
277
74
387
110
277
74
389
111
280
74
385
114
275
77
386
114
275
77
385
115
275
77
391
68
270
29
391
68
271
30
390
69
270
30
390
69
271
30
390
69
271
31
390
69
272
32
392
69
271
30
391
72
273
34
390
70
269
31
390
70
271
31
390
70
270
32
390
70
272
32
390
73
272
36
390
73
272
35
390
73
271
35
390
73
274
37
391
106
280
68
391
106
280
69
390
113
280
75
390
113
280
74
390
113
281
75
390
113
280
76
393
113
283
75
393
113
282
75
390
114
280
75
390
114
280
76
394
79
277
40
394
79
279
41
397
81
279
41
397
81
281
42
397
81
279
42
397
81
285
43
397
81
283
43
397
81
282
42
392
79
279
42
395
80
277
40
395
80
279
41
395
80
281
42
395
80
279
42
395
80
282
42
393
79
277
40
393
79
279
41
393
79
281
42
393
79
279
42
393
83
277
45
396
105
287
68
394
113
283
75
397
116
287
78
396
114
285
76
396
114
287
76
397
117
287
78
397
115
285
76
397
115
287
76
395
114
285
76
395
115
285
76
398
81
281
42
398
81
279
42
398
81
285
43
398
81
283
43
398
81
282
42
398
81
283
42
398
81
284
42
398
81
286
43
400
81
285
43
400
81
283
43
400
81
285
42
400
81
283
42
400
81
284
42
400
81
286
43
401
83
287
44
401
83
289
45
399
117
287
78
399
116
289
77
399
118
287
78
399
118
289
79
399
118
287
79
398
118
287
78
398
118
289
79
398
118
287
79
396
120
285
81
402
81
285
42
402
81
284
42
402
81
286
43
402
81
288
43
402
83
287
44
402
83
289
45
402
83
288
44
402
83
289
44
402
83
291
45
402
83
290
45
403
82
285
42
403
82
286
43
403
82
289
44
405
113
295
74
404
108
292
69
403
108
292
69
406
110
296
72
406
110
296
71
406
111
296
72
408
110
297
71
407
111
296
72
407
111
297
72
425
94
227
27
591
192
472
125
590
192
472
126
590
192
473
127
591
193
472
126
591
193
473
127
592
193
472
125
592
193
473
127
590
195
470
126
