base1.jpg
base2.jpg
99
185
36
179
103
369
103
376
103
369
102
376
103
369
104
376
102
369
103
376
102
369
102
376
102
369
104
376
104
369
103
376
104
369
104
376
137
184
98
186
165
228
151
233
167
228
132
231
167
228
132
230
167
228
151
233
168
228
132
231
168
228
132
230
168
228
148
232
168
228
151
233
169
230
151
233
167
229
151
233
169
228
132
231
169
228
132
230
169
228
134
229
169
228
135
230
169
228
148
232
169
228
151
233
171
229
132
231
171
229
132
230
171
229
134
229
171
229
135
230
171
229
148
232
171
229
151
233
172
228
136
229
172
228
134
229
172
228
136
230
172
228
135
230
172
228
153
231
172
229
132
230
172
229
134
229
172
229
136
230
172
229
135
230
172
229
148
232
199
228
160
227
197
228
160
227
197
228
159
227
197
228
158
227
196
228
157
227
196
228
160
227
196
228
159
227
196
228
158
227
274
249
215
247
275
249
215
247
275
249
217
248
275
249
214
247
275
249
216
248
275
249
218
247
275
249
219
247
276
249
215
247
276
249
217
248
276
249
214
247
276
249
216
248
276
249
218
247
276
249
219
248
276
249
219
247
276
249
220
248
274
251
215
248
274
251
217
248
274
251
216
248
274
251
217
249
274
251
219
249
272
252
216
249
272
252
217
249
272
252
219
249
272
251
216
248
273
252
216
249
273
252
217
249
273
252
219
249
273
250
215
247
279
247
207
246
279
247
208
246
279
247
215
247
279
247
218
246
279
247
219
245
279
247
223
245
279
247
222
246
281
246
219
245
281
246
223
245
279
248
218
247
279
248
218
246
279
248
219
247
279
248
220
246
279
248
222
246
279
249
217
248
279
249
218
247
279
249
219
248
279
249
219
247
279
249
220
248
279
249
224
247
281
249
219
248
281
249
220
248
281
249
224
247
281
249
224
248
281
249
222
248
281
251
224
249
281
251
223
249
281
251
226
249
281
251
226
250
281
251
224
250
279
252
224
249
279
252
226
249
279
252
224
251
279
252
225
251
279
252
226
250
279
252
224
250
280
252
224
251
280
252
225
251
280
252
226
250
280
252
224
250
278
253
224
251
278
253
226
250
278
253
224
250
280
253
224
251
280
253
225
251
280
253
226
250
280
253
224
250
306
252
258
251
304
253
256
252
339
261
297
260
339
261
307
261
341
261
297
260
348
262
297
260
348
262
303
261
353
263
306
263
350
261
297
260
350
261
303
261
350
261
307
261
350
262
297
260
350
262
303
261
350
262
307
261
358
263
306
263
357
260
310
260
363
260
310
260
364
260
310
260
364
261
307
261
364
261
312
261
364
261
314
261
363
262
307
261
363
262
312
261
364
264
313
265
368
261
310
260
368
261
312
261
368
261
314
261
368
261
317
261
372
260
310
260
371
260
310
260
371
260
312
261
368
262
312
261
368
262
314
263
375
262
317
261
376
264
313
265
376
264
316
264
376
264
314
263
376
264
319
264
374
263
314
263
374
263
319
262
374
260
310
260
376
263
314
263
376
263
319
262
377
265
316
264
377
265
317
265
377
265
316
266
377
265
317
266
381
261
329
261
387
203
339
204
388
261
336
261
388
261
344
262
389
262
333
262
389
262
336
262
389
262
337
261
389
262
337
262
393
207
342
207
391
209
341
209
391
209
345
209
392
209
345
209
393
209
345
209
396
205
344
204
396
205
345
204
396
203
344
204
396
203
345
204
394
204
344
204
394
204
345
204
396
204
344
204
396
204
345
204
394
213
344
212
394
213
344
213
394
213
345
212
396
211
345
211
392
210
345
209
392
210
342
210
396
213
344
213
396
213
345
212
396
213
345
213
394
209
345
209
396
212
344
212
396
212
345
212
396
212
345
211
395
213
344
212
395
213
344
213
395
213
345
212
395
213
345
213
395
209
345
209
392
214
344
213
392
214
345
213
400
265
352
267
400
265
354
268
400
265
357
268
400
265
362
265
400
265
361
267
400
265
360
268
400
264
365
263
400
264
362
265
400
264
361
267
400
264
372
263
412
210
364
210
411
213
361
213
412
208
362
208
413
210
365
210
413
210
364
210
408
213
360
213
410
266
361
267
410
266
360
268
412
264
362
265
412
264
369
264
412
264
372
263
412
264
383
262
414
181
365
182
415
180
365
182
415
180
365
183
412
260
369
260
412
260
366
260
417
263
369
265
417
263
368
263
417
263
369
264
417
263
372
263
417
263
374
263
415
260
364
262
415
260
369
260
415
260
366
260
416
268
364
269
416
268
369
267
416
268
371
267
416
267
364
269
416
267
369
267
416
267
371
267
415
267
364
269
415
267
369
267
415
267
371
267
417
270
364
269
418
178
368
179
418
178
367
180
418
178
367
181
420
178
367
180
420
261
372
263
420
261
377
261
420
261
376
262
420
261
378
261
421
265
369
265
421
265
369
264
421
265
369
267
421
265
371
267
421
265
380
265
421
265
378
264
421
265
378
265
419
267
369
267
422
261
372
263
422
261
374
263
422
261
377
261
422
261
376
262
422
261
378
261
424
264
369
265
424
264
369
264
424
264
374
263
424
264
380
265
424
264
378
264
424
264
378
265
422
269
364
269
422
269
369
267
422
269
371
267
422
269
373
267
422
269
373
270
422
269
380
268
422
269
386
267
422
268
364
269
422
268
369
267
422
268
371
267
422
268
373
267
422
268
380
268
422
268
385
266
424
267
364
269
424
267
369
267
424
267
371
267
424
267
373
267
424
267
380
268
428
264
378
264
428
268
371
267
428
268
373
267
428
268
373
270
428
268
380
268
429
266
380
268
425
270
364
269
425
270
373
270
425
270
380
268
425
270
386
267
426
271
373
270
427
271
373
270
425
271
373
270
430
265
380
265
430
265
378
264
430
265
378
265
432
265
380
265
432
265
378
265
432
266
380
265
432
266
378
265
432
266
380
268
430
269
373
270
430
269
380
268
432
267
380
268
431
268
380
268
431
266
380
265
431
266
378
265
431
266
380
268
432
269
380
268
435
268
380
268
439
266
364
269
439
266
373
270
439
266
386
267
438
267
373
270
438
267
380
268
440
267
373
270
440
267
380
268
448
266
364
269
449
266
364
269
472
268
413
269
472
268
420
270
472
268
425
267
472
268
428
268
471
267
418
267
476
262
425
261
474
266
425
265
479
265
425
265
479
265
429
264
480
267
428
268
479
269
422
270
479
269
428
268
483
217
428
219
485
220
431
221
485
220
432
220
485
219
431
221
485
219
432
220
485
218
432
218
484
225
429
225
485
225
429
225
482
265
425
265
482
265
429
264
482
265
426
266
482
267
428
268
486
263
429
264
489
265
434
266
488
266
428
268
488
266
431
268
488
266
435
267
488
266
434
266
488
266
436
267
489
266
431
268
489
266
435
267
489
266
434
266
489
266
436
267
489
268
432
268
489
268
435
267
489
268
436
267
489
268
436
268
488
269
436
268
488
268
431
268
489
267
428
268
489
267
431
268
489
267
432
268
489
267
435
267
489
267
434
266
489
267
436
267
489
267
436
268
487
268
428
268
487
268
431
268
503
221
449
220
517
264
460
262
516
268
456
266
518
264
460
262
518
268
463
266
521
269
460
269
521
269
463
269
521
269
468
267
524
264
469
264
522
266
463
266
522
266
469
265
528
264
469
264
528
264
472
264
530
267
472
267
530
267
473
268
531
267
472
267
531
267
473
268
544
273
490
274
545
274
490
274
581
233
519
233
581
233
520
233
579
231
515
231
578
277
530
276
584
278
531
276
584
278
532
276
584
278
530
276
589
233
526
232
589
232
524
231
596
232
535
231
596
232
536
231
595
232
536
231
595
233
537
232
595
233
536
232
597
233
537
232
597
233
536
232
593
231
525
230
599
233
537
232
599
233
536
232
600
233
537
232
600
233
536
232
