image_2944.jpg
image_2943.jpg
270
362
273
310
270
362
277
308
270
362
275
309
269
361
278
307
277
362
278
309
286
360
290
306
280
360
283
307
281
361
286
307
281
361
287
307
281
361
288
306
144
94
184
58
144
94
185
57
276
362
273
310
276
362
275
309
276
362
278
309
270
363
273
310
270
363
275
309
271
361
277
308
271
361
269
310
271
361
278
307
277
359
284
305
277
359
284
304
277
359
279
306
282
360
288
306
144
95
184
58
144
95
185
57
143
94
183
58
143
94
184
58
143
94
182
57
275
361
273
310
275
361
277
308
275
361
275
309
275
361
278
307
270
361
278
307
280
361
283
307
280
361
278
309
273
360
278
307
273
360
279
306
275
360
277
308
275
360
278
307
275
360
279
306
273
361
277
308
273
361
275
309
273
361
278
307
273
361
279
306
141
80
185
49
274
362
273
310
274
362
277
308
274
362
275
309
274
362
278
309
275
362
273
310
275
362
277
308
275
362
275
309
275
362
278
309
271
363
273
310
269
363
273
310
269
363
275
309
273
363
273
310
273
363
278
309
282
361
288
307
282
361
287
307
145
94
186
53
145
94
188
53
145
94
185
55
145
94
185
57
146
94
188
53
146
94
185
57
278
360
284
305
278
360
277
308
278
360
283
307
278
360
275
309
278
360
278
307
278
360
279
306
277
360
284
305
277
360
277
308
277
360
278
307
277
360
279
306
143
88
186
48
143
88
186
47
143
88
188
47
143
88
187
47
145
95
186
53
145
95
188
53
145
95
185
55
145
95
185
57
278
361
277
308
278
361
283
307
278
361
275
309
278
361
278
307
278
361
278
309
143
93
183
58
143
93
184
58
269
362
275
309
146
92
188
53
283
361
288
307
283
361
289
307
274
359
279
306
143
89
186
47
146
95
188
53
146
95
185
57
279
360
284
305
279
360
277
308
279
360
283
307
279
360
275
309
279
360
278
307
