Test1500.jpg
Test1501_sm_6.jpg
109
196
197
184
106
199
197
184
153
189
221
176
153
189
219
176
153
189
221
178
153
189
220
178
153
197
219
179
153
197
223
183
153
197
224
185
153
197
226
185
153
194
214
178
153
194
215
178
153
194
216
177
153
194
219
179
153
194
221
178
153
194
220
178
153
194
226
180
154
189
221
176
154
189
219
176
154
189
221
178
154
189
220
178
154
189
220
173
154
189
220
174
154
189
226
180
154
189
227
181
160
195
219
176
160
195
226
180
160
195
227
181
160
195
229
183
160
195
226
184
160
195
229
184
160
195
226
185
195
299
256
252
196
299
256
252
196
299
259
252
286
287
325
246
286
287
324
247
286
287
324
246
533
273
492
248
