42_42_l.jpg
42_42_r.jpg
277
389
357
402
277
389
359
402
279
389
357
402
279
389
359
402
279
389
362
402
281
389
357
402
281
389
359
402
281
389
362
402
288
389
366
402
284
389
357
402
284
389
359
402
284
389
362
402
284
389
363
402
284
389
366
402
304
397
373
408
309
397
373
408
309
397
374
409
309
397
376
408
306
397
373
408
309
396
373
408
309
396
376
407
313
396
373
408
313
396
376
407
313
396
384
408
313
396
383
408
310
397
373
408
310
397
374
409
310
397
376
408
315
397
373
408
315
397
374
409
317
396
373
408
317
396
376
407
317
396
384
408
317
396
383
408
319
202
186
205
318
203
186
205
318
203
187
205
318
396
373
408
318
396
384
408
318
396
383
408
328
201
196
205
329
202
196
205
334
396
409
409
337
396
409
409
337
396
405
408
337
396
414
409
335
396
409
409
335
396
405
408
335
395
409
409
335
395
405
408
335
395
408
408
339
395
414
409
339
397
409
409
338
396
409
409
338
396
408
408
338
396
414
409
343
391
428
403
343
391
431
403
344
396
414
409
345
397
409
409
345
397
414
409
348
396
414
409
348
396
423
408
347
396
414
409
347
396
423
408
351
392
428
403
352
400
415
412
352
400
414
413
352
400
418
412
353
401
412
413
353
401
415
412
353
401
414
413
353
401
418
412
353
401
423
413
355
402
414
413
355
402
415
414
355
402
423
413
355
403
415
414
355
403
417
415
356
401
418
412
356
401
423
413
356
401
429
412
355
400
415
412
355
400
418
412
355
400
427
411
352
403
413
415
352
403
415
414
352
403
417
415
354
400
415
412
354
400
418
412
357
404
417
415
360
401
423
413
360
401
429
412
360
399
430
410
360
399
435
410
360
403
210
412
366
197
233
206
366
197
234
205
368
400
219
409
373
220
244
226
373
220
244
228
373
221
244
228
373
221
243
228
373
233
243
239
375
205
247
214
375
205
246
214
376
205
247
214
376
205
246
214
376
206
247
214
376
206
246
214
374
217
246
225
376
217
246
225
377
218
246
225
385
220
259
229
383
228
253
236
383
228
253
235
384
227
254
235
384
227
255
236
384
228
254
235
384
228
253
235
384
228
255
236
384
233
253
239
384
235
253
242
384
408
244
417
382
407
238
415
382
409
237
417
382
409
239
417
387
196
261
205
389
195
261
205
388
195
261
205
389
196
261
205
389
234
259
241
389
393
416
403
389
393
415
404
389
393
415
403
389
394
415
404
387
409
244
417
386
416
247
426
392
205
262
214
392
205
263
214
393
204
261
214
393
204
263
213
393
204
262
214
393
204
263
214
392
204
261
214
392
204
262
213
392
204
263
213
392
204
262
214
392
204
263
214
392
216
263
225
392
216
262
225
390
216
262
225
391
216
263
225
391
216
262
225
393
216
263
225
393
216
262
225
390
220
259
226
390
220
259
228
390
219
259
226
390
219
263
225
390
219
262
225
392
254
261
262
393
393
246
401
393
394
246
402
393
394
250
402
393
394
251
402
393
397
249
405
393
397
247
405
393
397
252
405
393
397
253
405
392
399
246
407
390
403
415
414
394
254
261
262
397
393
246
401
397
393
251
402
394
393
246
401
395
404
248
412
395
404
251
413
395
404
255
412
395
404
257
412
395
405
248
412
395
405
251
413
395
408
258
416
394
414
249
421
398
397
249
405
398
397
247
405
398
397
252
405
398
397
253
405
398
397
257
405
400
395
250
403
399
394
246
402
399
394
250
402
399
394
251
402
399
394
256
402
398
393
246
401
398
393
250
402
398
393
251
402
399
397
249
405
399
397
252
405
399
397
253
405
399
397
257
405
399
404
255
412
399
404
257
412
402
244
268
252
403
320
257
328
403
320
258
328
403
320
259
328
405
393
261
401
405
393
263
400
404
397
261
405
404
397
259
405
404
397
257
405
405
397
261
405
405
397
257
405
405
397
266
405
403
405
257
412
403
405
260
413
403
405
259
413
402
408
258
416
408
215
276
225
404
247
269
254
406
392
261
400
406
397
261
405
406
397
266
405
408
420
259
427
411
216
277
225
411
216
279
225
410
215
276
225
410
215
277
225
411
215
276
225
411
215
277
225
411
215
279
225
413
229
281
239
412
253
278
262
411
393
271
400
410
397
268
405
410
397
266
405
410
409
265
417
411
407
266
415
409
405
264
413
409
405
269
411
412
421
268
428
413
422
269
429
415
393
271
400
415
393
276
401
414
393
271
400
414
393
271
401
414
392
271
400
414
407
269
415
414
407
270
415
415
407
270
415
417
404
273
412
414
420
268
428
414
420
269
427
417
422
269
429
418
229
286
241
418
231
286
241
421
231
288
239
421
231
286
239
421
393
280
401
421
393
280
400
419
397
275
405
418
422
269
429
425
217
293
228
425
216
293
225
425
216
293
228
425
228
293
239
425
231
292
239
425
242
292
252
422
399
278
407
422
399
280
407
421
400
278
407
421
400
280
407
421
400
277
408
423
399
280
407
420
399
278
407
420
399
280
407
420
399
276
407
425
400
285
408
425
401
285
408
425
401
283
409
425
401
285
409
425
401
286
409
425
411
279
418
423
421
274
428
423
421
278
428
425
420
279
427
426
387
282
394
424
386
282
394
424
387
282
394
428
401
285
408
428
401
283
409
428
401
285
409
428
401
286
409
426
400
285
408
429
401
285
408
429
401
285
409
429
416
283
424
428
423
282
431
431
408
287
417
431
408
284
416
431
408
285
416
433
409
287
417
433
409
284
416
433
409
285
416
431
417
283
424
431
415
285
422
430
418
284
426
436
392
289
400
435
394
290
401
434
394
289
400
434
394
290
401
436
393
289
400
436
393
290
401
436
409
289
416
436
409
290
416
440
395
292
401
439
394
290
401
439
394
291
401
439
394
292
401
441
394
290
401
441
394
291
401
441
394
292
401
440
401
291
409
441
417
294
424
440
424
293
431
443
394
291
401
443
394
299
402
445
395
299
402
444
394
292
401
444
394
299
402
444
393
301
400
444
393
299
400
440
403
291
409
444
404
299
411
444
404
299
412
445
405
299
411
445
405
299
412
443
420
296
427
446
393
299
400
447
405
299
411
447
405
299
412
447
405
301
412
446
404
299
411
446
404
299
412
449
412
299
417
447
422
298
428
448
422
298
428
452
263
315
273
450
405
299
411
450
405
299
412
450
405
301
412
450
405
304
413
450
405
304
412
455
251
320
262
457
251
320
262
456
251
320
262
456
250
320
262
454
263
315
273
454
263
318
274
456
264
319
274
456
264
318
275
456
264
320
274
456
264
318
274
457
265
317
276
457
265
319
274
457
265
318
275
457
265
320
274
457
265
318
274
457
265
318
276
455
266
317
276
455
266
318
275
455
266
318
276
456
269
317
279
457
266
317
276
457
266
318
275
457
266
318
276
456
266
317
276
456
266
318
275
456
266
318
276
457
289
318
298
457
290
318
298
454
388
309
394
455
389
309
394
455
389
309
395
455
395
311
401
457
395
311
401
457
407
304
413
457
407
304
414
457
407
309
413
457
407
312
412
457
407
313
413
457
407
314
412
455
406
304
413
455
406
304
412
455
406
304
414
455
406
309
413
455
406
312
412
452
408
304
413
452
408
303
414
452
408
304
414
455
408
304
413
455
408
303
414
455
408
304
414
455
408
309
413
457
406
304
413
457
406
304
412
457
406
312
412
457
406
314
412
452
407
304
413
452
407
304
412
452
407
303
414
452
407
304
414
454
408
304
413
454
408
303
414
454
408
304
414
454
408
309
413
455
407
304
413
455
407
304
412
455
407
303
414
455
407
304
414
455
407
309
413
455
407
312
412
455
407
313
413
455
417
304
422
454
417
304
422
459
297
320
304
459
300
319
306
459
300
318
308
459
299
319
306
459
299
318
308
459
298
319
306
460
301
318
308
459
304
320
311
459
304
318
314
458
305
318
314
459
306
320
312
459
306
319
314
459
306
318
314
459
306
318
315
458
306
318
314
460
306
320
311
460
306
320
312
460
306
319
314
460
306
318
314
460
306
320
314
460
306
318
315
460
306
320
315
461
395
317
401
461
395
317
402
460
395
311
401
460
395
317
402
460
407
309
413
460
407
312
412
460
407
313
413
460
407
314
412
460
407
319
413
460
407
319
412
458
407
309
413
458
407
312
412
458
407
313
413
458
407
314
412
458
408
309
413
458
408
312
412
458
408
313
413
458
408
313
414
464
396
317
401
464
396
314
402
464
396
317
402
465
400
321
407
465
400
318
405
465
400
320
407
465
400
318
406
465
399
321
407
465
399
318
404
465
399
318
405
465
399
320
407
465
399
318
406
465
398
314
402
465
398
318
404
465
398
318
405
465
404
321
409
465
404
319
411
465
404
318
411
465
404
321
410
465
404
321
411
465
404
318
410
462
406
312
412
462
406
314
412
462
406
319
411
462
406
318
411
462
406
319
413
462
406
321
411
462
406
319
412
462
406
318
410
465
409
313
413
465
409
313
414
462
415
312
419
462
415
314
421
467
314
324
323
467
399
318
404
467
399
318
405
467
400
321
407
467
400
318
404
467
400
318
405
467
400
318
406
473
250
332
262
473
250
335
262
473
250
336
262
473
250
337
262
471
262
334
274
472
262
335
274
472
262
334
274
472
262
335
276
473
262
335
274
473
262
334
274
473
262
335
276
473
262
337
274
473
263
335
274
473
263
334
274
473
263
335
276
473
263
337
276
472
317
329
327
472
317
331
328
472
317
336
327
470
318
329
327
470
318
327
327
470
318
331
328
470
319
329
327
470
319
331
328
472
416
324
420
475
249
335
261
475
249
336
261
475
249
337
261
475
249
335
262
475
249
336
262
475
249
337
262
474
248
335
261
474
248
336
261
474
248
337
261
474
249
335
261
474
249
336
261
474
249
337
261
474
249
335
262
474
249
336
262
474
249
337
262
475
250
335
262
475
250
336
262
475
250
337
262
477
265
337
277
477
265
336
277
477
262
335
276
477
262
337
276
477
262
337
274
477
262
343
273
477
262
343
274
474
263
335
274
474
263
334
274
474
263
337
277
474
263
335
276
474
263
337
276
474
263
336
277
474
263
337
274
474
264
337
277
474
264
335
276
474
264
337
276
474
264
336
277
475
265
337
277
475
265
335
276
475
265
337
276
475
265
336
277
475
263
335
274
475
263
334
274
475
263
337
277
475
263
335
276
475
263
337
276
475
263
336
277
475
263
337
274
474
270
336
282
474
270
337
282
474
270
335
281
474
270
336
281
474
271
336
282
474
271
337
282
474
271
335
281
474
271
337
283
477
269
337
282
477
269
337
280
477
269
336
280
477
269
336
281
477
268
337
280
477
268
336
280
477
268
336
281
474
268
336
282
474
268
335
281
474
268
337
280
474
268
336
280
474
268
336
281
476
299
335
306
476
305
337
314
476
305
337
315
476
305
338
315
477
305
337
314
477
305
337
315
477
305
338
315
474
318
329
327
474
318
327
327
474
318
331
328
474
318
336
327
478
306
337
314
478
306
337
315
478
306
338
315
479
305
337
314
479
305
337
315
479
305
338
315
479
314
338
324
480
319
336
327
483
315
338
324
483
318
336
327
485
416
336
420
493
262
352
274
495
248
353
261
495
248
353
262
495
247
353
261
494
248
353
262
494
249
353
262
495
249
353
262
494
263
352
274
496
262
352
274
496
262
354
274
495
262
352
274
495
262
354
274
496
302
353
312
496
303
353
312
497
304
353
312
500
237
359
251
503
400
353
405
503
400
353
406
504
400
353
405
504
400
353
406
503
401
353
405
503
401
353
406
503
404
351
408
504
408
350
413
504
408
352
413
505
407
350
412
505
407
352
413
505
407
356
412
503
408
350
413
503
408
352
413
500
406
349
412
500
406
350
412
500
406
350
413
503
409
352
413
509
132
301
157
508
207
367
224
507
210
366
228
508
396
356
401
508
397
356
401
508
397
357
402
508
397
359
402
508
397
362
402
508
397
363
402
508
397
366
402
510
398
352
402
510
398
353
402
510
398
357
402
510
398
359
402
510
398
362
402
510
398
363
402
513
397
357
402
513
397
359
402
513
397
362
402
513
397
363
402
513
397
366
401
513
397
366
402
513
397
367
402
513
397
372
402
513
397
371
402
513
397
376
402
513
397
378
402
513
397
382
402
512
420
359
424
517
131
310
156
514
397
356
401
514
397
357
402
514
397
362
402
514
397
363
402
514
397
366
401
514
397
366
402
514
397
367
402
514
397
372
402
514
397
371
402
514
397
376
402
514
397
378
402
514
397
381
402
514
397
383
402
514
397
382
402
514
398
353
402
514
398
357
402
514
398
359
402
514
398
362
402
514
398
363
402
514
398
366
402
514
398
367
402
514
398
372
402
514
398
371
402
515
405
364
410
515
405
363
410
517
419
364
423
518
396
366
401
518
397
362
402
518
397
363
402
518
397
366
401
518
397
366
402
518
397
367
402
518
397
372
402
518
397
371
402
518
397
376
402
518
397
381
402
519
397
366
402
519
397
367
402
519
397
371
402
521
397
366
401
521
397
372
402
521
397
371
402
521
397
376
402
521
401
376
406
519
405
365
410
519
405
364
410
519
405
366
410
519
405
367
410
520
405
365
410
520
405
366
410
517
406
365
410
517
406
364
411
517
406
366
410
517
406
367
410
518
406
365
410
518
406
364
411
518
406
369
410
518
406
366
410
518
406
367
410
520
406
369
410
524
397
366
401
524
397
372
402
524
397
371
402
524
397
376
402
525
401
376
406
525
405
369
410
525
405
374
409
526
397
366
401
526
397
376
402
526
397
378
402
527
405
373
408
527
405
374
409
527
405
376
408
529
405
373
408
529
405
374
409
529
405
376
408
527
404
373
408
527
404
374
409
527
404
376
408
527
404
376
407
526
405
374
409
530
397
366
401
530
397
376
402
532
399
290
401
532
399
362
402
532
399
363
402
532
399
366
402
532
399
367
402
532
399
372
402
532
399
371
402
532
399
376
402
532
399
378
402
532
399
383
402
532
400
366
402
531
400
366
402
531
399
362
402
531
399
363
402
531
399
366
402
531
399
367
402
531
399
372
402
531
399
371
402
531
399
376
402
531
399
383
402
530
403
376
406
530
403
376
407
530
403
381
407
530
403
384
408
530
403
383
408
530
403
384
406
530
404
373
408
530
404
374
409
530
404
376
408
530
404
376
407
530
404
384
408
530
404
383
409
530
404
383
408
532
408
384
413
532
413
384
417
531
414
384
417
532
414
384
417
537
401
384
406
537
401
392
405
536
398
366
401
536
398
367
402
536
398
372
402
536
398
371
402
536
398
376
402
536
398
378
402
536
398
381
402
536
398
383
402
536
398
382
402
536
398
388
402
536
398
386
402
536
403
376
406
536
403
376
407
536
403
381
407
536
403
384
408
536
403
382
406
536
403
384
406
536
403
387
407
536
403
389
406
536
403
387
406
536
403
386
406
536
403
390
406
534
408
384
413
534
417
378
420
534
417
386
420
537
422
387
425
541
245
397
261
541
245
396
261
541
246
397
261
541
246
396
261
541
246
396
262
541
246
397
262
538
401
384
406
538
401
392
405
541
398
376
402
541
398
378
402
541
398
381
402
541
398
383
402
541
398
382
402
541
398
386
402
540
410
384
413
540
410
387
414
541
411
384
415
541
411
382
415
541
411
387
414
541
411
387
415
541
411
388
415
538
411
384
415
538
411
382
415
538
411
387
414
538
411
387
415
538
411
388
415
538
411
390
416
538
409
384
413
538
409
387
414
540
423
393
426
543
246
397
262
543
260
398
275
542
399
356
401
542
399
366
402
542
399
372
402
542
399
371
402
542
399
376
402
542
399
378
402
542
399
381
402
542
399
383
402
542
399
382
402
542
399
388
402
542
399
386
402
542
399
393
402
542
399
391
402
542
399
392
402
542
398
376
402
542
398
378
402
542
398
381
402
542
398
383
402
542
398
382
402
542
398
386
402
543
403
376
406
543
403
381
407
543
403
382
406
543
403
384
406
543
403
387
407
543
403
389
406
543
403
387
406
543
403
386
406
543
403
390
406
543
403
391
406
544
402
382
406
544
402
384
406
544
402
389
406
544
402
387
406
544
402
386
406
544
402
392
405
544
402
390
406
544
402
391
406
544
405
376
408
544
405
381
407
544
405
384
408
544
405
383
409
544
405
383
408
544
405
387
407
542
402
376
406
542
402
382
406
542
402
384
406
542
402
389
406
542
402
387
406
542
402
386
406
542
402
392
405
542
402
390
406
542
402
391
406
542
403
376
406
542
403
376
407
542
403
381
407
542
403
382
406
542
403
384
406
542
403
387
407
542
403
389
406
542
403
387
406
542
403
386
406
542
403
390
406
542
403
391
406
543
402
382
406
543
402
384
406
543
402
389
406
543
402
387
406
543
402
386
406
543
402
392
405
543
402
390
406
543
402
391
406
545
412
384
415
545
412
382
415
545
412
387
414
545
412
387
415
545
412
388
415
545
412
390
416
544
410
384
413
544
410
387
414
544
412
384
415
544
412
382
415
544
412
387
414
544
412
387
415
544
412
388
415
544
412
390
416
544
409
384
413
542
413
384
415
542
413
384
417
542
413
385
416
542
413
382
415
542
413
387
415
542
413
388
415
542
413
390
416
542
413
395
417
549
400
393
402
547
398
383
402
547
398
388
402
547
398
386
402
547
398
393
402
547
398
391
402
547
398
395
401
548
410
384
413
548
410
387
414
548
413
387
415
548
413
390
416
552
397
395
401
553
398
393
402
553
398
391
402
553
398
392
402
553
398
395
401
553
398
396
402
550
411
387
414
552
413
390
416
552
415
393
418
552
415
403
418
555
398
393
402
555
398
391
402
555
398
392
402
555
398
395
401
555
398
396
402
554
399
393
402
554
399
391
402
554
399
392
402
554
399
396
402
554
414
395
417
554
417
400
420
561
412
403
415
559
410
402
413
562
401
400
404
561
401
400
404
564
410
402
413
564
410
407
414
563
412
403
415
563
412
407
416
562
410
402
413
562
410
407
414
562
413
407
416
567
410
409
413
567
410
411
413
567
410
412
413
567
409
407
412
567
409
409
413
567
409
411
413
567
409
412
413
568
405
405
408
568
405
408
408
570
410
409
413
570
410
411
413
570
410
412
413
570
410
414
413
570
410
415
414
579
188
426
211
580
188
426
211
594
122
440
154
