Test1500.jpg
Test1501_lg_1.jpg
60
209
77
213
62
208
79
211
68
107
81
100
68
107
82
100
80
208
93
209
90
207
104
207
187
313
208
323
186
313
208
323
233
145
259
139
237
139
263
134
234
146
259
139
236
152
263
147
237
156
262
151
236
156
262
151
240
153
265
147
239
152
265
147
239
152
266
147
240
155
265
149
239
155
265
149
239
155
264
149
239
155
263
147
239
155
264
150
239
156
264
149
239
156
264
151
239
156
264
150
240
156
264
149
242
152
268
148
270
291
300
299
298
252
332
254
343
295
380
306
346
293
383
304
358
229
398
233
359
229
398
233
360
233
400
237
369
285
407
297
370
233
407
237
370
233
411
237
371
233
411
237
372
233
411
237
371
235
413
237
371
235
412
238
370
234
411
237
368
234
405
238
368
234
407
237
371
283
409
295
370
284
409
295
372
283
409
295
372
283
411
294
373
282
411
294
371
284
409
295
397
183
442
183
395
188
441
187
395
188
440
188
396
187
441
187
396
187
440
188
396
188
441
187
396
188
440
188
396
188
442
188
399
189
445
189
399
189
444
189
399
189
443
189
398
189
444
189
398
189
443
189
400
189
445
189
410
217
456
221
415
215
460
219
510
213
571
216
