Test21.jpg
Test23.jpg
216
310
218
108
222
309
215
112
223
309
215
112
281
257
210
183
283
256
206
188
283
256
207
187
283
257
208
184
283
257
206
187
283
257
207
187
283
257
210
183
283
257
211
183
284
256
206
187
284
256
206
186
284
256
207
187
285
256
206
188
285
256
206
187
285
256
207
187
285
256
205
187
289
278
184
181
296
277
184
181
294
278
184
181
297
278
184
181
298
277
184
181
299
278
184
181
327
233
187
241
332
233
185
241
332
233
184
244
332
233
183
246
332
233
188
234
332
233
186
239
332
233
187
239
332
233
190
233
333
234
182
243
333
234
188
234
333
234
186
239
337
232
188
234
337
232
186
239
336
230
185
244
336
230
184
246
336
230
189
236
336
230
187
241
336
230
190
233
334
231
185
244
334
231
184
246
334
231
189
236
334
231
187
241
334
231
187
239
334
231
190
233
337
234
181
243
341
229
180
252
341
229
185
244
341
229
184
246
341
229
189
236
341
229
187
241
341
229
190
233
340
230
184
244
340
230
183
246
340
230
182
247
340
230
187
239
340
230
190
233
339
230
183
246
339
230
182
247
339
230
187
239
339
230
190
233
340
233
179
247
338
231
188
234
338
232
188
234
341
230
184
244
341
230
183
246
341
230
182
247
343
229
184
244
343
229
185
244
343
229
183
246
343
229
184
246
343
229
182
247
343
229
187
239
344
230
180
247
344
230
181
247
344
230
180
248
344
230
182
247
343
231
177
252
343
231
180
247
343
231
180
248
343
232
179
247
343
232
178
249
345
232
181
243
345
232
181
244
345
232
178
247
345
232
179
247
345
232
178
249
346
233
175
249
346
233
175
250
346
233
179
244
346
233
178
247
348
230
177
252
348
230
181
244
348
230
179
247
348
230
180
247
348
230
181
247
348
230
180
248
348
230
178
249
348
230
182
243
347
235
175
249
347
235
179
239
348
240
177
233
351
228
177
252
351
228
180
247
351
228
181
247
351
228
180
248
351
228
182
247
352
232
175
249
352
232
175
250
352
232
174
250
352
232
179
244
352
232
178
247
350
231
175
250
350
231
181
243
350
231
179
244
350
231
178
247
350
231
179
247
350
231
178
249
353
232
175
249
353
232
175
250
353
232
174
250
353
232
179
244
350
233
175
249
350
233
175
250
350
233
174
250
350
233
179
244
355
228
177
252
355
228
175
256
355
228
179
247
355
228
180
247
355
228
180
248
355
228
178
249
356
234
171
252
360
229
175
249
360
229
175
250
360
229
179
244
360
229
178
247
360
230
175
249
360
230
175
250
360
230
174
250
360
231
171
252
360
231
175
249
360
231
175
250
360
231
174
250
358
232
171
252
358
232
175
249
358
232
174
250
358
232
179
239
393
276
109
248
