Test21.jpg
Test22.jpg
381
320
520
317
355
228
469
224
382
323
523
321
382
323
521
321
382
323
524
321
382
323
520
320
360
229
475
225
360
229
474
225
382
325
521
323
374
323
511
319
374
323
510
319
373
319
511
316
360
231
474
227
376
324
512
320
383
320
520
317
358
232
474
227
358
232
475
228
358
232
472
229
379
323
521
321
379
323
517
320
351
228
468
223
408
333
549
332
408
333
550
332
410
331
551
330
375
324
512
320
375
322
513
318
385
320
520
317
413
328
554
328
413
328
556
328
384
333
526
332
384
333
525
332
383
333
525
332
379
325
519
323
379
325
521
323
413
329
552
328
413
329
556
329
376
321
513
318
