Test404.jpg
Test405.jpg
281
333
185
332
281
336
183
339
281
336
181
341
281
336
185
338
281
336
185
337
281
336
183
338
277
337
180
340
278
337
180
340
278
337
181
339
279
337
180
340
279
337
181
339
279
337
181
341
279
337
182
338
280
337
183
339
280
337
180
340
280
337
181
339
280
337
181
341
280
337
182
338
280
337
183
338
283
337
185
338
283
337
185
337
283
337
186
337
283
337
186
340
283
337
186
339
283
337
187
338
282
337
183
339
282
337
181
341
282
337
185
338
282
337
185
337
282
337
186
337
282
337
186
340
282
337
186
339
285
336
186
337
285
336
186
339
285
336
187
338
286
293
194
292
287
293
194
292
289
336
190
337
288
336
189
337
288
336
190
337
288
336
191
337
284
340
187
341
284
340
186
340
284
340
186
339
284
340
187
338
285
339
186
337
285
339
186
340
285
339
186
339
285
339
187
338
284
339
186
337
284
339
186
340
284
339
186
339
284
339
187
338
288
341
187
341
285
338
186
337
285
338
186
340
285
338
186
339
285
338
187
338
286
341
187
341
286
341
186
340
286
341
187
338
284
338
185
338
284
338
185
337
284
338
186
337
284
338
186
340
284
338
186
339
284
338
187
338
292
337
197
340
293
336
200
337
293
337
200
337
293
337
198
340
293
337
201
338
292
338
197
341
293
341
200
340
293
341
201
340
293
340
201
338
293
340
201
340
293
338
198
340
297
335
201
340
297
335
203
336
297
335
204
334
297
335
203
333
297
335
205
336
297
335
203
337
297
335
204
337
297
335
205
335
294
336
201
337
294
336
200
337
294
336
199
340
294
336
200
340
294
336
201
338
294
337
201
337
294
337
200
337
294
337
199
340
294
337
200
340
294
337
201
338
294
337
201
339
296
333
202
333
296
333
203
336
296
333
202
332
296
333
203
333
296
336
201
337
296
336
200
340
296
336
201
338
296
336
201
339
296
336
201
340
296
336
202
333
296
336
203
336
296
336
203
337
297
334
202
333
297
334
203
336
297
334
204
334
297
334
202
332
297
334
203
333
297
334
205
336
297
334
203
337
297
334
204
337
297
334
205
335
297
337
201
340
297
337
203
336
297
337
204
334
297
337
205
336
297
337
203
337
297
337
204
337
300
336
205
337
300
336
205
336
300
336
205
335
300
336
206
336
300
336
207
336
300
336
206
337
300
336
210
336
299
335
205
337
299
335
204
334
299
335
205
336
299
335
204
337
299
335
205
335
298
336
205
337
298
336
203
336
298
336
204
334
298
336
205
336
298
336
203
337
298
336
204
337
298
336
205
335
301
336
209
334
301
336
206
336
301
336
207
336
301
336
211
337
301
336
210
337
301
336
210
336
298
337
205
337
298
337
203
336
298
337
204
334
298
337
205
336
298
337
203
337
298
337
204
337
298
337
205
335
298
337
206
336
305
336
213
336
305
336
212
337
305
336
213
337
303
334
209
334
303
334
212
335
303
334
213
336
303
334
212
337
303
334
212
334
303
334
211
334
303
334
210
334
303
334
213
335
302
337
209
334
302
337
207
336
302
337
211
337
302
337
210
337
302
337
210
336
304
336
212
337
304
336
213
337
304
334
213
335
305
335
212
335
305
335
213
335
305
337
211
337
305
337
213
336
305
337
210
337
305
337
212
337
305
337
213
337
319
333
226
332
320
333
228
332
320
333
226
332
325
328
233
327
324
334
229
332
324
334
228
332
324
334
230
333
324
334
232
333
321
334
228
332
320
334
226
332
324
335
230
333
324
335
232
334
325
335
230
333
325
335
232
333
325
335
232
334
325
335
233
334
325
334
229
332
325
334
228
332
325
334
230
333
325
334
232
333
326
332
234
331
326
332
235
331
329
333
237
332
329
333
237
331
329
333
235
331
329
333
236
331
329
333
238
331
329
333
238
333
329
333
238
332
328
332
234
331
328
332
237
331
328
332
235
331
328
332
236
331
329
337
235
334
329
337
235
336
329
337
232
335
329
337
234
336
328
336
235
334
328
336
236
334
328
336
233
334
327
337
235
336
327
337
232
336
327
337
232
335
327
337
234
336
326
335
230
333
326
335
232
333
326
335
235
334
326
335
232
334
326
335
233
334
329
335
237
333
329
335
235
334
329
335
237
334
329
335
236
334
327
335
232
333
327
335
235
334
327
335
232
334
327
335
236
334
327
335
233
334
329
334
237
332
329
334
237
333
329
334
238
333
329
334
238
332
329
334
239
333
328
337
235
336
328
337
232
335
328
337
234
336
328
335
235
334
328
335
237
334
328
335
236
334
330
333
237
332
330
333
237
331
330
333
236
331
330
333
238
331
330
333
239
331
330
333
240
332
330
333
238
332
330
332
237
331
330
332
236
331
330
332
238
331
330
332
239
331
333
335
237
333
333
335
240
333
333
335
238
333
333
335
238
332
333
335
239
333
331
334
237
332
331
334
237
333
331
334
237
331
331
334
238
331
331
334
240
333
331
334
240
332
331
334
238
333
331
334
238
332
331
334
239
333
332
335
237
333
332
335
240
333
332
335
238
333
332
335
239
333
333
336
237
334
333
336
236
334
330
335
237
333
330
335
235
334
330
335
237
334
330
335
236
334
330
335
238
333
330
335
239
333
333
334
237
332
333
334
237
331
333
334
238
331
333
334
239
331
333
334
240
332
333
334
238
332
330
336
235
334
330
336
237
334
330
336
236
334
331
336
235
334
331
336
237
334
331
336
236
334
330
334
237
332
330
334
237
333
330
334
240
333
330
334
238
333
330
334
238
332
330
334
239
333
333
337
237
334
337
333
239
331
337
333
243
332
337
335
240
333
337
335
240
332
337
335
239
333
337
335
243
333
337
335
243
332
336
336
240
333
336
336
239
333
336
336
243
333
334
336
237
334
334
336
240
333
336
335
240
333
336
335
240
332
336
335
238
333
336
335
238
332
336
335
239
333
336
335
243
333
336
335
243
332
335
336
240
333
337
334
240
332
337
334
243
333
337
334
243
332
334
335
237
333
334
335
240
333
334
335
238
333
334
335
239
333
334
335
243
333
337
336
240
333
337
336
238
333
337
336
239
333
337
336
243
333
339
334
243
332
340
335
240
332
340
336
240
333
340
336
239
333
340
336
243
333
341
336
243
333
341
336
243
332
340
334
243
332
338
336
240
333
338
336
239
333
338
336
243
333
339
336
240
333
339
336
240
332
339
336
239
333
339
336
243
333
338
334
240
332
338
334
243
332
338
335
240
333
338
335
240
332
338
335
243
333
338
335
243
332
421
160
219
142
421
160
225
142
422
160
219
142
422
160
221
142
422
160
225
142
427
160
221
142
426
160
219
142
426
160
221
142
426
160
225
142
435
184
348
185
435
184
349
185
435
184
351
184
433
186
350
185
434
185
348
185
434
185
346
186
434
185
349
185
434
185
351
184
445
156
350
158
