bike1.png
bike2.png
56
317
73
300
56
317
74
300
56
317
74
301
55
317
73
300
56
315
73
300
56
315
74
300
57
317
74
300
57
317
74
301
58
285
74
269
58
315
74
300
65
317
81
300
69
302
85
287
69
306
85
290
69
306
85
293
69
308
85
293
67
310
82
297
67
311
82
297
69
315
85
298
69
315
85
299
69
315
85
300
69
316
85
299
69
316
85
300
69
316
85
301
66
316
84
300
66
317
84
300
66
317
84
301
69
317
85
300
69
317
85
301
72
297
88
280
72
297
87
281
71
300
87
283
71
300
87
282
71
300
86
284
71
300
86
282
71
300
86
283
71
301
87
283
71
301
86
285
72
299
87
283
72
299
87
282
72
298
87
282
72
298
88
280
73
302
89
284
73
302
89
285
70
302
85
287
70
305
85
290
73
303
89
285
70
312
85
298
74
301
89
284
74
301
89
285
74
300
89
283
74
300
89
284
77
340
93
323
77
354
94
339
80
339
96
323
81
338
97
321
79
340
95
324
79
340
96
324
78
339
95
324
78
340
95
324
80
336
96
319
80
336
97
320
80
336
97
321
78
349
96
334
80
351
96
335
81
353
97
338
80
350
96
334
80
355
96
340
81
354
97
339
80
356
96
341
79
355
96
340
102
72
119
53
103
72
119
53
107
70
119
53
119
68
134
50
121
69
134
50
118
70
134
50
128
52
143
33
133
50
148
31
141
319
155
303
141
324
155
309
140
326
155
309
141
327
156
311
141
329
156
312
165
380
181
365
165
380
178
364
165
380
180
365
165
380
182
365
164
380
181
365
164
380
180
365
164
380
182
365
166
381
187
367
166
381
184
366
170
382
187
367
170
382
188
368
170
382
189
368
170
382
184
367
170
382
185
367
170
382
186
367
169
383
185
368
169
383
186
368
169
383
187
368
169
383
188
369
169
383
191
369
171
384
188
369
171
384
194
370
169
382
187
367
169
382
188
368
169
382
189
368
169
382
184
367
169
382
187
368
169
382
185
367
169
382
186
367
170
383
185
368
170
383
188
368
170
383
186
368
170
383
187
368
170
383
188
369
170
383
192
369
170
383
191
369
171
383
185
368
171
383
188
368
171
383
189
368
171
383
186
368
171
383
187
368
171
383
188
369
171
383
192
369
171
383
191
369
171
383
194
369
168
382
187
367
168
382
188
368
168
382
189
368
168
382
184
367
168
382
187
368
168
382
185
367
168
382
186
367
172
384
188
369
172
384
194
370
173
384
188
369
173
384
191
369
173
384
194
370
175
384
192
369
175
384
191
369
175
384
194
370
174
384
188
369
174
384
192
369
174
384
191
369
174
384
194
370
178
385
194
370
179
385
194
370
189
384
203
369
188
384
203
369
192
383
204
368
192
383
205
368
190
383
204
368
193
382
207
367
191
383
204
368
194
382
207
367
194
382
208
367
195
381
209
366
253
261
271
244
254
261
271
244
254
264
272
245
254
264
271
244
254
264
271
245
256
262
274
245
256
262
275
245
256
262
275
244
255
265
272
245
260
258
277
241
258
261
275
244
258
264
276
245
258
264
275
245
258
262
276
245
258
262
274
245
258
262
275
245
258
262
275
244
259
262
276
245
259
262
275
245
259
262
275
244
289
279
305
265
289
279
304
265
288
278
304
265
287
280
303
265
287
280
304
265
291
280
309
264
290
279
305
265
290
279
307
263
292
285
309
269
292
284
309
269
290
393
307
377
290
393
306
377
290
393
308
378
292
394
308
378
292
394
312
380
293
395
312
380
297
246
313
229
294
247
309
231
295
247
311
230
297
249
313
229
297
249
313
232
297
249
312
230
294
248
309
231
294
248
310
231
297
248
313
229
297
248
312
230
296
249
311
230
296
249
311
231
296
249
312
232
296
249
312
230
296
247
312
230
297
396
312
380
294
395
312
380
296
396
312
380
295
396
312
380
298
248
313
229
298
248
314
230
298
248
314
231
302
265
319
250
302
265
320
250
302
264
319
248
303
267
320
251
303
267
320
250
303
267
320
252
303
267
320
253
303
266
319
251
303
266
320
251
303
266
320
250
303
266
320
252
304
269
320
253
304
269
320
254
304
269
321
254
304
270
320
254
304
270
321
254
305
384
321
368
305
384
323
369
305
384
324
369
305
384
322
368
307
385
323
369
307
385
325
369
307
385
324
369
309
385
325
369
309
385
324
369
308
385
323
369
308
385
325
369
308
385
324
369
306
384
321
368
306
384
323
369
306
384
325
369
306
384
324
369
306
384
322
368
312
283
332
268
313
283
332
268
315
385
334
369
316
385
334
369
316
385
335
369
317
385
334
369
317
385
335
369
317
385
336
369
321
383
337
367
321
383
337
368
321
383
338
368
321
383
339
367
321
383
338
367
318
384
334
369
318
384
335
368
318
384
335
369
318
384
337
368
318
384
336
368
318
384
336
369
318
382
337
367
320
383
337
367
320
383
337
368
320
383
336
368
320
383
338
368
320
383
339
367
320
383
338
367
319
384
335
368
319
384
335
369
319
384
337
368
319
384
336
368
319
384
336
369
319
384
338
368
322
382
339
366
322
382
339
367
322
382
338
367
323
394
339
378
323
394
339
379
327
301
343
286
328
367
346
351
329
367
346
351
329
367
348
351
328
372
345
357
329
373
345
357
330
367
346
351
330
367
348
351
331
367
348
351
330
368
346
352
330
368
349
352
348
403
366
387
348
403
367
387
350
402
368
386
350
402
366
387
350
402
367
387
385
243
402
226
383
243
401
226
384
244
401
226
384
244
402
226
384
244
402
227
385
244
402
226
385
244
402
227
389
249
406
232
388
253
405
236
388
253
406
236
389
253
406
236
391
233
408
215
391
234
408
217
391
235
408
217
397
239
414
222
396
239
413
222
396
239
414
222
398
239
416
222
399
239
416
222
518
408
538
393
518
408
539
393
518
408
540
393
518
408
541
394
518
408
542
394
519
409
538
393
519
409
539
393
519
409
540
394
519
409
541
394
519
409
543
395
519
409
542
394
519
409
544
395
520
409
538
393
520
409
539
393
520
409
540
393
520
409
540
394
520
409
541
394
520
409
543
395
520
409
542
394
520
409
544
395
521
410
540
394
521
410
541
394
521
410
543
395
521
410
542
394
521
410
544
395
521
410
546
396
579
241
598
221
577
240
597
218
577
240
596
220
578
240
597
219
