Test82.jpg
Test81.jpg
508
101
426
114
508
124
426
135
507
126
424
137
507
126
425
138
507
127
424
137
507
127
425
138
508
126
425
138
508
126
426
137
508
126
426
139
508
126
426
138
509
126
426
137
509
126
426
135
509
126
426
138
506
126
424
137
509
137
426
148
509
137
426
149
507
138
425
150
509
141
425
153
509
141
427
153
509
141
426
153
509
139
426
149
509
138
425
150
509
138
426
148
509
138
426
149
507
143
423
153
507
143
425
154
508
143
425
153
508
143
425
154
508
142
425
152
508
142
425
153
508
142
425
154
509
143
425
154
509
143
426
153
509
143
427
155
509
143
427
156
506
143
423
153
506
143
423
154
510
126
427
137
511
136
428
148
511
136
427
147
511
136
427
148
512
137
428
148
512
137
429
150
512
134
429
147
511
135
428
148
511
135
427
147
510
141
427
153
510
141
428
153
510
141
426
153
512
140
429
150
511
138
427
148
511
138
427
150
511
138
428
150
512
141
428
153
510
139
427
150
511
141
427
153
511
141
428
153
511
141
428
154
513
138
429
150
517
83
435
97
514
83
432
97
514
125
431
137
516
137
433
149
515
136
431
148
515
136
432
149
514
135
431
148
514
135
430
147
516
136
433
148
516
136
433
149
518
125
436
137
526
62
445
78
529
63
447
79
528
170
446
180
530
35
447
53
530
35
449
54
530
53
448
70
531
52
448
70
531
52
449
70
531
53
449
70
532
54
449
70
532
61
449
77
533
64
450
81
531
63
448
80
530
63
448
80
531
70
448
87
530
79
447
95
533
79
449
93
533
79
449
94
531
96
448
110
532
168
449
178
533
168
449
178
531
169
447
179
531
169
448
178
531
169
448
179
533
169
449
178
533
169
448
178
533
169
449
179
530
170
447
179
530
170
446
180
530
170
447
180
530
170
448
179
531
171
448
180
531
171
447
179
531
171
446
180
531
171
447
180
531
171
448
179
533
172
448
180
533
172
447
179
533
172
449
181
533
172
446
180
533
172
447
180
533
172
448
179
533
172
447
181
533
172
448
181
533
172
449
179
533
172
449
182
533
172
448
182
533
170
448
180
533
170
447
179
533
170
448
178
533
170
448
179
533
170
449
179
530
171
448
180
530
171
447
179
530
171
446
180
530
171
447
180
537
56
452
72
534
64
451
81
535
65
451
81
535
65
452
82
536
66
452
82
537
66
453
82
533
162
449
170
534
169
449
178
541
34
456
52
539
57
454
73
541
58
456
74
541
68
457
84
538
74
453
89
539
74
453
89
539
74
454
89
541
75
455
90
541
82
456
97
541
85
456
100
541
119
457
132
541
145
457
155
539
162
455
171
541
167
457
177
540
168
456
177
545
33
458
50
543
34
457
52
542
34
456
52
543
35
456
52
544
53
458
69
543
52
457
68
542
58
456
74
544
59
458
75
541
65
457
81
542
65
458
81
542
65
457
81
542
68
457
84
545
70
459
85
544
69
458
85
544
69
459
85
543
69
457
84
543
69
458
85
544
76
458
91
543
76
457
91
542
85
457
100
542
93
455
106
543
93
457
107
542
100
457
114
545
162
460
172
544
165
459
173
545
165
459
173
545
165
461
175
545
165
461
176
545
167
460
177
545
167
461
176
544
168
459
177
544
168
460
177
544
166
459
175
546
33
459
50
549
55
463
72
547
71
461
86
546
70
461
86
546
70
461
83
547
70
461
86
547
70
461
83
548
71
463
84
548
71
462
87
546
77
460
92
547
87
461
102
546
87
460
101
546
120
461
133
548
164
463
173
547
164
460
172
546
164
460
172
546
164
462
175
546
165
460
172
546
165
461
175
546
165
462
175
548
165
463
173
549
165
463
173
547
166
462
175
546
166
461
175
546
166
461
176
550
46
463
62
551
53
464
69
550
52
463
68
551
72
465
85
551
72
465
88
551
165
465
173
551
165
465
174
551
165
466
174
552
164
467
173
552
164
467
174
552
163
466
172
552
163
467
173
553
164
467
173
553
164
468
174
550
164
465
173
550
164
465
174
552
165
466
174
552
165
467
175
550
168
465
177
551
169
465
177
550
166
465
177
553
166
467
175
556
56
469
72
554
164
468
173
557
164
471
173
560
83
472
113
571
160
483
168
570
159
481
168
578
153
488
163
