35_35_l.jpg
35_35_r.jpg
295
211
93
209
296
211
93
209
322
221
124
220
355
0
163
1
360
185
165
181
360
185
167
181
361
185
167
181
364
180
169
177
363
183
170
179
362
184
167
180
363
181
169
177
364
235
171
232
367
60
170
51
367
60
171
52
367
60
170
55
369
61
171
52
369
61
170
55
364
64
166
54
369
63
170
55
367
61
170
51
367
61
171
52
367
61
170
55
367
232
171
231
367
234
171
231
367
234
171
232
367
233
171
231
366
235
171
232
366
234
171
231
366
234
171
232
373
129
177
125
373
131
177
125
372
137
177
133
372
137
179
132
370
134
177
131
370
134
178
130
370
138
177
133
373
139
181
133
371
199
176
197
371
201
177
199
372
201
177
199
374
128
177
125
377
127
177
125
375
128
177
125
377
133
177
131
377
133
181
128
377
133
180
127
377
133
180
129
377
133
178
130
377
133
180
130
375
132
180
127
375
132
180
129
375
132
178
130
374
130
177
125
374
130
180
127
376
131
181
128
376
131
180
127
376
131
180
129
376
131
178
130
377
132
177
131
377
132
181
128
377
132
180
127
377
132
180
129
377
132
178
130
376
136
177
131
376
136
177
133
376
136
180
129
376
136
179
132
376
136
178
130
376
136
180
130
374
136
177
131
374
136
177
133
374
136
179
132
374
136
178
130
374
136
180
130
374
185
181
180
374
185
179
181
374
185
180
181
376
185
180
181
376
180
183
176
376
180
182
176
374
180
182
176
376
188
182
184
376
197
181
196
377
197
183
195
377
197
182
196
375
199
181
197
375
198
180
195
375
198
180
196
375
198
181
196
376
199
180
196
376
199
181
197
376
199
182
197
376
198
181
196
376
198
181
197
376
198
182
196
377
198
182
197
377
198
182
196
376
224
180
222
376
224
179
223
376
224
180
223
376
224
182
222
375
225
179
223
375
225
178
223
376
225
180
222
376
225
179
223
376
225
180
223
376
225
182
222
379
1
185
0
380
0
190
0
381
207
186
205
379
215
183
213
378
216
183
213
379
222
183
221
379
224
180
222
379
224
180
223
379
224
183
221
379
224
184
223
379
224
184
222
379
224
182
222
379
224
185
223
380
225
180
223
380
225
184
223
380
225
185
224
380
225
184
222
380
225
185
223
381
225
184
223
381
225
185
224
381
225
184
222
381
225
185
223
379
221
184
218
379
225
180
222
379
225
179
223
379
225
180
223
379
225
184
223
379
225
185
224
379
225
184
222
379
225
182
222
379
225
185
223
380
223
183
221
380
223
184
222
382
178
189
176
382
178
190
176
382
178
190
175
383
180
189
176
383
180
190
176
383
180
191
177
382
179
189
176
382
176
189
173
382
176
190
173
386
237
192
234
386
237
190
236
386
237
191
236
386
237
192
235
386
237
188
235
386
237
191
235
389
237
192
235
387
236
192
234
387
236
192
235
385
232
188
230
385
232
190
230
389
236
192
234
387
237
191
236
387
237
192
235
387
237
191
235
385
234
188
233
391
1
198
0
390
186
196
182
390
186
197
182
390
185
196
182
390
185
197
182
390
185
197
181
390
189
196
185
390
189
196
186
391
185
197
182
391
185
197
181
391
193
198
190
391
193
198
191
393
193
201
190
390
190
196
186
390
190
196
187
392
193
199
191
392
193
198
190
390
191
196
188
390
191
196
187
390
194
197
191
390
194
196
191
391
194
197
191
391
194
199
192
391
194
198
191
390
195
196
191
390
195
197
193
391
196
199
193
392
194
199
191
392
194
198
190
392
194
198
191
400
1
203
0
400
184
207
180
402
1
204
1
402
1
207
0
405
0
212
0
403
0
207
0
403
1
207
0
400
147
206
144
400
147
206
145
400
147
209
145
400
147
210
145
401
147
206
144
401
147
206
145
401
147
209
145
401
147
210
145
405
147
209
145
405
147
210
145
405
147
212
146
401
148
206
145
401
148
209
145
405
219
209
218
403
220
209
218
407
1
212
0
407
1
210
1
407
1
211
1
407
1
213
1
409
1
213
1
408
147
210
145
407
148
210
145
407
148
212
146
406
147
209
145
406
147
210
145
406
147
212
146
407
147
210
145
407
147
212
146
408
148
212
146
409
148
212
146
404
152
209
149
405
161
212
159
405
161
213
159
409
219
213
217
409
219
215
217
408
219
213
217
413
219
221
218
416
152
225
152
416
152
224
151
416
152
224
152
414
157
218
155
414
157
220
155
414
157
220
157
417
157
220
155
417
157
225
157
417
157
222
155
417
157
222
157
417
157
224
157
417
157
224
156
412
157
216
155
412
157
217
156
412
157
218
155
412
156
216
155
412
156
218
154
412
156
218
155
412
156
220
155
414
156
220
154
414
156
218
154
414
156
218
155
414
156
220
155
415
238
224
234
415
238
222
235
415
238
222
237
415
238
223
234
414
239
222
237
414
239
220
237
417
241
223
238
417
241
225
238
417
241
221
239
413
238
222
235
413
238
220
237
412
240
222
237
412
240
220
237
416
240
222
237
416
240
224
236
416
240
223
238
412
241
221
239
416
238
224
234
416
238
222
235
416
238
222
237
419
152
225
152
419
152
224
151
419
152
224
150
419
152
224
152
420
152
225
152
420
152
224
151
420
152
224
150
420
152
225
150
421
157
224
156
419
154
224
153
419
154
224
152
419
156
221
154
419
156
222
155
419
156
224
156
419
153
224
153
419
153
225
152
419
153
224
151
419
153
224
152
416
252
224
248
419
252
224
248
419
252
229
250
416
260
225
256
416
260
227
257
417
260
225
256
417
260
227
257
417
260
228
258
421
234
225
233
421
234
229
231
425
234
232
230
425
234
232
232
425
234
234
229
422
234
229
231
425
236
232
232
425
236
230
235
421
235
225
233
421
235
229
231
421
235
227
234
420
236
226
235
420
236
227
234
421
236
226
235
421
236
227
234
420
233
226
231
422
264
229
261
422
265
229
261
429
181
236
181
427
233
232
230
427
233
232
232
427
233
234
229
427
232
232
230
427
232
234
229
427
234
232
232
429
235
234
233
426
237
234
233
427
237
234
233
427
258
235
254
427
258
234
253
429
263
236
259
425
268
234
264
425
268
234
265
426
269
234
265
430
232
237
229
430
232
238
228
429
231
232
230
429
231
234
229
433
230
237
229
433
230
238
228
430
233
237
229
430
233
238
228
433
234
235
234
433
234
240
231
433
234
238
232
433
236
236
235
433
236
238
235
431
236
236
235
431
236
235
234
431
236
238
232
430
235
234
233
430
235
235
234
430
235
238
232
431
237
236
235
431
237
235
234
431
237
238
235
429
239
233
238
429
239
236
235
429
239
236
237
429
239
238
235
431
239
233
238
431
239
232
240
431
239
236
235
431
239
236
237
431
239
238
235
428
240
233
238
428
240
232
240
428
240
236
235
429
240
233
238
429
240
232
240
429
240
236
237
429
240
238
235
432
244
237
241
430
242
232
240
430
242
231
241
430
242
234
240
430
242
236
240
430
243
234
240
433
243
237
241
428
243
232
240
428
243
231
241
432
258
235
254
430
259
236
255
433
264
239
261
432
269
236
267
433
267
239
264
436
1
250
1
436
1
270
1
432
156
237
154
433
156
239
155
433
156
237
154
436
236
238
235
436
236
242
234
437
232
240
231
437
232
244
231
437
232
242
231
437
232
242
230
437
233
240
231
437
233
244
231
437
233
242
231
437
233
242
230
435
238
236
237
435
238
240
237
435
238
238
235
435
238
242
235
435
238
242
234
435
239
236
237
435
239
241
237
435
239
240
237
435
239
238
238
436
239
241
237
436
239
240
237
436
239
238
238
436
239
242
235
434
241
236
240
434
241
237
241
434
241
239
239
434
241
238
238
434
241
241
239
437
268
241
264
435
267
239
264
435
267
241
264
437
269
241
266
437
269
240
266
434
267
239
264
436
269
241
266
436
269
240
266
435
268
241
266
435
268
240
266
438
1
250
1
438
1
264
1
438
1
265
1
438
1
267
0
438
1
272
1
438
1
270
1
439
1
250
1
439
1
265
1
439
1
267
0
439
1
272
1
439
1
270
1
439
0
250
1
439
0
264
0
439
0
265
1
439
0
267
0
439
0
273
1
439
0
272
1
439
0
270
0
439
0
270
1
439
232
244
231
439
232
242
231
439
232
242
230
439
232
245
231
441
232
244
231
441
232
242
231
441
232
245
231
440
233
244
231
440
233
242
231
440
233
242
230
440
233
245
231
439
234
244
231
439
234
242
231
439
234
242
230
439
234
245
231
438
235
238
235
438
235
244
231
438
235
242
231
438
235
242
234
438
235
244
234
439
236
242
235
439
236
243
235
439
236
242
234
439
236
244
234
439
236
244
235
440
236
242
235
440
236
243
235
440
236
242
234
440
236
244
234
440
236
244
235
440
236
246
234
440
236
247
234
439
238
241
237
439
238
240
237
439
238
242
235
439
238
243
235
439
238
244
234
439
238
244
235
439
239
241
237
439
239
240
237
439
239
241
239
439
239
243
235
439
239
244
235
440
239
241
237
440
239
240
237
440
239
244
235
441
239
241
237
441
239
240
237
439
240
241
237
439
240
239
239
439
240
241
239
440
241
241
239
445
0
267
0
445
0
270
0
442
1
250
1
442
1
254
0
442
1
258
0
442
1
265
1
442
1
267
0
443
1
250
1
443
1
254
0
443
1
264
0
443
1
264
1
443
1
265
1
443
1
267
0
444
1
250
1
444
1
260
0
444
1
264
0
444
1
267
0
444
1
270
0
444
1
270
1
445
233
245
231
445
233
249
233
445
233
252
232
443
237
243
235
443
237
244
234
443
237
244
235
443
237
246
234
443
237
247
234
443
237
249
234
445
236
249
233
445
236
246
234
445
236
247
234
445
236
249
234
445
236
252
233
445
236
252
232
445
236
252
234
445
236
251
234
442
237
242
235
442
237
243
235
442
237
244
234
442
237
244
235
442
237
246
234
442
237
247
234
442
237
249
234
444
235
244
234
444
235
249
233
444
235
246
234
444
235
247
234
444
235
249
234
444
235
252
234
444
235
251
234
444
236
244
234
444
236
249
233
444
236
246
234
444
236
247
234
444
236
249
234
444
236
252
234
444
236
251
234
444
234
245
231
444
234
249
233
444
234
246
234
444
234
247
234
444
234
249
234
444
234
252
233
444
234
252
232
442
233
244
231
442
233
245
231
443
235
244
234
443
235
249
233
443
235
246
234
443
235
247
234
443
235
249
234
444
238
252
236
445
240
252
236
446
1
270
0
446
1
270
1
447
1
272
1
447
1
270
1
446
0
267
0
446
0
270
0
454
297
258
293
454
297
258
292
457
220
263
217
458
219
263
217
458
219
262
215
458
221
263
217
464
293
265
288
464
293
268
287
464
293
267
287
464
293
266
287
462
292
267
286
462
292
266
287
462
292
265
287
461
293
265
288
461
293
265
287
465
291
267
286
465
291
266
287
465
291
265
287
465
292
267
286
465
292
267
287
465
292
266
287
461
292
265
287
467
36
268
42
467
33
269
39
467
32
268
37
467
35
268
42
469
34
268
42
469
133
273
136
469
292
268
287
469
292
269
287
469
292
269
286
469
292
270
286
469
291
269
286
466
291
267
286
466
291
266
287
466
291
269
286
466
292
268
287
466
292
267
287
466
292
266
287
466
292
269
286
468
291
267
286
468
291
269
286
471
28
268
37
472
33
271
39
472
33
271
40
472
33
272
41
470
34
268
42
471
34
271
40
471
34
272
41
471
34
268
42
471
34
271
42
472
34
271
40
472
34
272
41
472
34
268
42
472
34
271
42
470
35
268
42
470
35
271
42
470
36
268
42
470
36
271
42
473
226
279
224
473
279
273
274
472
284
273
278
473
285
273
278
472
219
277
217
472
219
277
218
477
277
277
272
477
277
278
272
477
281
278
274
474
277
276
272
475
277
276
272
479
231
283
228
479
231
284
228
476
232
282
229
477
231
283
228
480
231
283
228
480
231
284
228
480
232
283
229
481
232
283
229
478
231
283
228
478
231
284
228
481
230
283
228
481
230
284
228
482
231
284
228
485
231
284
229
485
231
286
229
484
232
284
229
484
231
284
228
484
231
284
229
488
0
472
1
488
0
475
1
488
0
479
1
488
0
480
1
488
0
481
1
488
0
483
1
489
128
295
132
492
132
297
135
492
132
296
135
492
132
296
136
501
134
301
137
505
132
304
136
505
132
304
135
503
133
301
137
505
133
304
136
505
133
304
137
504
137
301
139
504
137
301
140
502
134
301
137
502
134
301
139
502
134
301
138
508
131
304
134
509
132
304
135
509
132
306
135
506
132
304
135
507
131
304
134
510
133
305
136
602
284
479
277
603
284
479
277
