paris_invalides_000672.jpg
paris_invalides_000663.jpg
57
190
159
211
61
189
159
216
67
188
161
222
73
177
161
220
85
139
160
209
85
139
159
211
85
139
159
210
89
140
164
208
89
140
165
206
89
140
165
208
89
140
162
213
89
140
163
211
89
140
163
210
89
140
163
212
89
140
167
205
87
141
165
205
87
141
165
203
87
141
165
204
87
141
162
209
87
141
165
206
87
141
162
208
88
141
165
205
88
141
164
208
88
141
165
206
88
141
162
213
88
141
163
211
88
141
163
210
88
144
165
208
88
144
163
213
86
140
161
209
86
140
159
211
86
140
159
212
86
140
165
203
86
140
165
202
86
140
162
208
87
140
165
205
87
140
165
203
87
140
165
204
87
140
162
209
87
140
162
208
87
140
166
201
89
141
165
208
89
141
162
213
89
141
163
213
89
141
163
211
89
141
163
212
89
141
167
205
86
141
161
209
86
141
159
211
86
141
159
212
86
141
165
203
86
141
165
204
86
141
165
202
86
141
162
209
86
141
162
208
87
142
165
205
87
142
165
204
87
142
164
208
87
142
162
209
87
142
165
206
87
142
163
210
87
145
165
208
87
145
162
213
87
145
163
213
87
145
163
211
87
145
163
212
98
94
173
184
99
95
172
187
99
95
176
184
98
99
173
191
98
100
169
198
98
100
173
191
98
100
173
192
98
100
171
193
98
100
172
193
98
100
174
191
101
99
173
193
101
99
173
194
101
99
175
192
98
98
174
188
99
100
173
192
99
100
173
193
99
100
173
194
99
100
170
198
99
100
174
191
101
100
173
194
131
35
175
179
375
92
208
205
