paris_invalides_000666.jpg
paris_invalides_000663.jpg
166
220
168
218
247
143
235
161
349
194
305
200
350
191
308
201
350
191
309
200
350
191
308
200
169
203
171
202
352
192
311
202
352
192
310
200
352
192
309
200
248
142
235
161
248
157
242
174
248
157
241
174
170
204
172
204
164
205
164
208
164
205
165
206
348
196
305
204
348
196
306
205
360
203
321
219
360
203
320
217
246
132
233
152
354
195
311
202
160
213
163
211
160
213
162
213
353
195
310
204
353
195
310
203
347
196
305
204
163
202
165
202
249
157
242
174
249
157
241
174
353
190
311
198
174
222
175
221
349
192
308
201
349
192
308
202
164
206
164
208
164
206
165
208
163
204
165
202
163
204
165
203
163
204
165
204
163
206
165
205
163
206
164
208
163
206
165
206
353
192
311
202
353
192
311
201
353
192
310
200
353
192
310
198
353
192
311
200
215
161
208
177
353
193
311
202
353
193
311
201
353
193
310
200
351
190
310
200
350
196
308
207
350
196
305
200
352
191
311
201
352
191
310
200
160
214
162
213
243
127
230
148
353
194
311
202
353
194
309
200
