paris_invalides_000662_lt_1.jpg
paris_invalides_000663.jpg
278
155
262
125
278
155
262
123
278
155
263
124
321
233
310
205
321
233
312
209
321
233
311
208
321
233
311
210
321
233
313
211
321
233
310
204
321
233
312
210
321
233
314
214
321
233
313
210
327
241
321
220
272
150
259
121
269
155
255
127
269
155
256
126
269
155
255
126
268
136
252
100
316
230
309
212
326
240
321
220
237
156
219
130
237
156
219
129
277
215
274
191
319
234
310
212
238
156
219
127
238
156
219
130
238
156
219
129
238
156
219
131
266
154
253
125
318
228
311
210
187
238
167
207
184
240
165
208
184
240
163
210
315
233
307
214
242
156
223
126
183
238
165
203
326
231
316
206
326
231
315
205
326
231
320
213
326
231
318
211
326
231
315
206
321
236
315
217
321
236
313
214
327
235
317
211
327
235
320
215
327
235
318
211
269
146
257
117
325
235
317
214
325
235
320
217
325
235
315
211
325
235
316
212
325
235
317
212
325
235
316
211
281
221
277
197
322
230
314
208
322
230
315
212
322
230
314
209
322
230
314
210
322
230
313
208
322
230
315
211
189
226
166
201
325
242
319
222
271
136
253
100
271
138
256
103
188
226
166
201
188
226
165
202
188
226
167
197
317
230
310
212
328
237
317
211
328
237
320
216
328
237
320
215
268
156
255
127
268
156
255
126
188
235
165
208
188
235
167
205
314
233
306
213
314
233
307
214
322
225
315
205
322
225
314
203
322
225
315
206
243
154
224
125
275
152
260
123
275
152
262
123
268
151
255
122
188
236
165
208
188
236
169
202
188
236
167
205
324
237
316
215
322
234
310
205
322
234
315
214
322
234
312
209
322
234
314
211
322
234
311
208
322
234
313
211
322
234
310
204
322
234
312
210
322
234
313
210
324
233
314
208
324
233
317
214
324
233
315
208
324
233
314
209
324
233
315
211
324
233
316
212
324
233
317
212
324
233
316
211
279
218
275
193
272
149
259
119
317
215
304
186
185
235
165
203
185
235
165
204
266
227
265
201
317
233
309
212
317
233
308
211
265
227
265
201
239
157
219
130
239
157
219
129
239
157
219
131
325
231
316
206
325
231
315
208
325
231
315
205
325
231
317
211
325
231
315
207
325
231
320
215
325
231
318
211
325
231
315
206
325
233
317
211
325
233
317
212
325
233
315
207
325
233
320
216
325
233
316
211
320
228
312
209
320
228
313
208
320
228
314
211
320
228
313
211
320
228
313
210
273
140
259
106
370
373
392
364
314
236
305
214
314
235
305
214
327
238
320
217
327
238
320
216
324
238
316
217
271
155
256
126
186
237
165
208
186
237
163
210
186
237
165
206
186
237
164
208
323
228
315
208
323
228
315
205
323
228
317
211
323
228
315
207
323
228
315
206
269
148
257
118
269
148
257
119
243
152
223
124
240
169
223
138
184
237
162
208
184
237
165
203
184
237
165
204
269
153
255
123
269
153
256
124
269
153
255
126
330
238
320
213
330
238
320
212
266
153
253
124
268
229
268
201
272
151
259
121
189
225
166
201
189
225
165
202
327
232
320
213
327
232
320
212
369
372
392
364
328
238
320
217
328
238
320
216
328
238
320
215
324
236
315
212
324
236
314
210
324
236
316
215
324
236
317
215
324
236
314
211
324
236
310
204
324
236
313
210
319
231
311
210
319
231
313
214
242
152
222
123
324
235
317
214
324
235
315
212
324
235
314
209
324
235
314
210
324
235
313
208
324
235
315
211
324
235
317
215
324
235
314
211
324
235
316
212
236
160
216
133
323
230
314
208
323
230
315
208
323
230
314
209
323
230
316
212
323
230
315
207
323
230
316
211
238
161
218
133
238
161
219
131
238
161
219
132
190
225
166
201
267
156
254
128
237
161
218
132
183
239
165
205
183
239
162
209
286
235
284
212
322
235
310
205
322
235
315
214
322
235
312
209
322
235
316
217
322
235
313
211
322
235
312
210
322
235
314
214
322
235
313
210
273
154
259
126
273
154
258
125
278
154
264
123
278
154
263
124
284
223
280
200
185
237
165
205
185
237
165
206
185
237
164
208
185
237
162
209
316
232
309
212
316
232
308
211
327
231
320
212
329
238
320
213
329
238
320
215
237
159
218
132
237
159
219
131
264
227
265
201
371
373
392
364
323
233
314
208
323
233
317
214
323
233
315
212
323
233
314
209
323
233
314
210
323
233
313
208
323
233
315
211
323
233
317
215
323
233
314
211
323
233
316
212
323
233
313
210
314
210
305
185
315
211
305
185
237
155
217
127
327
236
315
208
327
236
317
211
327
236
317
212
327
236
320
216
327
236
320
215
325
237
317
214
325
237
316
215
325
237
317
215
273
153
258
125
273
153
260
123
275
155
259
126
275
155
260
123
277
155
262
125
277
155
262
123
277
155
263
124
325
236
317
214
325
236
315
212
325
236
317
215
325
236
316
212
318
233
310
212
318
233
309
212
322
226
315
206
327
234
320
213
327
234
320
215
327
234
318
211
211
195
226
104
276
153
262
125
276
153
262
123
276
153
263
124
327
239
320
217
327
239
320
218
327
239
321
219
193
230
170
206
270
156
255
127
270
156
256
126
270
156
255
128
270
156
255
126
236
156
216
129
236
156
217
127
187
235
165
205
187
235
165
206
271
149
258
120
267
227
265
201
277
154
262
125
277
154
262
123
277
154
263
124
323
229
314
208
323
229
315
208
323
229
317
212
323
229
315
207
323
229
315
206
323
229
316
211
324
231
314
208
324
231
315
208
324
231
317
211
324
231
317
212
324
231
315
207
324
231
315
206
324
231
316
211
319
228
312
209
319
228
311
208
319
228
313
211
319
228
312
210
272
156
258
125
272
156
257
127
272
156
256
126
276
156
262
125
321
235
315
217
321
235
313
214
321
235
314
214
321
229
315
212
321
229
314
209
321
229
314
210
321
229
313
208
321
229
314
211
321
229
313
210
190
234
170
203
191
231
170
203
325
234
317
211
325
234
317
212
325
234
316
211
242
151
222
123
267
154
254
125
238
155
219
127
238
155
219
130
238
155
219
129
276
155
262
125
276
155
262
123
237
160
218
133
237
160
218
132
269
136
252
100
269
136
253
100
