25_25_l.jpg
25_25_r.jpg
212
161
70
148
216
148
79
135
216
148
78
134
216
149
78
135
217
151
79
137
217
150
79
136
217
156
78
142
217
154
78
140
221
149
83
134
220
149
81
134
218
151
79
136
218
151
79
137
219
154
79
139
219
157
79
142
312
278
177
280
310
280
176
283
312
285
176
283
313
284
179
284
313
284
180
284
310
283
176
283
315
284
179
284
315
284
180
284
315
284
181
284
315
284
182
284
320
343
183
345
321
362
183
365
321
362
184
365
321
362
184
366
321
363
184
365
321
363
184
366
324
285
190
285
325
344
188
346
326
288
192
288
326
288
192
289
327
288
192
288
327
288
192
289
327
288
194
289
329
288
194
288
329
288
194
289
329
288
195
289
329
288
196
289
327
287
192
288
327
287
192
289
327
287
193
288
327
287
193
287
327
287
194
288
327
287
194
289
328
288
192
289
328
288
193
288
328
288
194
288
328
288
194
289
328
288
195
289
328
288
196
289
326
287
192
288
326
287
192
289
326
287
193
288
326
287
193
287
329
289
194
289
329
289
196
289
327
345
190
347
327
359
193
361
333
285
201
287
333
285
201
286
333
285
203
288
331
288
195
289
331
288
196
289
331
288
198
289
331
288
199
289
331
288
200
289
331
288
204
289
331
288
203
288
331
288
205
290
331
289
204
289
331
289
203
288
331
289
205
291
331
289
205
290
333
288
200
289
333
288
204
289
333
288
203
288
333
288
205
290
333
288
204
291
332
289
204
289
332
289
203
288
332
289
205
291
332
289
205
290
332
289
204
291
333
289
204
289
333
289
203
288
333
289
205
291
333
289
205
290
333
289
204
291
333
304
199
305
331
327
196
329
332
327
196
329
332
327
197
329
333
327
197
329
333
327
198
329
333
327
199
329
332
344
194
346
332
344
195
346
336
288
204
289
336
288
203
288
336
288
205
291
336
288
205
290
336
288
204
291
335
289
204
289
335
289
205
291
335
289
205
290
335
289
204
291
336
287
198
289
336
287
199
289
336
287
200
289
336
287
204
289
336
287
203
288
336
287
205
290
334
286
196
289
334
286
197
289
334
286
198
289
334
286
199
289
334
286
201
287
334
286
201
286
334
286
200
289
334
286
204
289
334
286
203
288
334
289
204
289
334
289
203
288
334
289
205
291
334
289
205
290
334
289
204
291
336
289
204
289
336
289
205
291
336
289
205
290
336
289
204
291
337
289
204
289
337
289
205
291
337
289
205
290
337
289
204
291
336
293
206
293
336
293
204
293
336
293
209
295
336
293
208
294
337
294
205
297
337
294
204
297
337
294
206
293
337
294
209
295
337
294
210
296
337
294
208
294
337
293
204
297
337
293
206
293
337
293
204
293
337
293
209
295
337
293
208
294
337
292
205
291
337
292
206
293
337
292
204
293
337
292
208
294
335
317
201
319
335
321
201
322
335
321
201
323
334
321
201
322
336
321
201
322
336
321
201
323
337
321
201
322
337
321
201
323
338
289
204
289
338
289
205
291
338
289
205
290
338
289
204
291
338
320
201
322
340
321
205
323
340
321
205
322
340
321
204
324
338
324
204
324
338
324
204
325
337
325
201
328
339
322
205
323
339
322
205
322
339
322
204
324
339
323
205
323
339
323
204
324
339
323
204
325
341
293
206
293
341
293
209
295
341
293
210
296
341
293
208
294
343
320
208
322
345
320
208
322
345
320
211
322
343
321
208
322
344
297
209
297
344
297
209
295
344
297
210
296
344
299
205
299
344
299
209
297
