Test65.jpg
Test67.jpg
249
113
391
272
253
113
392
268
252
113
392
268
252
113
391
268
252
113
395
280
252
113
396
281
252
113
396
282
252
113
396
283
252
112
392
268
252
112
391
268
252
112
396
281
252
112
396
282
250
115
391
272
253
116
391
268
253
116
395
280
253
116
396
281
253
116
396
282
253
116
396
283
250
114
391
272
253
114
396
281
253
114
396
282
253
121
395
280
253
119
395
280
253
119
396
281
253
119
396
282
253
119
396
283
253
122
395
280
255
108
399
272
255
108
403
291
255
108
404
292
255
108
406
298
255
109
399
272
255
109
402
290
255
109
405
297
254
107
407
301
254
108
402
290
254
108
405
297
256
109
399
272
256
109
403
291
256
109
404
292
256
109
405
297
256
109
406
296
256
109
406
298
256
109
407
301
256
109
407
299
256
109
408
303
254
111
400
288
254
124
395
280
254
124
396
283
256
125
392
268
254
126
391
268
256
128
392
268
256
128
391
268
254
132
372
244
260
120
399
273
260
120
399
272
260
120
401
283
257
118
398
280
257
118
400
288
260
119
399
273
260
119
400
275
260
119
399
272
260
119
401
282
260
119
401
283
260
118
399
273
260
118
400
275
260
118
399
272
260
118
401
282
260
118
401
283
256
121
397
280
261
121
399
273
261
121
399
272
262
121
399
272
269
145
391
268
267
146
391
272
269
144
392
268
269
144
391
268
274
159
391
268
275
156
392
268
274
156
376
244
274
156
391
268
277
157
380
245
277
157
380
246
277
173
375
246
277
172
375
246
279
168
390
262
278
174
375
246
298
292
241
250
