Test1501_blur2.jpg
Test1500.jpg
318
133
287
134
328
300
299
303
307
125
276
127
321
155
290
156
361
186
330
188
361
186
331
187
419
231
385
232
419
231
388
233
419
231
387
233
419
231
386
232
419
231
386
233
306
127
275
130
306
127
275
129
110
204
72
204
446
269
414
270
322
154
290
156
488
225
453
226
331
301
302
304
446
218
414
219
446
218
414
218
446
218
413
218
446
218
412
220
446
218
413
219
397
226
366
227
453
210
421
211
453
210
420
211
559
350
526
350
411
275
378
278
411
275
379
277
411
275
380
276
351
307
319
308
351
307
318
308
556
344
520
344
556
344
519
343
317
284
286
287
317
284
289
288
335
302
305
305
442
220
411
220
442
220
409
222
442
220
408
221
442
220
410
221
442
220
408
220
442
220
409
219
442
220
410
222
360
228
332
229
360
228
331
229
430
219
399
220
430
219
398
219
430
219
400
219
430
219
396
220
430
219
398
220
430
219
397
219
430
219
395
219
487
258
455
259
487
258
455
260
487
258
453
258
531
251
494
250
436
219
401
220
436
219
402
220
436
219
403
218
436
219
403
221
436
219
404
218
436
219
402
222
332
301
302
304
332
301
303
304
530
251
494
250
452
218
420
220
452
218
419
221
452
218
419
219
334
319
304
322
386
244
358
244
386
244
355
246
386
244
357
245
386
244
356
245
386
244
353
247
386
244
357
244
488
258
455
259
488
258
455
260
543
269
510
269
397
216
364
217
383
246
352
248
383
246
353
248
383
246
351
248
383
246
351
249
383
246
353
247
383
246
354
247
116
203
79
206
116
203
80
206
588
258
552
256
561
331
524
330
561
331
527
331
561
331
525
330
557
340
520
339
384
246
352
248
384
246
353
248
384
246
351
248
384
246
351
249
384
246
353
247
384
246
354
247
355
227
325
229
355
227
326
229
383
285
351
288
383
285
353
286
383
285
352
287
383
285
353
287
421
232
389
233
421
232
388
233
421
232
387
233
421
232
388
234
568
216
531
216
395
221
363
223
395
221
363
222
417
301
386
302
417
301
385
302
385
280
354
281
385
280
352
282
385
280
353
282
429
219
399
220
429
219
398
219
429
219
396
220
429
219
398
220
429
219
397
219
429
219
395
219
468
226
435
227
468
226
434
227
468
226
435
226
598
189
559
190
598
189
560
189
598
189
559
189
598
189
557
192
342
309
311
311
438
218
406
219
438
218
404
218
561
332
525
331
410
215
379
217
410
215
378
216
410
215
378
217
410
215
376
217
427
218
398
218
427
218
393
219
427
218
396
220
427
218
391
220
427
218
397
219
427
218
395
219
393
215
361
217
237
99
205
100
237
99
204
100
464
242
429
242
450
222
416
223
450
222
416
225
520
248
485
248
443
221
411
220
443
221
409
222
443
221
411
222
443
221
410
221
443
221
412
220
443
221
410
222
358
217
329
220
358
217
328
220
608
187
568
188
608
187
570
188
608
187
568
187
436
220
402
220
436
220
403
221
436
220
402
222
449
212
416
213
505
258
468
259
381
286
351
288
354
227
325
229
354
227
326
229
398
220
365
222
398
220
366
221
357
218
328
221
357
218
328
220
387
244
358
244
387
244
355
246
387
244
357
245
387
244
356
245
387
244
357
246
387
244
354
247
362
230
334
230
420
217
390
219
420
217
385
218
420
217
388
218
420
217
391
218
590
258
554
256
413
214
377
215
413
214
378
216
413
214
380
215
608
192
567
192
387
282
354
284
387
282
355
285
387
282
355
283
387
282
355
284
387
282
356
282
387
282
357
284
387
282
356
284
467
242
431
242
466
254
435
255
466
254
434
255
400
216
367
217
400
216
368
218
400
216
367
218
410
277
378
278
410
277
377
278
410
277
379
277
341
304
311
306
340
290
309
293
340
290
308
292
389
281
357
284
419
217
385
218
419
217
388
218
559
333
524
333
462
237
430
237
394
221
362
223
440
219
408
221
440
219
406
219
440
219
408
220
440
219
409
219
440
219
406
221
304
139
273
141
538
170
502
171
538
170
503
171
403
231
372
231
403
231
371
232
403
231
370
233
403
231
371
233
317
129
286
131
317
129
286
130
435
217
400
219
435
217
401
218
435
217
403
217
435
217
403
218
435
217
404
218
435
217
400
218
435
217
402
218
354
226
325
229
354
226
326
229
513
248
478
248
448
219
417
219
448
219
416
220
448
219
415
219
439
219
406
219
439
219
406
221
604
192
565
192
604
192
563
192
604
192
565
193
604
192
564
192
604
192
563
193
604
192
566
192
604
192
563
191
604
192
564
190
604
192
564
191
604
192
565
191
513
262
478
263
316
127
285
128
382
247
352
248
382
247
353
248
382
247
351
248
382
247
351
249
398
219
366
221
333
288
303
291
333
288
304
291
382
248
351
249
382
248
351
250
401
218
368
220
401
218
369
220
590
200
551
201
325
145
294
147
325
145
293
147
292
292
261
295
292
292
263
295
432
219
401
220
432
219
399
220
432
219
398
219
432
219
400
219
432
219
396
220
432
219
398
220
432
219
397
219
432
219
400
218
561
329
526
328
598
203
559
204
598
203
558
204
307
126
276
127
519
248
485
248
361
226
333
228
400
218
368
220
605
191
565
192
605
191
563
192
605
191
565
193
605
191
564
192
605
191
563
193
605
191
567
192
605
191
566
192
605
191
563
191
605
191
564
190
605
191
564
191
605
191
565
191
605
191
567
193
603
192
565
192
603
192
563
192
603
192
565
193
603
192
564
192
603
192
563
193
603
192
563
191
603
192
564
190
603
192
564
191
603
192
565
191
602
190
563
192
602
190
561
191
602
190
561
192
602
190
563
193
602
190
563
191
602
190
562
190
602
190
564
190
483
224
448
225
483
224
450
224
483
224
450
225
392
222
360
224
392
222
361
224
293
292
263
295
410
276
378
278
410
276
377
278
410
276
379
277
452
225
422
226
452
225
419
226
452
225
418
226
452
225
421
226
361
228
332
229
361
228
333
229
337
303
306
305
596
203
557
204
596
203
556
204
596
203
558
204
330
300
302
304
330
300
299
303
417
270
386
271
412
216
379
217
412
216
378
217
412
216
376
217
364
223
336
224
390
223
359
224
390
223
358
225
340
318
308
321
340
318
309
320
560
334
524
333
601
191
561
191
601
191
561
192
601
191
563
191
601
191
562
190
395
220
363
222
414
272
382
274
414
272
383
274
389
243
358
244
389
243
357
245
389
243
360
243
408
278
377
278
408
278
375
280
339
320
309
324
339
320
308
322
339
320
309
323
306
128
275
130
306
128
275
129
333
301
302
304
333
301
303
304
559
334
524
333
559
334
524
334
320
144
289
145
320
144
288
146
320
144
289
146
319
144
289
145
319
144
288
146
512
262
478
263
556
342
520
341
394
222
362
223
322
145
291
147
489
259
455
260
489
259
455
261
388
282
355
284
388
282
357
284
388
282
356
284
389
244
357
246
311
311
280
315
311
311
280
314
117
205
81
206
601
189
561
191
601
189
561
192
601
189
561
189
601
189
562
190
601
189
562
187
601
189
560
191
346
305
317
308
346
305
313
307
346
305
317
307
346
305
312
307
346
305
314
307
346
305
318
308
511
175
476
176
383
286
351
288
383
286
353
286
383
286
352
287
383
286
353
287
422
229
386
231
422
229
390
230
422
229
389
229
457
255
425
256
424
217
391
217
424
217
390
219
424
217
392
217
424
217
392
218
424
217
393
219
424
217
391
218
307
127
275
129
386
283
354
284
386
283
355
285
386
283
355
283
386
283
355
284
386
283
356
284
376
305
345
306
376
305
344
307
376
305
346
306
110
203
72
204
110
203
73
204
337
317
306
320
536
170
501
170
536
170
502
171
536
170
501
171
556
345
520
344
556
345
518
344
556
345
520
345
512
260
478
261
512
260
471
261
512
260
472
261
512
260
475
262
512
260
473
261
512
260
480
261
512
260
476
262
512
249
478
249
512
249
477
249
535
175
500
176
397
219
365
221
433
217
398
219
433
217
400
219
433
217
398
218
433
217
401
218
433
217
400
217
433
217
398
217
433
217
400
218
433
217
402
218
441
220
409
222
441
220
408
221
441
220
408
220
441
220
409
219
404
281
373
282
514
247
479
247
514
247
480
246
321
154
290
156
580
195
544
195
385
246
353
249
385
246
352
248
385
246
353
248
385
246
354
247
104
204
65
207
381
248
351
250
405
280
373
282
557
341
520
340
238
99
205
100
238
99
204
100
345
305
317
308
345
305
313
307
345
305
312
307
345
305
314
307
481
224
448
225
481
224
447
225
445
218
411
220
445
218
414
218
445
218
413
218
445
218
412
218
445
218
412
220
445
218
413
219
348
306
319
308
348
306
317
308
348
306
317
307
348
306
318
308
340
303
311
306
573
258
535
257
573
258
536
257
347
305
319
308
347
305
317
308
347
305
313
307
347
305
317
307
347
305
314
307
347
305
318
308
560
335
523
334
560
335
524
334
339
319
308
322
339
319
308
321
339
319
309
323
555
344
520
344
555
344
519
343
602
191
563
192
602
191
561
191
602
191
564
192
602
191
561
192
602
191
563
193
602
191
563
191
602
191
562
190
602
191
564
190
602
191
564
191
105
204
65
207
401
299
371
300
401
299
369
301
396
220
364
222
112
200
76
202
558
340
520
339
447
218
414
219
447
218
414
218
447
218
415
219
447
218
413
219
399
299
369
301
305
132
274
134
404
231
375
232
404
231
372
233
404
231
371
232
404
231
371
233
342
304
313
307
342
304
311
306
342
304
312
307
305
131
274
133
432
217
398
219
432
217
400
219
432
217
398
218
432
217
401
218
432
217
400
217
432
217
398
217
432
217
397
219
432
217
400
218
106
204
65
207
555
346
520
345
555
346
518
345
253
111
220
111
107
204
65
207
604
189
563
192
604
189
564
192
604
189
563
191
604
189
562
190
604
189
564
190
604
189
564
191
604
189
565
191
305
133
274
134
555
345
520
344
555
345
518
344
555
345
520
345
555
345
518
345
375
185
342
188
375
185
345
188
433
219
401
220
433
219
402
220
433
219
399
220
433
219
400
219
433
219
401
218
433
219
398
220
433
219
400
218
433
219
402
218
387
283
355
285
387
283
355
283
387
283
355
284
387
283
357
284
387
283
356
284
356
226
326
227
356
226
327
227
116
204
79
206
116
204
80
206
446
221
412
222
446
221
413
222
607
192
565
192
607
192
565
193
607
192
564
192
607
192
569
193
607
192
567
192
607
192
566
192
607
192
568
193
607
192
565
191
607
192
567
193
400
217
368
218
400
217
367
218
412
275
379
277
412
275
380
276
511
260
478
261
511
260
471
261
511
260
468
261
511
260
472
261
511
260
475
262
511
260
473
261
511
260
476
262
318
232
288
236
318
232
287
236
383
248
353
249
383
248
351
249
383
248
351
250
465
242
431
242
109
203
72
204
109
203
73
204
385
245
355
246
385
245
352
248
385
245
357
245
385
245
356
245
385
245
353
247
385
245
354
247
343
304
313
307
343
304
311
306
343
304
312
307
343
304
314
307
386
245
355
246
386
245
357
245
386
245
353
247
386
245
357
246
386
245
354
247
243
35
208
35
306
131
274
133
555
343
519
343
419
232
388
233
419
232
387
233
419
232
388
234
419
232
386
233
537
169
501
170
277
116
245
116
277
116
245
117
559
335
523
334
559
335
524
334
535
171
501
171
535
171
500
172
413
213
377
215
413
213
382
215
413
213
380
215
413
213
380
214
413
213
381
214
422
266
390
267
473
244
438
244
477
256
444
257
353
336
323
337
465
254
435
255
465
254
433
255
465
254
434
255
411
212
380
214
478
253
445
254
501
261
468
263
304
136
273
138
597
198
557
198
597
198
557
199
415
216
382
218
415
216
383
217
415
216
384
217
415
216
383
218
608
193
569
193
608
193
567
192
608
193
566
192
608
193
568
193
400
219
368
220
400
219
367
221
604
191
565
192
604
191
563
192
604
191
565
193
604
191
564
192
604
191
563
193
604
191
566
192
604
191
563
191
604
191
564
190
604
191
564
191
604
191
565
191
401
219
368
220
401
219
369
220
339
303
306
305
358
227
329
228
381
285
351
288
384
298
351
300
414
216
382
218
414
216
379
217
414
216
378
217
414
216
383
217
414
216
383
218
321
145
290
146
414
273
382
274
414
273
383
274
454
222
422
223
454
222
423
222
454
222
421
223
484
258
451
258
484
258
450
258
484
258
452
259
353
307
323
308
533
251
494
250
462
234
430
234
462
234
430
233
105
203
65
207
359
229
330
230
452
210
419
212
452
210
420
211
414
300
383
301
341
303
311
306
341
303
312
307
319
135
288
138
295
292
265
295
453
222
422
223
453
222
420
223
453
222
421
223
508
260
471
261
508
260
468
261
508
260
472
261
508
260
473
261
109
204
72
204
511
249
477
249
606
191
565
192
606
191
565
193
606
191
564
192
606
191
567
192
606
191
566
192
606
191
564
191
606
191
568
193
606
191
565
191
606
191
567
193
601
192
563
192
601
192
561
191
601
192
561
192
601
192
563
191
601
192
562
190
557
342
520
341
536
171
502
171
536
171
501
171
422
265
390
267
462
238
430
237
462
238
429
238
598
204
559
204
505
285
471
285
505
285
470
284
319
285
289
288
234
99
201
100
234
99
202
100
554
345
520
344
554
345
518
344
554
345
520
345
554
345
518
345
560
332
525
331
481
257
449
259
481
257
449
258
560
331
525
331
560
331
524
330
560
331
525
330
338
315
307
318
512
171
477
172
512
261
480
262
512
261
475
262
512
261
479
262
512
261
478
263
512
261
476
262
512
261
478
262
394
215
362
217
580
194
544
194
387
243
358
244
387
243
357
245
387
243
356
245
387
243
357
244
319
138
288
140
319
138
288
139
106
203
72
204
599
190
559
190
599
190
560
189
599
190
561
189
599
190
560
191
352
307
319
308
352
307
323
308
423
232
389
233
423
232
388
233
423
232
388
234
388
243
358
244
388
243
357
245
388
243
356
245
388
243
360
243
388
243
357
244
444
217
411
218
444
217
411
220
444
217
412
218
444
217
410
217
235
99
201
100
235
99
202
100
350
306
319
308
350
306
317
308
350
306
318
308
435
220
401
220
435
220
402
220
435
220
403
221
435
220
402
222
477
224
442
224
477
224
444
224
381
299
351
300
381
299
351
301
391
222
359
224
306
129
275
130
511
174
476
175
382
299
351
300
382
299
351
301
329
300
299
303
511
171
477
172
484
257
452
258
484
257
451
258
484
257
451
257
484
257
450
258
484
257
452
259
412
274
382
274
412
274
383
274
412
274
380
276
399
219
367
221
327
307
296
310
311
312
280
315
502
284
470
284
455
222
422
223
455
222
425
224
455
222
423
222
455
222
424
222
360
217
330
220
336
321
305
324
320
143
289
145
375
305
345
306
375
305
344
307
375
305
346
306
555
347
519
347
349
306
319
308
349
306
317
308
349
306
317
307
349
306
318
308
388
244
358
244
388
244
357
245
388
244
357
246
419
268
387
270
439
220
406
219
439
220
408
220
439
220
406
221
425
218
390
219
425
218
392
218
425
218
393
219
425
218
391
220
425
218
395
219
357
225
328
227
359
228
330
230
359
228
331
229
413
274
382
274
413
274
383
274
413
274
380
276
393
222
361
223
393
222
361
224
430
218
399
220
430
218
398
219
430
218
398
218
430
218
396
220
430
218
398
220
430
218
397
219
430
218
395
219
430
218
400
218
511
262
478
263
416
231
385
232
416
231
386
232
416
231
386
233
316
126
285
128
423
266
390
267
397
215
364
216
397
215
365
217
397
220
365
222
397
220
365
221
397
220
364
222
393
221
361
223
429
215
396
217
429
215
398
217
399
216
366
217
399
216
367
218
382
286
351
288
382
286
352
287
317
128
286
130
600
190
561
191
600
190
561
192
600
190
561
189
600
190
562
190
600
190
560
191
118
204
81
206
454
219
421
220
383
247
353
249
383
247
352
248
383
247
353
248
383
247
351
248
383
247
351
249
383
247
351
250
430
215
396
217
430
215
398
217
429
218
398
219
429
218
398
218
429
218
393
219
429
218
396
220
429
218
398
220
429
218
397
219
429
218
395
219
453
219
421
220
453
219
420
220
353
328
325
329
600
191
561
191
600
191
561
192
600
191
561
189
600
191
562
190
600
191
560
191
537
170
502
171
606
192
565
192
606
192
565
193
606
192
564
192
606
192
567
192
606
192
566
192
606
192
564
191
606
192
568
193
606
192
565
191
606
192
567
193
371
186
342
188
371
186
341
188
597
188
558
189
390
224
359
224
390
224
358
225
449
219
417
219
449
219
417
220
449
219
416
220
449
219
418
218
556
341
520
341
556
341
520
340
355
228
325
229
355
228
326
229
596
204
557
204
407
278
375
280
596
200
557
200
532
251
494
250
485
257
452
258
485
257
451
258
485
257
451
257
485
257
452
259
485
257
453
258
453
221
422
223
453
221
420
223
453
221
421
223
595
195
556
196
451
219
419
221
451
219
419
219
348
305
319
308
348
305
317
308
348
305
317
307
348
305
318
308
443
217
411
218
443
217
410
217
443
217
409
219
603
191
565
192
603
191
563
192
603
191
564
192
603
191
561
192
603
191
563
193
603
191
563
191
603
191
564
190
603
191
564
191
603
191
565
191
429
217
398
219
429
217
398
218
429
217
393
219
429
217
396
217
429
217
398
217
429
217
397
219
429
217
395
219
469
243
434
243
488
259
455
260
488
259
455
261
518
248
485
248
