S34_01.png
S34_02.png
259
278
463
290
263
279
467
291
267
281
470
292
269
284
472
295
268
285
470
297
270
120
443
122
271
277
475
288
277
272
480
282
277
272
481
282
277
273
481
282
274
274
477
285
274
275
477
285
274
275
478
285
275
275
478
285
274
279
478
289
279
272
480
282
279
272
481
282
289
282
488
293
289
282
493
291
289
282
492
291
289
282
490
291
289
282
491
291
288
282
493
291
288
282
492
291
288
282
490
291
288
282
491
291
288
155
470
155
288
155
468
156
288
155
470
156
288
156
468
156
288
156
470
156
292
271
496
279
290
283
489
293
290
283
490
293
290
283
493
293
290
283
494
293
290
283
497
292
290
283
496
292
292
283
489
293
292
283
490
293
292
283
493
293
292
283
494
293
292
283
495
293
292
283
497
292
292
283
496
292
292
283
497
293
291
282
488
293
291
282
489
293
291
282
493
291
291
282
492
291
291
282
491
291
297
282
489
293
297
282
493
291
297
282
492
291
297
282
490
293
297
282
497
292
297
282
496
292
296
282
489
293
296
282
493
291
296
282
492
291
296
282
491
291
296
282
490
293
296
282
497
292
296
282
496
292
