h1.jpg
h2.jpg
348
160
228
155
349
160
230
157
349
161
230
157
361
140
241
157
361
140
240
157
360
139
239
159
360
143
240
155
362
141
241
157
362
149
240
157
361
156
240
154
361
156
241
156
361
156
240
155
361
156
240
157
361
156
240
149
361
156
240
151
361
156
242
152
361
157
241
157
361
157
240
154
361
157
241
156
361
157
240
155
361
157
240
157
361
157
240
151
360
152
240
149
360
152
240
151
364
155
241
157
364
155
240
157
360
158
240
154
360
158
240
155
360
158
240
151
361
160
241
157
361
160
240
154
361
160
241
156
361
160
240
155
361
160
240
157
360
159
240
154
368
155
247
156
367
161
247
156
367
160
246
155
367
160
247
156
378
156
267
155
378
156
268
155
378
156
270
155
378
156
271
154
381
156
268
155
381
156
270
156
381
156
271
156
381
156
270
155
381
158
265
156
381
158
264
157
381
158
267
155
381
158
267
156
381
158
268
155
381
158
270
156
381
158
271
156
381
158
270
155
381
158
270
157
384
100
265
95
384
100
266
97
385
107
267
99
384
156
267
155
384
156
268
155
384
156
271
156
384
156
270
155
384
156
271
154
384
156
272
155
383
160
265
156
383
160
264
157
383
160
267
155
383
160
268
157
383
160
267
156
383
160
269
157
383
160
267
159
383
160
269
158
383
160
269
159
383
160
270
157
385
158
265
156
385
158
267
155
385
158
268
157
385
158
267
156
385
158
268
155
385
158
269
157
385
158
270
156
385
158
271
156
385
158
270
155
385
158
270
157
384
160
265
156
384
160
264
157
384
160
268
157
384
160
267
156
384
160
269
157
384
160
267
159
384
160
269
158
384
160
269
159
384
160
270
157
384
161
268
157
384
161
267
159
384
161
267
160
384
161
269
160
384
161
269
158
384
161
268
160
384
161
269
159
383
162
267
159
383
162
267
160
383
162
268
160
385
162
267
159
385
162
267
160
385
162
269
160
385
162
269
158
385
162
268
160
385
162
269
159
384
163
267
159
384
163
267
160
384
163
268
160
382
166
265
163
384
166
267
164
383
168
265
163
382
174
266
174
388
98
272
93
388
98
271
91
388
98
271
90
388
98
270
91
388
98
271
95
386
99
268
95
386
99
268
96
386
99
268
97
387
99
268
95
387
99
268
96
388
101
270
99
387
98
268
95
387
98
268
96
387
98
270
91
387
100
268
95
387
100
268
96
387
100
268
97
387
100
268
98
389
96
272
91
389
96
272
93
389
96
271
91
389
96
271
90
389
96
273
91
389
96
270
91
387
101
268
95
387
101
268
96
387
101
268
97
386
103
268
96
386
103
268
97
386
103
267
98
386
103
268
99
386
103
267
99
386
103
268
98
386
102
268
95
386
102
268
96
386
102
268
97
386
102
267
98
386
102
268
99
386
102
267
99
386
102
268
98
388
102
270
99
387
102
268
95
387
102
268
96
387
102
268
97
387
102
268
98
387
102
270
99
387
103
268
96
387
103
268
97
387
103
268
99
387
103
268
98
387
103
270
99
387
107
268
99
387
107
270
103
389
109
270
103
389
109
271
103
388
108
270
103
388
108
271
103
389
107
270
99
389
107
270
103
389
107
271
103
389
114
271
108
389
114
272
109
389
114
273
110
389
169
271
167
388
170
270
167
391
93
273
89
391
93
272
91
391
93
273
91
388
94
272
88
388
94
273
89
388
94
272
89
388
94
269
90
388
94
272
91
388
94
272
93
388
94
271
91
388
94
271
90
388
94
270
91
388
94
271
95
390
94
273
89
390
94
272
89
390
94
272
91
390
94
272
93
390
94
271
91
390
94
271
90
390
94
273
91
392
95
273
91
392
95
274
94
393
92
273
89
392
94
273
91
392
93
273
91
389
95
272
91
389
95
272
93
389
95
271
91
389
95
271
90
389
95
273
91
389
95
270
91
392
92
273
89
392
92
273
91
393
95
274
94
393
95
275
94
393
95
280
92
391
96
273
89
391
96
272
91
391
96
272
93
391
96
273
91
391
96
273
94
393
96
274
94
393
96
275
94
393
96
276
94
392
105
272
101
392
105
274
101
392
107
274
101
390
104
271
97
390
106
272
101
390
106
271
103
391
107
272
101
391
107
271
103
392
104
274
101
390
111
271
107
390
112
271
107
390
112
271
108
390
112
272
108
391
112
271
107
393
113
275
109
393
113
276
109
390
114
271
108
390
114
272
109
390
114
272
108
391
114
271
108
391
114
272
109
391
114
272
108
391
114
274
109
391
114
275
109
391
115
271
108
391
115
272
109
391
115
273
110
392
220
276
217
392
221
276
218
393
221
276
218
393
221
277
218
394
70
275
72
394
70
274
73
397
70
279
67
397
69
279
67
397
73
277
70
397
73
277
72
397
73
277
73
397
73
276
70
397
73
277
71
397
73
279
67
397
73
279
71
397
73
279
72
397
73
279
70
397
76
277
70
397
76
277
72
397
76
277
73
397
76
277
71
397
76
279
71
397
76
279
72
397
76
279
70
397
74
277
70
397
74
277
72
397
74
277
73
397
74
276
70
397
74
277
71
397
74
279
67
397
74
279
71
397
74
279
72
397
74
279
70
393
77
275
72
393
77
274
73
392
76
273
82
392
76
274
73
392
75
273
82
392
75
275
72
392
75
274
73
397
75
277
70
397
75
277
72
397
75
277
73
397
75
276
70
397
75
277
71
397
75
279
67
397
75
279
70
392
85
273
82
392
85
271
80
392
85
273
83
392
85
272
88
392
85
273
89
392
85
272
89
392
85
272
87
392
85
272
91
392
85
273
91
394
86
277
87
394
86
278
83
394
86
280
83
394
86
279
83
393
87
273
82
393
87
273
83
393
87
273
89
393
87
277
87
396
92
277
87
396
92
277
91
396
92
279
86
396
92
279
92
396
92
280
92
397
95
277
91
397
95
279
92
397
95
280
92
394
94
280
92
396
107
280
103
397
112
279
108
397
110
278
106
396
226
281
224
399
68
280
68
399
68
280
67
399
68
280
69
399
68
279
67
399
68
281
66
400
69
280
68
400
69
280
67
400
69
280
69
400
69
279
67
400
69
281
66
400
69
281
69
400
69
280
70
400
69
282
66
400
69
282
65
400
69
282
69
400
72
280
68
400
72
280
67
400
72
280
69
400
72
281
66
400
72
281
69
400
72
280
70
400
72
279
71
400
72
279
70
400
72
282
66
400
72
282
65
400
72
282
69
399
73
280
68
399
73
280
67
399
73
280
69
399
73
281
66
399
73
281
69
399
73
280
70
399
73
280
72
399
73
279
71
399
73
279
72
399
73
279
70
399
73
279
73
400
73
280
68
400
73
280
69
400
73
281
69
400
73
280
70
400
73
280
72
400
73
279
71
400
73
279
72
400
73
282
66
400
73
282
69
398
85
278
83
398
85
281
83
398
85
279
84
398
85
281
81
398
85
280
83
398
85
281
80
398
85
280
81
398
85
280
84
398
85
279
83
398
85
279
85
398
88
277
87
398
88
281
84
398
88
278
83
398
88
281
83
398
88
280
83
398
88
280
84
398
88
279
83
398
88
279
85
398
88
280
85
398
88
279
86
398
88
281
86
400
86
281
84
400
86
278
83
400
86
281
83
400
86
279
84
400
86
281
81
400
86
280
83
400
86
281
80
400
86
280
81
400
86
280
84
400
86
279
83
400
86
279
85
400
86
280
85
398
86
281
84
398
86
278
83
398
86
281
83
398
86
279
84
398
86
281
81
398
86
280
83
398
86
281
80
398
86
280
81
398
86
280
84
398
86
279
83
398
86
279
85
401
88
281
84
401
88
278
83
401
88
281
83
401
88
279
84
401
88
280
83
401
88
280
81
401
88
280
84
401
88
279
83
401
88
279
85
401
88
280
85
401
88
279
86
401
88
281
86
399
85
278
83
399
85
281
83
399
85
279
84
399
85
281
81
399
85
280
83
399
85
281
80
399
85
280
81
399
85
279
83
398
87
277
87
398
87
281
84
398
87
278
83
398
87
281
83
398
87
279
84
398
87
281
81
398
87
280
83
398
87
280
81
398
87
280
84
398
87
279
83
398
87
279
85
398
87
280
85
398
87
279
86
400
85
278
83
400
85
281
83
400
85
279
84
400
85
281
81
400
85
280
83
400
85
281
80
400
85
280
81
400
85
279
83
399
88
281
84
399
88
278
83
399
88
281
83
399
88
279
84
399
88
280
83
399
88
280
81
399
88
280
84
399
88
279
83
399
88
279
85
399
88
280
85
399
88
279
86
399
88
281
86
400
88
281
84
400
88
278
83
400
88
281
83
400
88
279
84
400
88
280
83
400
88
280
81
400
88
280
84
400
88
279
83
400
88
279
85
400
88
280
85
400
88
279
86
400
88
281
86
400
84
281
81
400
84
281
80
400
84
280
81
400
89
277
87
400
89
281
84
400
89
278
83
400
89
281
83
400
89
279
84
400
89
280
83
400
89
280
84
400
89
279
83
400
89
279
85
400
89
280
85
400
89
279
86
400
89
281
86
398
93
277
91
398
93
281
84
398
93
279
84
398
93
280
83
398
93
280
84
398
93
279
83
398
93
279
85
398
93
280
85
398
93
279
89
398
93
281
86
398
93
280
89
398
93
280
90
398
93
278
91
398
93
279
92
398
93
280
92
399
93
281
84
399
93
280
84
399
93
279
89
399
93
280
90
399
93
278
91
399
93
279
92
399
93
280
92
401
91
281
84
401
91
281
83
401
91
280
84
401
91
280
85
401
91
281
88
401
91
281
86
401
91
280
89
400
100
281
97
400
100
280
98
400
100
281
98
400
100
283
96
400
100
282
98
400
100
282
97
399
99
281
97
399
99
281
98
399
99
282
97
399
96
280
92
400
102
280
98
400
102
281
98
400
102
282
99
400
102
282
98
399
103
281
99
399
103
279
99
399
103
282
99
399
103
282
98
398
107
280
103
398
107
282
104
399
113
279
109
399
113
279
108
402
102
284
100
402
102
284
101
402
102
284
98
404
100
285
98
404
100
284
98
404
100
286
100
404
103
284
100
404
103
284
101
404
103
286
100
402
101
284
100
402
101
285
98
402
101
284
98
402
101
282
98
405
102
286
100
405
102
287
100
405
101
286
100
405
101
287
100
402
107
282
104
402
107
284
105
403
108
285
105
403
108
284
105
403
108
285
106
403
108
284
106
403
110
283
106
404
113
282
108
404
113
283
108
404
113
285
110
407
112
286
107
407
112
288
109
408
108
289
106
409
111
288
107
409
111
288
106
409
111
289
106
407
108
287
105
407
108
288
106
407
108
289
106
408
109
288
106
408
109
289
106
406
110
285
105
406
110
286
107
406
110
286
106
406
110
288
109
406
110
287
107
406
108
286
105
406
108
287
105
406
108
288
107
406
108
287
106
406
108
288
106
407
109
287
105
407
109
288
107
407
109
287
106
407
109
288
106
407
113
288
109
423
172
307
170
423
172
306
169
422
173
305
169
422
173
307
170
422
173
306
169
424
172
307
170
425
175
308
172
424
177
307
172
421
177
306
173
421
177
304
171
421
177
304
173
421
177
306
174
421
177
305
174
422
177
306
173
422
177
306
174
422
176
306
173
422
176
306
174
429
177
312
174
426
177
310
174
427
180
310
175
427
180
310
176
426
181
309
177
426
181
309
176
427
178
310
175
427
178
310
174
424
179
307
175
424
178
307
172
424
178
308
174
425
179
308
174
424
181
307
175
427
181
310
176
427
179
310
175
427
179
310
174
427
179
310
176
424
180
307
175
474
144
354
145
475
148
356
149
488
175
368
173
493
176
368
173
492
176
368
173
532
168
401
167
531
175
400
174
531
175
399
174
532
176
400
175
532
176
401
175
532
176
399
175
533
176
397
176
533
176
400
175
533
176
401
175
533
176
399
175
534
174
399
174
534
174
405
173
535
176
401
175
535
176
398
176
542
178
407
177
555
244
428
238
555
244
430
237
561
244
429
239
561
244
432
237
561
244
433
237
561
244
436
237
561
244
437
237
560
241
426
236
560
241
427
236
562
244
429
239
562
244
433
237
562
244
436
237
562
244
438
237
562
244
437
237
560
242
429
236
560
242
432
236
560
242
431
236
560
242
430
237
562
242
432
236
562
242
431
236
564
244
429
239
564
244
433
239
564
244
438
238
564
244
436
237
564
244
441
238
564
244
438
237
564
244
439
237
564
244
439
238
564
244
437
237
564
244
440
238
561
243
428
238
561
243
432
236
561
243
432
237
561
243
433
237
561
243
430
237
562
243
428
238
562
243
432
237
562
243
433
237
562
243
430
237
562
243
436
237
562
243
437
236
563
242
432
236
563
242
431
236
563
242
432
237
563
244
429
239
563
244
438
238
563
244
436
237
563
244
438
237
563
244
439
237
563
244
437
237
565
242
432
236
565
242
432
237
565
242
433
237
565
242
438
236
565
242
437
236
569
171
431
171
567
241
441
235
568
241
441
235
571
170
431
171
571
170
438
171
571
170
440
170
572
168
441
168
570
171
430
172
570
171
431
171
572
171
430
172
572
171
438
171
572
171
440
171
573
170
430
172
573
170
431
171
573
170
438
171
573
170
440
171
573
170
440
170
572
174
427
174
572
174
433
175
570
175
427
174
570
175
433
175
576
170
430
172
576
170
438
171
576
170
440
171
575
171
440
173
575
171
438
173
575
171
439
173
576
169
431
171
576
172
440
173
576
242
438
236
576
242
441
236
576
242
442
236
576
242
443
236
572
244
438
238
572
244
441
238
572
244
439
238
572
244
440
238
576
245
439
240
576
245
445
239
576
243
439
237
576
243
442
237
576
243
443
237
576
243
444
237
572
245
439
240
572
245
445
239
575
243
438
237
575
243
439
237
575
243
442
237
575
243
443
237
575
243
444
237
573
245
439
240
573
245
445
239
575
244
438
238
575
244
441
238
575
244
439
238
575
244
440
238
575
244
442
237
576
244
438
238
576
244
441
238
576
244
439
238
576
244
440
238
577
244
438
238
577
244
441
238
577
244
439
238
577
244
440
238
573
243
438
237
573
243
439
237
573
243
437
237
573
243
442
237
573
243
443
237
573
243
444
237
573
244
438
238
573
244
441
238
573
244
439
238
573
244
440
238
574
245
445
239
574
244
438
238
574
244
441
238
574
244
439
238
574
244
440
238
575
245
439
240
575
245
445
239
575
247
439
241
575
247
444
241
575
246
439
240
578
244
438
238
578
244
441
238
578
244
439
238
578
244
440
238
578
244
442
237
578
244
445
239
581
245
445
239
579
246
439
240
582
243
438
236
583
247
439
241
583
247
444
241
583
247
448
241
583
247
449
241
585
247
444
241
585
247
448
241
585
247
449
241
