paris_invalides_000662_sm_1.jpg
paris_invalides_000663.jpg
310
216
307
189
302
211
299
184
300
214
298
189
296
200
292
171
296
200
289
169
296
200
290
170
296
200
294
174
296
200
293
173
297
201
294
174
297
201
293
173
309
216
307
190
309
216
306
190
261
219
262
191
312
225
309
200
312
225
307
197
312
225
308
200
312
225
307
196
294
199
291
172
300
207
298
181
306
226
300
197
299
204
297
178
299
204
298
178
299
204
299
178
299
204
299
179
299
205
297
178
299
205
297
179
299
205
299
180
310
223
306
195
310
223
307
197
310
223
307
196
310
220
308
195
310
220
308
194
310
220
306
193
308
228
305
204
295
204
294
179
295
204
292
176
305
225
300
197
310
221
306
195
310
221
306
194
291
198
285
168
295
202
291
174
295
202
289
172
295
202
293
176
295
202
291
173
295
202
292
174
294
197
290
169
300
220
298
195
309
221
306
195
309
221
307
196
309
221
306
194
296
204
293
176
296
204
291
175
296
204
292
176
264
207
262
179
264
217
259
189
264
217
263
190
264
217
262
190
295
203
293
176
295
203
291
175
295
203
292
176
301
209
298
182
301
209
301
184
308
225
305
200
296
203
291
174
296
203
293
176
296
203
297
179
309
222
306
195
309
222
307
197
300
211
298
186
304
210
301
184
304
210
302
184
311
216
307
189
304
225
300
197
293
197
289
169
314
225
311
201
314
225
310
200
311
219
309
194
322
242
322
223
306
231
301
202
307
213
304
186
261
218
259
189
261
218
262
190
266
217
263
190
312
218
310
193
315
228
310
203
311
222
308
195
307
211
305
185
285
236
284
212
307
218
306
194
311
220
308
194
311
220
309
195
311
218
310
194
292
202
289
174
305
208
304
183
282
207
279
179
310
228
305
200
290
204
286
176
309
218
308
194
300
205
297
178
300
205
298
178
300
205
299
179
300
205
301
181
300
205
299
180
265
219
263
190
265
219
262
191
265
219
262
190
298
206
296
180
298
206
298
181
292
204
291
178
292
204
289
176
308
218
306
193
290
205
290
180
313
224
310
200
294
206
293
180
315
219
313
194
304
224
300
197
311
226
307
199
311
226
308
202
311
226
308
203
311
226
308
201
310
230
305
204
292
198
288
170
292
198
287
169
310
226
305
200
260
217
259
189
296
198
290
169
299
206
297
179
306
230
301
202
263
220
262
191
306
209
304
183
306
209
305
184
311
224
309
200
311
224
306
195
311
224
307
199
311
224
307
197
311
224
308
200
311
224
307
196
306
212
304
186
306
212
302
184
292
203
291
178
301
208
298
181
309
219
308
195
309
219
306
193
273
205
271
178
307
217
306
193
303
222
300
196
303
222
300
197
262
220
262
191
