paris_invalides_000662_1.jpg
paris_invalides_000663.jpg
108
359
109
342
108
357
107
341
108
357
109
340
108
357
108
341
106
359
106
342
110
359
109
343
107
358
107
341
108
358
108
342
108
358
108
341
109
359
109
343
110
358
110
342
116
357
116
340
118
357
119
340
111
358
110
342
111
358
111
341
111
359
111
343
117
358
118
340
119
358
120
341
274
196
270
179
275
196
273
180
275
196
272
180
275
195
271
178
283
195
279
179
297
191
287
169
297
191
288
170
310
201
304
183
306
197
299
178
308
203
304
186
308
203
301
184
313
203
304
183
312
207
307
189
319
216
308
195
319
216
308
194
317
214
306
193
317
214
308
195
317
214
308
194
318
215
308
194
315
211
309
194
318
214
309
194
318
214
309
195
317
213
308
194
317
213
309
195
320
217
308
195
320
217
308
194
320
218
308
195
