all_souls_000065.jpg
all_souls_000066.jpg
110
165
48
173
131
159
53
167
133
158
53
167
132
157
53
167
337
196
276
206
336
197
279
208
352
170
287
177
353
171
288
178
357
201
293
208
357
201
293
207
357
201
293
209
357
201
293
210
357
201
292
212
357
201
292
211
357
201
292
210
357
201
296
209
357
201
297
208
357
201
294
207
357
201
296
207
357
201
295
209
357
201
297
207
357
201
298
209
356
201
293
208
356
201
293
207
356
201
290
209
356
201
293
209
356
201
293
210
356
201
292
212
356
201
292
211
356
201
292
210
356
201
294
207
356
201
295
209
357
198
293
204
357
198
293
208
357
198
293
207
357
198
293
209
357
198
293
210
357
198
294
207
357
198
296
207
357
198
298
204
354
199
293
207
354
199
290
209
354
199
292
211
354
199
292
210
354
199
317
200
356
199
293
204
356
199
293
208
356
199
293
207
356
199
293
209
356
199
293
210
356
199
292
210
356
199
297
208
356
199
294
207
356
199
296
207
356
199
297
207
356
199
298
204
355
199
293
204
355
199
293
208
355
199
290
207
355
199
293
207
355
199
289
207
355
199
290
209
355
199
293
209
355
199
293
210
355
199
292
211
355
199
292
210
355
199
294
207
355
204
292
212
355
204
293
213
356
204
293
210
356
204
292
212
356
204
292
211
356
204
292
210
356
204
293
213
357
204
293
209
357
204
293
210
357
204
292
212
357
204
292
211
357
204
292
210
357
204
293
213
354
207
289
216
354
207
290
216
354
207
291
216
355
207
290
216
355
207
291
216
357
209
291
216
357
210
290
216
357
210
291
216
358
198
293
204
358
198
293
208
358
198
293
207
358
198
293
209
358
198
294
207
358
198
296
207
358
198
297
207
358
198
298
204
358
200
293
208
358
200
293
207
358
200
293
209
358
200
293
210
358
200
292
211
358
200
292
210
358
200
296
209
358
200
297
208
358
200
294
207
358
200
296
207
358
200
295
209
358
200
297
207
358
200
298
204
358
200
301
207
358
200
298
209
361
198
293
208
361
198
293
207
361
198
297
208
361
198
294
207
361
198
296
207
361
198
295
209
361
198
297
207
361
198
298
204
361
198
301
207
360
198
293
204
360
198
293
208
360
198
293
207
360
198
297
208
360
198
294
207
360
198
296
207
360
198
297
207
360
198
298
204
360
198
301
207
361
200
293
208
361
200
293
207
361
200
293
209
361
200
296
209
361
200
297
208
361
200
294
207
361
200
296
207
361
200
295
209
361
200
297
207
361
200
298
204
361
200
301
207
361
200
301
208
361
200
298
209
361
200
312
209
365
197
298
204
363
199
296
209
363
199
297
208
363
199
294
207
363
199
296
207
363
199
295
209
363
199
297
207
363
199
298
204
363
199
301
207
363
199
301
208
363
199
298
209
363
199
312
209
365
201
297
208
365
201
297
207
365
201
301
207
365
201
301
208
365
201
298
209
365
201
312
210
365
201
314
211
365
199
296
209
365
199
297
208
365
199
296
207
365
199
297
207
365
199
298
204
365
199
301
207
365
199
301
208
365
199
298
209
365
199
308
206
365
199
312
209
365
199
315
205
364
199
296
209
364
199
297
208
364
199
296
207
364
199
297
207
364
199
298
204
364
199
301
207
364
199
301
208
364
199
298
209
364
199
308
206
364
199
312
209
365
202
301
207
365
202
301
208
365
202
298
209
365
202
307
210
365
202
312
210
365
202
312
212
365
202
314
212
365
202
314
211
360
203
293
208
360
203
293
207
360
203
293
209
360
203
293
210
360
203
292
210
360
203
296
209
360
203
297
208
360
203
294
207
360
203
296
207
360
203
295
209
360
203
301
207
360
203
301
208
360
203
298
209
361
205
293
210
361
205
295
209
361
205
308
214
366
203
301
208
366
203
308
214
366
203
312
210
366
203
310
212
366
203
312
212
366
203
314
212
366
203
314
211
370
197
308
206
370
200
308
208
370
200
308
206
370
200
309
209
370
200
308
210
370
200
312
209
370
200
312
210
370
200
310
212
371
200
308
208
371
200
309
209
371
200
312
209
371
200
312
210
371
200
314
211
373
202
312
212
373
202
314
212
373
202
314
211
373
202
317
211
372
204
312
212
372
204
314
212
370
209
308
215
376
202
314
211
377
202
317
211
377
202
318
212
374
202
314
212
374
202
314
211
374
202
317
211
381
204
319
212
379
204
319
212
378
202
317
211
387
204
331
214
387
204
330
214
391
204
333
212
392
204
333
212
392
204
333
214
392
204
337
212
406
208
345
220
416
185
359
192
433
88
375
97
433
86
375
95
433
99
373
109
433
99
453
107
502
68
448
82
