paris_invalides_000662_pt_9.png
paris_invalides_000663.jpg
316
215
317
212
316
215
316
211
316
215
315
207
316
215
317
211
316
215
315
208
306
198
304
186
306
198
302
184
230
216
178
186
230
216
174
191
230
216
173
191
230
216
173
192
237
204
181
178
229
211
172
187
229
211
168
190
229
211
173
185
229
211
173
184
321
222
321
220
321
222
321
219
233
206
174
182
318
213
320
212
239
210
180
186
239
210
182
184
239
210
182
183
233
205
174
181
231
210
172
187
231
210
176
183
231
210
173
185
321
216
320
212
227
226
167
212
231
208
174
182
227
214
172
187
227
214
173
187
227
214
167
194
227
214
171
189
227
214
168
190
227
214
173
185
227
214
167
192
227
214
170
189
227
214
169
190
227
214
170
190
233
214
178
186
316
216
316
211
231
219
178
190
238
206
181
180
229
217
172
193
229
217
174
191
229
217
173
191
229
217
173
192
297
201
295
190
230
210
173
185
230
210
173
184
232
210
172
187
232
210
177
182
232
210
176
183
232
210
173
187
232
210
176
184
319
222
322
223
319
222
321
223
298
199
296
188
238
214
183
186
238
214
183
185
321
224
322
223
226
228
167
212
293
211
287
196
293
211
286
195
293
211
285
194
230
213
170
191
230
213
173
187
230
213
171
189
230
213
174
188
230
213
170
190
238
213
183
185
227
215
170
191
227
215
172
187
227
215
173
187
227
215
167
194
227
215
171
189
227
215
170
189
227
215
169
190
227
215
170
190
318
224
320
224
318
219
321
219
318
219
320
217
304
197
301
184
304
197
302
184
316
214
315
207
316
214
317
211
316
214
315
206
225
219
170
193
225
219
175
187
225
219
174
188
299
201
296
189
299
201
295
189
299
201
294
187
307
195
304
183
307
195
305
184
307
195
306
185
231
214
175
187
231
214
174
188
318
215
316
206
318
215
318
211
318
215
320
213
321
221
321
219
321
221
320
217
237
209
180
183
237
209
181
182
237
209
182
181
225
216
172
187
225
216
167
194
225
216
171
189
225
216
167
192
225
216
170
189
225
216
169
190
225
216
170
190
319
214
320
212
322
225
322
223
318
214
316
205
318
214
320
212
318
214
320
213
236
212
180
186
236
212
178
186
236
210
178
186
236
210
180
183
236
210
181
182
316
217
317
214
318
218
320
216
301
201
297
187
301
201
297
188
301
201
298
189
231
218
175
192
314
224
316
224
239
213
183
186
239
213
183
185
317
216
320
216
317
216
317
211
318
217
320
215
235
207
177
182
235
207
176
183
232
212
175
187
232
212
174
188
230
208
174
181
230
208
174
182
231
211
172
187
231
211
177
182
231
211
176
183
231
211
173
187
231
211
170
189
231
211
176
184
226
216
170
191
226
216
172
187
226
216
173
187
226
216
167
194
226
216
171
189
226
216
170
190
230
219
175
192
231
209
173
185
231
209
173
184
308
196
305
184
234
209
177
182
234
209
176
184
224
220
170
193
319
225
320
224
230
215
175
187
230
215
174
188
230
215
173
191
309
199
305
185
225
217
170
191
225
217
173
187
225
217
171
189
225
217
170
190
301
207
295
192
299
202
296
190
299
202
295
189
299
202
294
187
299
202
295
190
299
203
296
190
299
203
295
189
299
203
295
190
314
215
310
203
226
217
170
191
226
217
169
194
321
223
322
223
321
223
321
220
230
209
174
182
225
218
170
191
234
207
177
182
234
207
176
183
