paris_invalides_000662_pt_2.png
paris_invalides_000663.jpg
165
273
144
256
165
274
144
256
166
272
144
256
167
271
145
255
181
241
159
216
181
244
161
217
181
243
160
218
182
240
162
213
187
224
165
203
188
225
164
208
188
225
165
206
189
222
165
203
189
222
165
204
189
222
165
202
187
225
165
204
187
227
159
214
187
227
164
208
187
227
163
210
187
228
159
214
187
228
163
210
192
215
167
194
190
226
167
207
195
210
177
182
194
211
177
182
231
159
219
122
253
211
257
187
253
211
259
189
270
158
261
121
297
220
300
196
297
220
300
197
295
218
300
197
298
224
301
202
304
208
304
183
304
208
306
185
304
208
305
184
304
208
305
185
304
213
310
193
304
213
310
194
304
213
309
194
306
212
305
185
306
212
311
192
306
212
313
193
306
212
313
194
304
211
311
192
306
213
311
192
306
213
311
193
306
213
313
196
304
210
305
185
305
211
305
185
305
211
311
192
305
213
310
193
305
213
311
193
305
213
310
194
305
212
311
192
305
212
311
193
308
217
310
193
313
244
324
232
313
229
318
211
313
229
320
213
313
229
320
215
314
227
316
205
312
228
317
211
312
228
318
211
312
228
320
216
312
228
320
215
313
228
316
206
313
228
318
211
313
228
320
212
313
228
320
213
314
232
320
215
313
233
320
216
313
233
320
217
313
233
320
218
313
233
321
219
313
231
317
211
313
231
320
216
313
231
320
215
315
232
320
213
316
232
320
212
313
232
320
216
313
232
320
215
313
232
320
217
315
245
325
233
315
245
324
232
315
245
324
231
315
245
326
233
316
240
322
223
316
242
322
225
316
242
322
224
316
243
322
225
322
261
332
247
323
262
332
247
325
279
338
273
325
284
336
272
326
277
337
268
326
277
338
269
326
277
338
270
326
277
338
272
326
277
338
271
328
277
339
268
328
276
339
268
327
277
338
268
327
277
338
269
329
276
340
268
327
278
338
268
327
278
338
269
327
278
339
270
357
342
397
343
357
342
398
342
359
341
398
341
359
341
399
341
360
342
398
342
359
345
398
344
359
344
397
343
359
344
398
344
359
342
398
342
362
345
402
345
