paris_invalides_000662_lt_7.jpg
paris_invalides_000663.jpg
101
358
168
198
101
358
166
201
101
358
173
191
103
357
173
191
103
357
173
192
103
357
172
193
102
357
167
197
105
357
173
194
105
357
170
199
103
359
169
199
103
359
169
198
103
359
173
193
103
359
170
197
105
359
173
194
105
359
170
198
105
359
170
199
105
360
171
200
105
360
170
201
102
358
165
203
102
358
165
202
102
358
168
198
102
358
166
201
102
358
167
199
102
358
173
191
102
358
173
192
102
358
174
191
102
359
165
205
102
359
169
199
104
358
169
198
104
358
173
192
104
358
173
193
104
358
172
193
104
358
173
194
107
357
172
199
107
357
171
200
106
357
173
194
106
357
170
199
106
357
171
200
106
361
172
200
106
361
172
199
106
361
171
200
106
361
170
201
107
358
172
200
107
358
172
199
106
359
172
199
108
358
172
199
106
358
173
194
200
221
189
173
200
221
192
169
200
221
215
144
200
221
215
146
200
221
221
142
257
211
215
161
