Test70.jpg
Test71.jpg
467
160
548
152
467
160
547
151
467
160
546
150
467
160
547
152
467
160
549
152
467
168
546
158
464
163
544
154
439
56
517
39
460
174
543
166
460
174
542
166
466
165
546
156
449
159
530
151
386
140
454
132
467
166
546
157
467
166
546
156
378
141
445
132
378
141
444
132
446
161
525
152
446
161
524
151
454
177
536
169
301
171
373
165
377
142
448
134
468
157
549
149
439
57
517
40
422
59
503
41
439
53
517
36
456
159
536
151
465
164
546
156
411
54
489
35
462
176
544
167
453
176
535
168
317
155
387
149
371
138
443
131
371
138
442
130
467
167
546
157
465
162
546
154
520
173
606
164
520
173
608
164
520
173
607
164
463
166
543
157
380
140
450
132
380
140
449
132
380
140
446
131
380
140
448
132
513
200
600
193
513
200
601
193
447
159
526
150
447
159
527
150
321
154
389
148
316
154
387
148
509
196
595
189
396
173
474
166
396
173
471
165
468
160
548
152
468
160
547
151
468
160
549
152
468
160
548
151
468
161
548
152
468
161
547
151
468
161
547
152
519
173
606
164
519
173
607
164
444
46
522
27
328
158
400
152
471
160
550
150
471
160
553
152
471
160
551
151
383
140
454
132
369
139
442
132
378
140
450
132
378
140
445
132
378
140
449
132
378
140
446
131
378
140
448
132
378
140
447
132
450
159
530
151
438
48
516
29
517
200
605
193
376
139
445
132
376
139
449
132
376
139
446
131
376
139
448
132
376
139
447
132
449
151
529
141
443
48
522
27
466
162
546
153
466
162
546
154
466
166
546
157
371
139
443
131
371
139
444
132
371
139
443
132
371
139
442
132
442
46
519
28
444
54
522
36
466
164
544
154
379
142
452
135
379
142
448
134
455
159
535
151
514
198
601
191
510
199
598
193
453
166
533
157
380
146
447
137
380
146
456
139
318
155
387
149
382
140
450
132
382
140
449
132
382
140
454
132
384
140
454
132
461
174
543
166
403
175
480
168
467
162
546
153
451
151
529
141
518
208
605
202
469
164
546
154
467
158
546
150
444
50
522
32
444
50
522
31
439
54
517
36
439
54
517
37
381
147
444
137
