7_7_l.jpg
7_7_r.jpg
404
334
166
346
411
333
169
345
412
333
173
344
410
333
169
345
415
332
175
343
414
332
175
343
446
347
212
356
453
343
219
352
456
341
223
350
456
341
222
350
457
342
220
351
457
342
221
351
457
342
224
351
456
343
219
352
456
343
222
352
456
343
223
352
457
343
219
352
457
343
222
352
457
343
223
352
459
341
223
350
459
341
222
350
459
341
226
350
461
341
226
350
460
341
223
350
460
341
222
350
460
341
226
350
458
340
225
349
458
342
220
351
458
342
221
351
458
342
225
351
458
342
224
351
459
342
221
351
459
342
225
351
459
342
224
351
461
344
223
352
483
192
252
213
482
190
252
213
