S32_01.png
S32_02.png
176
200
131
223
177
200
131
223
209
185
169
201
209
186
169
201
217
151
174
164
219
152
176
165
219
152
175
165
219
152
178
164
219
152
179
164
221
152
177
165
221
152
181
164
221
152
180
164
221
152
179
164
221
152
178
165
220
152
176
165
220
152
177
165
220
152
180
164
220
152
178
164
220
152
179
164
216
160
175
172
216
160
173
174
218
159
175
172
219
170
177
185
222
152
181
164
222
152
180
164
222
152
178
165
222
161
178
174
223
159
180
172
223
159
181
172
222
159
178
172
222
159
180
172
222
159
181
172
228
154
185
166
228
154
186
166
228
154
187
166
227
152
183
164
228
157
185
170
228
157
188
169
228
157
187
169
228
157
186
170
229
157
185
170
229
157
188
169
229
157
187
169
229
157
187
170
229
157
186
170
226
161
183
173
226
161
184
174
226
161
185
174
226
161
182
175
226
161
187
173
226
161
188
172
229
158
184
171
229
158
187
170
229
158
186
170
229
158
188
170
229
158
189
170
229
158
190
169
229
160
185
172
229
160
187
173
229
160
188
172
229
160
186
172
228
159
184
172
228
159
185
172
228
159
183
172
228
159
186
172
228
159
189
170
227
158
184
171
227
158
185
170
227
158
188
169
227
158
187
170
227
158
186
170
226
159
181
172
226
159
184
172
226
159
184
171
226
159
183
172
226
159
188
170
227
161
184
174
227
161
185
174
227
161
187
173
227
161
188
173
227
161
188
172
226
162
184
174
226
162
185
174
226
162
182
175
226
162
187
173
227
163
185
174
225
189
184
203
225
189
185
203
225
189
187
204
225
189
186
203
232
141
188
152
230
144
188
155
230
144
185
156
231
143
188
154
233
142
188
154
228
144
185
156
229
144
185
156
232
144
189
155
232
144
188
155
233
157
189
170
233
157
190
169
233
157
192
169
230
157
185
170
230
157
188
169
230
157
187
169
230
157
187
170
230
157
186
170
230
157
190
169
230
156
188
168
230
156
186
168
230
156
187
168
230
155
186
168
230
155
187
167
232
157
188
169
232
157
187
170
232
157
188
170
232
157
190
169
232
157
192
169
230
154
186
166
230
154
187
166
237
141
193
151
237
141
193
152
237
142
193
152
237
142
192
153
237
142
194
152
234
143
189
155
234
143
188
154
234
143
191
153
234
143
192
153
235
145
189
157
236
145
189
157
232
148
188
160
234
157
189
170
234
157
190
169
234
157
192
169
234
157
195
168
235
157
189
170
235
157
190
169
235
157
192
169
235
157
195
168
240
138
196
147
241
138
196
149
241
138
196
147
240
140
196
149
240
140
196
150
240
140
195
151
241
140
196
150
241
140
197
150
238
141
193
151
238
141
193
152
238
141
194
152
240
156
195
168
240
156
198
167
240
165
198
177
240
165
197
177
238
165
198
177
238
165
197
177
238
166
198
177
238
166
197
177
243
136
198
145
243
139
198
148
243
139
199
149
244
138
199
149
243
155
198
167
244
155
201
166
247
137
202
148
246
140
202
149
249
139
204
149
247
138
202
149
247
138
202
148
248
138
203
149
247
140
203
149
248
164
204
176
248
164
206
175
261
94
219
98
261
101
219
106
261
101
218
107
261
102
217
108
261
102
219
107
261
102
219
108
261
104
219
109
261
104
218
110
261
105
221
110
261
133
219
140
262
93
219
98
263
93
219
98
264
96
220
101
262
101
219
107
262
101
219
106
262
101
218
107
265
98
223
102
262
102
217
108
262
102
219
107
262
102
220
108
262
102
219
108
263
103
219
109
262
104
218
110
264
104
221
110
262
105
221
110
262
106
221
111
264
123
220
130
264
125
221
132
264
125
220
133
265
123
221
130
265
123
220
131
265
123
220
130
265
122
220
130
263
130
220
137
266
97
223
102
268
98
224
103
268
98
223
103
268
99
223
104
269
98
224
103
266
99
223
104
266
99
224
103
266
116
221
123
266
125
221
132
269
213
240
224
269
213
243
224
269
213
246
225
270
97
227
100
272
101
229
104
273
100
229
104
271
213
243
224
270
214
240
225
270
214
242
225
270
214
243
225
270
214
244
225
271
214
242
225
271
214
243
225
271
214
244
225
271
214
245
225
271
214
246
225
272
214
243
225
272
214
244
225
272
214
245
225
272
214
246
225
276
92
229
96
276
92
229
97
276
92
230
96
276
91
229
96
276
91
229
97
277
92
230
96
277
92
230
97
277
90
229
96
275
94
228
99
274
94
229
97
274
96
227
101
277
100
233
104
276
100
230
105
274
99
229
104
278
92
231
96
280
90
233
96
281
90
233
96
281
90
234
96
281
94
234
98
280
98
233
104
278
99
233
104
282
91
235
97
282
90
234
96
282
93
235
97
282
93
236
97
282
93
235
99
284
93
237
98
282
94
235
100
282
94
236
98
282
94
235
99
285
96
239
101
285
97
240
101
285
97
239
101
283
103
238
108
288
93
240
99
288
93
241
99
288
93
242
98
289
93
241
99
289
93
245
97
289
93
244
97
289
93
243
98
289
93
242
98
289
93
244
98
289
93
242
99
287
94
240
99
287
94
241
99
287
94
242
98
287
97
242
101
287
97
242
102
287
97
240
102
287
97
241
102
289
96
244
100
289
96
243
101
289
96
245
100
289
96
242
101
289
96
242
102
287
95
240
101
287
95
240
99
287
95
241
100
287
95
241
99
287
95
239
101
287
95
242
99
288
96
240
101
288
96
241
100
288
96
243
101
288
96
242
101
288
96
242
102
288
96
240
102
288
96
241
102
289
94
241
100
289
94
241
99
289
94
243
98
289
94
242
98
289
94
244
98
289
94
243
99
289
94
242
99
286
97
240
101
286
97
240
102
286
97
241
102
288
94
240
99
288
94
241
100
288
94
241
99
288
94
243
98
288
94
242
98
288
94
244
98
288
94
243
99
288
94
242
99
287
112
244
116
287
199
251
208
287
201
251
208
289
215
253
223
289
215
253
222
289
215
250
222
289
215
255
223
287
215
253
223
287
215
250
223
288
216
252
224
288
216
250
223
292
91
245
97
292
91
244
97
292
91
246
96
292
93
245
97
292
93
244
97
292
93
243
98
292
93
245
98
292
93
244
98
292
93
246
97
292
93
246
98
291
93
245
97
291
93
244
97
291
93
243
98
291
93
245
98
291
93
244
98
291
93
243
99
291
93
246
97
291
93
246
98
293
92
245
97
293
92
244
97
293
92
247
96
293
92
246
96
293
92
246
97
293
92
246
98
292
92
245
97
292
92
244
97
292
92
243
98
292
92
245
98
292
92
242
98
292
92
244
98
292
92
246
96
292
92
246
97
291
92
245
97
291
92
244
97
291
92
243
98
291
92
242
98
291
92
244
98
290
93
245
97
290
93
244
97
290
93
243
98
290
93
245
98
290
93
242
98
290
93
244
98
290
93
243
99
290
93
242
99
290
93
246
97
293
91
247
96
293
91
246
96
293
91
246
97
292
95
244
100
292
95
245
100
292
95
246
99
290
94
243
98
290
94
244
98
290
94
243
99
290
94
242
99
293
94
245
98
293
94
246
98
293
94
247
98
293
94
246
99
290
95
244
100
290
95
243
99
290
95
245
100
292
94
245
98
292
94
244
100
292
94
244
98
292
94
246
98
292
94
247
98
292
94
246
99
293
101
249
105
291
103
244
108
290
107
246
111
290
107
246
112
291
107
246
111
291
107
246
112
292
109
248
113
292
109
247
113
292
109
248
114
292
110
248
114
290
111
244
116
290
111
245
116
293
111
249
115
293
111
247
116
293
111
249
116
292
112
247
116
292
112
247
117
292
112
248
117
292
111
247
116
293
113
248
117
292
192
255
199
291
196
255
203
292
195
257
202
291
213
257
221
290
216
253
223
293
215
258
222
293
215
260
223
293
215
259
223
293
215
258
223
296
89
248
95
297
89
248
95
297
89
250
94
294
90
248
95
294
92
245
97
294
92
248
96
294
92
248
95
294
92
247
96
294
92
246
96
294
92
246
97
296
91
248
96
296
91
248
95
296
91
247
96
296
91
250
95
296
91
250
94
296
92
248
96
296
92
249
97
296
92
247
96
296
92
250
95
297
90
248
96
297
90
248
95
297
90
250
95
297
90
250
94
295
91
248
96
295
91
248
95
295
91
247
96
295
91
246
96
295
91
250
94
296
90
248
95
296
90
250
94
295
90
248
95
295
90
250
94
294
91
248
96
294
91
248
95
294
91
247
96
294
91
246
96
297
92
248
96
297
92
249
97
297
92
250
95
297
92
250
97
297
92
251
96
295
93
249
97
295
93
246
97
295
93
246
98
295
93
248
98
295
93
247
98
297
104
250
108
296
103
250
108
294
104
248
108
295
100
249
105
295
100
249
104
296
108
251
113
296
108
252
112
297
107
253
111
295
199
263
205
297
213
264
220
297
213
265
220
297
213
262
221
297
213
266
220
294
213
259
220
294
213
259
221
294
213
261
221
294
213
262
221
296
214
259
220
296
214
259
221
296
214
261
221
296
214
262
221
296
214
264
222
296
214
263
222
297
214
259
220
297
214
261
221
297
214
262
221
297
214
264
222
297
214
263
222
297
214
266
222
295
216
258
222
295
216
260
223
295
216
259
223
295
216
258
223
300
89
250
95
300
89
250
94
298
88
248
95
298
88
250
94
298
89
248
95
298
89
250
95
298
89
250
94
300
88
250
95
300
88
250
94
299
89
250
95
299
89
250
94
299
90
250
95
299
90
251
96
299
90
250
94
300
90
252
96
300
90
250
95
300
90
250
97
300
90
251
96
301
90
252
96
301
90
250
97
301
90
251
96
298
91
248
96
298
91
249
97
298
91
250
95
298
91
251
96
299
91
249
97
299
91
252
96
299
91
250
95
299
91
250
97
299
91
251
96
299
216
264
222
299
216
263
222
299
216
267
224
301
214
264
220
301
214
265
220
301
214
267
220
301
214
268
221
301
214
268
220
301
214
269
220
301
214
266
220
301
214
269
222
301
214
267
222
301
214
270
221
301
214
271
221
301
214
271
222
298
215
261
221
298
215
262
221
298
215
264
222
298
215
263
222
298
215
266
222
303
89
252
96
302
89
252
96
302
90
252
96
302
90
251
96
303
104
257
108
302
104
257
108
305
101
260
104
305
101
259
105
305
195
268
201
305
195
269
201
304
196
268
201
304
196
269
202
305
196
268
201
305
196
269
201
305
196
269
202
303
216
269
222
303
216
266
222
303
216
267
222
303
216
271
222
303
215
267
220
303
215
268
221
303
215
268
220
303
215
269
220
303
215
266
220
303
215
269
222
303
215
267
222
303
215
270
221
303
215
271
221
303
215
271
222
303
215
273
222
302
236
264
242
302
236
269
243
304
236
269
243
304
236
272
244
308
92
261
95
308
92
265
93
308
92
263
95
306
92
261
95
307
196
269
201
307
196
269
202
309
200
273
205
307
213
271
219
307
213
273
218
307
213
277
219
307
213
274
220
307
213
279
220
307
214
271
219
307
214
271
221
307
214
274
220
307
214
274
221
309
216
273
222
309
216
274
221
309
216
280
223
308
228
272
233
306
237
272
244
313
81
268
83
313
81
267
84
311
85
267
85
313
83
268
83
313
83
269
84
313
83
267
85
313
83
269
83
313
83
267
84
313
83
266
88
312
83
268
83
312
83
267
85
312
83
267
84
311
84
267
85
311
84
267
84
313
84
267
85
313
84
268
87
313
84
268
86
313
84
269
86
313
84
266
88
313
85
268
87
313
85
268
86
313
85
269
86
313
85
266
88
311
83
267
84
313
82
268
83
313
82
267
85
313
82
269
83
313
82
267
84
312
82
268
83
312
82
267
84
312
85
268
86
312
85
266
88
311
86
266
88
312
93
264
96
310
90
265
93
310
90
263
95
310
91
261
95
310
91
265
93
310
91
263
95
310
97
266
100
310
97
264
99
310
97
265
99
310
96
260
100
310
96
267
97
310
96
264
99
310
96
265
99
311
95
267
97
311
95
265
99
313
212
280
217
313
212
281
218
313
212
281
219
313
212
279
218
313
212
283
219
313
212
284
219
313
212
282
219
312
214
277
219
312
214
279
220
312
214
281
220
312
214
281
219
312
214
279
219
312
214
281
221
313
214
277
219
313
214
279
220
313
214
281
220
313
214
281
219
313
214
279
218
313
214
279
219
313
214
281
221
313
214
282
219
313
215
277
219
313
215
279
220
313
215
281
220
313
215
279
219
313
215
281
221
315
80
268
83
315
80
269
83
315
80
267
84
315
80
271
81
315
80
270
82
317
79
268
83
317
79
269
83
317
79
272
81
317
79
271
81
317
79
270
83
317
79
270
82
317
79
271
82
316
81
268
83
316
81
269
84
316
81
267
85
316
81
269
83
316
81
267
84
316
81
270
83
316
81
271
83
316
81
270
82
316
81
270
85
316
81
271
82
317
80
268
83
317
80
269
84
317
80
269
83
317
80
267
84
317
80
272
81
317
80
271
81
317
80
270
83
317
80
271
83
317
80
270
82
317
80
271
82
314
81
268
83
314
81
267
85
314
81
269
83
314
81
267
84
314
81
270
82
316
80
268
83
316
80
269
84
316
80
269
83
316
80
267
84
316
80
272
81
316
80
271
81
316
80
270
83
316
80
270
82
316
80
271
82
315
81
268
83
315
81
269
84
315
81
267
85
315
81
269
83
315
81
267
84
315
81
270
83
315
81
270
82
315
82
268
83
315
82
269
84
315
82
267
85
315
82
269
83
315
82
267
84
315
82
268
86
315
82
269
86
315
82
266
88
315
82
270
83
315
82
270
82
315
82
270
85
315
82
271
82
315
83
269
84
315
83
267
85
315
83
269
83
315
83
268
87
315
83
268
86
315
83
269
86
315
83
266
88
315
83
270
83
315
83
270
85
315
83
270
86
316
82
269
84
316
82
267
85
316
82
269
83
316
82
268
86
316
82
269
86
316
82
266
88
316
82
270
83
316
82
271
83
316
82
271
85
316
82
270
82
316
82
270
85
316
82
270
86
315
84
268
87
315
84
268
86
315
84
269
86
315
84
266
88
315
84
271
85
315
84
270
85
315
84
270
86
316
83
269
84
316
83
268
87
316
83
268
86
316
83
269
86
316
83
266
88
316
83
270
83
316
83
271
83
316
83
271
85
316
83
272
84
316
83
270
85
316
83
270
86
317
83
268
87
317
83
268
86
317
83
269
86
317
83
273
84
317
83
271
85
317
83
272
84
317
83
270
85
317
83
270
86
314
84
268
87
314
84
268
86
314
84
269
86
314
84
266
88
314
84
270
85
314
84
270
86
314
82
268
83
314
82
269
84
314
82
267
85
314
82
269
83
314
82
267
84
314
82
270
82
317
87
265
93
317
87
267
92
317
87
269
91
317
87
271
89
316
88
265
93
316
88
267
92
316
88
269
91
316
88
271
89
316
199
278
203
316
199
279
203
316
199
280
204
315
198
278
203
315
198
279
203
316
198
278
203
316
198
279
203
316
207
279
211
317
214
281
218
317
214
281
219
317
214
279
218
317
214
283
219
317
214
285
219
317
214
284
219
317
214
282
219
315
216
279
220
315
216
281
220
315
216
279
219
315
216
281
221
317
216
279
220
317
216
281
220
317
216
281
219
317
216
281
221
313
239
277
244
313
239
277
245
313
239
279
245
313
239
281
245
313
239
282
245
314
240
277
244
314
240
277
245
314
240
279
245
317
241
277
244
317
241
279
245
317
241
281
245
317
241
282
245
321
77
275
80
321
77
276
79
321
77
275
79
321
77
274
80
321
77
276
80
318
81
269
84
318
81
269
83
318
81
270
83
318
81
271
83
318
81
273
84
318
81
271
85
318
81
272
84
318
81
270
82
318
81
270
85
318
81
271
82
318
81
274
83
320
79
273
81
320
79
272
81
320
79
273
80
320
79
271
81
320
79
275
81
320
79
276
81
320
79
275
82
319
78
273
81
319
78
272
81
319
78
273
80
319
78
271
81
319
78
274
80
319
79
273
81
319
79
272
81
319
79
273
80
319
79
271
81
319
79
270
82
319
79
271
82
319
79
275
81
320
81
271
83
320
81
273
84
320
81
272
84
320
81
275
83
320
81
274
83
321
81
273
84
321
81
275
83
321
81
274
83
321
81
275
82
321
79
273
81
321
79
272
81
321
79
273
80
321
79
275
81
321
79
276
81
321
79
274
80
321
79
276
82
321
79
275
82
318
79
273
81
318
79
272
81
318
79
271
81
318
79
270
82
318
79
271
82
319
80
269
83
319
80
273
81
319
80
272
81
319
80
271
81
319
80
270
83
319
80
271
83
319
80
270
82
319
80
271
82
319
80
274
83
319
80
275
82
320
78
273
81
320
78
272
81
320
78
273
80
320
78
275
80
320
78
275
81
320
78
274
80
319
81
269
84
319
81
270
83
319
81
271
83
319
81
273
84
319
81
272
84
319
81
271
82
319
81
275
83
319
81
274
83
321
78
273
80
321
78
275
80
321
78
275
81
321
78
276
81
321
78
274
80
321
78
276
80
321
78
277
81
318
82
269
86
318
82
270
83
318
82
271
83
318
82
273
84
318
82
271
85
318
82
272
84
318
82
270
85
318
82
270
86
318
82
274
83
319
82
271
83
319
82
273
84
319
82
271
85
319
82
272
84
319
82
270
85
319
82
274
83
321
101
277
103
320
102
277
103
320
104
276
105
320
104
275
106
320
104
274
107
319
198
282
203
319
198
283
203
319
198
284
203
319
203
285
207
321
220
285
225
321
220
286
225
318
240
281
244
318
240
281
245
318
240
284
245
318
240
282
245
318
240
286
245
318
240
288
246
318
240
292
247
320
241
281
244
320
241
281
245
320
241
284
245
320
241
282
245
320
241
286
245
320
241
288
246
320
241
292
247
320
241
296
248
320
241
295
248
320
241
294
248
320
241
297
248
319
240
281
244
319
240
284
245
319
240
286
245
319
240
288
246
319
240
292
247
319
240
294
247
319
240
297
248
325
73
281
76
325
73
278
75
325
73
278
74
324
77
276
78
324
77
276
79
324
77
277
78
324
77
277
79
324
77
278
79
324
77
278
80
325
77
276
78
325
77
277
78
325
77
277
79
325
77
278
79
323
76
276
78
323
76
276
79
323
76
277
78
323
76
277
79
323
76
278
79
323
76
278
80
325
75
278
77
325
75
280
78
322
77
275
80
322
77
276
79
322
77
275
79
322
77
276
80
322
77
277
79
322
77
278
80
324
76
276
78
324
76
277
78
324
76
277
79
324
76
278
79
323
77
276
78
323
77
276
79
323
77
275
79
323
77
276
80
323
77
277
79
323
77
278
79
323
77
278
80
325
76
277
78
325
76
278
77
325
76
280
78
323
78
275
80
323
78
276
79
323
78
275
79
323
78
276
80
323
78
277
81
323
78
278
80
323
78
278
81
325
79
276
80
325
79
277
81
325
79
278
80
325
79
278
81
325
78
276
79
325
78
277
79
325
78
278
79
325
78
281
81
325
78
278
80
324
79
275
80
324
79
276
81
324
79
276
80
324
79
277
81
324
79
278
81
322
78
273
80
322
78
275
80
322
78
275
81
322
78
276
81
322
78
275
79
322
78
274
80
322
78
276
80
322
78
277
81
322
78
278
81
322
80
275
81
322
80
275
83
322
80
276
82
322
80
275
82
323
80
275
81
323
80
276
81
323
80
276
82
323
80
275
82
323
85
277
87
323
85
276
88
323
88
277
90
322
215
285
219
323
221
289
225
323
221
290
225
323
221
291
225
323
221
288
226
328
69
280
71
328
69
281
71
328
69
282
72
329
69
280
71
329
69
281
71
329
69
282
70
329
69
282
72
328
71
279
72
328
71
280
72
328
71
283
74
328
72
279
72
328
72
283
74
326
72
279
74
326
72
278
74
326
72
282
76
328
70
280
71
328
70
281
71
328
70
279
72
328
70
280
72
328
70
282
72
327
72
279
74
327
72
278
74
326
75
278
77
326
75
281
77
326
75
280
78
329
74
281
76
329
74
279
74
329
74
278
74
329
74
284
77
329
74
282
76
328
76
278
77
328
76
281
77
328
76
280
78
328
76
283
79
326
80
277
81
326
80
278
81
327
79
277
79
327
79
278
79
327
79
281
81
327
79
278
80
327
92
279
94
329
91
283
92
327
199
291
204
328
215
294
218
325
243
281
244
325
243
284
245
325
243
286
245
325
243
288
246
325
243
292
247
325
243
296
248
325
243
294
247
325
243
295
248
325
243
297
248
325
243
298
248
325
243
300
249
325
243
301
249
325
243
303
249
324
242
286
245
324
242
296
248
324
242
294
247
324
242
297
248
324
242
300
248
324
242
298
248
324
242
301
249
327
243
296
248
327
243
294
247
327
243
297
248
327
243
300
248
327
243
298
248
327
243
300
249
327
243
301
249
327
243
303
249
327
244
284
245
327
244
288
246
327
244
292
247
327
244
296
248
327
244
294
247
327
244
295
248
327
244
294
248
327
244
297
248
327
244
300
248
327
244
298
248
327
244
300
249
327
244
301
249
327
244
303
249
330
68
282
69
330
68
282
70
331
67
282
69
330
70
280
71
330
70
281
71
330
70
282
70
330
70
282
72
331
74
283
74
330
74
279
74
330
74
282
76
331
75
281
76
331
75
284
77
331
75
282
76
333
89
285
89
333
89
288
90
330
92
285
94
332
90
283
91
331
222
297
225
331
222
299
224
331
222
298
224
331
222
298
225
331
225
296
228
331
225
297
228
331
225
298
228
331
225
299
228
332
225
297
228
332
225
298
228
332
225
299
228
337
72
288
72
334
72
282
72
336
71
282
69
336
71
288
72
336
71
290
71
337
78
287
78
337
79
290
80
336
212
299
214
335
212
299
214
335
212
299
215
336
215
302
217
337
214
301
216
337
214
305
216
334
220
305
222
335
219
307
221
335
225
302
228
335
225
303
227
336
225
303
227
338
71
288
72
338
71
290
71
338
73
293
73
338
72
288
72
338
72
293
73
341
71
293
71
339
73
293
73
340
73
293
73
341
73
293
73
340
77
292
77
340
77
291
78
341
213
306
215
339
215
303
217
339
215
302
217
339
215
304
217
339
215
305
217
341
220
307
221
341
220
309
222
341
220
307
222
340
219
307
221
339
221
304
223
339
221
307
223
344
108
300
109
345
112
301
113
345
113
301
113
344
111
299
111
345
110
302
111
343
215
305
216
343
216
304
217
343
216
305
217
343
220
307
221
341
247
300
249
341
247
301
249
341
247
303
249
341
248
313
251
341
248
314
251
348
88
301
89
346
89
300
89
346
106
302
107
347
112
303
113
347
112
303
112
347
112
304
113
348
112
304
112
348
112
303
112
348
112
304
113
348
112
305
113
346
113
301
113
346
111
303
112
346
111
302
111
349
112
304
112
349
112
305
112
349
112
305
113
346
112
303
113
346
213
306
215
346
213
309
215
346
213
311
215
348
214
309
215
348
214
312
216
348
214
311
215
348
214
314
215
348
215
312
217
348
215
312
216
348
215
314
215
346
216
304
217
346
216
305
217
346
216
312
217
346
221
305
222
346
221
309
222
346
221
307
222
348
225
304
225
348
225
307
225
344
223
307
224
344
224
307
225
347
238
315
240
349
238
318
240
353
207
315
207
353
207
320
209
351
212
318
214
350
214
314
215
350
215
316
216
350
215
314
215
350
215
317
216
352
216
316
216
352
216
317
216
352
216
318
216
357
126
314
125
356
213
322
213
356
213
323
214
355
215
318
216
355
215
319
215
355
215
318
215
355
220
318
221
355
220
322
220
355
220
322
221
361
126
317
125
361
126
319
125
358
126
314
125
359
126
317
125
360
215
324
215
360
215
323
214
360
214
324
215
360
214
323
214
359
219
324
220
359
219
322
220
361
225
325
225
361
223
325
224
361
223
327
224
361
223
326
224
361
224
325
224
361
224
325
225
361
224
327
224
361
224
329
224
361
224
326
224
357
253
327
253
357
253
326
253
359
253
327
253
359
253
326
253
359
253
336
255
363
117
320
116
363
116
320
116
364
125
321
125
362
126
317
125
362
126
320
125
362
126
319
125
364
126
321
125
364
126
320
125
364
220
328
221
364
220
329
220
364
220
327
220
365
220
328
221
365
220
329
220
365
220
327
220
365
224
327
224
365
224
329
224
365
224
326
224
362
223
325
224
362
223
327
224
362
223
329
224
362
223
326
224
364
223
329
224
364
223
329
222
363
231
331
232
363
231
330
232
367
165
329
163
369
164
329
163
368
165
329
163
367
214
331
214
366
216
331
214
367
220
329
220
367
220
333
220
367
220
335
220
367
220
334
219
367
220
335
219
369
220
333
220
369
220
335
220
369
220
337
219
369
220
334
219
369
220
335
219
369
220
336
219
369
220
335
221
364
235
334
235
364
235
332
235
364
235
333
235
366
236
334
235
366
236
332
235
366
236
333
235
366
236
337
236
366
236
338
236
369
236
335
234
369
236
337
234
369
236
337
236
369
236
340
235
369
236
338
235
369
236
338
234
369
236
338
236
369
236
339
235
372
138
331
138
371
161
330
159
371
161
330
160
373
176
336
174
373
220
337
219
373
220
336
219
371
231
340
231
371
231
339
231
370
235
337
234
370
235
338
235
370
235
338
234
370
235
339
235
370
236
337
234
370
236
340
235
370
236
338
235
370
236
338
234
370
236
338
236
370
236
339
235
370
237
337
236
370
237
340
235
370
237
338
235
370
237
341
236
370
237
338
236
370
237
339
235
373
237
340
235
373
237
338
235
373
237
341
236
373
237
338
236
373
237
339
235
373
237
342
236
373
237
343
236
376
135
335
133
376
135
335
134
374
136
332
135
376
136
335
134
375
140
333
139
377
138
335
136
374
138
332
135
374
138
332
136
374
144
333
141
375
177
336
175
376
177
336
175
377
177
336
175
377
177
339
174
377
177
338
174
377
215
340
213
377
215
341
213
375
214
339
212
375
214
339
213
375
214
340
213
375
214
341
213
374
216
339
213
374
220
337
219
375
233
340
231
375
233
339
231
374
237
340
235
374
237
341
236
374
237
339
235
374
237
342
236
374
237
343
236
374
238
341
236
374
238
342
236
374
238
343
236
374
238
343
237
376
238
341
236
376
238
342
236
376
238
343
236
376
238
343
237
377
238
341
236
377
238
342
236
377
238
343
236
377
238
343
237
372
257
347
257
380
220
348
217
381
239
343
236
381
239
351
237
380
239
343
236
378
260
347
257
378
260
358
259
378
260
356
259
376
258
347
257
378
259
347
257
377
259
347
257
379
260
347
257
379
260
358
259
379
260
356
259
381
261
358
259
385
164
344
161
385
164
344
160
380
165
344
161
384
176
346
173
384
176
347
173
385
176
346
173
385
176
347
173
382
215
346
212
382
215
347
212
382
215
348
212
384
214
348
212
384
220
348
217
384
220
354
217
385
220
348
217
385
220
354
217
384
233
352
230
384
232
351
229
384
232
350
229
384
232
352
229
384
232
353
230
384
232
352
230
385
239
352
237
385
239
351
237
384
240
352
237
384
240
351
237
384
240
352
238
385
160
345
156
385
161
345
156
386
166
344
161
386
194
350
191
388
214
356
211
387
220
354
217
388
220
354
217
386
240
352
237
392
153
351
149
392
153
350
149
392
153
350
150
392
153
352
150
392
153
354
150
390
153
350
149
390
153
350
150
390
153
352
150
391
153
351
149
391
153
350
149
391
153
350
150
391
153
352
150
391
153
354
150
390
154
349
152
390
154
351
152
390
154
350
152
390
154
350
150
390
154
353
152
392
156
349
152
392
156
351
152
392
156
350
152
392
156
353
153
392
156
353
152
393
156
349
152
393
156
351
152
393
156
350
152
393
156
353
153
393
156
353
152
393
154
350
149
393
154
350
150
393
154
352
150
393
154
354
150
393
155
351
152
393
155
350
152
393
155
350
150
393
155
353
152
392
155
349
152
392
155
351
152
392
155
350
152
392
155
350
150
392
155
353
152
393
224
361
221
392
227
359
225
392
227
359
224
392
228
359
225
392
228
359
224
396
153
353
149
396
153
351
149
396
153
354
149
396
153
355
149
396
153
354
150
395
152
352
148
395
152
353
149
395
152
354
149
395
152
355
148
395
152
355
149
395
153
353
149
395
153
351
149
395
153
350
149
395
153
354
149
395
153
355
149
395
153
354
150
397
153
352
148
397
153
353
149
397
153
354
149
397
153
355
149
396
221
359
216
395
223
361
219
394
223
361
219
396
224
364
220
396
224
361
221
397
224
364
220
397
224
361
219
397
231
364
227
398
152
355
148
398
151
358
147
398
151
359
148
398
150
358
147
398
153
355
148
398
153
355
149
398
153
358
149
401
150
359
146
401
150
360
146
400
150
358
146
400
150
359
146
399
151
358
147
399
151
359
148
399
150
358
146
399
152
359
148
399
153
355
148
399
153
358
149
399
160
359
156
399
161
358
157
399
161
359
156
399
161
359
157
397
163
358
157
397
163
359
157
400
162
358
157
400
162
359
156
400
162
359
157
397
164
360
160
399
164
360
160
400
164
360
160
397
165
360
160
397
165
360
161
397
165
360
162
399
166
360
160
399
166
360
161
399
166
360
163
399
166
360
162
400
167
360
161
400
167
361
163
400
167
362
162
400
167
360
163
400
167
360
162
399
169
361
163
399
169
360
163
399
169
361
164
399
169
360
165
398
166
360
161
398
166
360
163
398
166
360
162
399
168
361
163
399
168
360
163
399
168
360
162
399
168
362
163
399
168
361
164
399
167
360
161
399
167
361
163
399
167
362
162
399
167
360
163
399
167
360
162
396
195
360
191
397
196
363
192
400
220
365
216
401
220
365
216
398
223
363
218
398
223
364
219
398
223
361
219
398
222
361
218
398
222
363
218
401
224
364
219
401
224
364
220
401
224
368
219
399
251
369
247
403
149
362
145
402
166
362
162
402
196
367
191
404
196
368
191
404
196
369
191
403
196
368
191
403
196
367
191
404
195
368
190
404
195
368
191
404
195
369
191
405
196
368
191
405
196
369
191
403
198
368
193
403
224
368
219
403
224
369
219
403
224
370
219
404
224
368
219
404
224
369
219
404
224
370
219
404
228
372
223
404
230
372
225
404
230
371
225
404
230
370
226
402
234
368
230
404
150
360
145
407
195
372
190
407
195
371
190
406
196
369
191
409
196
372
190
409
196
371
190
409
197
373
192
404
219
366
215
404
219
368
215
408
245
375
240
408
245
378
241
406
253
369
247
410
196
372
190
412
254
380
249
417
197
377
191
417
197
381
190
417
197
380
191
417
197
382
190
417
256
381
249
417
256
390
250
415
255
381
249
415
255
389
250
415
255
390
250
416
255
381
249
416
255
389
250
416
255
390
250
419
197
382
190
421
197
386
189
421
224
385
217
419
223
385
217
418
256
381
249
422
232
388
225
424
273
409
269
424
273
410
269
424
273
413
270
428
196
388
189
428
196
390
188
429
196
388
189
429
196
390
188
427
194
388
187
427
196
388
189
427
196
390
188
427
237
392
230
427
234
392
226
427
235
392
228
432
196
393
188
430
196
388
189
430
196
393
188
430
196
390
188
435
233
401
225
437
277
417
271
436
277
417
271
435
277
417
271
440
192
404
183
441
248
407
240
441
248
408
240
441
248
411
241
441
230
406
221
444
245
412
237
444
245
412
236
444
245
413
237
444
245
414
237
444
245
414
236
444
246
412
237
444
246
413
237
444
246
414
237
443
247
409
237
443
247
409
238
442
247
409
238
445
246
412
237
445
246
413
237
445
246
414
237
444
279
413
270
444
279
417
271
444
279
419
272
444
279
423
272
444
279
427
272
444
279
432
273
444
279
435
274
443
279
413
270
443
279
412
270
443
279
417
271
443
279
419
272
443
279
427
272
443
279
429
273
443
279
432
273
443
279
436
274
443
279
434
274
443
279
435
274
440
278
417
271
440
278
427
272
440
278
432
273
449
264
415
253
449
264
417
254
449
264
420
255
449
264
421
255
449
264
423
256
449
264
422
255
446
263
415
253
446
263
417
254
446
263
420
255
446
263
421
255
447
280
413
270
447
280
417
271
447
280
419
272
447
280
423
272
447
280
427
272
447
280
432
273
447
280
436
274
447
280
434
274
447
280
435
274
446
280
413
270
446
280
412
270
446
280
417
271
446
280
419
272
446
280
423
272
446
280
427
272
446
280
429
273
446
280
432
273
446
280
436
274
446
280
437
275
446
280
434
274
446
280
435
274
448
247
418
238
451
265
417
254
451
265
420
255
451
265
421
255
451
265
423
256
451
265
422
255
450
281
419
272
450
281
436
274
450
281
441
275
450
281
438
275
456
283
450
277
458
284
450
277
459
284
450
277
468
287
457
279
475
289
469
281
478
290
469
281
485
292
476
282
483
291
476
282
492
294
486
284
501
297
494
286
501
297
495
286
633
284
634
257
631
283
632
257
632
283
632
257
633
301
633
275
634
284
634
257
634
295
633
269
634
295
633
268
