Test1310_rot.PNG
Test1311_rot.PNG
276
172
287
202
286
175
295
200
286
175
295
199
285
175
295
200
285
175
295
199
316
317
417
278
324
321
425
277
324
321
426
277
323
320
424
276
323
320
423
276
322
320
423
276
323
322
425
277
323
322
426
277
387
173
365
125
407
178
381
113
534
197
487
40
537
198
489
39
534
315
572
126
535
317
578
118
536
319
577
123
536
319
580
119
536
319
579
120
536
319
583
115
549
317
584
115
549
317
582
114
551
317
583
112
551
317
583
113
550
316
582
113
550
317
583
113
550
317
582
114
550
317
583
114
552
317
583
112
551
318
583
113
551
318
583
114
550
318
583
113
550
318
583
114
555
312
581
106
554
312
581
106
554
312
582
106
554
314
581
106
554
314
581
107
