paris_invalides_000662_sm_4.jpg
paris_invalides_000663.jpg
196
245
159
211
199
240
165
202
199
241
165
203
199
241
165
202
200
242
165
205
200
242
162
209
200
242
165
206
199
243
165
205
199
243
162
209
199
243
162
208
199
242
161
209
199
242
165
203
199
242
165
204
199
242
162
208
199
244
164
208
199
244
165
206
205
229
172
187
213
229
175
192
293
239
300
196
293
239
300
197
293
238
300
196
293
238
303
198
301
233
310
194
302
233
310
193
302
233
313
196
302
233
314
197
304
241
317
211
309
247
320
213
310
247
320
212
308
247
320
215
308
249
320
216
308
249
320
217
