Test3000_rot.jpg
Test3001_rot.jpg
33
265
33
164
33
265
35
163
33
265
36
163
33
265
36
164
33
264
33
163
33
264
35
163
33
264
37
162
33
264
35
162
33
264
36
163
31
265
31
163
31
265
33
163
31
265
35
163
33
268
33
167
33
268
32
168
33
268
34
166
33
267
34
166
33
267
35
166
32
269
30
168
32
269
33
167
32
269
32
168
32
269
33
168
32
269
31
169
33
270
31
169
33
270
33
169
33
270
32
170
30
271
29
170
33
271
31
169
33
271
32
170
32
272
32
170
32
272
30
171
30
270
30
168
36
195
58
99
37
197
60
101
37
197
61
102
35
195
57
98
35
195
59
98
35
195
58
99
34
194
57
98
34
194
59
98
36
264
36
163
36
264
36
164
34
262
36
161
34
262
37
162
34
262
35
162
35
262
36
161
35
262
37
162
34
265
33
164
34
265
36
164
34
265
35
165
36
265
35
165
34
267
33
167
34
267
34
166
34
267
35
166
34
266
34
165
34
266
35
165
34
266
34
166
34
268
33
167
34
268
32
168
34
268
33
168
35
269
32
168
35
269
33
168
35
269
31
169
35
269
33
169
35
270
31
169
35
270
33
169
35
270
32
170
35
270
35
169
35
271
32
170
39
197
60
101
39
197
62
102
39
197
61
102
37
198
60
101
37
198
62
102
37
198
61
102
40
199
61
104
38
198
60
101
38
198
61
104
38
198
62
102
38
198
61
102
39
198
62
102
39
198
61
102
39
200
60
105
39
200
61
104
39
200
61
105
38
199
61
104
38
199
62
102
38
199
61
102
38
201
60
105
39
201
60
105
40
201
60
105
40
201
61
105
45
201
65
105
45
198
65
105
49
192
73
100
49
191
73
100
47
188
72
96
49
194
72
102
48
196
71
103
47
201
68
108
55
273
51
179
57
280
51
184
56
282
50
185
56
320
35
224
57
320
35
224
57
320
36
224
58
296
43
200
58
296
45
201
61
305
46
210
61
305
46
211
61
307
46
211
61
306
46
210
61
306
46
211
61
312
45
217
61
312
44
217
60
311
43
216
60
311
43
215
60
311
42
217
60
312
43
216
60
312
42
217
60
312
44
217
60
310
43
216
60
310
43
215
60
310
44
214
60
316
41
221
60
316
42
220
60
317
40
222
61
314
44
217
61
314
44
218
61
314
43
218
61
314
43
219
61
314
42
220
59
315
41
219
59
315
40
220
59
315
43
218
59
315
43
219
59
316
42
220
59
317
41
221
60
320
37
225
60
320
38
225
60
320
39
225
58
321
37
225
58
321
36
225
59
318
37
223
59
318
39
223
61
319
37
225
61
319
38
225
61
319
39
224
61
319
41
224
61
319
39
225
58
320
38
224
58
320
39
224
61
318
40
223
59
319
36
224
59
319
38
224
60
332
36
235
60
331
36
235
64
305
49
211
64
304
49
210
64
304
49
211
65
302
51
209
62
301
48
207
64
303
49
210
64
307
48
213
64
306
48
213
63
307
46
211
63
309
48
213
63
309
46
214
64
312
47
217
62
313
45
217
62
313
44
218
62
313
43
219
62
313
47
217
64
313
47
217
64
311
47
217
62
312
45
217
62
312
44
217
62
312
44
218
62
310
45
216
65
315
48
221
65
315
46
221
62
314
44
218
62
314
43
219
65
316
45
223
65
316
48
221
65
329
42
235
62
330
36
235
64
330
39
235
64
330
38
235
64
330
42
235
63
330
39
235
63
330
38
235
64
213
80
125
64
213
81
126
64
213
80
128
64
213
81
127
64
213
80
126
65
213
81
126
65
213
81
127
69
213
84
127
64
214
80
128
64
214
80
126
67
329
42
235
69
329
43
236
69
329
45
236
68
329
43
236
68
329
42
235
66
329
42
235
67
330
43
236
67
330
42
235
69
332
45
238
68
365
31
270
69
364
33
268
69
364
31
270
67
366
31
270
70
216
84
131
71
329
47
237
73
328
49
237
73
328
48
237
73
328
49
236
72
328
48
237
70
332
45
239
70
332
45
238
70
332
47
239
72
332
45
239
72
332
48
239
72
332
47
239
71
332
45
239
71
332
48
239
71
332
47
239
73
330
47
237
73
330
49
237
73
330
48
237
73
330
49
236
73
330
48
239
73
330
47
239
76
224
87
140
77
327
52
232
77
327
53
234
77
327
53
232
77
327
53
236
77
327
52
234
77
327
52
237
75
328
51
234
75
328
50
234
75
328
51
236
75
328
51
237
75
328
50
235
75
328
51
235
76
328
52
232
76
328
51
234
76
328
51
236
76
328
51
237
76
328
51
235
76
328
53
236
76
328
52
234
76
328
52
237
76
326
52
232
76
326
51
234
76
326
51
236
76
326
53
234
76
326
53
232
76
326
51
235
76
326
52
234
75
326
52
232
75
326
51
234
75
326
50
234
75
326
51
236
75
326
50
235
75
326
51
235
75
326
52
234
76
327
52
232
76
327
51
234
76
327
51
236
76
327
53
234
76
327
51
235
76
327
52
234
76
327
52
237
76
329
51
236
76
329
51
237
76
329
52
237
80
368
41
277
80
368
41
276
79
368
41
277
79
368
41
276
81
366
44
275
80
367
41
276
80
366
44
275
81
365
44
275
81
365
45
274
79
369
41
277
79
369
41
278
79
372
40
280
78
371
40
279
80
371
40
280
89
229
98
149
89
335
60
248
88
332
61
245
87
337
57
249
91
232
99
153
93
232
100
152
90
232
97
152
92
231
100
152
97
257
96
178
97
261
94
182
97
265
92
185
97
265
92
186
97
265
94
185
97
265
94
184
97
265
94
186
96
265
92
185
96
265
92
186
97
263
94
185
97
263
94
184
97
263
95
184
97
263
94
186
97
267
92
185
97
267
91
187
97
267
91
188
97
267
93
188
97
267
92
186
92
267
88
186
97
268
91
187
97
268
91
188
97
268
93
188
97
268
92
186
93
268
88
186
96
268
90
188
96
268
91
187
96
268
91
188
92
268
88
186
97
269
91
187
97
269
91
188
97
269
93
188
95
364
59
279
95
364
58
278
95
364
58
279
96
369
57
283
96
368
56
281
96
368
56
282
97
364
60
279
97
364
59
279
97
364
58
278
97
364
58
279
96
366
57
280
96
366
58
280
96
365
59
279
96
365
58
280
96
365
58
279
95
367
56
281
95
367
57
280
95
366
57
280
95
366
58
280
97
370
58
284
101
237
106
161
101
238
106
161
101
238
106
162
101
243
105
165
101
242
105
165
100
261
98
184
100
261
98
185
99
257
100
181
99
257
98
179
99
257
100
180
99
256
98
178
99
256
98
179
99
256
100
180
99
259
97
181
99
259
99
183
99
261
96
183
99
261
98
184
99
261
98
185
99
258
97
180
99
258
97
181
101
263
98
185
101
262
98
185
101
264
97
186
101
264
97
187
101
267
96
189
101
266
97
186
101
266
96
189
101
266
97
187
101
268
96
189
99
269
93
188
99
341
73
259
101
343
71
261
99
367
60
282
98
365
59
279
98
365
58
280
98
365
58
279
100
368
60
283
104
227
112
152
102
233
109
158
103
230
111
156
102
231
109
158
102
232
109
158
103
231
111
156
102
241
106
165
102
241
106
164
104
238
109
165
105
241
108
165
104
240
108
165
105
239
108
165
105
239
109
165
103
331
77
249
103
331
76
249
103
331
76
250
103
331
79
248
103
331
78
249
103
331
80
248
103
332
76
251
103
332
76
250
103
332
78
249
104
330
77
249
104
330
76
249
104
330
79
248
104
330
78
249
104
330
80
248
104
330
81
247
103
330
77
249
103
330
76
249
103
330
76
250
103
330
79
248
103
330
78
249
103
330
80
248
103
330
81
247
102
333
76
251
102
333
75
252
104
337
76
256
105
339
77
258
104
338
77
257
100
339
74
257
102
349
71
268
102
349
68
267
103
346
71
264
104
349
71
268
105
349
71
268
105
349
73
268
101
353
68
267
101
353
68
269
104
353
70
269
100
352
68
267
100
352
68
269
100
353
68
269
106
231
113
157
108
231
115
157
109
325
84
246
109
325
83
246
109
325
85
245
109
325
85
244
109
325
84
244
108
325
84
246
108
325
83
246
108
325
85
245
108
325
84
244
117
329
90
252
117
329
90
253
117
332
89
255
116
376
74
297
116
375
74
296
117
377
74
298
117
379
74
301
121
289
108
216
121
289
109
216
121
289
109
217
121
289
106
221
121
289
107
218
121
289
109
219
121
289
108
219
121
289
108
220
121
289
109
218
121
289
112
213
121
289
110
211
121
289
110
215
121
289
112
214
121
289
111
215
121
289
110
216
121
289
111
214
117
294
104
215
120
294
108
216
120
294
109
216
120
294
109
217
120
294
104
220
120
294
106
221
120
294
107
218
120
294
109
219
120
294
108
219
120
294
108
220
120
294
109
218
120
294
110
215
120
294
110
216
121
296
109
217
121
296
106
221
121
296
109
220
121
296
109
219
121
296
108
219
121
296
108
220
121
296
109
218
121
296
112
213
121
296
110
215
121
296
111
215
121
296
110
216
121
296
111
214
121
297
106
221
121
297
109
219
121
297
108
219
121
297
108
220
121
297
109
218
121
297
112
213
116
301
99
224
116
301
98
227
116
301
98
226
116
301
99
230
120
304
101
231
120
304
101
232
120
304
101
233
119
302
101
231
119
302
101
232
121
306
101
231
121
306
101
232
121
306
101
233
121
306
101
235
120
308
101
232
120
308
101
233
120
308
99
236
120
308
101
236
120
308
101
235
120
308
100
235
120
308
100
236
120
308
100
234
120
309
101
233
120
309
99
236
120
309
101
236
120
309
99
237
120
309
101
235
120
309
100
235
120
309
100
236
120
309
100
234
119
308
98
231
119
308
101
232
119
308
101
233
119
308
99
236
119
308
101
235
119
308
100
235
119
308
100
234
120
306
101
231
120
306
101
232
120
306
101
233
120
306
101
235
120
306
100
234
119
309
98
231
119
309
101
233
119
309
99
236
119
309
101
236
119
309
99
237
119
309
101
235
119
309
100
235
119
309
100
236
119
309
100
234
121
307
101
231
121
307
101
232
121
307
101
233
121
307
101
236
121
307
101
235
121
307
100
235
121
307
100
236
121
307
100
234
118
360
80
283
118
361
80
283
121
365
81
288
121
365
82
288
120
368
80
291
120
368
79
290
120
368
81
291
119
369
80
292
119
369
79
292
119
369
79
291
119
369
78
291
119
368
80
291
119
368
79
290
119
368
81
291
120
369
80
292
120
369
81
292
120
369
80
291
120
369
79
291
120
369
78
291
120
366
81
288
121
368
80
291
121
368
81
291
121
366
81
288
121
366
83
289
121
369
80
292
121
369
81
292
121
369
80
291
121
369
81
291
121
369
82
292
120
372
79
294
120
373
78
295
119
372
77
293
121
370
80
292
120
370
79
292
119
373
78
295
120
371
79
293
118
377
74
297
118
377
75
298
121
375
78
297
119
376
77
298
119
377
77
299
119
377
76
298
120
377
77
299
120
394
69
316
120
394
70
315
124
288
109
220
124
288
109
219
124
288
108
220
124
288
109
221
124
288
112
213
124
288
113
215
124
288
112
214
124
288
111
215
124
288
113
214
121
287
108
216
121
287
109
216
121
287
109
217
121
287
107
218
121
287
109
219
121
287
108
219
121
287
108
220
121
287
109
218
121
287
113
211
121
287
112
213
121
287
110
211
121
287
112
211
121
287
112
212
121
287
110
215
121
287
111
215
121
287
110
216
121
287
111
214
121
285
108
216
121
285
109
216
121
285
109
217
121
285
107
218
121
285
108
219
121
285
109
218
121
285
110
211
121
285
111
208
121
285
113
210
121
285
112
212
121
285
112
209
121
285
110
215
121
285
111
215
121
285
110
216
121
285
111
214
123
288
109
217
123
288
109
220
123
288
109
219
123
288
108
219
123
288
108
220
123
288
109
218
123
288
109
221
123
288
113
211
123
288
112
213
123
288
112
211
123
288
113
210
123
288
112
212
123
288
110
215
123
288
113
215
123
288
112
214
123
288
111
215
123
288
113
214
123
288
110
216
123
288
111
214
123
289
109
217
123
289
106
221
123
289
109
220
123
289
109
219
123
289
108
219
123
289
108
220
123
289
109
218
123
289
109
221
123
289
113
211
123
289
112
213
123
289
112
211
123
289
113
210
123
289
112
212
123
289
110
215
123
289
113
215
123
289
112
214
123
289
111
215
123
289
113
214
123
289
110
216
123
289
111
214
124
289
109
220
124
289
109
219
124
289
109
221
124
289
113
217
124
289
113
215
124
289
112
214
124
289
113
214
125
286
109
220
125
286
109
219
125
286
109
218
125
286
109
221
125
286
113
211
125
286
112
213
125
286
112
212
125
286
113
215
125
286
112
214
125
286
111
215
125
286
113
214
125
286
110
216
125
286
111
214
125
285
109
220
125
285
109
219
125
285
109
218
125
285
113
211
125
285
112
213
125
285
112
212
125
285
113
215
125
285
112
214
125
285
111
215
125
285
113
214
125
285
110
216
125
285
111
214
123
287
109
217
123
287
109
220
123
287
109
219
123
287
108
219
123
287
108
220
123
287
109
218
123
287
109
221
123
287
113
211
123
287
112
213
123
287
112
211
123
287
113
210
123
287
112
212
123
287
110
215
123
287
112
214
123
287
111
215
123
287
113
214
123
287
110
216
123
287
111
214
124
286
109
220
124
286
109
219
124
286
108
220
124
286
109
218
124
286
109
221
124
286
113
211
124
286
112
213
124
286
113
210
124
286
112
212
124
286
113
215
124
286
112
214
124
286
111
215
124
286
113
214
124
286
110
216
124
286
111
214
124
284
109
219
124
284
109
218
124
284
113
211
124
284
112
213
124
284
113
210
124
284
112
212
124
284
113
215
124
284
112
214
124
284
111
215
124
284
113
214
124
284
110
216
124
284
111
214
124
285
109
220
124
285
109
219
124
285
109
218
124
285
113
211
124
285
112
213
124
285
113
210
124
285
112
212
124
285
113
215
124
285
112
214
124
285
111
215
124
285
113
214
124
285
110
216
124
285
111
214
125
289
109
220
125
289
109
221
125
289
113
217
125
289
113
215
125
289
113
214
122
290
109
216
122
290
109
217
122
290
106
221
122
290
109
220
122
290
109
219
122
290
108
219
122
290
108
220
122
290
109
218
122
290
109
221
122
290
113
211
122
290
112
213
122
290
112
211
122
290
112
212
122
290
110
215
122
290
112
214
122
290
111
215
122
290
110
216
122
290
111
214
123
290
109
220
123
290
109
219
123
290
108
220
123
290
109
218
123
290
109
221
123
290
113
211
123
290
112
213
123
290
112
212
123
290
113
215
123
290
112
214
123
290
111
215
123
290
113
214
123
290
110
216
123
290
111
214
124
290
109
220
124
290
109
221
124
290
113
217
124
290
113
215
124
290
113
214
125
290
109
221
125
290
113
217
125
290
113
215
122
291
109
216
122
291
109
217
122
291
106
221
122
291
109
220
122
291
109
219
122
291
108
219
122
291
108
220
122
291
109
218
122
291
109
221
122
291
113
211
122
291
112
213
122
291
112
211
122
291
112
212
122
291
110
215
122
291
112
214
122
291
111
215
122
291
110
216
122
291
111
214
124
291
109
220
124
291
109
221
124
291
113
217
124
291
113
215
125
291
109
221
125
291
113
217
122
292
109
217
122
292
106
221
122
292
109
220
122
292
109
219
122
292
108
219
122
292
108
220
122
292
109
218
122
292
109
221
122
292
112
213
122
292
112
212
122
292
110
215
122
292
112
214
122
292
111
215
122
292
110
216
122
292
111
214
123
292
109
220
123
292
109
219
123
292
108
220
123
292
109
218
123
292
109
221
123
292
112
213
123
292
112
214
123
292
111
215
123
292
113
214
124
292
109
220
124
292
109
221
124
292
113
217
124
292
113
215
125
292
113
217
124
293
109
220
124
293
109
221
124
293
113
215
123
365
84
288
123
365
82
288
124
365
84
288
122
365
82
288
124
364
85
288
124
364
84
288
124
364
87
288
124
364
88
287
124
364
86
288
125
365
84
288
125
365
84
289
125
365
88
289
125
365
86
289
124
366
83
289
124
366
84
289
122
366
83
289
123
370
82
293
122
373
81
296
125
399
73
322
129
360
89
287
129
360
88
287
129
360
91
285
128
356
91
282
128
356
92
282
128
356
93
282
129
359
91
285
129
359
92
284
129
359
93
284
129
356
91
282
129
356
92
282
129
356
93
282
129
356
92
284
128
361
89
287
128
361
88
287
128
361
91
285
127
364
89
288
127
364
88
289
127
364
86
289
126
364
85
288
126
364
89
288
126
364
87
288
126
364
88
289
126
364
89
287
126
364
86
288
126
364
86
289
126
363
89
288
126
363
87
288
126
363
89
287
126
363
88
287
126
363
86
288
127
368
86
293
126
366
87
291
126
368
86
293
129
395
79
319
130
361
89
288
130
361
89
287
130
361
88
287
133
363
93
290
133
374
90
300
130
394
80
319
130
394
81
319
131
394
81
319
131
394
82
319
132
397
80
322
132
397
81
322
130
399
77
323
133
399
79
324
133
399
81
324
133
399
80
324
135
396
84
322
135
399
82
325
135
399
83
325
141
399
88
325
141
399
87
325
141
399
89
326
141
399
90
326
140
397
88
324
140
397
88
325
140
397
89
324
140
397
87
324
140
397
87
325
141
398
89
325
141
398
88
325
141
398
87
325
141
398
89
326
141
398
91
327
141
398
90
326
141
397
89
325
141
397
88
325
141
397
89
324
141
397
89
326
141
397
91
327
141
397
90
326
139
398
88
325
139
398
87
325
139
397
88
324
139
397
88
325
139
397
87
324
139
397
87
325
140
399
87
325
139
396
88
324
139
396
87
324
144
399
89
325
144
399
93
326
144
399
89
328
144
399
90
328
144
399
91
327
144
399
92
327
144
399
90
326
144
399
89
327
144
399
91
328
144
399
92
326
144
399
90
327
144
396
89
325
144
396
93
324
144
396
93
323
144
396
92
325
144
396
93
326
144
396
91
327
144
396
92
327
144
396
90
326
144
396
92
326
142
398
89
325
142
398
88
325
142
398
92
325
142
398
89
326
142
398
93
326
142
398
90
328
142
398
91
327
142
398
92
327
142
398
90
326
142
398
89
327
142
398
91
328
142
398
92
326
142
398
90
327
142
397
89
325
142
397
88
325
142
397
89
324
142
397
92
325
142
397
89
326
142
397
93
326
142
397
91
327
142
397
92
327
142
397
90
326
142
397
91
328
142
397
92
326
142
397
90
327
144
398
89
325
144
398
89
324
144
398
92
325
144
398
89
326
144
398
93
326
144
398
90
328
144
398
91
327
144
398
92
327
144
398
90
326
144
398
89
327
144
398
91
328
144
398
92
326
144
398
90
327
145
397
93
324
145
397
92
325
145
397
93
326
145
397
91
327
145
397
92
327
145
397
92
326
165
198
181
147
165
201
177
152
165
201
178
149
165
201
180
149
165
201
179
151
165
201
178
151
165
201
179
150
165
201
178
152
165
201
180
150
165
201
180
151
165
201
178
150
165
201
177
151
164
205
176
155
164
205
177
157
164
205
177
153
164
205
177
156
164
205
177
152
164
205
176
154
164
205
175
156
164
205
176
153
164
205
175
155
164
205
176
156
164
205
176
157
164
205
177
155
164
205
178
151
164
205
178
152
164
205
178
153
164
205
177
151
165
202
177
153
165
202
177
152
165
202
176
153
165
202
178
149
165
202
179
151
165
202
178
151
165
202
179
150
165
202
178
152
165
202
178
153
165
202
180
151
165
202
178
150
165
202
180
152
165
202
177
151
165
205
176
155
165
205
177
157
165
205
177
153
165
205
177
156
165
205
177
152
165
205
176
154
165
205
176
153
165
205
175
155
165
205
176
156
165
205
177
155
165
205
178
151
165
205
178
152
165
205
178
153
165
205
177
151
165
208
173
157
165
208
176
155
165
208
177
157
165
208
177
156
165
208
176
154
165
208
175
156
165
208
176
153
165
208
175
155
165
208
176
156
165
208
174
157
165
208
175
157
165
208
176
157
165
208
177
155
164
209
173
157
164
209
175
156
164
209
175
155
164
209
176
156
164
209
174
157
164
209
175
157
164
209
176
157
165
209
173
157
165
209
176
155
165
209
177
157
165
209
177
156
165
209
176
154
165
209
175
156
165
209
175
155
165
209
176
156
165
209
174
157
165
209
175
157
165
209
176
157
165
209
177
155
160
339
128
277
162
338
129
277
161
339
128
277
163
339
128
277
162
339
128
277
165
364
123
300
165
364
121
301
165
364
123
301
165
364
124
301
165
364
120
302
165
364
123
302
165
364
121
302
165
362
123
300
165
362
124
300
165
362
124
299
165
360
124
298
165
360
124
299
162
365
121
301
162
365
120
302
165
365
123
301
165
365
120
302
165
365
123
302
165
365
121
302
165
365
121
303
165
365
123
303
166
200
181
147
166
200
178
149
166
200
180
149
166
200
181
149
166
200
179
151
166
200
178
151
166
200
179
150
166
200
180
150
166
200
180
151
166
200
178
150
166
200
180
152
166
200
177
151
168
199
180
149
168
199
181
149
168
199
182
149
168
199
182
148
167
199
181
147
167
199
178
149
167
199
180
149
167
199
181
149
167
199
182
149
167
199
182
148
169
197
184
144
169
197
182
149
169
197
182
148
169
197
183
146
169
197
185
146
169
197
184
149
167
198
181
147
167
198
181
149
167
198
182
149
167
198
182
148
167
198
182
146
168
333
136
274
168
337
135
278
168
337
136
278
169
335
137
276
169
335
135
276
169
335
136
276
169
335
138
277
169
334
137
275
169
334
136
275
169
338
134
279
169
338
136
279
169
338
135
279
169
338
136
280
168
339
134
280
168
339
135
280
169
340
136
281
168
338
134
279
168
338
135
279
168
338
133
279
166
358
125
296
166
358
125
297
166
358
126
296
166
358
126
297
168
359
126
297
168
359
127
297
168
359
127
299
167
357
127
296
167
357
126
296
167
357
127
297
168
360
127
299
168
360
127
300
165
359
124
298
166
359
125
297
167
359
125
296
167
359
125
297
167
359
126
297
167
359
127
297
167
359
127
299
166
357
127
296
166
357
126
296
166
357
127
297
167
358
125
296
167
358
126
296
167
358
126
297
167
358
127
297
166
361
124
300
166
361
124
298
166
361
124
299
166
362
124
300
166
362
124
299
166
362
124
301
169
363
127
301
166
363
123
300
166
363
123
301
166
363
124
300
166
363
124
301
166
363
124
302
166
363
123
302
168
362
124
301
168
362
127
300
168
362
127
301
166
365
124
302
166
365
123
304
166
365
123
302
166
365
121
303
166
365
123
303
169
400
116
337
173
358
131
296
173
360
131
301
170
360
127
299
170
360
129
300
170
360
129
298
170
360
129
299
170
360
131
301
170
356
130
296
170
356
131
296
170
362
129
301
170
362
127
300
170
362
127
301
177
340
141
284
176
342
141
285
176
342
140
285
176
342
140
286
178
340
144
284
178
340
141
284
176
340
141
284
181
344
147
288
178
349
145
293
181
349
145
293
181
349
144
293
181
349
146
293
179
347
145
290
179
347
144
290
180
348
146
293
181
348
145
293
181
348
144
293
181
348
146
293
183
340
143
285
183
340
147
287
183
340
148
286
184
341
147
287
184
341
148
286
184
341
147
288
183
343
147
287
183
343
147
288
182
344
147
288
185
345
145
290
185
345
144
290
185
345
146
290
184
348
145
293
184
348
144
293
184
348
146
293
185
347
145
293
185
347
147
292
185
347
145
290
185
347
144
293
185
347
146
293
185
349
145
293
185
349
144
293
185
349
146
293
185
349
148
294
183
347
147
292
183
347
145
290
183
347
144
290
183
349
145
293
183
349
144
293
183
349
146
293
182
348
145
293
182
348
144
293
182
348
146
293
186
347
145
293
186
347
147
292
186
347
144
293
186
347
146
293
186
347
150
294
186
347
149
294
186
347
148
294
187
346
147
292
187
346
152
294
187
347
145
293
187
347
146
293
187
347
153
295
187
347
150
294
187
347
149
294
187
347
148
294
188
347
146
293
188
347
153
295
188
347
150
294
188
347
149
294
188
347
148
294
189
347
152
294
189
347
153
295
189
347
150
294
189
347
149
294
189
347
154
295
186
348
145
293
186
348
144
293
186
348
146
293
186
348
150
294
186
348
149
294
186
348
148
294
189
398
134
342
189
400
133
343
192
346
155
296
192
346
157
295
192
346
156
295
192
346
154
295
192
346
156
296
192
346
155
295
193
348
154
297
193
348
155
297
191
347
153
295
191
347
155
296
191
347
154
295
191
347
156
296
190
347
153
295
190
347
150
294
190
347
155
296
190
347
154
295
190
347
156
296
201
194
212
155
201
194
214
157
201
194
217
157
201
194
224
155
201
195
214
157
201
195
216
158
201
195
217
157
198
194
211
154
198
194
212
155
198
195
211
154
198
195
212
155
198
195
209
157
198
195
209
158
198
195
208
158
201
198
214
157
201
198
215
161
201
198
216
158
201
198
216
159
201
198
216
161
201
198
212
163
202
220
209
184
202
220
209
183
202
220
208
181
202
223
205
184
202
224
205
185
202
224
204
185
202
224
205
184
201
224
205
185
201
224
204
185
201
224
205
184
203
220
209
184
203
220
208
180
203
220
209
183
203
220
208
181
201
225
205
185
201
225
204
185
201
225
205
184
201
225
204
187
201
225
205
187
202
228
204
187
202
228
205
187
202
228
205
192
202
228
206
190
202
228
207
193
201
226
205
185
201
226
204
185
201
226
205
184
201
226
204
187
201
226
205
187
201
226
206
190
202
229
204
187
202
229
205
187
202
229
205
192
202
229
206
190
202
229
207
193
202
229
207
194
202
227
205
185
202
227
204
185
202
227
204
187
202
227
205
187
202
227
206
190
202
226
205
185
202
226
204
185
202
226
205
184
202
226
204
187
202
226
205
187
202
226
208
191
202
226
206
190
201
227
205
185
201
227
204
185
201
227
204
187
201
227
205
187
203
228
205
185
203
228
204
185
203
228
204
187
203
228
205
187
203
228
208
191
203
228
206
190
203
228
208
192
203
228
207
193
204
206
214
165
204
206
214
167
204
206
214
166
204
206
212
168
204
206
213
168
204
207
214
165
204
207
214
167
204
207
214
166
204
207
212
168
204
207
213
168
204
204
214
165
204
204
215
164
204
204
214
167
204
204
214
166
204
204
212
168
204
204
213
168
207
211
215
174
207
211
214
176
207
211
216
179
206
217
213
181
206
217
212
178
206
217
216
184
206
217
214
183
206
217
216
185
204
215
214
183
209
216
214
177
209
216
215
180
209
216
215
179
209
216
217
183
209
216
218
181
209
216
219
183
209
216
219
184
208
219
213
183
208
219
213
181
208
219
214
184
208
219
214
183
209
220
213
181
209
220
214
184
209
220
214
183
209
219
213
181
209
219
214
183
207
218
213
181
207
218
214
183
207
225
211
189
207
225
211
188
207
225
211
187
207
225
212
189
208
224
211
185
208
224
212
189
206
224
209
184
206
224
211
189
206
224
211
188
206
224
211
187
206
224
212
189
208
228
211
189
208
228
211
188
208
228
212
189
207
226
211
189
207
226
211
188
207
226
210
189
207
226
211
187
207
226
212
189
209
227
211
189
209
227
212
189
208
226
211
189
208
226
211
188
208
226
211
187
208
226
212
189
209
228
211
189
209
228
211
188
209
228
212
189
208
231
208
191
208
231
209
193
208
231
206
190
208
231
208
192
208
231
209
192
208
231
207
193
208
231
209
191
208
231
207
194
209
232
208
191
209
232
209
193
209
232
206
190
209
232
208
192
209
232
209
192
209
232
209
191
209
232
208
195
207
232
208
191
207
232
205
192
207
232
209
193
207
232
206
190
207
232
208
192
207
232
209
192
207
232
207
193
207
232
208
195
207
232
207
195
207
232
207
194
207
232
206
195
208
232
208
191
208
232
205
192
208
232
209
193
208
232
206
190
208
232
208
192
208
232
209
192
208
232
207
193
208
232
209
191
208
232
208
195
208
232
207
195
208
232
207
194
207
231
205
187
207
231
208
191
207
231
205
192
207
231
209
193
207
231
206
190
207
231
208
192
207
231
209
192
207
231
207
193
207
231
209
191
207
231
208
195
207
231
207
195
207
231
207
194
208
233
208
191
208
233
209
193
208
233
206
190
208
233
208
192
208
233
207
193
208
233
208
195
208
233
207
195
208
233
209
196
208
233
207
196
208
233
207
194
208
233
206
195
208
233
206
196
208
236
208
195
208
236
207
195
208
236
206
197
208
236
208
197
208
236
207
196
208
236
205
197
208
236
206
195
208
236
206
196
209
237
206
197
209
237
208
197
209
237
207
196
209
237
205
197
208
237
206
197
208
237
208
197
208
237
207
196
208
237
205
197
208
237
206
196
206
237
206
197
206
237
205
197
209
236
208
195
209
236
209
196
209
236
206
197
209
236
208
197
209
236
207
196
209
236
205
197
209
236
206
195
209
236
206
196
209
235
208
195
209
235
207
195
209
235
209
196
209
235
206
197
209
235
208
197
209
235
207
196
209
235
207
194
209
235
206
195
209
235
206
196
207
237
206
197
207
237
208
197
207
237
207
196
207
237
205
197
207
237
206
196
208
234
205
192
208
234
207
193
208
234
208
195
208
234
207
195
208
234
209
196
208
234
207
196
208
234
207
194
208
234
206
195
208
234
206
196
204
374
156
326
204
375
156
326
208
193
214
157
208
193
216
158
208
193
217
157
208
193
216
159
208
193
224
155
208
190
224
155
211
188
229
152
208
195
214
157
208
195
215
161
208
195
216
158
208
195
217
157
208
195
216
159
208
195
216
161
208
195
217
162
208
195
215
162
208
195
214
162
208
195
224
155
208
197
215
161
208
197
216
159
208
197
216
161
208
197
217
162
208
197
214
165
208
197
215
164
208
197
216
163
208
197
215
162
208
197
214
162
208
197
217
163
208
197
214
166
209
196
215
161
209
196
216
159
209
196
216
161
209
196
217
162
209
196
214
165
209
196
215
164
209
196
216
163
209
196
215
162
209
196
217
163
209
196
214
166
208
196
215
161
208
196
216
158
208
196
216
159
208
196
216
161
208
196
217
162
208
196
214
165
208
196
215
164
208
196
216
163
208
196
215
162
208
196
214
162
208
196
217
163
208
196
212
163
209
197
216
161
209
197
217
162
209
197
214
165
209
197
215
164
209
197
216
163
209
197
215
162
209
197
217
163
209
197
214
166
210
216
216
179
210
216
218
181
210
216
219
183
210
216
219
184
210
218
217
183
213
218
216
179
213
218
217
183
212
221
216
184
212
221
216
185
213
225
214
184
211
222
213
181
211
222
214
184
211
222
214
183
210
226
212
189
210
227
212
189
210
228
211
189
210
228
212
189
211
229
211
189
211
229
211
188
211
229
212
189
212
229
211
189
212
229
211
188
212
229
212
189
213
372
165
326
215
189
229
156
215
189
230
155
215
189
232
155
217
189
233
155
217
189
232
155
217
189
235
158
214
188
229
156
214
188
230
155
213
202
221
167
213
202
223
166
217
213
223
178
217
213
224
180
217
213
224
179
217
213
223
179
217
213
225
181
217
211
224
177
217
211
223
178
217
211
224
179
217
211
223
179
217
211
225
181
216
215
221
180
216
215
224
181
216
215
222
180
215
217
219
181
217
217
221
181
217
215
222
180
217
214
222
180
217
214
223
179
217
214
225
181
215
215
222
180
216
214
222
180
214
219
216
179
214
219
217
183
214
219
218
181
214
220
216
179
214
220
217
183
215
219
218
181
215
220
216
179
215
220
215
179
215
220
217
183
215
220
218
181
215
220
219
183
215
221
216
179
215
221
215
179
215
221
217
183
214
372
165
326
217
371
168
327
216
372
168
327
220
189
235
158
220
189
236
157
220
189
236
159
220
189
237
159
220
189
239
157
219
189
235
158
219
189
236
157
219
189
236
159
219
189
237
159
218
189
233
155
218
189
235
158
218
189
236
157
218
189
236
159
220
188
235
158
220
188
236
157
220
188
236
159
220
188
237
159
220
188
239
157
220
188
238
156
221
189
235
158
221
189
236
157
221
189
236
159
221
189
237
159
221
189
239
157
221
199
223
166
221
199
232
169
221
199
236
168
221
205
225
175
221
205
228
171
221
205
227
172
221
205
228
172
221
205
229
174
221
205
226
176
221
205
226
177
221
205
227
177
221
205
228
174
221
205
227
175
221
205
228
176
221
205
228
175
221
205
232
171
221
205
230
172
221
205
233
172
221
205
232
173
221
205
233
171
221
205
231
172
221
205
230
171
221
205
233
174
221
205
231
174
221
205
230
175
221
205
232
174
221
205
230
174
221
205
230
176
221
205
231
176
221
205
231
175
221
205
234
173
220
204
225
175
220
204
228
171
220
204
227
172
220
204
228
172
220
204
229
174
220
204
226
176
220
204
228
174
220
204
227
175
220
204
228
175
220
204
232
169
220
204
232
171
220
204
230
172
220
204
233
171
220
204
230
171
220
204
232
170
221
204
225
175
221
204
228
171
221
204
227
172
221
204
228
172
221
204
229
174
221
204
226
176
221
204
226
177
221
204
228
174
221
204
227
175
221
204
228
176
221
204
228
175
221
204
232
171
221
204
230
172
221
204
233
172
221
204
232
173
221
204
233
171
221
204
231
172
221
204
230
171
221
204
232
170
221
204
231
174
221
204
230
174
221
204
234
172
219
208
224
177
219
208
225
175
219
208
225
179
219
208
227
172
219
208
228
172
219
208
229
174
219
208
226
176
219
208
226
177
219
208
227
177
219
208
228
174
219
208
227
175
219
208
228
176
219
208
228
175
219
208
230
172
219
208
230
175
219
208
230
174
219
208
230
176
220
206
225
175
220
206
228
171
220
206
227
172
220
206
228
172
220
206
229
174
220
206
226
176
220
206
226
177
220
206
227
177
220
206
228
174
220
206
227
175
220
206
228
176
220
206
228
175
220
206
232
171
220
206
230
172
220
206
232
173
220
206
231
172
220
206
230
171
220
206
232
170
220
206
231
174
220
206
230
175
220
206
230
174
220
206
230
176
219
206
224
177
219
206
225
175
219
206
228
171
219
206
227
172
219
206
228
172
219
206
229
174
219
206
226
176
219
206
226
177
219
206
228
174
219
206
227
175
219
206
228
176
219
206
228
175
219
206
232
171
219
206
230
172
219
206
231
172
219
206
230
171
219
206
232
170
219
206
230
174
219
207
224
177
219
207
225
175
219
207
228
171
219
207
227
172
219
207
228
172
219
207
229
174
219
207
226
176
219
207
226
177
219
207
227
177
219
207
228
174
219
207
227
175
219
207
228
176
219
207
228
175
219
207
230
172
219
207
231
172
219
207
230
171
219
207
230
175
219
207
230
174
219
207
230
176
221
207
225
175
221
207
228
171
221
207
227
172
221
207
228
172
221
207
229
174
221
207
226
176
221
207
226
177
221
207
227
177
221
207
228
174
221
207
227
175
221
207
228
176
221
207
228
175
221
207
230
172
221
207
232
173
221
207
231
172
221
207
230
171
221
207
231
174
221
207
230
175
221
207
232
175
221
207
232
174
221
207
230
174
221
207
230
176
221
207
231
176
221
207
231
177
221
207
232
177
221
207
231
175
218
207
224
177
218
207
225
175
218
207
228
171
218
207
227
172
218
207
228
172
218
207
229
174
218
207
226
176
218
207
226
177
218
207
227
177
218
207
228
174
218
207
227
175
218
207
228
176
218
207
228
175
218
207
230
172
218
207
230
171
218
207
230
175
218
207
230
174
220
208
225
175
220
208
228
171
220
208
227
172
220
208
228
172
220
208
229
174
220
208
226
176
220
208
226
177
220
208
227
177
220
208
228
174
220
208
227
175
220
208
228
176
220
208
228
175
220
208
230
172
220
208
231
172
220
208
230
171
220
208
231
174
220
208
230
175
220
208
230
174
220
208
230
176
220
208
231
176
220
208
231
177
220
208
231
175
220
209
224
177
220
209
225
175
220
209
228
172
220
209
229
174
220
209
226
176
220
209
226
177
220
209
227
177
220
209
228
174
220
209
227
175
220
209
228
176
220
209
228
175
220
209
230
172
220
209
230
175
220
209
230
174
220
209
230
176
220
209
231
177
221
209
225
175
221
209
229
174
221
209
226
176
221
209
226
177
221
209
227
177
221
209
228
174
221
209
227
175
221
209
228
176
221
209
228
175
221
209
231
174
221
209
233
177
221
209
230
175
221
209
232
175
221
209
230
174
221
209
230
176
221
209
231
176
221
209
231
177
221
209
232
177
221
209
231
175
219
210
224
177
219
210
225
175
219
210
225
179
219
210
226
176
219
210
226
177
219
210
227
177
219
210
227
175
219
210
228
176
221
211
226
176
221
211
226
177
221
211
227
177
221
211
228
176
221
211
228
175
220
212
224
177
220
212
225
175
220
212
224
179
220
212
226
177
220
212
227
177
218
213
223
178
218
213
224
181
218
213
224
180
218
213
224
179
218
213
223
179
218
213
225
181
221
213
225
179
221
213
224
179
221
213
226
177
221
213
227
177
220
211
224
177
220
211
225
175
220
211
226
176
220
211
226
177
220
211
227
177
221
212
226
176
221
212
226
177
221
212
227
177
220
210
224
177
220
210
225
175
220
210
226
176
220
210
226
177
220
210
227
177
220
210
228
176
220
213
224
177
220
213
223
178
220
213
225
179
220
213
224
180
220
213
224
179
220
213
223
179
218
212
224
177
218
212
223
178
218
212
224
179
218
212
223
179
218
212
225
181
220
215
225
179
220
215
224
181
220
215
222
180
220
215
224
180
220
215
224
179
220
215
223
179
220
215
225
181
219
214
223
178
219
214
225
179
219
214
224
181
219
214
224
180
219
214
224
179
219
214
223
179
219
214
225
181
219
216
223
181
219
216
224
181
219
216
224
180
219
216
224
179
219
216
225
181
220
214
224
177
220
214
223
178
220
214
225
179
220
214
224
180
220
214
224
179
220
214
223
179
220
214
225
181
219
215
224
177
219
215
225
179
219
215
223
181
219
215
224
181
219
215
222
180
219
215
224
180
219
215
224
179
219
215
223
179
219
215
225
181
221
215
225
179
221
215
224
180
221
215
224
179
221
215
225
181
221
214
225
179
221
214
224
180
221
214
224
179
221
214
225
181
221
214
226
177
221
216
225
179
221
216
224
181
221
216
224
180
221
216
224
179
221
216
225
181
221
359
177
317
221
359
176
318
219
371
170
328
218
372
170
328
223
191
236
159
223
191
237
159
223
191
240
160
222
189
236
157
222
189
237
159
222
189
239
157
222
189
241
158
224
191
236
159
224
191
237
159
224
191
240
160
224
191
243
161
223
201
233
169
223
201
232
169
223
201
232
171
223
201
232
170
223
201
234
169
223
201
235
170
223
201
234
171
223
201
235
171
225
200
236
168
225
200
234
169
225
200
237
171
225
200
235
170
225
200
237
170
225
200
235
171
224
201
233
169
224
201
232
169
224
201
232
170
224
201
236
168
224
201
234
169
224
201
237
171
224
201
235
170
224
201
234
171
224
201
236
172
224
201
237
170
224
201
235
171
222
205
225
175
222
205
228
171
222
205
227
172
222
205
228
172
222
205
229
174
222
205
226
176
222
205
226
177
222
205
227
177
222
205
228
174
222
205
227
175
222
205
228
176
222
205
228
175
222
205
232
171
222
205
230
172
222
205
233
172
222
205
232
173
222
205
233
171
222
205
231
172
222
205
230
171
222
205
233
174
222
205
231
174
222
205
233
175
222
205
230
175
222
205
232
175
222
205
232
174
222
205
230
174
222
205
230
176
222
205
231
176
222
205
231
175
222
205
234
173
222
202
228
171
222
202
227
172
222
202
228
172
222
202
233
169
222
202
232
169
222
202
232
171
222
202
230
172
222
202
233
172
222
202
233
171
222
202
231
172
222
202
230
171
222
202
232
170
222
202
234
169
222
202
235
170
222
202
234
171
224
204
228
171
224
204
227
172
224
204
228
172
224
204
226
176
224
204
228
174
224
204
227
175
224
204
228
175
224
204
233
169
224
204
232
169
224
204
232
171
224
204
230
172
224
204
233
172
224
204
232
173
224
204
233
171
224
204
231
172
224
204
230
171
224
204
232
170
224
204
233
174
224
204
232
174
224
204
234
169
224
204
234
172
224
204
234
173
224
204
235
170
224
204
234
171
224
204
235
171
224
203
228
171
224
203
227
172
224
203
228
172
224
203
233
169
224
203
232
169
224
203
232
171
224
203
230
172
224
203
233
172
224
203
232
173
224
203
233
171
224
203
231
172
224
203
230
171
224
203
232
170
224
203
234
169
224
203
234
172
224
203
234
173
224
203
235
170
224
203
234
171
224
203
236
172
224
203
235
171
225
204
228
171
225
204
228
172
225
204
233
169
225
204
232
169
225
204
232
171
225
204
230
172
225
204
233
172
225
204
232
173
225
204
233
171
225
204
231
172
225
204
230
171
225
204
232
170
225
204
233
174
225
204
232
174
225
204
234
169
225
204
237
173
225
204
234
172
225
204
234
173
225
204
235
170
225
204
234
171
225
204
236
172
225
204
235
171
223
204
225
175
223
204
228
171
223
204
227
172
223
204
228
172
223
204
229
174
223
204
226
176
223
204
226
177
223
204
228
174
223
204
227
175
223
204
228
176
223
204
228
175
223
204
232
169
223
204
232
171
223
204
230
172
223
204
233
172
223
204
232
173
223
204
233
171
223
204
231
172
223
204
230
171
223
204
232
170
223
204
233
174
223
204
231
174
223
204
232
174
223
204
230
174
223
204
234
172
223
204
234
173
223
204
234
171
224
205
228
171
224
205
227
172
224
205
228
172
224
205
229
174
224
205
226
176
224
205
228
174
224
205
227
175
224
205
228
176
224
205
228
175
224
205
232
171
224
205
230
172
224
205
233
172
224
205
232
173
224
205
233
171
224
205
231
172
224
205
230
171
224
205
232
170
224
205
233
174
224
205
231
174
224
205
233
175
224
205
230
175
224
205
232
175
224
205
232
174
224
205
230
174
224
205
231
176
224
205
231
175
224
205
234
172
224
205
234
173
224
205
234
171
225
205
228
171
225
205
227
172
225
205
228
172
225
205
227
175
225
205
233
169
225
205
232
169
225
205
232
171
225
205
230
172
225
205
233
172
225
205
232
173
225
205
233
171
225
205
231
172
225
205
230
171
225
205
232
170
225
205
233
174
225
205
233
175
225
205
232
174
225
205
234
169
225
205
234
172
225
205
234
173
225
205
235
170
225
205
234
171
225
205
236
172
225
205
235
171
225
208
229
174
225
208
228
174
225
208
227
175
225
208
228
176
225
208
228
175
225
208
232
173
225
208
231
172
225
208
233
174
225
208
231
174
225
208
233
177
225
208
233
175
225
208
230
175
225
208
232
175
225
208
232
174
225
208
230
174
225
208
230
176
225
208
231
176
225
208
231
177
225
208
232
177
225
208
231
175
225
208
234
173
225
207
229
174
225
207
227
177
225
207
228
174
225
207
227
175
225
207
228
176
225
207
228
175
225
207
232
171
225
207
230
172
225
207
233
172
225
207
232
173
225
207
231
172
225
207
233
174
225
207
231
174
225
207
233
177
225
207
233
175
225
207
230
175
225
207
232
175
225
207
232
174
225
207
230
174
225
207
230
176
225
207
231
176
225
207
231
177
225
207
232
177
225
207
231
175
225
207
234
172
225
207
234
173
225
209
227
177
225
209
227
175
225
209
228
176
225
209
228
175
225
209
232
173
225
209
233
174
225
209
231
174
225
209
233
177
225
209
233
175
225
209
230
175
225
209
232
175
225
209
232
174
225
209
230
174
225
209
230
176
225
209
231
176
225
209
231
177
225
209
232
177
225
209
231
175
222
207
225
175
222
207
227
172
222
207
228
172
222
207
229
174
222
207
226
176
222
207
226
177
222
207
227
177
222
207
228
174
222
207
227
175
222
207
228
176
222
207
228
175
222
207
230
172
222
207
232
173
222
207
231
172
222
207
233
174
222
207
231
174
222
207
233
177
222
207
233
175
222
207
230
175
222
207
232
175
222
207
232
174
222
207
230
174
222
207
230
176
222
207
231
176
222
207
231
177
222
207
232
177
222
207
231
175
223
206
225
175
223
206
228
171
223
206
227
172
223
206
228
172
223
206
229
174
223
206
226
176
223
206
226
177
223
206
227
177
223
206
228
174
223
206
227
175
223
206
228
176
223
206
228
175
223
206
232
171
223
206
230
172
223
206
232
173
223
206
231
172
223
206
230
171
223
206
233
174
223
206
231
174
223
206
233
175
223
206
230
175
223
206
232
175
223
206
232
174
223
206
230
174
223
206
230
176
223
206
231
176
223
206
231
177
223
206
232
177
223
206
231
175
223
206
234
173
223
207
227
172
223
207
228
172
223
207
229
174
223
207
226
176
223
207
226
177
223
207
227
177
223
207
228
174
223
207
227
175
223
207
228
176
223
207
228
175
223
207
230
172
223
207
232
173
223
207
231
172
223
207
230
171
223
207
233
174
223
207
231
174
223
207
233
177
223
207
233
175
223
207
230
175
223
207
232
175
223
207
232
174
223
207
230
174
223
207
230
176
223
207
231
176
223
207
231
177
223
207
232
177
223
207
231
175
223
209
229
174
223
209
226
176
223
209
227
177
223
209
228
174
223
209
227
175
223
209
228
176
223
209
228
175
223
209
231
174
223
209
233
177
223
209
233
175
223
209
230
175
223
209
232
175
223
209
230
174
223
209
230
176
223
209
231
176
223
209
231
177
223
209
232
177
223
209
231
175
224
361
181
317
224
361
181
318
224
361
179
319
224
361
182
317
225
360
181
317
225
360
180
319
225
360
181
318
225
360
182
317
225
360
183
317
225
358
181
317
225
358
181
318
225
358
182
317
225
358
183
317
225
358
182
318
225
361
180
319
225
361
181
318
225
361
181
319
225
361
182
317
225
361
183
317
225
361
182
318
228
195
241
167
228
195
242
166
229
197
240
168
229
197
241
167
229
197
241
169
228
199
236
168
228
199
237
167
228
199
238
168
228
199
239
169
228
199
238
170
226
198
236
168
226
198
237
167
226
198
237
170
226
198
238
168
226
198
239
169
226
198
238
170
226
201
233
169
226
201
232
169
226
201
236
168
226
201
234
169
226
201
237
171
226
201
235
170
226
201
236
172
226
201
237
170
226
201
235
171
226
201
238
170
226
201
238
171
229
201
236
168
229
201
237
167
229
201
237
171
229
201
237
170
229
201
238
168
229
201
239
169
229
201
238
170
229
201
238
171
229
201
239
172
229
201
239
171
226
202
233
169
226
202
232
169
226
202
232
170
226
202
234
169
226
202
237
171
226
202
234
172
226
202
235
170
226
202
234
171
226
202
236
172
226
202
237
170
226
202
235
171
226
202
238
171
226
205
232
171
226
205
230
172
226
205
233
172
226
205
232
173
226
205
233
171
226
205
231
172
226
205
230
171
226
205
232
170
226
205
233
174
226
205
233
175
226
205
232
174
226
205
234
169
226
205
237
173
226
205
234
172
226
205
234
173
226
205
235
170
226
205
234
171
226
205
236
172
226
205
235
171
229
203
233
169
229
203
232
169
229
203
234
169
229
203
237
171
229
203
237
173
229
203
235
170
229
203
234
171
229
203
236
172
229
203
237
170
229
203
235
171
229
203
238
172
229
203
238
170
229
203
238
171
229
203
239
172
229
203
239
171
227
203
233
169
227
203
232
169
227
203
232
171
227
203
233
171
227
203
232
170
227
203
234
169
227
203
237
171
227
203
237
173
227
203
234
172
227
203
235
170
227
203
234
171
227
203
236
172
227
203
237
170
227
203
235
171
227
203
238
172
227
203
238
171
226
204
233
169
226
204
232
169
226
204
232
171
226
204
233
172
226
204
232
173
226
204
233
171
226
204
231
172
226
204
230
171
226
204
232
170
226
204
233
174
226
204
234
169
226
204
237
173
226
204
234
172
226
204
234
173
226
204
235
170
226
204
234
171
226
204
236
172
226
204
235
171
228
205
232
171
228
205
233
172
228
205
233
171
228
205
232
170
228
205
234
169
228
205
237
171
228
205
237
173
228
205
234
172
228
205
234
173
228
205
235
170
228
205
234
171
228
205
236
172
228
205
235
171
227
357
184
317
227
357
182
317
227
357
183
317
227
357
182
318
227
357
183
318
229
357
184
317
229
357
183
317
229
357
183
319
229
357
185
318
229
357
183
318
229
357
186
317
226
359
181
318
226
359
181
319
226
359
184
317
226
359
182
317
226
359
183
317
226
359
182
318
226
359
183
318
227
359
181
319
227
359
184
317
227
359
182
317
227
359
183
317
227
359
182
318
227
359
183
318
226
361
180
320
226
361
181
319
226
361
181
320
226
361
184
317
226
361
182
318
226
361
183
318
226
358
181
317
226
358
181
318
226
358
181
319
226
358
184
317
226
358
182
317
226
358
183
317
226
358
182
318
226
358
183
318
227
360
181
320
227
360
184
317
227
360
183
317
227
360
182
318
227
360
183
319
227
360
183
318
227
360
182
320
227
358
184
317
227
358
182
317
227
358
183
317
227
358
182
318
227
358
183
318
226
372
178
330
226
370
177
329
226
370
175
330
232
195
241
167
232
195
242
166
232
195
244
169
232
195
243
168
233
195
242
166
233
195
245
167
233
195
245
168
233
195
243
168
230
196
241
167
230
196
242
166
231
196
240
168
231
196
241
167
231
196
242
166
231
196
243
169
231
196
243
168
232
197
240
168
232
197
241
167
232
197
241
169
232
197
242
166
232
197
244
169
232
197
243
169
232
197
243
168
233
197
240
168
233
197
241
167
233
197
242
166
233
197
244
169
233
197
243
169
233
197
243
168
232
198
240
168
232
198
241
167
232
198
240
169
232
198
241
169
232
198
241
170
232
198
242
166
232
198
243
169
232
198
243
168
233
201
240
168
233
201
241
167
233
201
240
169
233
201
241
169
233
201
241
171
233
201
241
172
233
201
241
170
233
201
241
173
231
198
240
168
231
198
241
167
231
198
240
169
231
198
241
169
231
198
241
170
231
198
242
166
231
198
243
169
231
198
243
168
232
201
238
168
232
201
239
169
232
201
240
168
232
201
241
167
232
201
240
169
232
201
241
169
232
201
241
171
232
201
241
172
232
201
241
170
232
201
239
171
232
201
241
173
230
199
236
168
230
199
237
167
230
199
238
168
230
199
239
169
230
199
240
168
230
199
240
169
230
199
241
169
230
199
241
171
230
199
241
172
230
199
241
170
232
199
240
168
232
199
241
167
232
199
240
169
232
199
241
169
232
199
241
171
232
199
241
170
232
199
242
166
232
199
243
169
232
199
243
168
231
200
237
167
231
200
238
168
231
200
239
169
231
200
240
168
231
200
241
167
231
200
240
169
231
200
241
169
231
200
241
171
231
200
241
172
231
200
241
170
231
200
241
173
230
198
238
168
230
198
240
168
230
198
240
169
230
198
241
169
230
198
241
170
233
198
240
168
233
198
241
167
233
198
241
169
233
198
242
166
233
198
243
169
233
198
243
168
233
261
220
228
233
261
219
228
233
261
221
227
233
261
221
228
229
260
218
227
229
260
219
227
229
260
220
226
232
263
220
229
232
263
219
230
232
263
220
230
231
264
219
230
231
264
217
230
229
261
219
228
229
261
218
227
229
261
219
227
232
260
220
228
232
260
219
228
232
260
218
227
232
260
219
227
232
260
221
227
232
260
220
226
232
260
221
228
232
262
220
228
232
262
220
229
232
262
219
228
231
260
220
228
231
260
219
228
231
260
218
227
231
260
219
227
231
260
220
226
231
260
221
228
232
265
218
232
232
265
218
233
231
356
185
318
231
356
186
317
236
100
279
78
233
101
276
78
233
101
279
78
233
101
277
78
233
101
278
78
237
105
282
84
237
105
281
85
237
105
280
86
232
102
276
78
232
102
277
78
232
102
278
78
234
100
276
78
234
100
279
78
234
100
277
78
234
100
278
78
233
100
276
78
233
100
279
78
233
100
277
78
233
100
278
78
235
100
279
78
235
100
278
78
232
101
276
78
232
101
277
78
232
101
278
78
234
195
242
166
234
195
245
167
234
195
245
168
234
195
245
169
237
193
244
162
237
193
245
162
237
193
249
162
237
193
248
161
237
193
248
163
237
193
246
162
237
193
246
161
237
193
249
167
237
193
246
166
236
194
245
162
236
194
245
167
236
194
248
163
236
194
246
162
236
194
246
161
236
194
249
167
236
194
246
166
236
194
247
169
235
194
245
162
235
194
245
167
235
194
245
168
235
194
248
163
235
194
246
162
235
194
246
166
235
194
247
169
236
195
245
162
236
195
245
167
236
195
245
168
236
195
248
163
236
195
246
162
236
195
246
166
236
195
246
169
236
195
247
169
236
197
245
167
236
197
244
169
236
197
245
168
236
197
245
169
236
197
246
166
236
197
246
169
236
197
247
169
234
196
241
167
234
196
242
166
234
196
245
167
234
196
244
169
234
196
245
168
234
196
243
169
234
196
243
168
234
196
245
169
235
196
242
166
235
196
245
167
235
196
245
168
235
196
243
168
235
196
245
169
235
196
246
166
235
196
246
169
236
196
245
167
236
196
245
168
236
196
246
166
236
196
246
169
236
196
247
169
237
196
245
167
237
196
249
167
237
196
246
166
237
196
246
169
237
196
247
169
234
197
241
167
234
197
242
166
234
197
245
167
234
197
244
169
234
197
245
168
234
197
243
169
234
197
243
168
234
197
245
169
237
195
248
163
237
195
249
167
237
195
246
166
237
195
247
169
237
197
245
167
237
197
245
168
237
197
245
169
237
197
246
166
237
197
246
169
237
197
247
169
234
216
241
184
237
232
237
202
237
232
236
203
235
236
232
205
235
236
233
205
235
233
237
202
235
233
234
203
235
233
233
203
235
234
234
203
235
234
237
203
237
234
235
204
237
234
237
203
237
234
237
204
237
234
236
203
235
355
195
318
235
355
194
318
241
216
245
188
241
216
245
189
240
216
245
188
240
216
244
188
240
215
245
186
240
215
244
188
239
218
245
189
239
218
242
190
239
220
243
191
239
220
244
191
239
220
247
191
239
219
245
189
239
219
242
191
239
219
243
190
241
219
243
192
241
219
241
193
241
219
243
191
241
219
244
191
241
219
247
191
240
218
245
189
240
218
242
191
240
218
243
190
240
218
249
188
240
220
243
192
240
220
241
193
240
220
244
191
240
220
242
193
238
357
193
321
238
357
197
321
238
357
197
320
238
357
195
321
238
357
196
321
241
356
197
321
241
356
197
320
240
356
197
321
240
356
197
320
240
356
197
319
244
217
248
191
245
214
250
188
245
214
250
189
245
213
250
188
245
212
250
184
245
212
250
185
245
215
250
188
245
215
250
189
245
215
250
190
245
217
250
191
244
221
247
193
244
220
247
193
243
220
247
193
245
358
200
324
245
358
201
324
245
358
203
324
249
217
249
192
249
217
250
193
249
217
251
191
247
212
253
185
247
212
250
190
249
215
251
191
249
215
253
191
246
216
249
192
246
216
250
191
246
216
250
190
246
213
250
188
246
213
253
185
246
213
250
189
246
214
250
188
246
214
250
189
246
214
250
190
249
212
253
188
246
212
253
185
249
216
250
193
249
216
251
191
249
216
253
191
249
213
253
188
249
213
251
191
249
213
253
191
246
218
249
192
248
218
249
192
248
218
250
191
248
218
250
193
249
218
249
192
249
218
250
193
249
218
251
191
249
220
250
193
247
357
204
324
247
357
203
324
248
357
204
324
248
357
203
324
248
357
205
324
248
357
206
324
248
357
205
323
253
355
209
323
253
355
212
325
253
355
211
324
253
354
207
322
253
354
209
323
250
357
205
325
250
357
204
324
250
357
205
324
250
357
206
325
250
357
208
325
250
357
206
324
250
357
205
323
250
357
207
324
250
358
205
325
250
358
204
324
250
358
204
325
250
358
205
324
250
358
206
325
250
358
208
325
250
358
206
324
250
358
208
326
252
358
205
325
252
358
206
325
252
358
208
325
252
358
212
328
252
358
210
326
252
358
209
327
252
358
211
328
252
358
208
326
256
240
253
217
256
240
252
216
256
240
252
217
256
244
252
220
256
244
254
219
256
244
252
219
257
242
254
219
257
242
252
219
257
244
252
220
257
244
252
219
257
240
253
217
257
240
252
216
257
240
252
217
257
243
252
220
257
243
254
219
257
243
252
219
252
241
252
216
252
241
252
217
252
240
252
216
252
240
253
216
256
243
252
220
256
243
254
219
256
243
252
219
254
354
209
323
254
354
211
324
258
238
255
216
258
238
256
216
257
239
252
216
257
239
253
216
257
239
255
216
259
240
253
217
259
240
252
216
259
240
252
217
259
239
252
216
259
239
253
216
259
239
255
216
259
238
255
216
259
238
256
216
258
239
252
216
258
239
253
216
258
239
255
216
257
238
255
216
257
238
256
216
260
239
252
216
260
239
253
216
260
239
255
216
258
240
253
217
258
240
252
216
258
240
252
217
260
240
253
217
260
240
252
216
260
240
252
217
259
243
252
220
259
243
254
219
259
243
252
219
259
243
256
221
261
243
252
220
261
243
254
219
261
243
257
221
261
243
252
219
261
243
256
221
261
243
258
221
260
245
256
221
259
242
252
220
259
242
254
219
259
242
252
219
258
243
252
220
258
243
254
219
258
243
252
219
260
244
252
220
260
244
257
221
260
244
256
221
258
242
252
220
258
242
254
219
258
242
252
219
261
245
256
221
264
238
256
216
264
238
257
216
264
238
258
217
264
238
260
217
264
239
255
216
264
239
258
217
264
239
259
218
265
237
261
217
263
244
257
221
263
244
256
221
263
244
258
221
263
243
252
220
263
243
254
219
263
243
257
221
263
243
252
219
263
243
256
221
263
243
258
221
264
242
254
219
264
242
257
221
264
242
256
221
264
242
258
221
264
242
260
221
265
242
257
221
265
242
258
221
265
242
260
221
264
325
229
300
264
328
229
302
264
328
228
302
269
237
264
218
265
232
265
213
266
238
258
217
266
238
260
217
268
240
261
219
268
240
259
218
268
240
259
219
268
240
263
220
268
240
415
289
266
241
259
219
266
241
260
221
268
239
258
217
268
239
261
219
268
239
259
218
268
239
262
219
268
239
263
220
267
238
258
217
267
238
260
217
268
238
261
217
268
238
260
217
270
237
264
218
270
237
265
218
273
236
269
219
272
236
268
219
273
241
266
224
273
241
267
224
271
316
239
293
270
316
239
293
272
321
239
297
272
321
241
298
272
325
237
301
272
325
239
302
272
325
237
302
272
325
239
303
271
323
238
299
269
325
233
301
269
325
232
302
272
322
239
297
272
322
241
298
272
322
238
299
272
323
240
300
272
323
238
299
271
322
239
297
271
322
238
299
274
237
269
220
274
237
267
219
274
237
268
219
274
237
269
219
274
237
270
220
275
234
271
217
277
235
271
217
277
235
271
218
275
236
269
219
275
236
270
220
277
237
269
219
277
237
271
221
277
237
270
220
274
238
265
218
274
238
268
221
274
238
269
220
274
238
267
219
274
238
268
219
274
238
269
222
275
238
268
221
275
238
269
220
275
238
267
219
275
238
268
219
275
238
269
222
275
241
269
222
275
241
267
224
275
241
269
224
276
239
268
221
276
239
269
220
276
239
267
219
276
239
269
222
274
241
267
224
275
239
268
221
275
239
267
219
275
239
269
222
276
241
269
222
276
241
269
224
276
241
269
225
277
241
269
224
277
241
269
225
277
241
271
225
275
316
244
293
275
316
245
292
275
316
244
292
275
316
245
294
275
316
243
295
274
315
244
291
275
314
244
293
275
314
245
292
275
314
245
291
275
314
244
292
275
314
245
290
277
319
245
296
275
320
241
298
275
320
242
298
277
326
242
304
275
327
239
305
274
326
237
304
274
326
239
302
274
326
239
305
274
326
239
303
272
327
237
304
272
327
236
304
272
327
237
302
272
326
237
301
272
326
237
304
272
326
236
304
272
326
237
302
272
326
239
303
280
205
353
215
280
205
355
216
280
205
354
215
279
208
293
197
279
208
351
218
278
208
351
218
280
204
354
215
280
204
355
215
281
234
277
220
278
235
271
217
278
235
271
218
278
239
271
221
278
239
270
220
279
318
245
299
279
318
248
296
279
318
247
296
279
318
248
295
285
205
296
193
285
205
295
193
282
204
295
193
282
204
354
215
282
204
355
215
283
204
295
193
283
204
354
215
283
209
293
197
285
231
281
218
285
232
281
218
282
233
277
220
282
233
278
219
285
233
281
218
283
237
277
220
283
237
277
223
283
237
277
225
283
237
278
224
285
237
280
221
285
237
278
224
285
237
279
224
285
237
279
225
285
237
280
223
285
236
277
220
285
236
278
219
285
236
280
221
285
236
279
224
285
236
280
223
284
237
277
220
284
237
277
223
284
237
278
224
284
237
279
224
284
237
280
223
282
234
277
220
282
234
278
219
284
240
277
225
284
240
278
224
285
240
279
224
285
240
279
225
283
240
277
223
283
240
277
225
280
256
268
241
282
281
261
262
282
281
261
264
282
281
262
264
288
207
293
197
288
207
298
196
288
207
299
196
288
207
298
197
288
207
299
195
288
208
293
197
288
208
292
198
288
208
299
197
288
208
298
196
288
208
299
196
288
208
298
197
288
208
298
198
289
206
293
197
289
206
298
196
289
206
299
196
289
206
299
195
288
206
293
197
288
206
298
196
288
206
299
195
289
207
293
197
289
207
292
198
289
207
299
197
289
207
298
196
289
207
299
196
289
207
298
197
286
236
278
219
286
236
280
221
286
236
280
223
287
237
280
221
287
237
280
223
286
240
280
225
286
240
279
225
286
240
280
227
286
241
280
227
287
238
280
225
287
238
280
227
287
238
281
226
286
239
280
225
286
239
279
225
286
239
280
227
287
241
280
229
287
241
281
228
287
241
280
227
293
159
351
168
293
159
352
168
293
159
351
169
293
158
351
168
293
158
350
168
292
186
303
179
288
191
355
201
288
191
357
202
288
191
357
204
288
191
357
203
288
191
355
202
288
191
355
203
289
203
296
193
289
203
295
193
293
212
297
200
293
212
296
201
293
212
297
204
293
212
294
205
293
212
297
202
293
212
296
204
293
212
295
205
293
212
296
205
293
212
297
205
293
212
301
200
293
212
298
201
293
212
301
201
293
212
300
202
293
212
301
202
293
212
298
202
293
212
300
203
293
212
302
201
293
212
303
201
293
213
297
204
293
213
294
205
293
213
297
202
293
213
296
204
293
213
295
205
293
213
296
205
293
213
297
205
293
213
298
201
293
213
301
201
293
213
300
202
293
213
301
202
293
213
298
202
293
213
300
203
293
213
302
201
293
216
294
205
293
216
295
205
293
216
296
205
293
216
296
207
293
215
294
205
293
215
296
204
293
215
295
205
293
215
296
205
293
215
297
205
293
215
296
207
293
218
293
211
293
218
293
210
293
220
293
211
293
220
293
210
293
220
292
212
293
221
293
211
293
221
292
212
293
221
293
215
290
340
250
323
288
350
245
332
288
350
246
333
296
160
316
156
296
160
316
155
296
160
352
169
296
160
353
169
297
161
316
156
297
161
316
155
297
162
316
156
297
162
317
159
296
162
316
156
295
162
353
170
294
163
312
157
294
163
357
173
292
164
353
173
292
164
351
173
292
164
354
173
292
164
357
173
292
164
357
174
293
164
312
157
293
164
353
173
293
164
354
173
293
164
357
173
293
164
358
174
293
164
357
174
293
164
359
174
296
185
309
180
296
185
307
179
294
204
299
197
294
204
298
196
294
204
299
196
294
204
298
197
294
204
299
195
294
204
305
193
294
203
299
196
294
203
299
195
294
203
303
192
294
203
305
193
294
205
299
197
294
205
298
196
294
205
299
196
294
205
298
197
294
205
299
195
294
205
299
198
294
205
305
195
294
205
303
196
294
205
305
193
295
209
297
200
295
209
301
200
295
209
300
199
295
209
298
201
295
209
301
201
295
209
300
202
295
209
301
202
295
209
298
202
295
209
302
201
295
209
302
199
295
209
304
200
295
209
303
198
295
209
302
198
295
209
303
199
295
209
303
201
295
209
303
200
294
209
297
199
294
209
297
200
294
209
296
201
294
209
297
202
294
209
299
198
294
209
301
200
294
209
300
199
294
209
298
201
294
209
301
201
294
209
300
202
294
209
301
202
294
209
298
202
294
209
303
197
294
209
302
201
294
209
302
199
294
209
303
198
294
209
302
198
294
209
303
199
294
209
303
200
294
206
299
197
294
206
299
196
294
206
298
197
294
206
299
198
294
206
300
199
294
206
298
198
294
206
305
195
294
206
303
196
294
206
303
197
294
206
302
198
297
213
297
204
297
213
294
205
297
213
296
204
297
213
295
205
297
213
296
205
297
213
297
205
297
213
296
207
297
213
300
202
297
213
300
205
297
213
301
202
297
213
300
203
297
213
301
205
297
213
299
206
297
213
302
201
297
213
304
201
297
213
303
201
295
211
297
204
295
211
297
202
295
211
296
204
295
211
295
205
295
211
296
205
295
211
297
205
295
211
301
200
295
211
298
201
295
211
301
201
295
211
300
202
295
211
301
202
295
211
298
202
295
211
300
203
295
211
301
205
295
211
302
201
295
211
302
199
295
211
304
200
295
211
304
201
295
211
305
201
295
211
303
201
295
211
303
200
294
213
297
204
294
213
294
205
294
213
297
202
294
213
296
204
294
213
295
205
294
213
296
205
294
213
297
205
294
213
296
207
294
213
301
200
294
213
298
201
294
213
301
201
294
213
300
202
294
213
301
202
294
213
298
202
294
213
300
203
294
213
299
206
294
213
302
201
294
213
303
201
295
212
297
204
295
212
297
202
295
212
296
204
295
212
295
205
295
212
296
205
295
212
297
205
295
212
296
207
295
212
301
200
295
212
298
201
295
212
301
201
295
212
300
202
295
212
301
202
295
212
298
202
295
212
300
203
295
212
302
201
295
212
304
200
295
212
304
201
295
212
303
201
295
212
303
200
294
216
293
210
294
216
297
204
294
216
294
205
294
216
295
205
294
216
296
205
294
216
297
205
294
216
296
209
294
216
296
207
294
216
295
210
295
216
294
205
295
216
295
205
295
216
296
205
295
216
297
205
295
216
296
209
295
216
296
207
295
216
295
210
295
217
293
210
295
217
296
209
295
217
296
207
295
217
295
210
294
218
293
211
294
218
293
210
294
218
296
209
294
218
296
207
294
218
295
210
294
219
293
211
294
219
293
210
294
219
292
212
294
219
295
210
294
222
293
211
294
222
292
212
294
222
293
215
294
222
294
216
294
225
292
217
295
224
293
215
297
222
293
211
297
222
293
210
297
222
295
215
297
222
296
215
297
222
294
214
294
340
254
324
300
161
317
156
300
161
316
155
300
161
318
156
300
161
318
157
298
160
317
156
298
160
316
155
298
160
318
156
300
206
301
200
300
206
298
201
300
206
301
201
300
206
300
202
300
206
301
202
300
206
302
201
300
206
302
199
300
206
304
200
300
206
305
200
300
206
304
201
300
206
305
201
300
206
303
198
300
206
303
199
300
206
303
201
300
206
305
199
300
206
303
200
299
209
301
200
299
209
301
201
299
209
300
202
299
209
301
202
299
209
298
202
299
209
300
203
299
209
302
201
299
209
304
200
299
209
305
200
299
209
304
201
299
209
305
201
299
209
303
201
299
209
303
200
299
206
301
200
299
206
300
199
299
206
298
201
299
206
301
201
299
206
300
202
299
206
301
202
299
206
304
197
299
206
302
201
299
206
302
199
299
206
304
200
299
206
305
200
299
206
304
201
299
206
303
198
299
206
302
198
299
206
303
199
299
206
303
201
299
206
305
199
299
206
303
200
298
206
297
200
298
206
301
200
298
206
300
199
298
206
301
201
298
206
304
197
298
206
303
197
298
206
302
201
298
206
302
199
298
206
304
200
298
206
303
198
298
206
302
198
298
206
303
199
298
206
303
201
298
206
303
200
298
207
301
200
298
207
300
199
298
207
298
201
298
207
301
201
298
207
300
202
298
207
301
202
298
207
302
201
298
207
302
199
298
207
304
200
298
207
305
200
298
207
304
201
298
207
303
198
298
207
302
198
298
207
303
199
298
207
303
201
298
207
303
200
300
207
301
200
300
207
301
201
300
207
300
202
300
207
301
202
300
207
298
202
300
207
300
203
300
207
302
201
300
207
302
199
300
207
304
200
300
207
305
200
300
207
304
201
300
207
305
201
300
207
303
199
300
207
303
201
300
207
305
199
300
207
303
200
298
208
297
202
298
208
301
200
298
208
298
201
298
208
301
201
298
208
300
202
298
208
301
202
298
208
298
202
298
208
302
201
298
208
302
199
298
208
304
200
298
208
305
200
298
208
304
201
298
208
303
199
298
208
303
201
298
208
303
200
300
208
297
204
300
208
301
200
300
208
301
201
300
208
300
202
300
208
301
202
300
208
298
202
300
208
300
203
300
208
302
201
300
208
304
200
300
208
305
200
300
208
304
201
300
208
305
201
300
208
303
199
300
208
303
201
300
208
305
199
300
208
303
200
301
208
301
201
301
208
301
202
301
208
300
203
301
208
302
201
301
208
304
200
301
208
305
200
301
208
304
201
301
208
305
201
301
208
303
201
301
208
305
199
301
208
303
200
298
209
297
202
298
209
301
200
298
209
298
201
298
209
301
201
298
209
300
202
298
209
301
202
298
209
298
202
298
209
300
203
298
209
302
201
298
209
302
199
298
209
304
200
298
209
305
200
298
209
304
201
298
209
305
201
298
209
303
199
298
209
303
201
298
209
303
200
299
207
301
200
299
207
298
201
299
207
301
201
299
207
300
202
299
207
301
202
299
207
298
202
299
207
302
201
299
207
302
199
299
207
304
200
299
207
305
200
299
207
304
201
299
207
305
201
299
207
303
198
299
207
303
199
299
207
303
201
299
207
305
199
299
207
303
200
301
217
300
209
301
217
301
209
301
217
301
212
298
219
297
213
298
219
297
214
299
221
297
213
299
221
297
214
299
221
297
215
301
218
301
212
301
218
300
213
298
217
297
213
298
217
298
209
298
217
300
209
299
217
297
213
299
217
298
209
299
217
300
209
300
221
297
213
300
221
297
214
300
221
297
215
298
223
295
215
298
223
296
215
298
223
294
214
299
222
297
213
299
222
296
215
299
222
297
214
299
222
297
215
302
161
318
156
302
161
322
160
304
161
323
159
303
217
301
213
303
217
301
212
303
217
304
211
302
216
301
209
302
216
301
212
304
217
305
212
304
217
304
211
303
218
301
213
303
218
301
212
305
218
304
214
305
218
303
215
305
218
305
212
305
218
305
213
305
218
306
211
305
216
305
212
305
216
306
211
305
216
304
211
305
217
304
214
305
217
305
212
305
217
305
213
305
217
306
211
305
217
304
211
302
217
301
213
302
217
301
212
302
217
300
213
302
218
301
213
302
218
301
212
302
218
300
213
304
218
304
211
304
216
305
212
304
216
306
211
304
216
304
211
302
219
301
213
304
220
304
214
304
220
303
215
304
220
301
217
304
220
303
216
304
220
302
217
304
215
304
211
309
217
308
213
309
217
309
212
309
217
307
213
309
217
309
213
309
217
309
214
309
217
311
213
309
217
311
214
309
217
310
214
312
216
309
212
312
216
311
211
312
216
311
213
312
216
310
214
313
214
311
211
313
216
311
213
313
216
313
214
313
216
312
214
313
216
311
214
313
216
310
214
313
216
314
212
313
216
314
214
310
217
308
213
310
217
309
212
310
217
309
213
310
217
309
214
310
217
311
213
310
217
312
214
310
217
311
214
310
217
310
214
311
217
308
213
311
217
309
212
311
217
309
213
311
217
309
214
311
217
311
213
311
217
311
214
311
217
310
214
312
217
309
213
312
217
309
214
312
217
311
213
312
217
313
214
312
217
312
214
312
217
311
214
312
217
310
214
310
219
309
214
310
219
307
215
310
219
308
217
310
219
311
217
310
219
312
217
310
219
310
216
310
219
310
214
311
219
307
215
311
219
308
217
311
219
311
217
311
219
312
217
311
219
310
216
311
219
310
214
314
215
311
213
314
215
314
212
314
215
314
214
314
216
311
213
314
216
313
214
314
216
313
215
314
216
312
214
314
216
311
214
314
216
310
214
314
216
314
214
314
216
315
215
314
216
314
215
316
215
311
213
316
215
313
214
316
215
314
214
314
214
311
211
314
214
314
212
316
216
313
214
316
216
313
215
316
216
312
214
316
216
311
214
316
216
314
214
316
216
315
215
316
216
314
215
316
216
318
215
316
216
318
216
316
217
313
214
316
217
313
215
316
217
314
216
316
217
314
214
316
217
315
215
316
217
314
215
316
217
318
217
316
217
319
217
316
217
318
216
320
215
314
212
320
215
319
214
320
215
318
215
320
216
319
214
320
216
318
215
320
216
318
216
318
217
313
214
318
217
313
215
318
217
312
214
318
217
314
216
318
217
314
214
318
217
315
215
318
217
314
215
318
217
314
217
318
217
318
217
318
217
319
217
318
217
318
216
318
217
320
218
321
217
321
217
321
217
318
217
321
217
319
217
321
217
318
216
321
217
320
218
321
217
321
218
324
165
341
169
324
165
342
169
324
165
343
169
325
215
322
216
325
215
324
217
325
215
323
216
325
215
323
214
325
215
324
216
325
215
322
215
323
215
322
216
323
215
324
217
323
215
323
216
323
215
323
214
323
215
322
213
323
215
324
216
323
215
322
215
325
217
324
220
325
217
324
219
325
217
323
219
325
217
322
218
322
217
321
217
322
217
319
217
322
217
324
219
322
217
320
218
322
217
321
218
322
217
323
219
322
217
322
218
323
217
321
217
323
217
322
216
323
217
324
220
323
217
324
219
323
217
320
218
323
217
321
218
323
217
323
219
323
217
322
218
322
216
319
214
322
216
321
217
322
216
319
217
322
216
322
216
322
216
324
217
322
216
322
215
325
218
324
220
325
218
324
219
325
218
324
221
325
218
323
219
322
219
319
217
322
219
322
221
322
219
320
220
322
219
320
218
322
219
321
220
327
216
324
217
327
216
324
216
327
216
325
219
327
216
326
218
327
217
324
217
327
217
324
216
327
217
325
219
327
217
325
220
327
217
326
218
327
217
327
221
326
217
324
217
326
217
325
219
326
217
324
220
326
217
324
219
326
217
323
219
326
217
325
220
329
215
329
217
329
215
328
220
326
219
325
219
326
219
324
220
326
219
324
219
326
219
324
221
326
219
323
219
326
219
325
220
326
220
322
221
326
220
324
220
326
220
324
219
326
220
324
221
326
220
325
220
327
218
324
217
327
218
325
219
327
218
324
220
327
218
324
219
327
218
325
220
327
218
326
218
327
218
327
221
329
220
327
221
329
220
328
221
333
205
336
209
333
205
337
210
331
218
328
220
331
218
328
221
331
218
329
221
331
218
331
221
331
218
329
222
331
218
330
222
332
221
328
221
332
221
329
221
332
221
330
225
332
221
328
224
332
221
330
224
332
221
328
223
332
221
329
222
332
221
330
222
332
221
328
225
332
221
329
227
332
221
330
226
333
219
329
221
333
219
331
221
333
219
330
225
333
219
330
224
333
219
333
223
333
219
333
222
333
219
329
222
333
219
330
222
330
220
328
220
330
220
327
221
330
220
328
221
330
220
328
224
330
220
328
223
330
220
329
222
331
220
328
220
331
220
327
221
331
220
328
221
331
220
329
221
331
220
328
224
331
220
330
224
331
220
328
223
331
220
329
222
331
220
330
222
331
220
328
225
333
220
329
221
333
220
331
221
333
220
330
225
333
220
330
224
333
220
329
222
333
220
330
222
333
220
330
226
331
221
328
220
331
221
327
221
331
221
328
221
331
221
329
221
331
221
330
225
331
221
328
224
331
221
330
224
331
221
328
223
331
221
329
222
331
221
328
225
330
219
328
220
330
219
327
221
330
219
328
221
330
219
329
221
330
219
328
224
330
219
328
223
330
219
329
222
336
205
347
217
335
203
337
205
335
203
339
209
335
203
337
206
335
202
337
205
335
202
339
209
334
204
338
208
334
204
337
206
334
204
336
206
334
204
338
210
334
204
338
211
334
205
338
211
334
203
337
205
334
203
339
209
334
203
338
208
334
203
337
208
334
203
337
206
334
203
338
209
334
203
336
206
339
198
343
206
339
198
351
211
341
201
343
206
341
201
347
212
338
199
343
206
338
199
342
206
338
199
347
212
339
199
343
206
339
199
342
206
345
161
362
174
345
161
363
174
345
161
364
174
342
162
353
173
342
162
352
172
342
162
354
173
342
162
357
173
341
164
358
174
341
164
357
174
341
164
359
174
341
164
359
175
341
165
356
176
341
165
359
176
341
165
359
175
344
165
361
177
344
165
359
176
344
165
361
176
344
165
359
177
344
165
362
177
344
165
364
177
340
164
353
173
340
164
354
173
340
164
357
173
340
164
358
174
340
164
357
174
340
164
359
174
342
163
358
174
342
163
357
174
342
163
359
174
342
163
359
175
342
163
362
174
344
164
359
176
344
164
361
176
344
164
359
175
344
164
363
176
340
163
353
173
340
163
352
172
340
163
354
173
340
163
357
173
343
165
356
176
343
165
359
176
343
165
361
176
343
165
359
177
342
166
359
177
342
184
351
193
345
194
348
201
345
194
351
202
345
194
350
203
345
194
352
203
345
194
350
202
345
194
351
203
345
194
349
202
345
194
353
204
345
194
355
204
345
194
354
204
345
194
355
205
345
194
356
205
344
192
352
202
344
192
353
202
344
192
357
202
344
192
357
203
344
192
355
203
344
192
354
202
343
193
348
201
343
193
352
202
343
193
351
202
343
193
352
203
343
193
353
202
343
193
350
202
343
193
351
203
343
193
349
202
343
193
353
204
343
193
357
205
343
193
354
204
343
193
355
205
343
193
356
205
345
193
348
201
345
193
352
202
345
193
351
202
345
193
352
203
345
193
353
202
345
193
350
202
345
193
351
203
345
193
349
202
345
193
353
204
345
193
357
205
345
193
355
204
345
193
357
204
345
193
357
203
345
193
354
204
345
193
355
203
345
193
355
205
345
193
356
205
345
193
354
202
343
192
352
202
343
192
353
202
343
192
357
203
343
192
354
202
345
192
352
202
345
192
353
202
345
192
355
201
345
192
357
202
345
192
357
203
345
192
355
202
345
192
355
203
345
192
354
202
342
192
352
202
342
192
353
202
344
193
348
201
344
193
352
202
344
193
351
202
344
193
352
203
344
193
353
202
344
193
350
202
344
193
351
203
344
193
349
202
344
193
353
204
344
193
357
205
344
193
355
204
344
193
357
204
344
193
354
204
344
193
355
205
344
193
356
205
341
192
348
201
340
192
348
201
340
192
349
202
344
203
347
212
344
203
353
215
344
203
354
215
342
202
343
206
342
202
342
206
345
203
347
212
345
203
354
215
345
203
355
215
340
208
297
199
340
208
297
200
340
208
296
201
344
345
298
345
344
345
300
344
346
163
361
176
346
163
363
176
346
163
365
176
348
164
361
177
348
164
359
177
348
164
362
177
348
164
364
177
348
164
365
177
348
163
361
176
348
163
363
176
348
163
365
176
348
163
364
177
346
161
363
174
346
161
364
174
349
164
362
177
349
164
364
177
349
164
365
177
346
165
361
177
346
165
359
177
346
165
362
177
347
165
359
177
347
165
362
177
348
180
356
192
349
184
356
196
347
181
355
192
348
181
357
193
348
185
356
196
348
188
355
199
348
189
355
199
348
189
357
200
348
189
355
200
349
189
355
200
346
192
352
202
346
192
353
202
346
192
355
201
346
192
357
202
346
192
357
204
346
192
357
203
346
192
355
202
346
192
355
203
346
192
354
202
349
191
355
201
349
191
357
202
349
191
355
202
349
191
355
203
349
191
354
202
348
190
355
201
348
190
355
200
348
190
357
202
348
190
355
202
349
193
357
205
349
193
355
204
349
193
357
204
349
193
357
203
349
193
354
204
349
193
355
203
349
193
355
205
349
193
356
205
348
191
355
201
348
191
357
202
348
191
357
203
348
191
355
202
348
191
355
203
348
191
354
202
347
192
352
202
347
192
351
202
347
192
353
202
347
192
355
201
347
192
357
202
347
192
355
204
347
192
357
204
347
192
357
203
347
192
354
204
347
192
355
202
347
192
355
203
347
192
354
202
349
192
353
202
349
192
357
202
349
192
355
204
349
192
357
204
349
192
357
203
349
192
355
202
349
192
355
203
349
192
354
202
349
190
355
201
349
190
357
202
349
190
355
202
346
200
351
211
348
200
351
210
348
200
351
211
349
200
351
210
349
200
351
211
349
207
347
217
349
207
352
219
349
207
351
218
349
207
354
219
349
208
351
220
349
208
351
219
349
208
350
219
347
209
351
220
347
209
352
221
347
209
350
219
347
209
353
221
347
213
348
222
347
213
348
223
347
213
349
223
347
214
348
225
347
214
349
225
347
214
348
223
346
340
303
340
345
346
299
346
345
347
299
347
352
121
380
138
352
121
381
138
353
202
355
215
351
204
353
217
351
204
355
216
351
204
354
217
352
203
355
216
352
203
354
215
351
203
353
215
351
203
355
216
351
203
354
215
353
206
354
219
350
209
351
220
350
209
352
221
350
209
353
221
350
209
351
222
353
207
352
219
353
207
354
219
353
207
355
220
351
206
352
217
351
206
353
217
351
206
351
217
351
206
351
218
351
206
355
218
351
211
348
222
351
211
349
223
351
211
351
222
351
211
353
224
351
211
350
223
351
211
352
222
351
211
351
224
351
211
350
222
351
211
353
223
350
210
352
221
350
210
353
221
350
210
351
222
350
210
350
223
350
210
352
222
350
210
350
222
350
210
353
223
353
212
348
222
353
212
349
223
353
212
352
225
353
212
353
224
353
212
350
223
353
212
351
224
353
212
351
225
353
212
353
223
353
212
353
225
351
213
348
222
351
213
349
225
351
213
348
223
351
213
349
223
351
213
352
225
351
213
353
224
351
213
350
223
351
213
350
225
351
213
351
224
351
213
351
225
351
213
353
225
350
212
348
222
350
212
349
225
350
212
348
223
350
212
349
223
350
212
352
225
350
212
353
224
350
212
350
223
350
212
350
225
350
212
351
224
350
212
350
222
350
212
351
225
350
212
353
225
351
212
348
222
351
212
348
223
351
212
349
223
351
212
352
225
351
212
353
224
351
212
350
223
351
212
350
225
351
212
351
224
351
212
350
222
351
212
351
225
351
212
353
223
351
212
353
225
350
211
348
222
350
211
349
223
350
211
351
222
350
211
350
223
350
211
352
222
350
211
351
224
350
211
350
222
350
211
353
223
353
210
352
221
353
210
351
222
353
210
352
222
353
210
350
222
353
210
353
223
353
216
349
226
353
216
349
228
353
216
346
227
353
216
348
226
353
216
346
228
353
216
348
229
353
216
349
229
350
214
348
225
350
214
349
225
350
214
347
225
350
214
348
223
350
214
349
223
350
214
349
226
350
214
348
226
350
214
352
225
350
214
350
225
350
214
351
225
351
216
348
225
351
216
349
225
351
216
347
225
351
216
349
226
351
216
349
228
351
216
346
227
351
216
348
226
351
216
346
228
351
216
348
229
351
216
349
229
350
215
348
225
350
215
349
225
350
215
347
225
350
215
349
226
350
215
349
228
350
215
346
227
350
215
348
226
350
215
350
225
351
215
348
225
351
215
349
225
351
215
347
225
351
215
349
226
351
215
346
227
351
215
348
226
351
215
350
225
351
215
351
225
353
214
348
225
353
214
349
225
353
214
349
226
353
214
352
225
353
214
350
225
353
214
351
224
353
214
351
225
353
214
353
225
352
216
349
226
352
216
349
228
352
216
346
227
352
216
348
226
352
216
346
228
352
216
348
229
352
216
349
229
351
214
348
225
351
214
349
225
351
214
348
223
351
214
349
223
351
214
349
226
351
214
348
226
351
214
352
225
351
214
350
223
351
214
350
225
351
214
351
224
351
214
351
225
351
217
349
226
351
217
349
228
351
217
346
227
351
217
348
226
351
217
346
228
351
217
348
229
351
217
349
229
351
217
347
230
353
217
349
228
353
217
346
227
353
217
346
228
353
217
348
229
353
217
349
229
353
217
349
231
353
217
348
231
353
217
347
230
351
219
343
230
351
219
345
230
351
219
349
228
351
219
346
228
351
219
348
229
351
219
349
229
351
219
349
231
351
219
348
231
351
219
347
230
353
218
349
228
353
218
346
228
353
218
348
229
353
218
349
229
353
218
349
231
353
218
348
231
353
218
347
230
350
219
343
230
350
219
345
230
350
219
349
228
350
219
346
227
350
219
346
228
350
219
348
229
350
219
349
229
350
219
349
231
350
219
348
231
350
219
347
230
353
219
348
229
353
219
349
229
353
219
349
231
353
219
348
231
353
219
347
230
353
219
346
234
352
220
348
229
352
220
349
231
352
220
348
231
352
220
347
230
352
220
346
234
353
220
349
231
353
220
348
231
353
220
347
230
353
220
346
234
350
223
343
230
350
223
345
230
350
223
344
233
350
223
346
234
350
223
346
235
350
224
345
230
350
224
344
233
350
224
346
234
350
224
346
235
350
224
347
236
351
224
344
233
351
224
346
234
351
224
346
235
351
224
347
236
352
225
346
234
352
225
346
235
352
225
347
236
353
225
346
234
353
225
346
235
353
225
347
236
352
229
342
237
352
229
344
238
352
229
345
239
352
229
346
240
350
228
342
237
350
228
344
238
350
228
345
239
353
229
342
237
353
229
344
238
353
229
345
239
353
229
346
240
355
204
355
216
356
205
354
217
356
205
355
218
355
208
351
220
355
208
352
221
355
208
353
221
355
206
354
219
357
208
351
220
354
208
351
220
354
208
352
221
354
208
353
221
354
207
352
219
354
207
354
219
354
207
355
220
355
207
352
219
355
207
354
219
355
207
355
220
354
209
351
220
354
209
352
221
354
209
353
221
354
209
351
222
354
209
352
222
355
230
348
241
355
230
347
241
355
230
346
240
356
230
348
241
356
230
347
241
356
230
346
240
355
236
344
246
355
236
345
246
355
236
346
247
356
236
344
246
356
236
345
246
356
236
346
247
357
279
333
287
357
278
333
287
358
120
388
141
359
122
388
141
358
201
360
215
361
205
362
220
361
205
360
220
361
205
361
220
361
205
362
221
361
204
362
220
361
204
361
220
361
204
361
219
361
228
353
241
361
228
356
243
361
228
357
242
361
228
354
241
361
228
357
243
359
231
352
244
360
231
353
245
360
231
352
244
360
231
354
245
361
231
353
245
361
231
352
244
361
231
354
245
359
236
346
247
359
236
350
249
361
237
352
250
361
237
351
250
360
276
333
287
360
276
334
286
360
276
335
286
360
276
336
286
361
275
336
285
361
275
334
286
361
275
335
286
361
275
336
286
361
275
338
285
358
277
333
287
358
277
334
286
358
277
335
286
360
279
335
289
364
117
396
139
364
117
396
138
364
117
396
140
365
119
396
140
363
125
391
145
363
205
362
220
363
205
360
220
363
205
361
220
363
205
361
219
362
207
360
221
364
207
361
221
364
207
360
221
365
232
359
247
363
237
352
250
363
237
351
250
362
237
351
250
363
266
340
277
363
266
339
277
363
266
341
278
365
269
341
281
365
269
340
280
362
267
341
278
365
266
341
278
363
273
337
284
363
273
339
284
363
273
341
284
363
273
342
284
362
273
337
284
362
273
339
284
362
273
341
284
364
271
341
283
362
325
322
333
363
326
322
333
367
119
396
140
367
119
396
142
369
116
401
140
368
116
401
140
367
120
396
142
366
118
396
139
366
118
396
140
373
143
395
165
373
143
395
166
373
143
394
166
372
146
392
168
372
146
393
168
372
146
395
167
372
146
394
167
373
232
364
249
375
124
403
149
377
133
401
157
376
140
398
163
376
140
398
164
376
140
399
163
374
141
394
164
374
141
395
164
377
138
398
163
377
138
398
162
377
138
399
163
377
138
401
163
377
139
398
163
377
139
398
162
377
139
400
164
377
139
398
164
377
139
399
163
377
139
401
164
376
141
397
165
376
141
398
163
376
141
398
165
376
141
398
164
377
142
399
165
375
142
397
165
374
143
395
166
374
143
394
167
378
123
405
147
381
124
409
151
381
124
408
151
380
125
408
152
381
125
408
151
381
129
405
155
381
129
405
154
379
126
405
152
379
126
406
152
379
128
405
154
380
129
405
155
380
129
405
154
380
126
406
152
378
133
401
157
380
131
402
155
380
131
403
156
380
131
403
155
381
132
401
156
381
132
405
157
381
132
403
157
381
132
403
156
381
132
402
156
381
132
405
158
381
132
404
158
379
130
402
155
379
130
403
155
379
132
401
156
379
132
403
157
379
132
402
156
378
131
402
155
378
131
403
156
381
133
401
157
381
133
403
157
381
133
404
158
381
136
403
161
381
136
404
160
380
137
403
161
379
134
404
160
379
134
402
159
379
134
403
159
379
135
402
159
381
135
404
160
381
135
402
159
381
135
403
159
381
137
403
161
381
238
365
256
381
238
368
257
381
238
366
256
381
238
369
257
381
238
371
257
381
238
371
258
381
238
372
258
381
241
364
258
381
241
369
263
381
241
370
262
381
241
371
264
381
242
362
257
381
242
364
259
381
242
364
258
381
242
369
263
381
242
369
264
381
242
372
264
376
356
326
367
376
356
325
367
379
356
328
368
379
356
329
368
380
357
327
368
383
124
409
151
383
124
410
151
385
124
411
152
385
124
410
151
385
124
412
152
385
124
412
153
382
125
409
151
382
125
408
152
382
125
408
151
382
125
409
152
383
125
409
151
383
125
408
152
383
125
408
151
383
125
409
152
383
125
410
152
385
125
411
152
385
125
410
152
385
125
410
151
385
125
411
153
385
237
372
257
385
237
371
257
385
237
371
258
385
237
372
258
385
237
377
260
382
240
368
257
382
240
370
262
382
241
369
263
382
241
373
263
382
241
370
262
382
241
371
264
382
241
372
264
384
243
369
264
384
243
369
265
384
243
370
262
384
243
372
265
384
243
371
264
384
243
372
264
384
243
370
264
384
243
373
265
384
243
374
266
383
243
364
259
383
243
369
263
383
243
369
264
383
243
369
265
383
243
368
264
383
243
370
262
383
243
372
265
383
243
371
264
383
243
372
264
383
243
373
265
383
243
374
266
382
242
364
259
382
242
364
258
382
242
369
263
382
242
369
264
382
242
370
262
382
242
372
265
382
242
371
264
382
242
372
264
382
242
370
264
382
242
373
265
383
357
333
371
384
357
333
371
385
213
381
235
384
212
382
233
384
212
381
235
384
212
381
234
384
211
382
233
384
211
381
234
389
212
385
237
389
212
385
239
389
212
384
239
389
213
385
239
389
213
384
239
384
216
380
236
384
216
380
241
384
216
380
240
384
216
380
238
384
217
380
241
384
217
380
240
384
217
380
238
388
216
383
241
388
216
384
239
388
216
383
240
385
214
381
235
385
214
380
238
387
217
383
241
387
217
383
240
388
215
383
241
388
215
384
239
388
215
383
240
389
216
384
239
389
216
383
240
384
215
380
236
384
215
380
238
385
217
380
241
385
217
380
240
385
217
380
238
385
216
380
241
385
216
380
240
385
216
380
238
389
242
376
265
388
242
373
263
388
242
373
265
388
242
376
265
386
243
369
263
386
243
373
263
386
243
370
262
386
243
372
265
386
243
372
264
386
243
373
265
386
243
376
265
386
243
374
266
387
243
370
262
387
243
372
265
387
243
371
264
387
243
372
264
387
243
373
265
387
243
376
265
387
243
374
266
389
269
364
289
389
269
363
289
389
269
369
290
389
269
364
290
389
269
366
290
386
269
364
288
386
269
364
289
386
269
365
288
386
269
363
289
386
269
362
288
388
269
364
289
388
269
365
288
388
269
363
289
388
269
369
290
386
357
334
372
386
357
333
371
386
355
334
370
386
355
336
370
386
355
335
370
393
209
390
237
393
213
388
241
393
213
389
239
393
213
389
238
393
213
388
240
393
213
388
243
393
217
388
241
393
217
388
243
392
217
388
243
393
215
388
241
393
215
388
240
393
215
388
243
393
214
388
241
393
214
389
239
393
214
388
240
393
214
388
243
393
214
390
245
392
214
388
241
392
214
389
239
392
214
388
240
392
214
388
243
392
215
388
241
392
215
388
240
392
215
388
243
390
269
369
290
390
269
364
290
390
269
366
290
393
272
368
292
393
272
371
293
391
272
368
292
391
272
371
293
391
270
368
292
391
270
368
291
391
270
370
291
391
270
370
292
391
270
371
291
390
271
368
292
390
271
370
292
389
270
369
290
389
270
364
290
389
270
366
290
389
270
368
291
388
271
368
291
393
328
351
346
393
328
350
346
391
356
336
371
391
356
337
371
391
356
338
372
394
212
391
242
394
212
391
243
397
219
390
245
397
220
390
245
397
218
391
243
396
267
372
290
396
267
375
290
394
269
368
291
394
269
370
291
394
269
372
290
394
269
371
291
397
270
370
291
397
270
372
293
397
270
370
292
397
270
374
293
395
333
348
351
395
334
348
352
396
357
343
374
396
357
344
377
396
357
344
375
396
357
343
376
396
357
344
376
394
357
342
376
394
357
343
376
394
357
341
374
395
357
343
374
395
357
344
377
395
357
342
376
395
357
343
376
395
357
344
376
395
357
341
374
397
358
343
374
397
358
344
377
397
358
344
375
397
358
343
376
397
358
344
376
401
105
433
136
399
210
396
240
401
212
396
240
401
212
397
242
401
212
397
245
401
212
398
241
401
212
398
244
401
212
398
242
401
209
397
242
401
209
398
241
401
209
399
237
401
209
398
242
399
218
393
245
399
218
393
244
400
267
377
291
400
267
375
290
399
266
375
290
401
266
375
290
401
268
377
291
399
369
342
388
399
369
342
389
401
370
343
389
401
370
342
388
404
196
404
227
402
215
397
242
402
215
397
245
402
215
397
248
402
215
398
241
402
215
398
244
402
215
398
242
402
215
399
245
403
217
397
242
403
217
397
245
403
217
397
249
403
217
397
248
403
217
396
249
403
217
398
244
403
217
399
245
403
216
397
242
403
216
397
245
403
216
397
248
403
216
398
241
403
216
400
244
403
216
398
244
403
216
398
242
403
216
399
245
405
212
401
240
405
212
400
238
405
212
400
239
405
212
399
240
405
212
400
240
405
212
401
241
405
212
401
245
405
212
401
242
405
212
400
244
405
212
400
242
405
212
400
243
405
212
399
242
405
212
399
245
405
215
398
241
405
215
399
240
405
215
401
245
405
215
400
244
405
215
400
242
405
215
400
243
405
215
398
244
405
215
398
242
405
215
399
242
405
215
399
245
405
213
399
238
405
213
401
240
405
213
398
241
405
213
400
239
405
213
399
240
405
213
400
240
405
213
401
241
405
213
401
245
405
213
401
242
405
213
400
244
405
213
400
242
405
213
400
243
405
213
398
242
405
213
399
242
405
213
399
245
402
216
397
242
402
216
397
245
402
216
397
249
402
216
397
248
402
216
398
244
402
216
398
242
402
216
399
245
404
213
398
241
404
213
400
239
404
213
399
240
404
213
400
240
404
213
401
241
404
213
401
245
404
213
401
242
404
213
400
244
404
213
400
242
404
213
400
243
404
213
398
244
404
213
398
242
404
213
399
242
404
213
399
245
404
370
345
389
405
200
405
229
405
200
404
229
406
198
405
229
406
198
406
228
406
198
404
229
405
201
400
236
405
201
401
236
405
201
405
229
405
201
404
229
404
199
405
229
404
199
406
228
404
199
404
229
406
200
405
229
406
200
404
229
404
200
405
229
404
200
406
228
404
200
404
229
409
373
349
394
410
204
409
234
410
204
408
236
410
204
409
235
410
204
408
234
408
203
409
234
408
203
408
236
408
203
409
235
408
203
408
234
408
205
409
234
408
205
408
236
408
205
409
235
408
205
408
234
412
207
409
234
412
207
408
236
412
207
409
235
412
207
408
234
412
224
404
256
412
224
404
257
414
225
404
256
414
225
404
257
417
228
408
258
417
228
409
259
417
228
407
260
417
228
406
259
417
228
406
260
416
224
404
256
416
224
404
257
416
224
407
256
412
225
404
256
412
225
404
257
417
229
409
259
417
229
407
260
417
229
406
260
417
229
408
260
413
230
404
257
417
372
357
396
416
173
423
210
416
189
420
224
416
189
419
224
420
225
408
258
420
225
409
259
420
225
407
260
420
225
406
259
420
225
406
260
420
225
408
260
420
225
413
258
416
223
404
256
416
223
404
257
416
223
407
256
421
228
412
260
421
228
414
261
418
229
408
260
419
226
408
258
419
226
409
259
419
226
407
260
419
226
406
259
419
226
406
260
419
226
408
260
420
227
408
260
420
227
413
259
420
227
412
259
422
111
449
150
422
111
448
155
422
111
449
156
422
225
409
259
422
225
408
260
422
225
412
260
422
225
413
258
422
225
413
259
422
225
412
259
422
226
412
260
422
226
413
259
422
226
412
259
422
226
414
261
423
227
412
260
423
227
414
261
422
228
414
261
423
228
414
261
425
369
366
396
425
369
367
398
426
224
412
260
426
224
413
259
426
224
412
259
426
224
416
260
426
224
414
261
429
225
414
261
429
225
417
263
429
225
420
261
429
225
420
262
429
225
418
263
427
223
413
258
427
223
413
259
427
223
412
259
427
223
416
260
427
223
414
261
427
223
418
258
427
223
418
259
428
222
413
258
428
222
416
260
428
222
419
258
428
222
418
258
428
222
418
259
428
222
420
258
429
228
417
265
429
228
417
264
429
228
417
263
429
228
419
264
429
228
418
263
429
228
418
266
429
227
417
265
429
227
417
264
429
227
417
263
429
227
419
264
429
227
418
263
428
228
417
265
428
228
417
264
428
228
417
263
428
228
419
264
428
228
418
263
429
226
417
264
429
226
417
263
429
226
419
264
429
226
420
262
429
226
418
263
429
230
417
265
429
230
417
264
429
230
418
266
429
230
418
268
424
262
404
294
425
262
406
295
427
373
366
400
427
371
366
396
427
371
367
397
427
371
367
400
427
371
367
398
427
369
368
397
427
369
368
398
427
370
368
397
427
370
368
400
427
370
368
398
427
370
367
397
427
370
367
398
426
369
368
397
426
369
368
398
426
369
366
396
426
369
367
397
426
369
367
398
428
369
368
397
427
368
368
397
429
373
367
400
428
374
366
400
432
221
419
258
432
221
418
258
432
221
420
260
432
221
421
258
432
221
418
259
432
221
420
258
432
221
424
259
432
221
425
261
432
221
423
259
432
221
424
260
432
221
425
259
433
220
419
258
433
220
421
258
433
220
420
258
433
220
425
257
433
220
423
257
433
220
424
257
433
220
422
257
433
220
424
259
433
220
425
261
433
220
423
259
433
220
424
260
433
220
425
259
432
220
416
256
432
220
421
256
432
220
419
258
432
220
418
258
432
220
421
258
432
220
420
258
432
220
425
257
432
220
423
257
432
220
424
257
432
220
422
257
432
220
424
259
432
220
423
259
432
220
425
259
433
223
420
260
433
223
420
261
433
223
421
263
433
223
420
262
433
223
423
261
433
223
425
261
433
223
424
260
433
223
424
263
433
223
422
264
433
223
424
264
433
223
422
262
433
223
423
262
433
223
422
263
432
223
420
260
432
223
418
259
432
223
420
261
432
223
421
263
432
223
420
262
432
223
423
261
432
223
425
261
432
223
424
260
432
223
424
263
432
223
422
262
432
223
423
262
432
223
422
263
432
225
420
261
432
225
421
263
432
225
421
264
432
225
421
265
432
225
419
264
432
225
420
262
432
225
422
264
432
225
422
262
432
225
423
262
432
225
422
263
432
222
418
258
432
222
420
260
432
222
421
258
432
222
418
259
432
222
420
261
432
222
423
261
432
222
424
259
432
222
425
261
432
222
423
259
432
222
424
260
432
222
425
259
432
224
420
260
432
224
420
261
432
224
421
263
432
224
421
264
432
224
420
262
432
224
423
261
432
224
424
263
432
224
422
264
432
224
422
262
432
224
423
262
432
224
422
263
433
222
420
260
433
222
418
259
433
222
420
261
433
222
423
261
433
222
424
259
433
222
425
261
433
222
423
259
433
222
424
260
433
222
425
259
433
222
424
263
433
222
422
262
433
222
423
262
430
226
417
264
430
226
417
263
430
226
421
263
430
226
419
264
430
226
420
262
430
226
418
263
430
229
417
265
430
229
417
264
430
229
417
263
430
229
418
263
430
229
420
268
430
229
418
266
430
229
418
268
430
228
417
265
430
228
417
264
430
228
417
263
430
228
419
264
430
228
418
263
430
228
418
266
433
227
420
261
433
227
421
263
433
227
421
264
433
227
421
265
433
227
419
264
433
227
420
262
433
227
418
263
433
227
421
267
433
227
421
266
433
227
422
264
433
227
422
262
433
227
422
263
433
227
423
268
433
227
423
267
433
228
421
263
433
228
421
264
433
228
421
265
433
228
419
264
433
228
418
263
433
228
421
267
433
228
420
268
433
228
421
266
433
228
422
264
433
228
422
263
433
228
423
268
433
228
423
267
430
230
417
265
430
230
417
264
430
230
418
266
430
230
418
268
430
231
417
270
430
231
418
268
433
231
420
268
433
231
418
268
433
231
420
270
433
232
420
268
433
232
418
268
433
232
420
270
433
232
419
271
433
232
421
272
431
233
417
270
431
233
417
271
431
233
416
270
431
233
419
271
430
235
417
271
430
235
417
272
430
235
416
270
433
235
417
270
433
235
417
271
433
235
417
272
433
235
419
273
433
235
421
273
433
235
420
273
433
235
421
275
433
235
421
274
433
234
417
270
433
234
417
271
433
234
416
270
433
234
421
273
433
234
419
271
433
234
420
273
433
234
421
272
433
234
421
274
431
234
417
270
431
234
417
271
431
234
416
270
431
235
417
271
431
235
417
272
431
235
416
270
430
236
416
273
433
237
418
274
433
237
420
275
433
237
421
276
433
237
421
275
433
237
418
275
433
239
417
276
433
239
418
275
433
239
418
277
430
240
415
276
430
240
414
275
430
240
414
277
430
238
416
273
430
238
415
275
430
238
416
274
430
238
414
275
430
238
415
274
433
238
418
274
433
238
421
277
433
238
418
275
433
240
417
277
433
240
417
276
433
240
418
277
430
241
414
277
431
242
414
277
432
249
412
285
432
249
412
286
432
254
408
291
432
254
410
291
432
254
409
291
432
255
408
291
432
255
410
291
432
255
409
291
432
255
411
291
432
256
409
293
432
256
408
291
432
256
410
293
431
261
406
297
431
261
408
297
432
260
406
297
432
260
408
296
432
260
409
296
432
260
408
297
432
260
409
297
431
259
406
295
431
259
408
295
431
259
408
296
431
259
409
296
431
260
406
297
431
260
408
296
431
260
408
297
431
260
409
297
442
364
381
398
442
364
382
397
442
364
383
398
448
359
390
395
448
360
390
396
448
360
391
396
448
358
390
394
447
356
389
392
447
356
390
390
447
356
391
389
447
356
391
390
447
356
391
391
460
358
400
396
461
360
401
399
459
359
400
398
460
359
400
398
459
360
401
399
459
360
400
398
460
361
401
399
460
361
402
400
463
286
429
332
463
286
427
331
463
286
426
330
463
286
430
331
463
285
429
332
463
285
429
329
463
285
427
331
463
285
429
330
463
285
430
329
463
285
430
330
463
285
431
330
463
285
430
331
462
284
429
329
462
284
428
328
462
284
429
330
462
284
430
329
462
284
430
330
462
284
431
330
462
284
430
331
465
305
425
349
471
352
413
397
472
353
413
397
472
353
413
398
470
353
413
397
470
353
413
398
509
216
501
281
509
216
502
281
509
214
501
280
509
214
500
280
509
214
502
279
509
344
453
400
511
214
501
280
511
214
500
280
511
214
501
281
511
214
502
281
511
215
501
281
511
215
502
281
514
213
501
280
514
213
500
280
514
213
502
281
514
212
502
278
514
212
503
278
514
212
503
279
514
212
502
279
517
213
505
281
520
265
490
331
520
265
491
330
520
265
491
331
520
266
490
331
520
266
491
331
520
266
490
332
525
260
497
328
522
262
491
328
522
262
493
329
522
262
493
328
522
262
492
329
522
261
493
329
522
261
493
328
522
261
494
328
522
261
495
328
524
263
492
330
524
263
493
329
524
263
493
328
524
263
492
329
524
263
494
328
524
263
494
331
524
263
496
329
525
263
493
329
525
263
494
328
525
263
495
328
525
263
497
330
525
263
496
329
524
262
493
329
524
262
493
328
524
262
494
328
524
262
495
328
524
262
496
329
523
265
491
330
523
265
493
331
523
265
492
332
523
265
492
330
523
265
492
331
523
265
492
329
523
265
494
331
521
261
493
328
521
261
494
328
522
263
491
328
522
263
492
330
522
263
493
329
522
263
492
329
521
262
491
328
521
262
493
329
521
262
493
328
521
262
492
329
522
264
491
328
522
264
491
330
522
264
491
331
522
264
492
330
522
264
493
329
522
264
492
331
522
264
492
329
523
264
491
330
523
264
493
331
523
264
492
330
523
264
493
329
523
264
492
331
523
264
492
329
525
264
497
330
525
264
496
329
521
263
491
328
521
263
491
330
521
263
492
330
521
263
493
329
521
263
492
329
524
265
493
331
524
265
492
330
524
265
492
331
524
265
493
332
524
265
494
332
524
265
494
331
525
266
496
332
525
266
494
332
525
266
495
333
525
266
494
331
522
268
492
332
522
268
492
333
522
268
491
335
522
268
491
334
522
268
492
334
522
266
491
330
522
266
491
331
522
266
493
331
522
266
492
332
522
266
492
331
524
266
493
331
524
266
493
332
524
266
492
333
524
266
492
334
524
266
494
332
524
266
494
331
524
267
492
334
524
267
494
332
524
267
495
333
522
269
492
333
522
269
491
335
522
269
491
334
522
269
492
334
525
271
493
336
525
271
494
337
521
272
491
337
521
272
489
337
521
272
489
336
521
272
490
337
521
272
491
335
521
272
488
337
520
272
491
337
520
272
489
337
520
272
489
336
520
272
490
337
520
272
491
335
520
272
488
337
524
271
491
337
524
271
493
336
522
272
491
337
522
272
489
337
522
272
490
337
522
272
493
336
522
272
491
335
522
334
468
396
522
335
468
396
533
333
481
399
533
333
480
400
533
333
481
400
533
333
480
399
533
333
479
398
533
333
482
400
535
225
517
298
535
225
517
299
536
224
518
298
535
226
517
299
535
228
516
301
539
222
523
297
539
222
524
297
538
229
518
303
543
220
528
297
543
220
528
296
543
220
527
296
543
220
531
297
544
221
531
298
548
220
532
298
548
220
533
298
557
229
538
309
557
233
537
313
557
233
536
313
555
234
536
313
559
232
538
313
559
232
539
313
559
232
540
313
558
232
537
313
558
232
536
313
560
231
540
313
557
241
533
321
557
241
534
321
557
241
535
321
560
240
533
321
560
240
534
321
560
240
535
321
560
240
536
321
560
240
537
321
558
241
533
321
558
241
534
321
558
241
535
321
558
241
536
321
559
242
533
321
559
242
534
321
559
242
535
321
559
242
536
321
559
242
537
321
556
251
528
330
556
255
528
333
556
255
528
332
564
240
539
321
564
240
541
321
564
240
539
323
564
240
542
321
565
238
541
321
565
238
543
321
565
238
542
321
564
239
539
321
564
239
541
321
564
239
539
323
564
239
542
321
563
239
537
321
563
239
539
321
563
239
541
321
564
241
539
321
564
241
541
321
564
241
539
323
564
245
539
325
564
244
539
325
565
245
539
325
565
253
535
333
565
248
539
329
564
259
532
341
564
259
533
340
564
259
534
340
565
259
533
340
565
259
534
340
565
259
535
341
563
260
531
341
563
260
532
341
564
260
531
341
564
260
532
341
565
260
532
341
567
237
541
321
567
237
543
321
567
237
542
321
568
237
543
321
568
237
547
321
566
238
541
321
566
238
543
321
566
238
542
321
566
251
535
333
566
251
538
333
566
251
539
332
566
251
539
333
566
251
538
331
566
251
538
332
566
251
538
335
566
251
538
334
567
253
538
336
567
253
538
335
566
249
538
333
566
249
539
332
566
249
539
333
566
249
538
331
566
249
538
332
566
249
541
333
567
252
538
333
567
252
539
333
567
252
538
335
567
252
538
334
566
253
538
336
566
253
538
335
566
250
538
333
566
250
539
332
566
250
539
333
566
250
538
331
566
250
538
332
566
250
541
333
566
250
538
334
567
256
538
339
567
255
537
337
567
255
538
338
570
248
545
332
571
249
545
332
571
249
545
333
571
250
545
332
571
250
545
333
572
257
545
339
572
257
544
340
572
257
543
341
572
257
544
341
573
257
543
341
573
257
544
341
573
257
545
341
572
258
543
341
572
258
544
341
572
258
545
341
568
259
538
341
571
258
543
341
571
258
544
341
568
258
536
341
568
258
538
341
570
258
543
341
574
237
549
321
572
237
548
321
572
237
549
321
573
235
549
321
574
235
549
321
579
296
535
380
581
296
535
380
581
297
535
381
583
295
542
381
582
296
539
381
585
217
568
308
601
275
565
365
601
275
564
365
601
275
563
369
601
275
565
368
601
275
563
368
599
273
562
364
599
273
562
365
599
273
564
365
600
277
563
369
600
277
565
369
600
277
563
368
601
277
563
369
601
277
565
369
601
277
565
368
601
277
563
368
601
272
565
363
601
272
565
365
601
272
565
364
601
272
564
365
601
274
562
364
601
274
562
365
601
274
565
365
601
274
565
364
601
274
564
365
601
274
565
368
601
274
563
368
596
272
560
362
601
273
562
364
601
273
562
365
601
273
565
365
601
273
565
364
601
273
564
365
601
273
565
368
599
272
562
364
599
272
562
365
599
272
560
362
597
278
557
369
600
278
561
371
600
278
563
369
600
279
561
371
601
285
560
376
598
283
558
374
601
284
560
376
597
286
556
377
599
287
556
379
599
287
557
379
597
288
556
379
597
288
557
379
598
290
557
380
598
291
556
383
600
291
556
383
599
292
556
384
599
292
556
383
600
293
556
385
600
293
560
385
600
293
556
384
