33_33_l.jpg
33_33_r.jpg
325
305
215
298
353
311
244
304
353
311
242
304
353
311
252
306
353
311
270
309
353
311
254
306
353
311
255
306
353
311
253
306
353
311
246
304
353
311
243
304
353
311
245
304
350
309
241
302
350
309
239
302
370
287
261
281
370
287
260
279
370
287
260
280
298
210
187
200
343
311
238
304
343
311
240
304
343
311
240
305
343
311
239
304
244
213
127
201
357
280
249
273
322
311
214
305
322
311
211
304
322
311
215
305
322
311
219
303
369
287
261
281
369
287
261
282
369
287
258
281
369
287
260
280
496
313
378
310
332
311
220
304
332
311
221
305
322
314
214
305
322
314
215
307
322
314
215
305
322
314
216
307
322
314
212
308
437
294
324
289
437
294
325
289
372
310
261
303
372
310
258
303
372
310
266
305
372
310
267
305
372
310
265
305
372
310
262
303
385
315
270
309
368
286
259
279
368
286
260
279
368
286
260
280
370
288
261
281
370
288
261
282
370
288
260
280
329
310
214
305
329
310
220
304
329
310
215
305
329
310
219
303
387
312
274
307
462
324
448
319
232
230
115
216
356
311
244
304
356
311
246
304
356
311
245
304
246
213
127
201
246
213
127
200
246
213
122
199
430
278
314
273
361
315
248
308
361
315
251
308
250
260
136
246
250
260
134
251
250
260
135
253
250
260
133
254
250
260
138
247
374
313
259
306
374
313
264
306
374
313
262
307
374
313
260
305
374
313
262
306
374
313
255
305
333
311
220
304
333
311
221
305
253
265
136
254
466
324
448
319
346
314
240
306
176
224
54
211
365
284
258
277
366
289
257
282
432
278
316
272
229
227
113
214
321
312
214
305
321
312
211
304
321
312
215
305
359
315
248
308
359
315
251
308
536
246
421
252
359
281
251
275
326
314
215
307
326
314
216
307
326
314
221
305
326
314
212
308
420
256
139
246
420
256
136
254
420
256
140
244
252
263
138
252
252
263
137
251
252
263
136
254
252
263
135
253
252
263
133
254
368
314
258
308
368
314
257
308
368
314
262
308
368
314
259
308
251
260
137
251
251
260
136
246
251
260
134
251
251
260
135
253
251
260
133
254
251
260
138
247
429
278
314
273
364
314
258
308
364
314
257
308
364
314
254
308
370
311
259
306
370
311
264
306
370
311
260
305
370
311
262
306
370
311
265
305
260
265
136
254
251
264
136
254
251
264
135
253
245
207
128
195
354
311
244
304
354
311
242
304
354
311
270
309
354
311
254
306
354
311
253
306
354
311
246
304
354
311
243
304
354
311
245
304
363
313
258
308
363
313
257
308
363
313
252
306
363
313
254
306
363
313
253
306
363
313
259
308
363
313
254
308
247
211
126
198
247
211
127
199
330
311
220
304
330
311
219
303
330
311
221
305
421
255
139
246
421
255
140
244
421
255
138
245
421
255
139
243
421
255
138
243
494
190
377
191
494
190
381
190
345
312
240
305
345
312
240
306
273
262
136
246
193
244
69
230
376
311
260
305
376
311
261
303
376
311
266
305
376
311
267
305
376
311
265
305
376
311
262
303
241
267
133
254
432
281
319
276
432
274
316
269
419
251
136
246
419
251
138
245
419
251
138
247
419
251
139
243
419
251
138
243
352
311
244
304
352
311
242
304
352
311
240
304
352
311
270
309
352
311
240
305
352
311
255
306
352
311
253
306
352
311
246
304
352
311
243
304
352
311
245
304
420
249
141
243
420
249
139
243
420
249
138
243
375
312
259
306
375
312
264
306
375
312
260
305
375
312
262
306
375
312
266
305
375
312
265
305
350
310
244
304
350
310
242
304
350
310
238
304
350
310
240
304
350
310
239
304
350
310
246
304
350
310
243
304
350
310
245
304
246
212
130
200
246
212
127
199
246
212
127
200
246
212
122
199
326
310
214
305
326
310
211
304
326
310
215
305
326
310
219
303
356
281
248
274
367
315
258
308
367
315
257
308
367
315
259
308
367
315
254
308
257
259
138
252
257
259
137
251
257
259
139
247
323
314
215
307
323
314
215
305
323
314
216
307
323
314
212
308
463
323
451
318
463
323
448
319
366
279
258
273
386
313
274
307
420
250
141
243
420
250
136
246
420
250
138
245
420
250
139
243
420
250
138
243
299
213
188
203
299
213
187
203
260
259
138
252
260
259
137
251
370
312
259
306
370
312
264
306
370
312
262
307
370
312
260
305
370
312
262
306
368
287
261
281
368
287
258
281
368
287
260
280
334
301
227
295
464
321
456
316
464
321
434
317
355
311
244
304
355
311
246
304
355
311
243
304
355
311
245
304
316
310
211
303
316
310
211
304
351
310
244
304
351
310
242
304
351
310
240
304
351
310
246
304
351
310
243
304
351
310
245
304
375
313
259
306
375
313
264
306
375
313
262
307
375
313
262
306
375
313
255
305
367
310
257
303
367
310
260
305
367
310
258
303
346
313
240
306
337
301
227
295
348
311
242
304
348
311
238
304
348
311
240
304
348
311
240
305
348
311
239
304
348
311
243
304
364
290
257
282
421
250
141
243
421
250
136
246
421
250
140
244
421
250
139
243
421
250
138
243
356
282
249
275
352
309
247
303
352
309
241
302
364
312
262
307
364
312
254
306
364
312
255
306
364
312
253
306
364
312
255
305
377
315
262
308
377
315
270
309
377
315
259
308
494
310
379
307
494
310
378
307
494
310
378
306
344
312
240
305
344
312
240
306
327
314
215
307
327
314
216
307
436
294
324
289
436
294
324
288
436
294
325
289
330
310
220
304
330
310
215
305
330
310
222
302
330
310
219
303
421
247
141
243
334
306
224
299
372
288
263
281
372
288
261
281
372
288
261
282
431
280
317
275
377
312
264
306
377
312
260
305
377
312
262
306
377
312
266
305
377
312
267
305
377
312
265
305
420
255
139
246
420
255
137
251
420
255
136
254
420
255
139
247
420
255
134
251
420
255
135
253
420
255
140
244
420
255
139
243
420
255
138
243
316
312
211
304
368
285
259
279
368
285
259
278
368
285
260
279
368
285
260
280
372
315
258
308
372
315
262
308
372
315
259
308
294
210
182
201
251
262
138
252
251
262
137
251
251
262
136
254
251
262
134
251
251
262
135
253
251
262
133
254
253
261
138
252
253
261
137
251
253
261
136
254
253
261
139
247
253
261
134
251
253
261
135
253
253
261
138
247
238
213
122
199
376
312
259
306
376
312
264
306
376
312
260
305
376
312
262
306
376
312
266
305
376
312
265
305
422
248
141
243
315
310
211
303
438
295
325
290
326
311
214
305
326
311
220
304
326
311
215
305
326
311
219
303
367
285
259
279
367
285
259
278
367
285
260
279
367
285
257
279
480
311
428
308
229
228
114
215
260
261
138
252
260
261
137
251
369
311
259
306
369
311
264
306
369
311
260
305
369
311
262
306
299
210
187
200
325
312
214
305
325
312
215
307
325
312
220
304
325
312
215
305
325
312
216
307
325
312
219
303
325
312
212
308
364
313
258
308
364
313
257
308
364
313
252
306
364
313
262
308
364
313
254
306
364
313
255
306
364
313
253
306
364
313
259
308
253
260
138
252
253
260
137
251
253
260
136
254
253
260
139
247
253
260
134
251
253
260
135
253
253
260
138
247
365
280
258
273
371
289
261
282
231
228
114
215
246
216
130
204
431
279
314
274
431
279
316
274
415
253
132
244
476
321
451
318
476
321
448
319
344
313
240
306
478
321
451
318
478
321
448
319
322
312
214
305
322
312
211
304
322
312
215
305
322
312
219
303
360
282
252
275
346
311
242
304
346
311
238
304
346
311
240
304
346
311
240
305
346
311
239
304
347
309
238
302
347
309
241
302
347
309
239
302
370
309
257
303
370
309
261
303
370
309
258
303
370
309
262
303
366
314
258
308
366
314
257
308
366
314
254
306
366
314
259
308
348
314
248
308
257
263
138
252
257
263
137
251
257
263
136
254
257
263
135
253
329
311
220
304
329
311
215
305
329
311
219
303
329
311
221
305
242
264
133
254
357
282
249
275
357
282
249
276
320
314
214
305
320
314
215
307
320
314
215
305
320
314
212
308
375
308
267
303
349
309
238
302
349
309
241
302
349
309
239
302
497
189
381
190
421
253
139
246
421
253
139
247
421
253
141
243
421
253
140
244
421
253
138
245
421
253
138
247
421
253
139
243
421
253
138
243
480
312
430
309
252
264
136
254
365
312
259
306
365
312
262
307
365
312
254
306
365
312
255
306
365
312
255
305
495
190
381
190
437
295
325
290
437
295
323
290
437
295
325
289
371
288
261
281
371
288
261
282
247
216
130
204
326
312
214
305
326
312
215
307
326
312
220
304
326
312
215
305
326
312
216
307
326
312
212
308
367
314
258
308
367
314
257
308
367
314
262
308
367
314
259
308
366
280
258
273
356
310
244
304
356
310
246
304
356
310
245
304
380
281
268
275
365
290
257
282
371
314
262
307
371
314
262
308
234
230
118
216
234
230
115
216
331
311
220
304
331
311
221
305
350
312
240
305
350
312
240
306
437
293
324
288
418
255
136
246
418
255
134
251
418
255
135
253
418
255
138
245
418
255
138
247
418
255
139
243
418
255
138
243
318
310
211
303
318
310
211
304
250
265
136
254
250
265
135
253
371
315
258
308
371
315
262
308
371
315
259
308
365
286
256
279
365
286
257
279
243
207
128
195
373
313
259
306
373
313
264
306
373
313
262
307
373
313
262
308
373
313
260
305
373
313
262
306
373
313
255
305
350
313
240
306
359
314
248
308
359
314
254
308
359
314
251
308
368
315
258
308
368
315
257
308
368
315
259
308
248
263
136
254
248
263
134
251
248
263
135
253
248
263
133
254
336
301
227
295
365
313
258
308
365
313
257
308
365
313
252
306
365
313
262
308
365
313
254
306
365
313
255
306
365
313
253
306
365
313
259
308
349
311
244
304
349
311
242
304
349
311
238
304
349
311
240
304
349
311
240
305
349
311
239
304
349
311
243
304
