P1011370.JPG
P1011371.JPG
120
137
57
129
120
138
57
130
121
139
58
131
121
154
60
145
121
154
61
145
121
154
62
144
121
154
62
145
120
154
59
145
120
154
60
145
120
154
61
145
120
154
59
146
120
154
58
146
120
156
59
146
120
156
60
147
122
141
59
133
123
143
60
134
123
142
60
134
124
144
61
136
125
147
63
138
125
146
63
138
123
156
62
148
123
156
63
148
123
156
64
146
122
154
61
145
122
154
62
144
122
154
63
144
122
154
64
143
122
154
63
145
122
154
62
145
122
156
62
148
122
156
62
147
123
154
63
144
123
154
63
145
123
154
64
144
123
154
62
145
123
154
65
143
124
158
64
148
124
158
65
148
123
158
63
148
123
158
64
148
123
158
63
149
131
117
63
105
130
116
63
105
145
374
123
369
145
375
123
369
145
375
123
370
147
373
125
367
147
374
125
367
