Test1500.jpg
Test1501_lg_9.jpg
142
183
528
324
142
183
527
324
142
183
527
325
153
189
529
321
153
189
530
321
153
189
528
324
153
189
527
324
153
189
529
322
152
185
530
321
152
185
528
324
152
185
527
324
152
185
529
322
152
185
532
322
154
189
529
321
154
189
530
321
154
189
528
324
154
189
527
324
154
189
529
322
147
217
527
325
148
217
527
325
154
218
528
324
160
192
529
321
160
192
530
321
160
192
532
321
160
192
528
324
160
192
529
322
160
192
532
322
158
194
529
321
158
194
530
321
158
194
532
321
158
194
528
324
158
194
527
324
158
194
527
325
158
194
529
322
158
194
532
322
163
195
529
321
163
195
529
322
158
196
529
321
158
196
528
324
158
196
527
324
158
196
527
325
158
196
529
322
158
198
529
321
158
198
528
324
158
198
527
324
158
198
529
322
160
195
529
321
160
195
530
321
160
195
528
324
160
195
527
324
160
195
527
325
160
195
529
322
162
208
529
322
162
207
529
321
157
208
529
321
157
208
527
324
157
208
529
322
161
210
530
321
158
208
529
321
158
208
528
324
156
211
529
321
156
211
527
324
156
211
529
322
156
212
527
324
157
209
529
321
157
209
528
324
157
209
527
324
157
209
529
322
156
210
529
321
156
210
528
324
156
210
527
324
207
298
528
324
206
298
528
324
206
298
527
324
211
305
520
322
212
305
520
322
