20_20_l.jpg
20_20_r.jpg
292
177
170
175
293
177
170
175
293
177
172
176
293
177
171
174
293
178
170
175
292
205
170
204
292
206
170
204
292
206
171
207
292
206
172
207
293
208
170
204
293
208
171
207
293
208
172
207
293
208
172
208
293
208
172
209
296
209
174
208
296
209
175
209
294
209
171
207
294
209
172
207
294
209
172
208
294
209
172
209
294
209
174
208
297
210
174
208
297
210
175
209
296
211
175
209
297
213
176
211
297
213
175
212
295
239
172
234
298
212
175
209
298
212
176
211
298
213
176
211
298
213
176
213
298
213
177
212
298
213
175
212
299
213
176
211
299
213
177
212
299
213
175
212
299
217
176
214
299
217
177
214
299
217
176
215
299
217
177
215
299
217
178
216
300
216
177
214
300
216
177
215
300
216
178
213
304
206
182
205
329
207
210
207
328
249
208
250
330
224
211
225
331
224
212
225
333
224
214
225
337
205
219
205
337
205
218
206
334
224
214
225
335
224
216
225
335
224
214
225
335
224
217
225
338
204
219
205
338
205
219
205
338
205
218
206
338
205
219
206
338
206
218
206
338
206
219
206
338
206
220
206
338
224
217
225
339
249
220
250
338
468
208
468
351
194
232
195
352
457
219
458
352
457
218
458
353
469
220
469
354
208
236
209
355
206
237
207
355
206
236
208
354
207
236
208
355
209
237
210
356
459
220
460
367
465
235
465
366
470
234
470
380
460
246
460
381
465
241
466
381
465
243
466
381
465
242
466
381
465
247
465
381
465
248
464
381
463
245
462
381
463
244
463
380
464
244
463
380
464
300
465
380
467
241
466
380
467
238
466
380
467
243
466
380
467
242
466
380
467
247
467
379
471
234
470
384
193
266
195
384
193
267
195
385
192
268
195
383
193
266
195
384
459
246
460
386
192
268
195
396
177
281
180
396
177
280
181
396
177
279
180
396
177
279
181
396
177
283
180
396
177
282
180
397
176
281
180
397
176
280
179
397
176
279
180
397
176
283
180
397
176
282
180
400
169
281
173
400
169
281
174
399
170
281
173
399
170
281
175
399
170
281
174
399
171
281
175
399
171
281
176
399
171
281
174
399
172
281
177
399
172
281
175
399
172
281
176
399
173
281
177
399
173
281
176
399
176
281
180
399
176
280
179
399
176
279
180
399
176
283
180
399
176
282
180
398
176
281
180
398
176
280
179
398
176
279
180
398
176
283
180
398
176
282
180
399
174
281
177
401
176
281
180
401
176
280
179
401
176
283
180
401
176
282
180
398
177
281
180
398
177
280
181
398
177
279
180
398
177
279
181
398
177
283
180
398
177
282
180
497
466
521
465
497
466
527
466
501
468
531
467
501
468
532
468
501
468
533
468
499
465
527
465
501
465
527
465
501
465
527
466
503
463
360
462
501
463
524
462
503
462
360
462
514
453
365
453
527
461
392
461
526
461
389
462
526
461
388
462
525
463
389
463
525
463
533
464
524
466
389
465
525
469
388
468
528
469
392
468
