Test1310_rot.PNG
Test1311_rot.PNG
554
312
582
106
554
312
581
106
403
210
401
143
403
210
402
142
552
317
583
112
404
208
401
142
554
314
581
106
554
314
581
107
550
316
582
113
534
315
572
126
550
318
583
114
550
318
583
113
324
321
426
277
324
321
425
277
407
178
381
113
535
317
578
118
404
210
401
143
404
210
402
142
551
318
583
114
551
318
583
113
316
317
417
278
322
320
423
276
536
319
580
119
536
319
579
120
536
319
583
115
536
319
577
123
402
210
401
143
378
208
385
159
323
320
423
276
323
320
424
276
550
317
583
114
550
317
583
113
550
317
582
114
286
175
295
200
286
175
295
199
