paris_invalides_000662_sm_3.jpg
paris_invalides_000663.jpg
192
244
159
212
197
235
165
203
197
235
165
202
196
239
162
209
197
239
164
208
197
239
165
206
196
241
164
208
196
241
163
210
194
240
161
209
197
240
164
208
197
240
163
210
196
243
162
213
196
243
163
212
199
240
167
207
198
239
164
208
198
239
165
208
198
239
163
210
203
223
172
187
202
226
171
189
270
237
274
199
270
237
275
199
297
234
300
196
297
234
300
197
297
232
303
198
304
223
306
185
305
229
310
194
307
229
311
193
307
229
313
196
307
229
314
197
304
229
310
194
304
229
309
194
305
227
311
192
305
228
310
193
305
228
311
193
305
228
313
196
313
243
318
211
314
244
320
213
316
258
324
231
316
259
324
232
