Test99.jpg
Test100.jpg
76
309
180
307
222
78
285
80
222
78
284
81
224
80
285
82
237
254
350
257
241
84
300
85
243
93
302
95
245
93
302
95
245
93
305
96
245
93
303
95
245
92
304
94
245
92
305
95
242
93
302
95
242
95
302
98
241
256
353
258
256
95
313
96
263
85
323
90
263
85
324
91
263
85
323
91
264
85
323
89
264
85
323
90
264
85
324
91
264
85
323
91
263
86
323
91
264
89
325
94
265
90
325
94
265
97
324
99
265
97
322
99
264
105
322
105
261
105
317
107
264
103
322
104
264
103
322
105
261
106
317
107
267
96
325
98
266
97
325
99
266
97
324
99
267
97
325
99
267
97
324
98
267
97
324
99
282
340
385
341
