DSC_0178.jpg
DSC_0179.jpg
258
249
52
231
261
252
52
233
261
252
60
236
262
252
60
236
264
253
61
237
264
253
60
236
265
253
61
237
265
253
60
236
265
525
62
517
266
525
62
517
273
522
70
514
274
257
69
239
274
257
73
241
273
255
69
239
277
529
72
518
280
258
78
242
280
258
79
243
279
520
73
512
279
520
73
511
279
520
74
513
279
520
75
513
278
523
73
512
278
523
74
513
278
523
75
513
279
524
73
512
279
524
74
513
279
524
75
513
277
525
74
517
279
525
77
517
279
525
76
518
281
523
75
512
281
523
77
512
281
523
75
513
281
523
77
513
280
524
73
512
280
524
73
511
280
524
75
512
280
524
74
513
280
524
75
513
280
524
77
513
276
525
71
515
277
524
74
516
280
525
77
517
280
525
78
516
281
525
77
513
281
525
77
517
281
525
79
517
281
525
78
516
282
258
78
242
284
259
78
242
284
259
79
243
284
509
81
496
283
524
77
513
283
524
79
512
283
524
80
512
283
524
81
515
282
524
77
512
282
524
77
513
282
524
79
512
282
525
77
513
282
525
81
515
282
525
81
516
282
525
79
517
282
525
78
516
283
525
81
515
283
525
81
516
283
525
78
516
282
526
77
517
282
526
81
515
282
526
80
517
282
526
81
516
282
526
79
517
282
526
78
516
280
529
75
519
281
528
77
517
281
528
75
519
281
528
76
518
281
526
77
517
281
526
76
518
281
526
80
517
281
526
79
517
281
526
78
516
280
528
73
518
280
528
77
517
280
528
75
519
280
528
76
518
281
529
75
519
281
529
76
518
282
532
78
524
287
260
79
243
287
260
82
244
284
513
82
497
284
510
81
496
284
510
82
497
293
262
90
247
293
262
93
247
292
513
90
498
292
513
90
500
291
510
89
496
291
510
89
498
291
512
89
498
291
512
89
500
291
512
89
499
293
515
91
501
293
515
91
500
293
515
91
502
293
515
91
504
293
515
91
503
290
514
88
501
290
514
88
502
290
514
88
503
290
515
88
502
290
515
88
504
290
515
88
503
293
517
91
502
293
517
91
504
293
517
91
503
293
517
92
504
293
517
92
505
293
517
91
506
290
516
88
504
290
516
88
503
292
516
89
506
292
516
90
503
292
516
90
504
292
516
90
505
292
516
91
504
292
516
90
508
292
516
90
506
290
517
88
504
290
517
88
503
292
514
89
499
292
514
90
500
292
514
90
503
290
521
89
509
293
520
92
507
293
520
92
508
291
518
89
504
291
518
89
506
291
518
90
504
291
518
90
506
293
521
92
508
293
519
92
504
293
519
91
506
293
519
92
507
293
519
92
508
292
520
90
508
291
519
89
506
291
519
89
509
291
519
90
508
291
519
90
506
291
521
89
509
291
521
90
508
291
520
89
509
291
520
90
508
292
524
89
513
292
524
89
514
292
523
89
513
290
524
89
513
296
262
93
247
296
262
95
247
295
507
93
494
295
509
93
494
297
506
94
492
295
506
93
494
296
509
93
494
296
509
94
495
297
513
96
497
297
513
95
497
297
513
96
499
297
513
95
500
297
513
94
498
297
513
95
498
297
513
96
500
297
510
95
495
297
510
94
495
297
510
95
497
297
510
95
496
297
510
95
498
296
513
95
500
296
513
94
498
296
513
95
498
297
515
96
499
297
515
95
500
297
515
96
501
297
515
96
500
297
515
97
499
294
518
92
504
294
518
92
505
294
518
93
507
294
518
92
507
294
518
92
508
294
520
93
507
294
520
92
507
294
520
92
508
294
521
92
508
301
263
95
247
301
263
97
248
301
263
98
248
299
508
96
492
299
508
97
492
299
508
95
495
299
508
97
496
299
508
98
493
299
509
95
495
299
509
96
497
299
509
97
496
299
509
98
493
298
509
95
495
298
509
94
495
298
509
96
497
298
509
95
496
299
505
96
492
298
505
96
492
299
506
96
492
299
506
97
492
299
506
99
490
301
508
98
493
298
507
96
492
298
507
97
492
298
507
95
495
304
252
94
236
304
252
95
236
304
252
99
237
304
252
103
237
304
252
102
237
304
252
107
238
304
252
106
238
304
252
110
239
304
252
111
240
304
252
112
240
304
252
113
241
304
252
114
241
302
252
94
236
302
252
95
236
302
252
99
237
302
252
102
237
302
252
111
240
302
252
113
241
302
252
114
241
303
253
94
236
303
253
95
236
303
253
99
237
302
263
97
248
302
263
98
248
302
263
100
249
304
264
97
248
304
264
98
248
304
264
100
249
300
521
97
507
305
519
102
504
300
517
97
501
300
517
97
505
300
517
98
504
300
517
99
502
303
520
101
506
303
520
100
507
304
520
102
504
304
520
102
505
305
520
102
504
305
520
103
504
305
520
102
505
301
521
98
507
301
521
98
508
302
521
99
507
301
523
98
508
301
522
98
508
304
522
101
506
309
252
103
237
309
252
102
237
309
252
107
238
309
252
106
238
309
252
110
239
309
252
111
240
309
252
112
240
306
253
94
236
306
253
95
236
306
253
99
237
306
253
111
240
306
253
112
240
306
253
113
241
306
253
114
241
306
253
117
242
308
253
94
236
308
253
95
236
308
253
99
237
308
253
103
237
308
253
102
237
308
253
106
238
308
253
110
239
308
253
111
240
308
253
112
240
308
253
113
241
308
253
114
241
308
253
117
242
311
253
99
237
311
253
103
237
311
253
102
237
311
253
107
238
311
253
106
238
311
253
110
239
311
253
111
240
311
253
112
240
311
253
113
241
311
253
114
241
311
253
117
242
310
253
95
236
310
253
99
237
310
253
103
237
310
253
102
237
310
253
107
238
310
253
106
238
310
253
110
239
310
253
111
240
310
253
112
240
310
253
113
241
310
253
114
241
310
253
117
242
312
512
110
496
312
512
112
495
312
512
111
496
313
512
112
495
313
511
112
495
313
511
111
493
312
510
110
493
312
510
112
495
312
510
111
493
313
515
112
498
312
515
110
497
312
515
111
496
312
515
110
498
312
515
112
498
312
515
111
499
312
517
111
499
312
517
112
500
312
518
112
500
312
520
113
503
314
254
95
236
314
254
99
237
314
254
103
237
314
254
102
237
314
254
107
238
314
254
106
238
314
254
110
239
314
254
111
240
314
254
112
240
314
254
113
241
314
254
114
241
314
254
117
242
316
255
94
236
316
255
95
236
316
255
99
237
316
255
111
240
316
255
112
240
316
255
113
241
316
255
114
241
316
255
117
242
316
255
119
243
314
498
112
482
312
501
110
484
312
501
110
485
317
501
117
485
317
501
115
485
313
500
110
483
313
500
111
484
313
500
111
483
316
500
112
482
316
500
117
485
315
500
113
484
315
500
112
482
314
508
113
492
314
510
112
493
314
510
111
492
314
510
112
492
317
517
116
498
320
256
99
237
320
256
111
240
320
256
112
240
320
256
113
241
320
256
114
241
320
256
117
242
320
256
119
243
320
257
119
243
320
257
122
244
321
498
119
481
322
257
113
241
322
257
117
242
322
257
119
243
322
257
122
244
322
257
123
244
324
472
121
454
325
472
122
456
325
473
121
457
325
473
124
456
325
473
122
456
324
489
121
472
323
488
120
470
325
489
121
472
325
495
123
476
325
494
123
476
324
499
119
481
324
499
121
481
324
499
121
482
324
499
119
482
323
500
119
481
323
500
119
483
323
500
121
482
323
500
119
482
322
501
119
483
324
501
119
483
326
258
119
243
326
258
122
244
329
468
127
451
328
472
126
455
326
473
125
456
326
473
124
456
326
473
122
456
328
473
125
456
328
473
124
456
328
473
126
456
327
496
124
479
327
500
125
483
332
464
128
447
333
466
126
447
333
466
128
447
336
472
131
455
335
472
131
455
337
472
131
455
341
475
136
457
338
474
131
457
338
475
131
457
345
477
142
456
350
476
148
455
352
513
149
492
352
513
148
492
352
512
148
491
362
519
157
496
362
519
158
496
369
510
164
488
369
510
163
488
365
511
161
489
365
511
160
488
