S36_01.png
S36_02.png
248
1
517
0
246
1
517
0
328
161
193
100
331
141
193
83
341
113
209
57
338
112
205
57
338
113
206
56
338
113
205
57
343
107
212
53
343
107
211
54
343
108
211
54
341
161
201
100
341
161
201
102
341
161
201
101
340
159
201
100
340
159
201
102
340
159
201
101
341
165
201
102
341
165
201
103
345
152
208
97
347
148
209
92
351
150
214
96
352
151
214
96
350
152
212
97
352
155
214
99
352
155
214
100
351
161
213
104
364
0
470
0
365
1
472
1
364
1
470
0
364
1
472
1
368
0
475
0
367
0
475
0
376
78
245
28
376
78
244
27
381
78
249
28
378
80
244
27
380
109
250
59
380
112
250
59
380
112
250
62
381
113
252
65
380
117
250
65
380
117
250
68
380
117
250
66
381
117
250
65
381
117
250
66
383
110
253
62
383
110
254
62
383
110
254
64
384
113
253
64
384
113
255
65
384
113
254
64
383
113
253
64
383
113
253
65
383
113
253
66
383
113
254
64
384
111
255
65
384
111
254
62
384
111
254
64
384
146
253
95
384
146
252
95
384
146
254
96
384
146
255
96
388
81
252
29
388
81
251
28
388
81
252
28
388
81
251
29
388
80
252
28
386
109
257
62
393
1
512
0
393
1
513
0
393
1
513
1
399
1
517
0
401
0
469
0
402
1
469
0
402
1
468
0
402
1
470
0
402
1
517
1
403
0
469
0
403
0
468
0
403
0
470
0
403
1
469
0
403
1
470
0
404
1
469
0
404
1
470
0
406
0
469
0
406
0
470
0
409
150
277
104
409
150
276
103
409
150
276
100
410
151
277
104
411
148
279
102
415
152
280
105
415
152
282
104
414
152
280
105
414
152
282
104
414
154
280
109
414
153
280
105
423
0
448
0
423
0
447
0
424
1
447
1
428
0
447
1
435
0
457
1
435
0
458
1
436
0
447
1
448
1
464
1
448
1
512
1
449
0
459
0
449
0
460
0
449
0
463
1
449
0
464
1
449
0
512
0
449
0
512
1
449
0
513
1
449
1
459
0
449
1
513
1
452
0
463
1
452
0
464
1
452
0
512
0
452
0
512
1
452
0
510
0
452
0
513
0
452
0
513
1
452
0
515
0
452
0
517
0
452
1
463
1
452
1
464
1
452
1
512
1
452
1
513
1
452
1
515
1
452
1
515
0
452
1
517
1
452
1
517
0
455
1
469
0
455
1
468
0
455
1
470
0
455
1
513
1
455
1
515
1
455
1
515
0
455
1
517
1
455
1
517
0
455
1
519
1
457
1
469
0
457
1
468
0
457
1
470
0
457
1
515
1
457
1
517
1
457
1
517
0
457
1
521
1
457
1
519
1
460
1
521
1
460
1
519
1
458
0
517
0
468
1
507
1
501
0
493
0
501
0
491
0
501
0
494
0
498
1
493
0
498
1
492
1
498
1
491
0
498
1
494
0
498
0
488
0
498
0
493
0
498
0
491
0
499
0
493
0
499
0
491
0
499
0
494
0
502
1
493
1
518
148
382
114
529
1
583
1
529
1
584
1
528
1
583
1
533
0
587
1
533
0
587
0
533
0
588
0
532
1
587
1
532
1
596
1
532
1
597
0
532
1
598
0
530
0
583
1
530
0
584
1
530
0
587
0
530
1
583
1
530
1
584
1
530
1
587
1
536
1
552
0
536
1
587
1
536
1
589
1
536
1
591
1
536
1
593
1
536
1
594
1
534
0
584
1
534
0
587
1
534
0
587
0
534
0
588
0
534
0
589
1
534
0
595
1
535
1
587
1
535
1
589
1
535
1
594
1
535
1
595
1
535
1
599
0
537
1
552
0
537
1
587
1
537
1
588
0
537
1
589
1
537
1
591
1
537
1
593
1
537
1
594
1
539
0
587
1
539
0
587
0
539
0
588
0
539
0
591
1
539
0
591
0
539
0
594
0
540
0
587
1
540
0
587
0
540
0
588
0
540
0
591
0
556
140
397
109
557
143
394
111
556
143
394
111
556
143
392
111
557
144
394
112
557
144
395
112
560
1
515
0
557
0
510
0
558
145
394
112
558
145
396
113
561
142
397
109
560
143
398
111
561
141
397
109
565
145
394
112
565
145
395
112
565
145
400
113
565
145
401
113
562
140
399
108
569
0
507
1
569
143
400
110
568
140
400
106
567
144
399
111
567
144
398
111
567
146
396
113
567
146
397
113
567
146
400
113
567
146
401
113
568
147
396
113
573
1
507
1
573
1
510
0
571
0
507
1
571
0
510
0
572
0
510
0
572
1
507
1
571
140
400
106
572
144
399
111
571
146
400
113
571
146
401
113
577
1
512
1
577
1
513
1
574
0
507
1
574
0
510
0
577
0
512
0
577
0
512
1
577
0
513
1
575
0
512
1
575
0
510
0
575
1
512
1
575
1
513
1
578
1
512
1
578
1
513
1
585
143
420
112
587
144
427
112
600
147
436
114
