Test300.jpg
Test310.jpg
89
117
34
112
89
116
34
112
88
122
34
117
89
89
31
82
92
89
33
82
92
89
34
82
92
125
35
120
91
122
34
117
93
121
41
117
92
126
35
120
95
121
41
116
95
121
41
117
95
121
42
117
94
133
38
127
100
131
45
126
116
139
62
134
116
141
62
136
129
153
77
149
138
152
87
148
149
163
97
159
153
163
97
159
153
163
101
160
159
166
107
163
159
166
108
163
181
144
135
140
192
136
144
133
199
149
153
146
201
149
153
146
196
153
146
149
196
153
149
149
196
153
147
149
198
152
148
148
198
152
151
149
198
152
150
148
198
152
152
148
198
152
155
149
200
151
151
147
200
151
152
148
200
151
154
147
200
151
157
148
200
151
160
149
201
152
150
148
201
152
152
148
201
152
157
149
201
152
155
149
201
152
159
149
198
151
151
147
198
151
152
148
199
153
149
149
199
153
151
149
196
152
148
148
196
152
147
148
196
152
149
149
196
152
151
149
196
152
150
148
199
150
153
146
199
150
151
147
199
150
154
147
199
150
155
147
200
150
153
146
200
150
154
147
200
150
155
147
197
153
149
149
197
153
147
149
197
153
151
149
198
153
149
149
198
153
151
149
196
151
146
147
196
151
150
148
196
151
151
147
196
151
152
148
200
157
149
153
202
153
151
149
203
153
155
149
203
152
152
148
203
152
157
149
203
152
155
149
203
152
160
149
203
152
159
149
205
152
157
149
205
152
157
148
205
152
160
149
205
152
161
149
205
152
159
149
208
152
157
148
208
152
160
149
208
152
161
149
208
152
159
149
208
152
164
149
208
152
163
149
208
152
162
149
208
151
155
147
208
151
160
148
208
151
164
148
209
151
160
148
209
151
164
148
207
151
154
147
207
151
157
148
207
151
155
147
207
151
160
148
206
153
157
149
206
153
155
149
207
153
157
149
207
153
155
149
211
151
164
148
211
152
161
149
211
152
160
148
211
152
164
149
211
152
163
149
211
152
162
149
211
152
167
150
215
141
168
138
216
144
169
141
214
152
164
149
214
152
169
149
214
152
170
149
215
153
166
150
215
153
168
150
215
153
167
150
215
153
171
150
216
152
169
149
216
152
170
149
216
152
172
149
216
152
171
150
214
153
161
149
214
153
164
149
214
153
162
149
214
153
166
150
214
153
168
150
214
153
165
150
214
153
164
150
214
153
167
150
215
152
169
149
215
152
170
149
220
142
176
140
220
142
174
140
221
142
176
140
221
142
174
140
220
143
174
140
221
150
180
147
219
151
173
149
219
152
169
149
219
152
170
149
219
152
172
149
219
152
173
149
219
152
176
149
220
152
170
149
220
152
172
149
220
152
173
149
220
152
176
149
223
143
176
140
223
143
174
140
223
143
178
141
223
151
180
147
223
151
181
148
223
151
183
148
223
151
187
148
223
151
186
148
225
151
180
147
225
151
179
149
225
151
181
148
225
151
183
148
225
151
187
148
225
151
186
148
223
152
173
149
223
152
176
149
223
152
181
149
223
152
179
149
223
152
177
150
223
152
183
149
223
152
184
149
224
152
176
149
224
152
181
149
224
152
179
149
224
152
181
148
224
152
183
149
224
152
184
149
224
152
187
149
227
144
178
141
228
145
185
143
228
145
182
143
228
145
188
142
229
146
181
144
229
146
185
143
229
146
182
143
229
146
183
144
229
146
188
143
229
146
187
144
229
146
189
143
226
151
181
149
226
151
179
149
226
151
181
148
226
151
183
148
226
151
187
148
226
151
186
148
227
151
181
149
227
151
179
149
227
151
181
148
227
151
183
148
227
151
183
149
227
151
184
149
227
151
187
148
227
151
186
148
226
153
181
149
226
153
179
149
226
153
181
151
226
153
181
150
226
153
177
150
226
153
183
149
226
153
184
149
226
152
176
149
226
152
181
149
226
152
179
149
226
152
181
148
226
152
181
150
226
152
183
148
226
152
183
149
226
152
184
149
226
152
187
149
228
152
176
149
228
152
181
149
228
152
179
149
228
152
181
148
228
152
181
150
228
152
183
148
228
152
183
149
228
152
184
149
228
152
187
149
229
151
181
149
229
151
179
149
229
151
181
148
229
151
183
148
229
151
183
149
229
151
184
149
229
151
187
149
229
151
187
148
229
151
186
148
227
159
179
156
227
159
180
156
227
159
181
156
227
159
181
157
227
159
183
156
227
159
182
156
227
159
182
157
229
159
180
156
229
159
181
156
229
159
181
157
229
159
183
156
229
159
182
156
229
159
182
157
228
159
180
156
228
159
181
156
228
159
181
157
228
159
183
156
228
159
182
156
228
159
182
157
229
158
181
156
229
158
183
156
229
158
182
156
227
160
180
156
227
160
181
156
227
160
181
157
227
160
180
158
227
160
181
158
227
160
183
156
227
160
182
156
227
160
182
157
227
160
182
158
228
160
181
156
228
160
181
157
228
160
180
158
228
160
181
158
228
160
183
156
228
160
182
156
228
160
182
157
228
160
182
158
233
139
184
136
233
139
186
136
233
139
190
136
231
138
184
136
231
138
186
135
231
138
187
135
231
138
188
135
231
138
186
136
231
138
190
135
232
143
189
140
232
143
188
141
231
145
185
143
231
145
182
143
231
145
188
142
231
145
188
143
230
146
181
144
230
146
185
143
230
146
182
143
230
146
183
144
230
146
188
143
230
146
187
144
230
146
189
144
230
146
189
143
231
147
181
144
231
147
183
144
231
147
184
145
231
147
189
145
231
147
187
144
231
147
189
144
231
147
186
145
232
147
181
144
232
147
183
144
232
147
184
145
232
147
189
145
232
147
187
144
232
147
189
144
232
147
186
145
230
149
180
147
230
149
186
147
231
151
181
149
231
151
181
148
231
151
183
148
231
151
183
149
231
151
184
149
231
151
187
149
231
151
187
148
231
151
186
148
230
152
181
149
230
152
179
149
230
152
181
150
230
152
183
149
230
152
184
149
230
152
187
149
232
151
181
148
232
151
183
148
232
151
183
149
232
151
184
149
232
151
187
149
232
151
187
148
232
151
186
148
230
151
181
149
230
151
181
148
230
151
183
148
230
151
183
149
230
151
184
149
230
151
187
149
230
151
187
148
230
151
186
148
231
152
181
149
231
152
179
149
231
152
181
150
231
152
183
149
231
152
184
149
231
152
187
149
232
152
181
149
232
152
179
149
232
152
181
150
232
152
183
149
232
152
184
149
232
152
187
149
233
153
181
150
230
161
182
158
230
161
183
159
237
137
188
134
237
137
188
135
237
137
190
135
237
137
191
135
237
137
190
134
237
140
192
137
237
140
190
137
237
140
191
137
237
140
193
137
234
141
188
139
236
143
189
140
236
143
188
141
237
145
188
142
237
145
188
143
237
145
189
143
236
147
189
145
236
147
187
144
236
147
189
144
237
146
185
143
237
146
188
143
237
146
189
144
237
146
189
143
234
146
185
143
234
146
182
143
234
146
188
143
234
146
187
144
234
146
189
144
234
146
189
143
237
169
189
167
237
169
187
167
237
176
189
174
237
176
193
174
237
176
190
174
240
137
193
135
241
173
197
171
241
173
195
171
239
174
193
172
241
176
193
174
241
176
196
174
240
175
193
173
240
175
192
173
240
175
195
173
241
175
193
173
241
175
192
173
241
175
193
174
241
175
195
173
239
176
189
174
239
176
193
174
239
176
190
174
238
175
193
173
238
175
192
173
240
174
193
172
240
174
196
172
245
137
197
136
245
137
198
135
242
172
196
170
242
172
197
170
243
173
197
171
243
173
195
171
243
173
199
171
245
173
197
171
245
173
195
171
245
173
199
171
245
173
201
171
245
172
196
170
245
172
197
170
245
172
201
170
245
172
199
170
243
172
196
170
243
172
197
170
243
172
199
170
244
173
197
171
244
173
195
171
244
173
199
171
244
172
196
170
244
172
197
170
244
172
195
171
244
172
199
170
242
176
193
174
242
176
196
174
244
174
193
172
244
174
196
172
244
174
198
172
245
174
196
172
245
174
198
172
249
137
201
136
247
136
201
134
248
173
201
171
248
173
204
171
248
173
202
172
248
172
201
170
248
172
199
170
248
172
201
171
248
172
203
170
246
173
197
171
246
173
195
171
246
173
199
171
246
173
201
171
249
172
201
170
249
172
203
170
247
173
197
171
247
173
199
171
247
173
201
171
249
173
201
171
249
173
204
171
249
173
202
172
249
173
203
170
248
175
201
173
248
175
202
173
248
175
202
172
248
175
203
173
253
168
205
167
252
173
204
171
252
173
207
170
252
173
208
171
250
175
202
173
250
175
204
172
250
175
203
173
255
137
209
135
257
138
210
136
256
140
210
137
256
140
211
137
255
140
210
137
252
139
204
137
252
139
205
137
255
138
209
135
257
140
210
137
257
140
211
137
256
172
208
170
256
172
209
171
256
172
208
171
256
172
210
169
256
172
211
171
256
172
210
171
257
172
208
170
257
172
209
171
257
172
210
169
257
172
211
171
257
172
210
171
257
172
215
170
259
136
213
133
259
135
213
133
261
136
216
133
261
137
216
134
258
139
210
136
258
139
210
137
258
139
211
137
259
139
210
137
259
139
211
137
259
139
213
137
261
138
216
135
258
140
210
137
258
140
211
137
258
140
213
137
261
172
211
171
261
172
213
171
261
172
216
169
261
172
215
170
261
172
215
171
258
172
210
169
258
172
211
171
258
172
210
171
258
172
215
168
258
172
216
169
258
172
215
170
260
170
210
169
260
170
215
168
259
173
209
171
259
173
213
172
259
173
212
172
259
173
211
171
259
173
213
171
259
173
210
171
259
173
215
170
259
173
214
172
259
173
215
171
260
173
213
172
260
173
212
172
260
173
211
171
260
173
213
171
260
173
210
171
260
173
215
170
260
173
215
171
262
137
216
134
262
137
216
135
262
137
217
134
262
136
216
133
262
136
216
134
262
135
217
132
262
135
216
133
263
136
216
133
263
136
216
134
263
136
217
134
265
137
219
134
265
138
221
135
264
140
217
137
264
140
218
137
264
140
219
137
264
139
217
137
264
139
218
137
264
139
219
137
263
139
217
137
262
164
213
162
263
173
213
172
263
173
212
172
263
173
211
171
263
173
213
171
263
173
215
170
263
173
214
172
263
173
215
171
263
173
218
171
263
173
219
171
265
172
216
169
265
172
215
170
265
172
215
171
265
172
218
171
265
172
219
171
269
132
224
129
269
132
223
129
269
137
221
135
269
137
222
134
267
134
217
132
267
137
221
135
267
137
219
134
267
137
222
134
269
135
223
132
269
135
224
132
268
139
219
137
268
139
224
136
268
139
222
137
269
140
222
137
269
140
225
137
266
140
218
137
266
140
219
137
266
140
222
137
267
140
219
137
267
140
222
137
266
164
221
162
270
133
223
132
270
133
224
131
270
133
224
130
271
132
225
129
271
132
224
129
271
132
224
131
271
132
224
130
270
134
223
132
270
134
224
132
270
134
224
131
273
136
225
135
273
134
224
132
273
134
225
133
272
133
223
132
272
133
224
132
272
133
224
131
273
135
225
133
272
132
225
129
272
132
224
131
272
132
224
130
272
136
222
134
271
133
223
132
271
133
224
132
271
133
224
131
271
133
224
130
270
135
223
132
270
135
224
132
270
135
225
133
271
135
225
133
272
135
225
133
273
132
224
131
273
132
224
130
270
136
225
133
270
136
222
134
271
134
223
132
271
134
224
132
271
134
224
131
271
136
225
133
271
136
222
134
272
134
223
132
272
134
224
132
272
134
225
133
270
137
221
135
270
137
225
135
271
137
221
135
271
137
225
135
277
171
228
169
285
169
238
166
285
169
239
167
285
169
239
168
285
169
240
167
282
169
238
166
282
169
239
167
282
169
239
168
284
168
238
166
284
168
239
167
284
168
240
167
285
171
240
169
285
171
239
168
285
171
238
169
285
171
239
169
284
170
239
167
284
170
240
169
284
170
239
168
284
170
238
169
284
170
239
169
284
170
240
167
286
165
242
163
290
165
242
163
290
165
249
164
290
165
246
164
290
169
246
168
293
166
249
164
293
166
246
164
293
166
247
166
292
172
248
171
292
172
249
171
291
170
246
168
294
161
248
160
296
161
248
160
294
171
246
168
294
171
249
170
294
174
249
173
294
174
250
173
295
175
249
173
295
175
248
174
295
175
250
173
308
160
269
160
308
165
261
165
308
165
264
164
308
165
262
165
308
165
266
165
306
170
260
169
306
173
261
172
306
173
262
171
306
173
266
172
310
168
261
165
310
168
264
164
310
168
262
165
310
168
266
165
310
166
261
165
310
166
264
164
310
166
262
165
310
166
266
165
313
176
271
175
315
168
266
165
315
168
276
168
315
168
279
168
315
176
271
175
315
178
272
176
323
168
279
168
324
169
276
168
324
169
279
168
325
169
279
168
325
172
279
171
325
172
281
171
325
175
279
173
325
175
281
174
324
175
279
173
324
175
281
174
325
177
279
176
325
177
281
176
325
177
284
176
329
175
281
174
326
176
281
174
328
177
281
176
328
177
284
176
333
179
293
178
348
169
304
168
345
169
299
168
345
169
300
168
345
169
304
168
345
169
304
169
347
172
299
170
347
172
306
171
347
172
304
171
348
174
304
172
348
174
305
172
348
174
305
173
348
174
307
172
352
173
305
172
352
173
306
171
352
173
307
172
352
173
304
171
352
173
307
171
353
171
309
170
353
171
310
170
352
172
306
171
352
172
307
171
352
172
309
170
352
172
310
170
351
172
306
171
351
172
304
171
351
172
307
171
351
172
309
170
351
172
310
170
351
171
304
169
351
171
309
170
351
171
310
170
350
171
304
169
350
171
309
170
353
172
307
171
353
172
309
170
353
172
310
170
350
172
306
171
350
172
304
171
350
172
307
171
352
177
309
176
353
178
309
176
353
178
309
177
357
168
314
167
356
171
309
170
356
171
313
170
356
171
310
170
361
149
318
149
361
149
320
148
358
151
318
149
360
150
318
149
360
150
320
148
359
151
318
149
360
153
317
152
360
153
319
152
360
167
316
167
360
169
316
167
360
169
314
167
360
170
319
169
360
170
318
169
360
172
318
170
360
172
316
171
360
172
316
170
360
172
318
171
361
173
316
171
361
173
318
172
361
173
319
172
361
173
321
172
361
173
318
171
360
171
313
170
360
171
319
169
360
171
318
169
360
171
318
170
360
171
316
170
360
173
316
171
360
173
318
172
360
173
319
172
360
173
321
172
360
173
318
171
361
171
319
169
361
171
318
169
361
171
318
170
361
171
316
170
365
149
320
148
365
149
321
148
365
149
322
148
365
149
323
147
365
153
317
152
365
153
321
153
365
153
320
152
365
153
319
152
365
153
322
152
362
150
318
149
362
150
320
148
362
150
321
148
365
168
322
168
363
170
319
169
363
170
318
169
363
170
322
169
362
171
319
169
362
171
318
169
362
171
318
170
362
171
316
170
363
173
318
172
363
173
319
172
363
173
321
172
363
173
318
171
365
172
318
170
365
172
316
171
365
172
318
171
362
173
316
171
362
173
318
172
362
173
319
172
362
173
321
172
362
173
318
171
363
172
318
170
363
172
316
171
363
172
318
171
368
148
323
148
368
148
322
148
368
148
323
147
369
148
323
148
369
148
323
147
366
149
320
148
366
149
321
148
366
149
323
148
366
149
322
148
366
149
323
147
367
149
321
148
367
149
323
148
367
149
322
148
367
149
323
147
367
149
326
147
366
153
321
153
366
153
320
152
366
153
319
152
366
153
322
152
369
157
322
156
369
157
324
156
369
157
325
156
369
157
324
155
369
157
323
156
369
157
327
155
365
157
322
156
365
157
324
155
365
157
323
156
365
157
321
156
368
157
322
156
368
157
324
156
368
157
325
156
368
157
324
155
368
157
323
156
368
157
321
156
368
157
327
155
368
154
321
153
368
154
323
153
368
154
324
153
368
154
323
154
368
154
322
154
368
154
326
152
367
157
322
156
367
157
324
156
367
157
325
156
367
157
324
155
367
157
323
156
367
157
321
156
367
157
327
155
368
156
323
154
368
156
324
155
368
156
327
154
368
156
326
154
366
156
323
154
366
156
324
155
366
156
322
154
366
156
326
154
367
165
323
164
367
165
324
165
367
165
325
165
367
165
326
164
368
167
324
165
368
167
322
165
368
167
325
165
368
167
326
166
367
172
318
170
367
172
325
172
367
172
326
171
366
170
319
169
366
170
318
169
366
170
322
168
366
170
322
169
367
173
319
172
367
173
321
172
367
173
318
171
367
173
325
172
367
173
325
173
367
173
327
172
368
173
319
172
368
173
321
172
368
173
325
172
368
173
325
173
368
173
327
172
368
173
329
173
370
148
326
147
371
148
326
147
371
148
329
146
371
148
327
147
370
153
324
153
370
153
326
152
370
153
326
153
370
153
327
153
370
167
324
165
370
167
325
165
370
167
329
167
370
167
326
166
370
169
328
169
370
169
326
169
373
170
328
169
371
172
327
172
371
172
326
171
371
172
329
171
371
172
329
172
371
172
332
172
371
172
330
172
374
147
329
146
374
147
331
146
377
146
329
146
377
146
333
145
377
146
331
146
375
147
329
146
375
147
333
145
375
147
331
146
372
157
325
156
372
157
327
155
372
157
328
156
372
157
328
157
376
165
332
164
375
177
329
176
373
174
327
172
373
174
329
173
373
174
329
172
373
174
330
173
373
174
330
172
373
174
331
173
373
177
329
176
375
175
329
173
375
175
330
173
375
175
331
173
375
175
335
175
381
145
337
144
381
145
335
145
381
145
339
144
378
146
333
145
378
146
331
146
378
146
335
145
379
146
333
145
379
146
335
145
381
157
336
156
381
157
337
157
381
157
339
155
381
157
339
156
381
157
338
156
381
157
340
155
381
157
341
156
381
157
338
157
380
173
337
172
380
173
335
171
380
173
336
171
380
173
342
172
380
173
343
172
379
172
333
171
379
172
335
171
379
172
336
171
378
172
333
171
378
172
335
171
378
172
336
171
379
176
335
175
383
145
337
144
383
145
339
144
385
155
341
154
385
155
339
155
385
155
340
155
385
155
341
156
385
155
341
155
385
155
345
155
385
155
345
154
385
155
344
155
384
157
337
157
384
157
339
155
384
157
339
156
384
157
341
157
384
157
338
156
384
157
340
155
384
157
341
156
384
157
338
157
384
157
343
156
385
156
337
157
385
156
341
154
385
156
339
155
385
156
339
156
385
156
341
157
385
156
338
156
385
156
340
155
385
156
341
156
385
156
338
157
385
156
341
155
385
156
345
155
385
156
344
155
385
156
343
156
383
156
336
156
383
156
337
157
383
156
339
155
383
156
339
156
383
156
338
156
383
156
340
155
383
156
341
156
383
156
338
157
383
156
341
155
383
156
344
155
383
156
343
156
385
157
337
157
385
157
339
156
385
157
341
157
385
157
338
156
385
157
340
155
385
157
341
156
385
157
338
157
385
157
341
155
385
157
344
157
385
157
343
156
385
157
345
157
385
157
346
157
381
160
338
157
380
159
336
156
380
159
337
157
380
159
339
156
380
159
341
157
380
159
338
156
380
159
338
157
384
158
339
156
384
158
341
157
384
158
338
157
384
158
344
157
384
158
345
157
384
158
346
157
383
159
341
157
383
159
338
157
382
158
336
156
382
158
337
157
382
158
339
156
382
158
341
157
382
158
338
156
382
158
341
156
382
158
338
157
381
159
337
157
381
159
341
157
381
159
338
156
381
159
338
157
381
158
336
156
381
158
337
157
381
158
339
156
381
158
341
157
381
158
338
156
381
158
341
156
381
158
338
157
383
158
337
157
383
158
339
156
383
158
341
157
383
158
338
156
383
158
341
156
383
158
338
157
383
158
344
157
385
158
341
157
385
158
338
157
385
158
344
157
385
158
345
157
385
158
346
157
389
157
344
157
389
157
343
156
389
157
345
157
389
157
348
157
389
157
347
156
389
157
349
156
389
157
346
157
387
156
341
156
387
156
341
155
387
156
345
155
387
156
344
155
387
156
343
156
387
156
347
156
387
156
346
157
389
155
345
155
389
155
345
154
389
155
344
155
389
155
347
154
389
155
348
155
389
155
346
154
388
156
341
156
388
156
345
155
388
156
344
155
388
156
343
156
388
156
347
156
388
156
346
157
388
155
341
154
388
155
341
155
388
155
345
155
388
155
345
154
388
155
344
155
388
155
346
154
388
172
336
171
388
172
342
172
388
172
343
172
388
172
344
172
388
172
347
171
386
173
337
172
386
173
342
172
386
173
343
172
386
173
344
172
386
173
347
171
390
155
345
155
390
155
345
154
390
155
344
155
390
155
347
154
390
155
346
154
392
156
345
155
392
156
348
155
392
156
349
155
392
156
347
156
392
157
344
157
392
157
345
157
392
157
348
157
392
157
347
156
392
157
349
156
392
157
346
157
392
155
345
155
392
155
345
154
392
155
347
154
392
155
349
154
392
155
348
155
392
155
346
154
392
155
350
154
390
156
345
155
390
156
344
155
390
156
343
156
390
156
348
155
390
156
349
155
390
156
347
156
391
157
344
157
391
157
345
157
391
157
348
157
391
157
347
156
391
157
349
156
391
157
346
157
393
155
347
154
393
155
349
154
393
155
348
155
393
155
349
155
393
155
346
154
393
155
350
154
392
172
342
172
392
172
343
172
392
172
344
172
392
172
347
171
393
172
342
172
393
172
343
172
393
172
344
172
393
172
347
171
393
175
348
175
393
175
347
174
393
175
349
174
392
176
348
175
390
175
349
173
390
175
347
174
392
175
347
174
392
175
349
174
393
176
348
175
393
176
349
175
397
141
351
141
395
142
349
141
395
142
351
141
397
155
349
155
397
155
352
155
397
155
350
154
397
155
352
154
397
155
354
154
396
155
349
154
396
155
348
155
396
155
349
155
396
155
352
155
396
155
350
154
396
155
352
154
394
156
348
155
394
156
349
155
394
156
347
156
394
156
349
156
394
156
352
155
396
156
349
155
396
156
347
156
396
156
349
156
396
156
352
155
396
156
353
155
395
171
347
171
395
171
350
169
396
172
352
171
396
172
351
171
395
172
347
171
395
172
352
170
395
172
351
171
396
171
352
170
395
174
349
173
395
174
347
174
395
174
349
174
395
174
351
172
397
174
349
174
397
174
352
173
397
174
353
173
397
176
352
175
397
176
353
175
394
174
349
173
394
174
347
174
394
174
351
172
395
175
348
175
395
175
349
174
395
175
349
175
395
175
352
173
396
174
349
173
396
174
349
174
396
174
353
172
396
174
352
173
401
155
352
155
401
155
353
155
401
155
355
154
401
155
354
154
401
155
356
155
401
155
355
155
401
155
356
154
401
155
354
155
399
156
352
155
399
156
352
157
399
156
353
155
399
156
356
155
399
156
355
155
399
156
356
154
399
156
354
155
400
154
352
155
400
154
353
155
400
154
352
154
400
154
357
152
400
154
355
154
400
154
354
154
400
154
356
154
400
154
354
155
398
155
352
155
398
155
353
155
398
155
350
154
398
155
352
154
398
155
355
154
398
155
354
154
398
155
356
154
398
155
354
155
398
157
348
157
398
157
350
157
398
157
352
157
398
157
351
157
398
157
356
155
398
157
355
155
398
172
352
171
398
172
351
172
398
172
351
171
398
172
353
171
398
173
351
172
398
173
353
172
400
171
352
171
400
171
352
170
400
171
351
171
400
171
353
171
400
171
354
170
400
172
352
171
400
172
351
172
400
172
351
171
400
172
353
171
400
172
353
172
400
172
357
170
398
171
352
171
398
171
352
170
398
171
351
171
398
171
355
169
398
171
354
170
400
173
353
172
400
173
352
173
400
173
353
173
400
173
356
172
401
173
353
172
401
173
352
173
401
173
353
173
401
173
356
172
401
173
357
172
404
153
357
152
403
152
357
152
402
155
353
155
402
155
355
154
402
155
356
155
402
155
355
155
402
155
356
154
402
155
354
155
403
155
353
155
403
155
356
155
403
155
355
155
403
155
356
154
403
155
357
156
403
155
354
155
404
155
356
155
404
155
355
155
404
155
357
156
404
166
360
164
405
170
357
170
405
170
363
169
404
173
356
172
404
173
357
172
404
173
357
173
404
173
360
172
404
173
359
172
404
173
361
172
405
173
356
172
405
173
357
172
405
173
357
173
405
173
360
172
405
173
359
172
405
173
361
172
405
173
358
173
402
173
355
173
402
173
356
172
402
173
357
172
403
172
356
172
403
172
360
170
404
172
356
172
404
172
357
172
404
172
360
171
404
172
362
171
409
169
363
168
408
173
360
172
408
173
359
172
408
173
361
172
409
171
363
170
407
172
360
171
407
172
362
171
407
172
363
171
409
172
362
171
409
172
363
171
406
173
357
172
406
173
360
172
406
173
359
172
406
173
361
172
406
173
358
173
408
172
360
171
408
172
362
171
408
172
363
171
409
173
361
172
412
142
366
141
410
172
363
171
410
171
363
170
414
145
368
145
414
145
369
145
414
141
369
141
415
142
369
141
415
142
369
142
417
146
371
145
417
146
370
145
417
146
372
147
417
146
371
146
419
149
373
148
419
149
373
149
424
142
378
142
424
149
373
148
424
150
373
149
420
152
374
153
420
152
375
153
422
154
374
153
422
154
375
153
427
146
381
146
438
155
392
155
441
155
394
156
436
156
392
155
436
156
390
156
436
156
388
157
436
156
388
156
440
156
393
157
440
156
394
156
440
156
396
156
442
157
393
157
442
157
396
156
442
157
397
156
442
157
395
157
442
157
396
157
448
157
402
157
447
157
401
157
447
157
402
157
453
182
409
181
453
182
406
182
453
182
407
182
454
182
409
181
454
182
406
182
454
182
407
182
465
180
413
181
465
180
417
180
465
180
419
180
465
180
424
178
469
179
417
180
469
179
419
180
469
179
424
178
472
177
420
178
472
177
423
177
470
177
420
178
470
177
423
177
471
177
416
179
471
177
420
178
471
177
423
177
473
178
417
180
473
178
419
180
473
178
424
178
473
178
429
176
475
177
424
178
475
177
429
176
481
141
437
140
485
174
433
176
498
160
452
159
511
167
462
166
523
162
470
164
528
56
478
60
528
56
479
58
585
28
530
33
585
28
532
33
585
28
530
34
585
33
531
39
585
33
530
39
585
31
530
37
583
36
528
42
583
36
530
42
583
35
528
42
589
28
534
33
586
28
532
33
586
28
530
34
586
28
530
35
587
29
533
34
587
29
533
35
588
28
533
34
588
28
534
34
587
27
533
32
587
27
532
33
588
29
533
34
588
29
533
35
588
33
533
39
589
30
533
36
588
30
533
35
588
30
533
36
586
33
531
39
586
33
530
39
589
31
535
37
592
28
537
34
608
116
550
115
608
116
549
116
608
116
550
116
608
116
551
117
608
116
552
119
606
117
549
116
606
117
550
120
608
115
550
115
608
115
550
116
608
115
551
117
608
115
552
119
607
114
550
115
607
114
550
116
607
114
551
117
608
120
551
120
608
120
550
120
608
120
551
121
608
120
551
123
608
120
550
122
608
120
551
124
608
120
553
124
607
120
550
120
607
120
551
123
607
120
550
122
607
120
551
124
607
123
550
124
607
123
551
124
607
123
550
125
607
124
550
124
607
124
550
125
608
125
550
124
608
125
550
125
