Test600.jpg
Test610.jpg
216
177
104
185
243
171
134
177
213
125
94
126
213
125
92
126
213
125
96
126
213
125
93
126
213
125
97
126
217
121
96
123
217
121
97
123
209
124
88
126
209
124
87
124
209
124
86
126
209
124
87
126
241
171
132
177
244
169
136
175
244
169
135
175
215
125
94
126
215
125
96
126
215
125
97
126
210
124
94
125
210
124
87
124
412
154
305
159
243
169
135
175
411
149
305
155
245
171
137
176
245
171
137
177
245
171
134
177
209
126
88
126
209
126
89
126
209
126
91
126
209
126
87
126
209
126
90
126
242
168
133
174
245
172
137
178
245
172
137
177
246
172
137
178
208
124
88
126
208
124
89
126
208
124
87
124
208
124
86
126
208
124
87
126
208
124
85
126
414
151
307
156
245
166
136
172
245
166
137
172
243
168
133
174
243
172
134
177
210
125
89
126
210
125
92
126
210
125
91
126
210
125
90
126
222
122
101
124
223
122
101
124
241
168
133
174
207
177
94
185
212
124
94
125
212
124
95
125
212
124
94
126
212
124
92
126
212
124
93
126
414
155
307
161
211
125
94
125
211
125
94
126
211
125
92
126
211
125
91
126
211
125
90
126
211
125
93
126
