grail03.jpg
grail04.jpg
48
323
325
327
49
326
325
328
49
327
325
329
68
179
343
185
69
179
344
185
67
188
342
193
69
188
344
193
68
187
344
193
69
187
344
193
68
274
345
276
68
274
343
276
68
274
344
276
68
274
344
275
68
274
344
279
68
274
345
278
68
274
344
278
68
274
345
279
69
274
344
274
69
274
345
276
69
274
344
276
69
274
344
275
69
274
345
278
69
274
345
279
69
274
346
276
88
193
361
197
88
193
360
197
88
192
360
196
87
192
360
196
89
192
362
196
89
193
361
197
89
193
362
197
91
192
364
196
92
193
365
197
92
193
364
197
93
193
365
197
93
193
367
197
90
192
362
196
90
192
364
196
91
193
365
197
91
193
363
197
91
193
364
197
90
193
362
197
90
193
363
197
90
193
364
197
95
172
369
178
94
193
367
197
94
193
368
198
92
194
364
198
92
194
366
198
92
194
365
198
95
194
369
199
95
194
368
198
95
194
370
199
93
194
367
198
93
194
366
198
93
194
365
198
96
195
369
199
96
195
370
199
96
195
370
200
96
195
371
200
94
194
368
198
94
194
367
198
94
194
368
199
97
195
370
199
97
195
371
200
104
349
378
354
105
350
378
354
105
362
379
366
105
362
379
367
105
363
379
366
105
363
379
367
107
351
380
356
107
351
380
354
107
351
380
355
106
350
380
354
106
350
380
355
106
351
380
356
106
351
380
355
107
350
380
353
107
350
381
354
107
350
380
354
107
350
380
355
110
106
380
111
112
169
386
173
114
169
388
173
114
169
386
173
114
169
387
172
114
169
388
171
114
169
389
172
114
169
387
173
114
169
388
172
114
169
389
173
115
169
388
173
115
169
386
173
115
169
387
172
115
169
388
171
115
169
389
172
115
169
387
173
115
169
388
172
115
169
389
173
115
169
390
173
117
169
388
173
117
169
389
172
117
169
389
173
117
169
390
173
117
169
391
173
114
168
388
173
114
168
387
172
114
168
388
171
114
168
389
172
114
168
387
173
114
168
388
172
116
169
388
173
116
169
387
172
116
169
389
172
116
169
387
173
116
169
388
172
116
169
389
173
116
169
390
173
116
168
388
173
116
168
387
172
116
168
388
171
116
168
389
172
116
168
387
173
116
168
388
172
116
168
389
173
116
168
390
173
121
160
393
164
121
160
393
163
121
160
393
165
121
160
392
166
121
161
393
164
121
161
393
163
121
161
393
165
121
161
392
166
120
159
393
164
120
159
393
163
120
159
393
165
120
160
393
164
120
160
393
163
120
160
393
165
120
160
392
166
118
169
389
172
118
169
389
173
118
169
393
172
118
169
390
173
118
169
391
173
119
169
393
172
119
169
390
173
119
169
391
173
120
178
392
182
120
178
393
182
120
178
395
180
120
178
395
181
119
264
392
268
119
264
394
268
120
264
392
268
120
264
393
269
120
264
394
268
124
88
395
92
124
88
395
91
124
89
395
93
124
89
395
92
123
178
395
183
123
178
395
182
123
178
396
182
123
178
397
181
123
178
397
180
123
178
397
182
123
178
395
181
124
176
397
181
124
176
397
180
124
176
395
181
124
176
398
177
124
176
399
177
122
178
395
183
122
178
395
182
122
178
396
182
122
178
397
180
122
178
395
180
122
178
395
181
123
261
397
265
124
261
397
265
124
261
399
265
125
261
399
265
124
262
399
266
124
262
398
266
125
262
399
266
125
262
398
266
125
263
399
267
124
172
398
176
124
172
397
177
124
172
396
176
124
172
397
176
127
173
401
177
127
173
399
177
127
173
400
177
124
173
398
176
124
173
397
177
124
173
398
177
124
173
399
176
124
173
396
176
124
173
397
176
125
173
398
176
125
173
397
177
125
173
398
177
125
173
399
176
125
173
399
177
125
173
397
176
126
173
398
176
126
173
398
177
126
173
399
176
126
173
399
177
126
173
400
177
125
172
398
176
125
172
397
177
125
172
398
177
125
172
399
176
125
172
397
176
128
261
401
265
128
261
402
265
126
264
401
267
126
264
400
268
129
279
401
281
133
78
402
81
131
158
404
159
131
158
404
161
131
158
404
163
131
158
403
164
131
158
402
163
131
158
402
164
131
159
404
161
131
159
404
164
131
159
404
163
131
159
403
164
131
159
402
163
131
159
402
164
132
159
404
161
132
159
404
164
132
159
404
163
132
159
403
164
131
161
404
164
131
161
404
163
131
161
403
164
131
160
404
161
131
160
404
164
131
160
404
163
131
160
403
164
132
160
404
164
132
160
404
163
132
160
405
165
133
160
405
165
133
160
406
165
130
161
404
164
130
161
404
163
130
161
403
164
130
161
402
163
130
161
402
164
130
160
404
161
130
160
404
163
130
160
403
164
130
160
402
163
130
160
402
164
132
163
405
165
132
163
406
165
130
162
404
164
130
162
404
163
130
162
403
164
130
162
402
164
130
280
404
284
133
280
404
284
133
280
405
284
132
280
404
284
132
280
405
284
131
280
404
284
131
280
405
284
130
350
407
356
130
350
406
356
133
351
407
356
132
352
406
357
133
352
408
357
131
350
407
356
131
350
406
356
130
352
404
357
130
351
405
356
130
351
406
357
131
351
408
357
131
351
406
356
134
161
406
165
134
168
408
172
134
170
408
172
134
170
408
174
134
170
407
174
136
290
412
295
137
290
412
295
137
292
412
297
134
293
409
297
134
293
408
297
134
293
408
298
137
293
412
297
137
293
413
297
134
295
408
300
134
296
408
300
134
296
409
300
135
299
410
304
134
300
409
304
134
300
410
304
134
303
409
308
134
304
409
309
134
304
409
308
134
334
408
339
138
292
412
297
138
292
413
297
139
290
412
295
139
293
413
297
138
290
412
295
138
293
412
297
138
293
413
297
139
345
413
350
139
345
414
350
138
346
413
350
139
352
413
357
139
352
414
357
138
352
412
357
138
352
413
357
144
161
419
162
144
161
419
161
145
160
419
162
145
160
419
161
146
160
419
162
146
160
420
160
146
160
419
161
146
161
419
162
146
161
419
161
146
161
420
162
147
161
419
162
147
161
421
162
147
161
420
163
147
161
420
162
147
160
419
162
147
160
421
160
147
160
420
160
147
160
419
161
147
160
420
163
147
160
420
162
146
355
421
360
150
272
425
276
