Test3000_rot.jpg
Test3002_rot.jpg
208
193
391
129
221
199
378
133
221
205
376
132
221
205
377
133
220
204
378
133
220
204
376
132
220
204
377
133
221
204
378
133
221
204
376
132
221
204
377
133
220
206
376
132
219
206
376
132
219
207
376
132
218
207
376
132
223
201
376
129
223
201
378
133
223
201
376
132
223
201
377
133
224
201
378
133
222
205
376
132
222
205
377
133
222
202
376
129
222
202
378
133
222
202
376
132
222
202
377
133
224
204
376
129
224
204
378
133
224
204
376
132
224
204
377
133
224
203
376
129
224
203
378
133
224
203
376
132
224
203
377
133
225
204
376
129
225
204
376
132
225
204
377
133
223
204
376
129
223
204
378
133
223
204
376
132
223
204
377
133
224
205
376
129
224
205
378
133
224
205
376
132
224
205
377
133
225
205
376
129
225
205
376
132
223
206
376
132
223
207
376
132
226
202
376
129
226
205
376
129
226
205
376
132
226
204
376
129
256
240
329
148
257
239
329
148
259
239
329
148
258
239
329
148
277
209
341
184
280
205
345
197
280
205
345
198
280
205
344
200
280
205
344
201
280
205
344
202
280
204
345
197
280
204
345
198
285
205
342
190
285
205
344
193
285
205
344
194
283
207
342
188
283
207
342
190
282
204
312
248
282
204
344
193
282
204
345
197
282
204
345
198
283
204
344
193
283
204
345
197
283
204
344
194
283
204
345
198
283
209
341
184
288
207
312
240
288
207
340
189
288
207
342
188
288
207
342
190
288
208
312
240
288
208
340
189
288
206
342
188
288
206
342
190
288
206
342
197
289
207
312
240
292
192
327
244
288
191
323
253
289
203
316
241
289
203
322
237
293
212
332
192
293
212
332
190
293
212
333
191
293
212
332
191
295
191
327
244
295
192
328
242
295
192
327
243
295
192
327
242
295
192
352
199
295
192
352
200
294
192
327
243
294
192
352
199
294
204
311
244
294
203
311
245
294
203
311
244
294
205
324
232
294
205
325
232
295
209
314
234
295
209
320
229
295
209
318
229
295
209
318
228
295
209
336
193
295
209
335
192
295
209
336
195
295
209
336
194
294
209
314
234
294
209
336
193
294
209
335
192
294
209
337
193
294
209
336
195
294
209
336
194
297
213
313
229
297
213
316
227
297
213
316
228
297
213
317
227
297
213
314
228
297
213
315
228
297
213
317
226
297
213
318
228
295
211
313
229
295
211
316
228
295
211
317
227
295
211
318
229
295
211
318
228
295
211
332
192
295
211
332
193
295
211
333
191
295
211
332
191
295
211
333
193
294
213
332
192
294
213
332
190
294
213
332
193
294
213
333
191
295
212
316
228
295
212
317
227
295
212
318
229
295
212
318
228
295
212
332
192
295
212
332
190
295
212
332
193
295
212
333
191
295
212
332
191
295
212
333
193
300
206
320
229
300
206
319
228
300
206
318
229
300
206
318
228
299
209
316
227
299
209
316
228
299
209
317
227
299
209
317
226
299
209
319
228
299
209
318
229
299
209
318
228
299
209
319
226
299
206
320
229
299
206
319
228
299
206
318
229
298
206
320
229
298
206
318
229
298
207
320
229
298
207
319
228
298
207
318
229
298
207
318
228
298
207
336
195
298
207
336
194
300
207
319
228
300
207
318
229
300
207
318
228
300
207
319
226
298
208
320
229
298
208
319
228
298
208
318
229
298
208
318
228
300
208
317
227
300
208
317
226
300
208
319
228
300
208
318
229
300
208
318
228
300
208
319
226
300
208
333
193
301
208
317
227
301
208
317
226
301
208
319
228
301
208
318
229
301
208
321
226
301
208
318
228
301
208
319
226
298
209
316
228
298
209
317
227
298
209
319
228
298
209
318
229
298
209
318
228
299
207
320
229
299
207
319
228
299
207
318
229
299
207
318
228
301
217
313
223
302
216
313
223
302
217
313
223
333
205
336
195
333
205
337
195
333
205
338
196
334
204
338
195
334
204
338
196
334
205
338
195
334
205
337
195
334
205
338
196
341
201
345
197
341
201
345
198
345
194
352
198
344
192
321
252
344
192
322
253
344
192
323
253
344
192
322
251
344
192
323
250
344
192
324
250
344
192
322
252
344
192
353
198
344
192
353
199
344
192
353
200
344
192
352
201
343
193
321
251
343
193
353
198
345
193
321
252
345
193
320
252
345
193
321
251
345
193
320
253
345
193
320
254
345
193
322
253
345
193
322
251
345
193
322
252
345
193
353
198
343
192
322
252
343
192
353
199
343
192
353
200
345
192
321
252
345
192
321
254
345
192
322
253
345
192
323
253
345
192
322
251
345
192
323
250
345
192
324
250
345
192
322
252
345
192
324
251
345
192
353
199
345
192
353
200
344
193
321
252
344
193
321
251
344
193
322
251
344
193
353
198
344
193
352
199
344
193
352
200
344
203
344
193
344
203
345
197
344
203
344
194
344
203
345
198
342
202
344
193
342
202
345
197
342
202
344
194
342
202
345
198
345
203
344
193
345
203
345
197
345
203
344
194
345
203
345
198
340
208
338
195
348
180
335
251
348
180
335
252
348
180
334
253
348
182
332
251
348
182
332
253
347
184
331
251
347
184
332
251
347
184
330
252
347
184
332
253
349
184
331
251
349
184
330
252
347
181
334
253
346
184
331
251
346
184
332
251
346
184
332
253
348
181
334
253
348
185
331
251
348
185
330
252
348
188
325
251
348
189
323
253
348
189
325
251
348
189
324
250
348
189
324
251
349
189
323
253
349
189
325
251
349
189
324
250
349
189
324
251
346
192
321
252
346
192
320
254
346
192
321
254
346
192
325
249
346
192
322
253
346
192
323
253
346
192
322
251
346
192
323
250
346
192
325
251
346
192
324
250
346
192
322
252
346
192
324
251
349
191
321
252
349
191
321
254
349
191
324
249
349
191
323
249
349
191
325
249
349
191
322
253
349
191
323
253
349
191
322
251
349
191
323
250
349
191
325
251
349
191
324
250
349
191
322
252
349
191
324
251
349
191
327
246
348
190
323
253
348
190
325
251
348
190
324
250
348
190
324
251
349
193
319
253
349
193
321
252
349
193
320
252
349
193
321
251
349
193
320
253
349
193
320
254
349
193
321
256
349
193
321
254
349
193
324
249
349
193
323
249
349
193
322
249
349
193
323
248
349
193
324
248
349
193
325
249
349
193
322
253
349
193
323
253
349
193
322
251
349
193
323
250
349
193
324
250
349
193
322
252
349
193
324
251
349
193
353
198
349
193
353
199
348
191
321
254
348
191
324
249
348
191
325
249
348
191
322
253
348
191
323
253
348
191
322
251
348
191
323
250
348
191
325
251
348
191
324
250
348
191
322
252
348
191
324
251
347
192
321
252
347
192
320
252
347
192
321
251
347
192
320
253
347
192
320
254
347
192
320
256
347
192
321
256
347
192
321
254
347
192
324
249
347
192
323
249
347
192
325
249
347
192
322
253
347
192
323
253
347
192
322
251
347
192
323
250
347
192
325
251
347
192
324
250
347
192
322
252
347
192
324
251
349
192
319
253
349
192
321
252
349
192
320
252
349
192
321
251
349
192
320
253
349
192
320
254
349
192
320
256
349
192
321
256
349
192
321
254
349
192
324
249
349
192
323
249
349
192
322
249
349
192
325
249
349
192
322
253
349
192
323
253
349
192
322
251
349
192
323
250
349
192
325
251
349
192
324
250
349
192
322
252
349
192
324
251
349
190
324
249
349
190
325
249
349
190
322
253
349
190
323
253
349
190
323
250
349
190
325
251
349
190
324
250
349
190
322
252
349
190
324
251
349
190
327
246
346
200
347
191
346
200
348
193
346
200
348
195
346
200
347
203
348
200
348
193
348
200
348
195
348
200
348
201
349
200
347
191
349
200
348
193
349
200
348
195
349
200
348
201
349
207
340
189
353
202
313
247
353
202
312
248
353
202
313
248
352
203
313
247
352
203
312
248
351
203
312
248
351
203
344
193
353
207
309
244
353
212
303
241
353
212
305
240
353
212
304
241
351
213
303
241
351
213
304
241
350
212
304
241
351
212
304
241
353
216
302
239
353
216
301
241
353
216
300
241
353
216
302
241
351
215
300
241
353
214
303
239
353
214
302
239
353
214
303
241
353
214
304
240
353
214
305
240
353
214
301
240
353
214
301
241
353
214
303
240
353
214
304
239
353
214
300
241
353
214
302
241
353
214
304
241
352
216
301
241
352
216
300
241
352
216
302
241
353
217
297
241
353
217
301
241
353
217
300
241
353
218
297
239
353
218
297
241
350
223
299
227
350
224
299
227
351
224
299
227
352
229
292
231
350
228
292
231
354
208
310
240
354
208
309
243
354
207
309
244
355
207
309
244
360
276
245
220
369
232
279
246
369
232
279
247
368
232
279
246
368
232
279
247
373
232
276
253
376
233
275
253
376
233
276
251
416
219
268
290
416
219
265
291
416
219
268
288
416
219
267
293
416
219
269
290
416
219
265
289
416
219
269
292
416
219
267
289
416
219
269
289
416
223
265
291
422
226
257
300
432
254
229
286
432
254
228
290
432
255
228
290
472
350
125
275
472
350
124
276
472
350
124
277
472
350
124
275
472
350
125
276
472
350
123
277
471
352
123
277
471
352
123
276
470
351
124
276
470
351
124
275
470
351
123
277
470
351
123
276
470
353
123
276
472
359
119
271
472
359
116
272
472
359
116
273
472
360
119
271
472
360
116
272
472
360
116
273
545
360
81
333
546
360
81
333
558
365
69
345
563
360
73
349
563
360
74
347
562
361
75
346
562
360
73
349
562
360
74
347
