6_6_l.jpg
6_6_r.jpg
128
218
73
209
253
221
73
209
253
221
73
213
253
221
71
212
253
221
73
212
253
221
72
213
253
221
72
212
253
221
77
214
253
221
75
215
253
221
77
215
253
221
74
212
253
221
76
215
253
221
76
212
253
221
81
220
253
221
84
221
253
221
87
221
253
221
88
221
253
220
73
209
253
220
73
213
253
220
73
212
253
220
72
213
253
220
72
212
253
220
77
214
253
220
75
215
253
220
77
215
253
220
74
212
253
220
76
215
253
220
76
212
253
220
81
220
253
220
85
218
253
220
84
221
252
221
73
209
252
221
73
213
252
221
71
212
252
221
73
212
252
221
72
213
252
221
72
212
252
221
77
214
252
221
75
215
252
221
77
215
252
221
74
212
252
221
76
215
252
221
76
212
252
221
81
220
252
222
73
213
252
222
71
212
252
222
73
212
252
222
72
213
252
222
72
212
252
222
77
214
252
222
75
215
252
222
77
215
252
222
74
212
252
222
76
215
252
222
81
220
257
224
73
213
257
224
73
212
257
224
77
214
257
224
75
215
257
224
77
215
257
224
74
212
257
224
76
215
257
224
76
212
257
224
81
220
257
224
85
218
257
224
84
221
256
224
73
213
256
224
73
212
256
224
72
212
256
224
77
214
256
224
75
215
256
224
77
215
256
224
74
212
256
224
76
215
256
224
76
212
256
224
81
220
256
224
84
221
256
224
87
221
256
224
88
221
257
218
77
207
257
218
76
208
257
218
78
209
257
218
78
207
257
218
78
208
257
218
76
209
257
218
85
218
256
219
73
209
256
219
77
214
256
219
76
212
256
219
76
208
256
219
78
209
256
219
78
208
256
219
76
209
256
219
85
218
256
219
89
220
256
219
88
221
261
228
77
214
261
228
77
215
261
228
74
212
261
228
84
221
261
228
87
221
261
228
88
221
259
228
73
213
259
228
75
215
259
228
77
215
259
228
76
215
259
228
81
220
259
228
84
221
258
228
73
213
258
228
75
215
258
228
76
215
258
228
81
220
258
228
82
225
258
228
84
221
260
228
73
212
260
228
75
215
260
228
77
215
260
228
76
215
260
228
84
221
260
228
87
221
263
228
77
214
263
228
74
212
263
228
81
220
263
228
85
218
263
228
84
221
263
228
87
221
263
228
88
221
260
226
77
214
260
226
77
215
260
226
76
212
260
226
81
220
260
226
85
218
260
226
84
221
260
226
87
221
260
226
88
221
262
229
73
212
262
229
77
215
262
229
76
215
262
229
84
221
262
229
87
221
262
229
88
221
265
229
77
214
265
229
77
215
265
229
74
212
265
229
76
215
265
229
81
220
265
229
85
218
265
229
89
220
265
229
87
221
265
229
88
221
264
228
76
215
264
228
76
212
264
228
81
220
264
228
85
218
264
228
89
220
264
228
84
221
264
228
87
221
264
228
88
221
262
228
77
214
262
228
77
215
262
228
81
220
262
228
84
221
262
228
87
221
262
228
88
221
265
228
77
214
265
228
77
215
265
228
76
212
265
228
81
220
265
228
85
218
265
228
89
220
265
228
84
221
265
228
87
221
265
228
88
221
264
229
77
214
264
229
75
215
264
229
74
212
264
229
76
215
264
229
81
220
264
229
85
218
264
229
87
221
264
229
88
221
260
227
77
214
260
227
77
215
260
227
74
212
260
227
76
215
260
227
81
220
260
227
84
221
260
227
87
221
260
227
88
221
266
227
85
218
266
227
89
220
266
227
87
221
266
227
88
221
