Test121_rot.png
Test125_rot.png
331
104
362
114
331
104
364
115
331
104
362
115
421
189
407
229
421
189
409
231
421
189
408
231
421
189
409
232
421
189
410
229
421
189
408
230
337
102
370
116
337
102
371
117
208
96
254
57
208
96
255
58
244
280
210
243
214
250
195
198
214
250
196
200
214
250
196
199
258
253
233
221
420
292
364
325
420
292
365
324
420
190
407
229
420
190
409
231
420
190
408
231
420
190
409
232
420
190
408
232
420
190
408
230
339
104
372
119
339
104
372
120
331
103
362
114
331
103
365
115
301
81
348
85
301
81
346
84
301
81
344
85
301
81
347
86
301
81
346
86
301
81
345
83
464
156
462
220
464
156
463
218
464
156
462
221
464
156
462
218
464
156
461
219
464
156
462
219
308
82
344
85
308
82
347
86
308
82
346
86
264
81
312
70
264
81
313
72
264
81
312
72
264
81
313
71
264
81
312
71
331
221
315
220
331
221
315
219
331
221
314
221
155
93
208
33
245
283
213
243
245
283
210
243
195
278
168
218
195
278
167
218
337
131
357
142
337
131
355
141
337
131
357
143
245
255
220
213
245
255
221
211
405
127
419
167
336
218
320
222
336
218
323
220
445
61
485
126
506
136
509
217
384
86
417
121
296
87
337
87
409
190
400
227
409
190
399
228
409
190
399
226
409
190
398
228
409
190
399
227
409
191
399
228
409
191
397
228
409
191
398
228
409
191
399
227
512
164
502
247
466
60
505
132
151
99
203
35
151
99
202
36
151
99
204
34
173
228
167
161
173
228
168
162
257
256
231
223
461
161
457
222
389
61
433
101
245
285
213
243
245
285
210
243
245
285
210
246
266
81
314
68
266
81
316
70
266
81
315
68
266
81
315
69
266
81
316
69
273
76
323
66
273
76
323
67
273
76
322
66
417
193
403
233
417
193
404
234
417
193
403
234
417
193
404
231
481
116
493
192
481
116
494
192
481
116
494
191
245
286
210
246
206
95
253
55
500
114
510
196
500
114
510
197
383
78
420
115
424
185
414
230
265
84
312
70
265
84
313
72
265
84
312
72
265
84
313
71
265
84
312
71
383
84
417
121
156
108
202
46
156
108
205
45
156
108
202
47
156
108
203
46
156
108
204
45
475
168
468
234
475
168
467
235
422
292
367
325
422
292
367
324
453
41
502
110
453
41
501
108
453
41
499
109
453
41
500
110
453
41
500
109
453
41
501
111
453
41
502
109
453
39
503
109
453
39
501
108
453
39
500
109
453
39
502
109
430
216
407
259
430
216
405
261
430
216
405
257
430
216
405
259
430
216
406
257
430
216
406
258
334
130
355
141
401
232
373
260
401
232
373
261
401
232
374
259
151
120
193
57
151
120
192
56
151
120
193
58
423
302
365
332
423
302
364
333
270
86
317
74
418
191
407
229
418
191
404
229
418
191
404
231
418
191
405
230
418
191
401
227
446
42
494
108
244
286
208
242
244
286
210
243
330
220
315
219
330
220
314
221
419
189
407
229
419
189
409
231
419
189
408
231
419
189
408
232
419
189
408
230
417
198
403
236
155
109
205
45
328
104
360
114
328
104
359
114
153
115
195
54
252
256
228
221
425
186
414
230
377
107
403
138
456
155
456
216
456
155
457
216
462
155
463
218
462
155
461
217
462
155
462
218
462
155
462
217
462
155
461
218
462
155
462
219
268
81
316
70
268
81
315
68
268
81
315
69
268
81
316
69
453
62
491
129
453
62
492
128
242
287
206
243
242
287
208
242
242
287
210
243
242
287
208
241
242
287
205
243
387
67
429
105
332
131
351
140
319
104
352
110
455
41
502
110
455
41
503
109
455
41
502
112
455
41
503
112
455
41
504
112
455
41
504
109
455
41
503
111
455
41
502
109
458
156
456
216
458
156
457
217
458
156
457
216
458
156
457
215
235
252
214
210
441
63
481
123
441
63
481
124
417
197
403
235
417
197
403
236
487
125
496
201
389
62
433
102
389
62
434
101
245
281
213
243
245
281
210
243
423
303
364
335
423
188
410
229
423
188
413
232
423
188
412
229
388
62
433
101
388
62
432
102
245
289
209
248
202
98
250
54
202
98
248
56
151
96
204
34
457
62
496
129
457
62
496
130
425
286
372
321
374
135
389
161
374
135
390
160
374
135
390
161
297
202
294
190
270
81
316
70
270
81
316
69
193
249
177
190
235
245
216
204
200
99
248
56
244
282
210
243
455
72
490
137
257
248
234
218
451
48
497
113
423
195
408
239
510
165
499
246
510
165
498
245
510
165
500
246
412
189
400
227
412
189
399
226
412
189
402
226
412
189
399
227
412
189
401
227
412
189
400
225
385
63
429
101
385
63
428
101
452
61
492
126
384
83
417
121
384
83
419
120
458
157
456
216
458
157
457
217
383
85
417
121
379
79
416
116
379
79
417
114
379
79
417
115
379
79
416
117
385
188
377
216
360
205
347
219
360
205
348
218
254
282
221
245
273
75
323
66
273
75
323
67
273
75
322
66
337
104
370
117
424
186
414
230
424
186
413
232
424
186
412
229
429
217
405
261
429
217
405
257
429
217
405
259
429
217
406
257
429
217
404
258
429
217
403
260
429
217
406
258
234
246
216
204
329
104
360
114
329
104
362
114
329
104
359
114
513
164
503
247
513
164
502
247
253
282
218
244
244
256
219
215
244
256
220
213
377
105
402
135
377
105
401
135
377
105
402
134
481
113
495
188
393
232
366
256
156
93
208
33
457
156
456
216
457
156
457
217
431
208
411
254
336
103
370
117
336
103
369
117
457
152
458
214
457
152
459
213
457
152
459
212
463
156
462
220
463
156
463
218
463
156
462
218
463
156
461
219
463
156
462
217
463
156
461
218
463
156
462
219
511
123
517
210
198
136
231
88
301
84
339
85
301
84
344
85
301
84
345
86
301
84
347
86
301
84
346
86
258
267
228
233
395
226
372
252
481
118
493
192
481
118
494
192
429
214
407
259
429
214
405
256
429
214
405
257
429
214
405
259
429
214
406
257
429
214
404
258
429
214
406
258
332
104
325
98
332
104
362
114
332
104
365
115
332
104
364
115
332
104
362
115
458
65
495
134
458
65
494
136
458
65
495
133
242
256
219
215
242
256
218
217
242
256
218
215
242
256
219
213
264
274
231
242
425
295
368
329
481
117
493
192
481
117
494
192
481
117
494
191
331
217
316
217
331
217
315
219
331
217
316
219
475
167
468
234
475
167
467
235
416
193
403
233
416
193
404
234
416
193
403
234
416
193
404
231
429
190
415
235
429
190
416
235
446
61
485
126
446
61
486
126
267
274
234
244
198
134
232
86
344
105
376
122
453
44
498
113
453
44
499
113
453
44
500
110
453
44
500
112
453
44
499
112
453
44
501
113
453
44
501
111
330
104
360
114
330
104
362
114
330
104
362
115
306
126
332
127
306
126
331
126
256
254
232
221
380
76
418
113
380
76
418
112
425
291
369
327
425
291
370
325
425
291
368
327
336
132
354
142
336
132
356
143
245
291
208
250
382
83
416
118
417
306
357
336
300
83
341
84
300
83
342
85
300
83
340
84
300
83
344
85
300
83
345
86
300
83
347
86
300
83
346
86
457
63
495
133
457
63
496
130
418
190
407
229
418
190
408
231
418
190
405
230
418
190
408
230
263
278
228
246
447
42
494
108
481
119
493
192
481
119
494
192
434
64
476
123
188
129
224
79
454
44
499
113
454
44
502
112
454
44
502
113
454
44
500
112
454
44
499
112
454
44
501
113
454
44
501
111
373
134
389
161
373
134
390
160
373
134
389
159
373
134
388
161
431
215
407
259
431
215
408
259
431
215
406
257
431
215
406
258
264
84
312
72
259
254
234
223
472
59
510
134
423
186
414
230
423
186
413
232
423
186
412
229
497
168
487
244
416
293
364
323
469
62
507
135
469
62
508
134
469
62
506
136
386
69
428
107
386
69
427
106
194
279
167
218
454
64
492
128
454
64
491
131
257
259
230
226
452
48
498
113
452
48
497
113
254
263
227
229
254
263
227
228
463
151
463
214
463
151
464
214
418
291
364
323
320
258
289
250
254
257
229
224
446
70
482
130
446
70
482
131
446
70
482
134
446
70
482
133
446
70
481
133
258
269
226
236
258
269
227
235
335
225
318
226
335
225
317
227
335
225
316
226
248
309
201
267
257
263
229
229
410
188
398
224
410
188
399
224
410
188
399
226
410
188
402
226
410
188
401
227
410
188
400
225
385
65
428
103
453
46
498
113
453
46
499
113
453
46
497
113
453
46
500
112
453
46
499
112
422
300
365
331
263
80
312
70
263
80
313
71
263
80
312
71
151
127
189
61
463
158
461
221
456
62
496
129
248
282
213
243
400
221
377
251
400
221
377
250
400
221
377
252
270
84
317
72
458
158
456
218
242
283
206
243
242
283
207
238
242
283
208
242
242
283
210
243
242
283
208
241
242
283
208
237
242
283
207
239
242
283
208
239
152
122
193
59
152
122
193
57
152
122
193
60
152
122
193
58
423
290
367
324
510
162
503
245
200
133
233
88
200
133
233
87
385
85
419
122
424
293
368
327
418
193
404
234
418
193
404
229
418
193
404
231
418
193
405
230
196
136
229
87
196
136
230
87
208
243
195
191
208
243
195
192
251
282
216
245
251
282
216
244
468
64
506
136
509
124
517
210
208
129
241
88
208
129
242
88
457
159
455
219
417
189
407
229
417
189
408
231
417
189
408
230
156
94
208
33
151
122
192
56
151
122
192
61
206
98
252
58
206
98
251
58
446
62
485
126
446
62
486
126
482
114
496
189
242
281
208
242
242
281
208
241
242
281
208
239
385
67
427
105
385
67
428
104
446
40
494
106
205
91
255
51
418
293
364
323
154
93
208
33
234
245
216
204
395
231
368
259
395
231
367
258
201
94
250
54
404
126
419
167
404
126
419
166
151
125
191
60
460
151
461
214
460
151
461
212
401
233
373
260
401
233
373
261
401
233
374
259
410
189
400
227
410
189
399
226
410
189
399
227
410
189
401
227
453
37
504
108
436
63
478
121
436
63
476
123
272
84
319
73
416
190
400
227
416
190
404
229
416
190
405
230
416
190
401
227
455
158
454
217
418
192
404
229
418
192
404
231
418
192
405
230
286
162
300
150
286
162
297
152
286
162
298
151
511
162
503
245
377
106
403
138
377
106
402
135
458
61
496
129
458
61
497
131
458
61
496
130
402
188
392
222
309
151
314
146
301
85
340
87
301
85
342
87
301
85
339
85
320
104
352
110
421
197
406
237
268
83
316
70
248
313
201
269
266
82
314
68
266
82
315
69
266
82
314
72
189
129
224
79
150
126
189
61
416
196
403
234
416
196
403
235
416
196
403
236
453
38
503
109
453
38
504
108
453
38
501
108
453
38
502
109
420
191
407
229
420
191
409
231
420
191
408
231
420
191
409
232
420
191
408
232
420
191
408
230
449
41
497
107
449
41
497
109
449
41
496
108
306
128
331
127
306
128
334
129
363
180
361
198
447
63
485
126
447
63
486
127
447
63
486
126
332
217
318
219
332
217
315
220
332
217
315
219
332
217
316
219
466
61
505
132
466
61
504
133
466
61
505
133
430
208
409
251
430
208
409
252
509
166
499
247
242
285
206
243
242
285
208
242
242
285
210
243
242
285
208
241
242
285
205
243
242
285
208
239
384
191
377
216
257
255
232
221
454
45
498
113
454
45
499
113
454
45
502
112
454
45
500
112
454
45
499
112
454
45
501
113
204
100
250
59
204
100
251
59
204
100
251
58
208
97
254
57
208
97
255
58
387
68
429
106
429
207
409
251
429
207
409
252
204
99
251
59
204
99
251
58
151
121
193
57
151
121
192
56
151
121
193
58
430
215
407
259
430
215
408
259
430
215
405
256
430
215
405
257
430
215
405
259
430
215
406
257
430
215
406
258
386
70
428
107
455
43
502
110
455
43
502
112
455
43
503
112
455
43
502
113
455
43
500
110
455
43
500
112
455
43
499
112
455
43
503
111
455
43
501
113
455
43
501
111
267
84
314
72
477
49
519
127
332
220
315
220
332
220
316
219
332
220
314
221
458
67
495
134
458
67
494
136
458
67
495
133
314
256
286
243
425
294
368
329
389
65
433
104
452
44
498
113
452
44
499
113
452
44
500
110
452
44
500
112
452
44
499
112
336
130
356
141
336
130
355
141
154
115
195
54
462
151
463
214
462
151
464
214
461
155
460
218
244
284
208
242
244
284
213
243
244
284
210
243
266
85
313
72
266
85
312
74
431
216
407
259
431
216
408
259
431
216
405
261
431
216
405
259
431
216
406
257
431
216
406
261
431
216
406
258
453
43
502
110
453
43
500
110
453
43
500
112
453
43
500
109
453
43
499
112
453
43
501
113
453
43
501
111
453
42
502
110
453
42
499
109
453
42
500
110
453
42
500
109
453
42
501
111
453
42
502
109
335
129
356
141
335
129
356
140
419
291
364
323
380
82
416
116
380
82
416
118
380
82
416
117
312
127
338
130
312
127
336
129
312
127
338
129
336
224
318
226
336
224
319
226
336
224
317
226
425
290
370
324
425
290
369
325
425
290
370
325
385
190
377
216
293
81
338
81
423
299
365
331
463
155
463
218
463
155
462
218
463
155
462
217
463
155
461
218
463
155
462
219
209
244
195
192
387
62
432
101
390
226
365
252
309
129
336
131
431
207
411
254
419
293
364
323
419
293
364
325
327
218
314
217
335
223
317
226
151
124
192
61
151
124
191
60
418
306
357
336
469
49
513
122
469
49
513
123
469
49
511
124
386
178
382
206
375
135
390
161
463
153
463
218
463
153
462
217
261
170
273
148
261
170
273
147
335
104
367
116
385
230
359
253
336
102
370
116
302
81
348
85
302
81
346
84
302
81
344
85
302
81
347
86
302
81
346
86
150
102
200
39
150
101
200
39
150
101
203
35
150
101
202
36
457
35
507
106
457
35
507
107
457
35
507
105
476
168
468
234
476
168
467
235
155
91
211
30
417
192
404
229
417
192
404
231
417
192
405
230
423
185
414
230
418
292
364
323
383
77
420
115
392
226
368
252
454
65
491
134
454
65
491
133
454
65
491
131
454
65
491
132
264
80
312
70
264
80
313
72
264
80
313
71
264
80
312
71
470
57
508
133
384
82
419
120
416
189
404
229
416
189
402
226
416
189
401
227
242
249
221
208
242
249
220
210
242
249
221
209
242
249
221
211
390
84
424
123
213
245
197
196
213
245
197
195
213
245
197
197
194
278
167
218
207
129
241
88
207
129
242
88
244
285
208
242
244
285
213
243
244
285
210
243
421
187
410
229
421
187
408
227
156
109
205
45
195
279
167
221
195
279
167
220
195
279
167
218
401
234
372
263
401
234
372
264
401
234
373
260
401
234
373
261
401
234
374
259
251
283
216
245
251
283
216
244
454
43
502
110
454
43
502
112
454
43
502
113
454
43
500
110
454
43
500
112
454
43
499
112
454
43
503
111
454
43
501
113
454
43
501
111
418
186
410
229
418
186
408
227
446
63
485
126
446
63
486
126
271
84
317
72
371
35
428
69
319
102
354
109
450
42
497
109
268
82
316
70
268
82
315
69
268
82
316
69
270
82
316
70
317
104
350
109
367
35
426
68
367
35
425
68
205
98
252
58
205
98
251
58
254
264
227
229
452
47
498
113
452
47
497
113
296
202
294
190
394
227
369
254
417
194
403
233
417
194
404
234
417
194
403
234
417
194
404
231
417
194
403
235
417
194
403
236
210
243
195
191
210
243
197
191
210
243
195
192
418
290
364
323
174
229
168
162
174
229
168
163
416
192
399
228
416
192
404
229
416
192
404
231
482
115
494
192
482
115
494
191
424
294
368
327
150
129
189
61
455
36
507
106
455
36
507
107
455
36
507
105
455
36
505
106
417
293
364
323
455
44
499
113
455
44
502
112
455
44
503
112
455
44
502
113
455
44
500
112
455
44
499
112
455
44
503
111
455
44
501
113
455
44
501
111
513
162
503
245
513
162
504
246
270
83
316
70
422
185
412
229
425
188
414
230
425
188
413
232
385
62
428
101
379
77
417
112
379
77
417
113
379
77
418
113
379
77
418
112
379
77
417
114
385
68
427
105
385
68
427
106
510
125
517
210
458
151
459
213
458
151
461
212
458
151
459
212
497
169
487
245
445
63
485
126
420
30
476
85
391
225
367
251
195
97
243
54
195
97
242
52
379
82
416
116
379
82
416
118
379
82
416
117
457
154
458
214
457
154
457
216
457
154
457
215
314
257
286
243
213
249
195
198
360
204
347
219
360
204
348
218
207
97
254
57
207
97
255
58
248
310
201
267
150
103
200
39
375
134
390
160
375
134
390
161
257
254
232
221
257
254
233
221
418
188
407
229
418
188
409
231
418
188
408
231
418
188
408
230
372
136
387
160
477
48
519
127
447
61
486
127
447
61
486
126
249
313
201
269
421
195
406
237
445
68
482
130
445
68
482
131
445
68
485
126
331
218
316
217
331
218
315
220
331
218
315
219
331
218
316
219
331
218
314
221
195
99
243
54
195
99
242
54
457
34
507
106
457
34
507
105
258
283
222
247
151
126
189
61
151
126
191
60
452
74
487
137
452
74
487
136
153
117
195
54
153
117
193
57
153
117
195
56
153
117
195
55
432
208
411
254
387
298
333
315
421
188
409
231
421
188
410
229
421
188
408
227
267
81
316
70
267
81
315
68
267
81
315
69
267
81
316
69
446
73
482
134
446
73
482
133
446
73
481
134
446
73
480
133
446
73
481
133
250
311
201
269
411
189
400
227
411
189
399
226
411
189
399
227
411
189
401
227
256
260
230
226
458
154
458
214
458
154
457
215
416
191
400
227
416
191
399
226
416
191
404
229
416
191
404
231
416
191
405
230
416
191
399
227
416
191
401
227
455
46
499
113
455
46
502
112
455
46
502
113
455
46
500
112
455
46
501
113
384
63
429
101
384
63
428
101
386
230
359
254
386
230
359
253
335
128
356
140
335
128
356
139
337
133
354
142
444
65
482
127
390
85
424
123
400
219
377
250
429
216
407
259
429
216
405
256
429
216
405
257
429
216
405
259
429
216
406
257
429
216
404
258
429
216
406
258
270
87
317
74
416
188
407
229
416
188
408
231
416
188
402
226
416
188
408
230
267
85
314
72
305
128
329
127
305
128
331
127
401
220
377
250
307
127
332
127
307
127
331
127
417
196
403
235
417
196
403
236
151
100
200
39
151
100
202
36
213
244
197
196
213
244
197
195
213
244
198
194
242
248
221
208
242
248
221
209
196
100
243
54
196
100
242
54
446
69
482
130
446
69
482
131
446
69
482
133
446
69
481
133
