graffiti_building_1_candidate.jpg
graffiti_building_1_reference.jpg
89
91
232
106
91
96
234
112
91
96
234
111
90
90
233
108
90
104
234
112
90
104
234
111
90
104
234
118
90
104
234
119
91
104
235
113
91
104
235
119
91
104
235
120
88
107
232
123
91
101
234
112
91
101
234
111
91
101
235
105
91
101
235
113
91
101
235
106
91
101
235
119
91
101
235
120
91
108
235
113
91
108
235
119
91
108
235
120
90
116
234
118
90
116
234
119
90
125
235
119
90
125
235
120
90
125
235
128
90
125
235
135
90
131
235
135
101
42
244
57
101
42
244
60
101
42
244
58
101
42
244
59
101
42
245
62
101
45
244
60
101
45
244
58
101
45
244
59
100
42
243
55
100
42
243
56
100
39
243
58
100
39
243
54
100
39
243
57
100
39
243
55
100
39
243
56
101
43
244
57
101
43
244
60
101
43
244
58
101
43
244
59
100
40
243
58
100
40
243
57
100
40
243
56
101
44
244
57
101
44
244
60
101
44
244
58
101
44
244
59
100
41
243
58
100
41
243
57
100
41
243
55
100
41
243
56
96
64
239
81
95
71
238
87
95
71
238
82
95
71
238
89
94
70
237
83
94
70
237
87
94
70
237
88
102
70
246
87
94
72
237
87
94
72
237
88
100
73
244
92
96
61
239
81
94
71
237
83
94
71
237
87
94
71
237
88
94
66
237
83
95
72
238
87
95
72
238
89
94
73
237
87
94
73
237
88
94
74
237
87
94
74
237
88
95
77
238
87
95
77
238
96
95
77
238
89
92
80
235
96
92
79
235
96
92
79
235
105
92
79
235
106
93
80
236
91
93
80
235
89
94
80
237
95
94
80
237
96
94
80
237
97
94
80
237
94
95
82
238
89
95
79
238
87
95
79
238
89
92
81
235
96
92
81
235
105
92
81
235
113
92
81
235
106
95
75
238
87
95
75
238
89
92
86
235
105
92
86
235
113
92
86
235
106
92
86
235
119
92
86
235
120
93
86
236
116
96
76
239
91
92
94
235
105
92
94
235
113
92
94
235
106
93
88
236
116
269
147
405
141
269
147
405
142
265
152
401
147
274
142
410
137
274
142
410
136
274
142
409
137
274
142
410
138
274
147
410
142
274
147
410
141
274
148
410
142
274
148
410
141
299
140
436
134
297
141
433
133
297
141
433
134
297
141
436
134
297
141
436
135
298
140
436
134
298
140
436
135
292
139
433
130
292
139
429
132
297
142
433
133
297
142
433
134
297
142
436
134
297
142
436
135
294
154
434
147
294
155
434
147
303
142
440
134
303
151
443
142
303
151
444
142
303
152
443
142
303
152
444
147
306
142
442
133
306
142
443
130
306
143
443
134
306
143
443
135
304
150
443
142
304
150
444
142
305
142
442
133
303
155
444
147
303
155
444
149
303
155
444
150
303
155
445
150
304
156
444
147
304
156
444
149
304
156
444
150
304
156
445
150
302
156
444
147
302
156
444
149
302
156
444
150
303
157
444
149
303
157
444
150
303
157
445
150
304
157
444
149
304
157
444
150
304
157
445
150
303
156
444
147
303
156
444
149
303
156
444
150
303
156
445
150
304
158
444
149
304
158
444
150
304
158
445
150
304
155
444
147
304
155
444
149
304
155
444
150
304
155
445
150
325
143
468
133
314
141
450
131
314
141
451
132
320
155
460
148
334
137
473
127
329
138
470
129
329
139
470
129
334
150
476
140
326
141
468
133
329
155
470
146
328
155
470
146
328
156
470
146
348
138
485
127
