paris_invalides_000662_sm_8.jpg
paris_invalides_000663.jpg
204
280
150
243
203
282
150
243
217
246
168
190
220
241
174
182
221
243
176
183
221
243
177
182
220
246
167
194
220
246
173
187
220
246
171
189
220
246
170
190
220
246
176
184
219
246
169
190
219
246
170
189
219
246
172
187
221
249
175
187
218
247
170
189
218
247
172
187
221
246
170
191
219
253
174
191
219
250
175
187
219
250
174
188
222
243
176
184
224
244
180
183
223
247
173
191
223
247
178
186
223
248
178
186
280
245
313
194
293
283
335
273
296
285
336
273
296
285
338
273
297
285
338
272
297
285
338
273
297
285
339
273
299
288
339
271
299
288
339
272
299
288
339
273
298
289
338
273
299
287
339
273
298
288
338
272
298
288
338
271
298
286
339
272
298
286
339
273
299
289
339
272
299
289
339
273
