paris_invalides_000662_pt_7.png
paris_invalides_000663.jpg
217
213
171
189
316
224
320
218
316
224
321
219
313
214
315
205
313
214
314
203
233
208
185
184
301
209
300
193
318
221
320
212
234
208
185
185
316
223
320
217
316
223
320
216
222
211
175
187
222
211
174
188
222
216
178
190
302
198
301
181
314
215
316
206
220
211
173
187
222
212
178
186
317
223
320
216
317
223
320
215
317
220
320
212
314
214
316
205
230
211
183
186
230
211
184
185
315
222
320
217
313
213
314
202
223
215
178
190
228
206
182
181
221
217
178
190
221
210
173
187
300
199
301
184
232
210
185
185
302
208
301
192
217
212
170
189
