Test1025.jpg
Test1026.jpg
160
269
77
265
252
259
179
253
252
259
179
252
252
260
179
253
250
259
177
253
251
260
178
253
253
260
181
253
252
258
179
252
255
259
183
253
255
259
182
252
256
260
183
253
254
258
181
252
254
258
182
252
256
258
184
252
256
259
183
252
256
259
184
252
316
200
247
197
316
204
245
208
316
204
243
206
316
204
243
207
316
204
245
207
316
204
244
208
316
204
246
204
316
204
248
205
316
204
247
203
316
204
247
204
316
204
247
202
312
209
241
207
317
208
245
208
317
208
243
207
317
208
245
207
317
208
244
208
317
208
246
204
317
208
248
205
317
208
247
203
317
208
247
204
314
208
241
208
314
208
243
207
313
209
241
208
316
209
245
208
316
209
243
207
316
209
245
207
316
209
244
208
316
209
246
204
317
209
245
208
317
209
243
207
317
209
245
207
317
209
244
208
317
209
246
204
317
209
248
205
317
209
247
204
312
212
244
208
312
210
240
209
312
210
241
208
313
210
243
207
317
210
245
208
317
210
245
207
317
210
244
208
317
210
248
205
320
197
252
192
320
197
253
196
320
197
253
197
318
197
250
191
320
198
251
192
320
198
253
196
320
198
253
197
320
200
250
193
320
200
251
194
320
200
252
198
321
204
252
201
321
204
252
198
321
204
253
202
318
207
245
208
318
207
245
207
318
207
247
199
318
207
246
204
318
207
248
205
318
207
247
203
318
207
247
204
318
207
247
202
320
207
251
201
321
209
252
203
319
213
245
208
319
213
245
207
319
211
245
208
320
213
248
205
320
213
247
204
318
214
245
208
318
214
244
208
325
193
257
188
325
193
257
189
325
197
257
192
325
199
256
192
325
199
256
193
322
201
252
192
322
201
253
196
325
200
256
193
324
201
254
193
323
200
254
193
323
203
253
196
322
204
251
194
322
204
253
197
322
204
253
201
322
204
252
198
322
203
253
196
322
203
253
197
322
207
252
201
322
207
253
201
322
207
252
198
322
207
253
204
322
207
253
202
323
208
253
201
323
208
252
198
323
208
253
202
325
209
253
196
323
209
252
201
323
209
253
201
323
209
252
198
323
209
253
202
323
213
253
205
323
213
252
203
323
213
253
204
322
211
251
201
322
211
252
203
322
211
252
205
324
213
252
201
324
213
253
201
324
213
252
198
324
213
253
204
324
213
253
202
325
210
253
196
325
210
253
197
324
212
253
201
324
212
252
198
324
212
253
202
325
212
253
197
324
216
253
205
324
216
253
204
326
194
257
188
327
201
257
192
328
200
257
188
328
200
257
189
326
200
256
192
327
199
257
190
327
199
257
189
326
201
256
192
326
201
256
193
327
200
257
192
327
200
256
188
327
200
257
190
328
201
257
190
328
201
257
189
329
203
257
190
328
203
257
192
329
204
257
190
327
203
256
192
328
218
258
209
328
218
258
210
