Test65.jpg
Test66.jpg
195
171
286
177
208
160
299
162
205
163
296
165
205
163
296
166
212
137
301
142
213
138
301
145
212
139
301
145
212
139
300
145
213
143
301
149
208
145
298
149
210
148
301
149
213
148
301
154
212
149
300
155
212
149
301
154
209
154
300
157
209
154
300
156
208
157
300
157
208
158
299
162
214
136
301
145
214
145
304
148
214
144
304
148
215
143
304
148
215
144
304
148
212
147
304
148
213
147
304
148
232
67
316
71
231
67
316
71
233
69
320
73
232
71
319
75
233
71
319
75
233
71
321
75
233
103
320
108
251
85
336
87
252
85
336
87
265
136
350
136
265
136
351
137
264
135
350
136
264
135
351
137
267
137
352
137
267
149
354
157
267
147
354
157
267
148
354
157
268
149
354
157
269
280
355
278
269
280
354
278
273
156
356
156
273
156
359
160
269
157
354
157
269
157
356
161
269
157
354
160
269
157
353
158
269
157
356
163
269
157
356
162
271
157
354
157
271
157
356
161
271
157
356
156
271
157
357
161
270
164
353
161
272
163
356
161
272
163
357
161
272
163
356
163
272
163
356
162
272
163
357
163
272
163
358
164
272
163
358
165
273
165
356
161
273
165
356
163
273
165
356
162
273
165
357
163
273
165
358
164
273
165
358
165
273
165
359
168
268
260
354
256
269
260
355
257
270
260
356
257
268
259
353
255
268
258
353
255
272
282
358
280
272
281
357
279
271
281
357
279
274
159
359
160
274
159
360
160
276
161
361
160
276
161
360
160
274
160
359
160
274
160
359
162
274
160
360
160
275
161
359
160
275
161
359
162
275
161
360
160
275
164
359
163
275
164
359
162
275
169
362
172
275
167
358
164
275
167
360
168
277
191
362
195
277
284
362
281
277
284
364
280
277
284
363
281
277
283
362
281
277
283
364
280
274
283
359
280
277
287
362
281
277
287
364
283
277
287
363
281
277
173
363
175
277
173
363
177
278
172
364
173
277
172
362
172
280
204
364
201
280
204
365
201
281
204
365
201
280
202
365
201
279
203
364
201
278
205
363
202
278
205
363
203
280
213
364
211
280
211
364
211
280
217
365
214
281
217
365
214
281
265
366
261
279
265
365
261
278
288
365
283
278
288
364
285
278
288
364
283
278
288
364
282
278
286
365
283
278
286
362
281
278
286
365
282
278
286
364
283
278
286
363
281
278
286
364
282
279
285
365
283
279
285
364
280
279
285
365
282
279
285
364
283
279
285
363
281
279
285
365
280
279
285
364
282
278
284
362
281
278
284
364
280
278
284
363
281
278
284
365
280
279
286
365
283
279
286
364
280
279
286
365
282
279
286
364
283
279
286
363
281
279
286
364
282
280
286
365
283
280
286
364
280
280
286
365
282
280
286
364
283
280
286
363
281
280
286
365
280
280
286
364
282
278
287
365
283
278
287
365
282
278
287
364
283
278
287
363
281
278
287
364
282
279
287
365
283
279
287
365
282
279
287
364
283
279
287
364
282
280
284
364
280
280
284
365
280
284
212
369
210
285
213
369
210
285
213
369
212
285
213
370
210
285
215
369
210
285
215
369
212
285
215
370
211
284
214
369
210
284
214
368
215
284
215
369
210
284
215
369
212
284
215
368
215
285
216
369
212
285
216
370
213
285
216
370
212
281
219
366
215
283
220
368
215
283
219
368
215
284
218
369
210
284
218
369
212
280
218
365
214
280
219
365
214
280
219
365
217
280
219
365
216
284
220
369
212
284
220
369
216
284
220
369
217
282
224
367
217
283
225
368
218
284
225
369
217
284
225
369
218
284
226
369
217
284
226
369
218
283
227
368
218
283
226
368
218
283
253
369
249
283
253
370
251
282
251
369
249
284
257
369
253
284
257
370
253
283
256
369
253
286
213
370
210
286
213
370
213
286
213
370
212
286
213
370
211
287
247
371
245
286
249
371
245
286
251
372
248
286
251
373
248
288
251
372
248
288
251
373
248
286
250
372
248
287
252
372
248
287
252
373
248
287
251
372
248
287
251
373
248
289
251
373
248
289
251
375
249
289
251
376
246
286
252
372
248
286
252
373
248
287
250
372
248
287
250
373
248
289
253
373
251
289
253
375
249
289
253
375
251
289
292
377
289
288
299
373
297
288
301
373
297
291
244
376
242
292
300
378
296
295
249
381
246
295
250
381
246
294
253
378
251
301
243
384
240
301
243
384
241
300
243
384
240
300
243
384
241
298
245
381
243
301
241
384
240
301
241
384
241
301
245
384
241
301
245
385
244
301
245
385
245
301
248
385
245
301
248
385
248
301
248
386
244
301
248
387
246
301
248
386
247
301
248
386
246
301
247
385
244
301
247
385
245
301
247
386
244
301
247
386
246
299
246
384
241
300
252
385
248
300
252
386
249
300
251
385
248
300
251
387
247
300
251
386
249
300
251
386
247
299
253
385
252
299
253
386
249
300
253
386
249
299
256
385
253
299
256
385
254
300
257
385
253
300
257
385
254
317
277
403
276
320
277
409
276
320
277
410
276
321
286
406
284
318
288
402
285
318
288
403
285
318
287
402
284
318
287
403
285
318
287
406
284
317
287
402
284
317
287
403
285
317
287
406
284
320
204
404
200
321
203
406
200
320
203
404
200
323
203
406
200
323
203
407
201
320
205
404
202
320
205
404
205
320
205
404
203
325
277
410
276
325
277
413
276
325
213
408
208
325
213
410
207
325
213
409
208
325
213
410
208
324
213
408
208
324
213
409
208
329
211
416
208
329
211
415
207
329
211
416
209
329
211
416
207
329
211
415
209
329
211
416
210
327
213
410
206
327
213
410
207
327
213
410
208
324
210
408
205
324
210
408
206
324
210
408
208
324
210
410
206
324
210
409
206
324
210
410
207
324
210
409
208
324
210
410
208
325
212
408
208
325
212
410
206
325
212
409
206
325
212
410
207
325
212
409
208
325
212
410
208
326
213
410
206
326
213
410
207
326
213
409
208
326
213
410
208
329
212
416
208
329
212
415
207
329
212
416
209
329
212
415
209
329
212
416
210
328
213
415
209
327
276
416
274
327
276
419
275
326
276
413
276
326
276
416
274
328
276
416
274
328
276
420
275
328
276
419
275
328
281
416
280
328
281
420
280
332
200
421
197
333
201
421
197
333
201
421
198
333
201
421
199
333
201
420
198
330
204
416
201
330
204
417
201
330
204
419
200
332
204
420
199
332
204
421
200
332
204
421
199
332
204
419
200
332
204
419
201
332
204
420
201
332
204
421
202
330
203
419
200
332
203
420
199
332
203
421
200
332
203
421
199
332
203
419
200
332
203
420
198
332
203
420
201
333
204
420
199
333
204
421
200
333
204
421
199
333
204
419
200
333
204
420
201
333
204
421
202
330
205
416
201
330
205
417
201
330
205
417
202
330
205
415
203
330
205
418
203
331
206
416
201
331
206
417
201
331
206
417
202
331
206
417
205
331
206
417
203
331
206
417
204
331
206
415
203
331
206
419
201
331
206
420
201
331
206
418
205
331
206
418
204
331
206
418
203
331
207
417
202
331
207
417
205
331
207
417
203
331
207
417
204
331
207
415
203
331
207
418
205
331
207
418
204
331
207
418
203
331
209
417
205
331
209
417
204
331
209
416
208
331
209
415
207
331
209
417
206
331
209
416
207
331
209
415
209
331
209
416
206
331
209
418
205
331
209
418
204
331
209
418
203
331
209
420
208
330
206
416
201
330
206
417
202
330
206
417
203
330
206
417
204
330
206
415
203
330
206
418
204
330
206
418
203
332
207
417
205
332
207
417
203
332
207
417
204
332
207
415
203
332
207
418
205
332
207
421
202
332
207
418
204
332
207
418
203
332
206
417
202
332
206
417
204
332
206
415
203
332
206
419
201
332
206
420
201
332
206
421
202
332
206
418
204
332
206
418
203
330
209
417
205
330
209
417
204
330
209
416
208
330
209
415
207
330
209
416
209
330
209
417
206
330
209
416
207
330
209
415
209
330
209
416
206
330
209
418
205
330
209
418
204
330
213
416
208
330
213
416
209
330
213
416
207
330
213
415
209
330
213
418
209
330
213
418
213
330
213
419
212
330
213
416
210
333
213
415
209
333
213
420
208
333
213
418
209
333
213
421
209
333
213
421
211
333
213
418
213
333
213
421
210
333
213
419
212
333
213
416
210
332
213
415
209
332
213
420
208
332
213
418
209
332
213
421
209
332
213
421
211
332
213
418
213
332
213
421
210
332
213
419
212
332
213
416
210
330
212
416
208
330
212
415
207
330
212
416
209
330
212
417
206
330
212
416
207
330
212
415
209
330
212
416
206
330
212
418
209
330
212
416
210
332
277
421
275
331
277
420
275
331
277
419
275
330
277
419
275
333
282
416
280
333
282
420
280
333
282
423
281
337
197
425
194
337
199
423
196
335
199
423
196
336
198
425
195
336
199
424
197
336
199
425
195
336
199
423
196
334
200
421
197
334
200
421
198
335
200
421
197
335
200
424
197
335
200
423
196
334
201
421
197
334
201
421
198
334
201
421
199
334
201
420
198
335
201
421
197
335
201
421
198
335
201
424
197
336
201
424
197
337
201
424
197
335
283
423
281
337
284
428
282
341
197
428
193
341
197
429
193
338
197
425
194
338
197
425
195
339
275
429
274
339
275
428
273
339
275
427
273
340
277
428
275
340
275
429
274
340
275
428
272
340
275
428
273
340
275
427
273
340
279
427
277
338
279
427
277
338
279
426
277
338
279
426
278
338
279
427
278
339
280
427
278
339
278
427
277
339
279
427
277
339
279
427
278
339
284
428
282
340
284
428
282
340
283
430
281
340
283
428
282
339
282
430
281
343
197
429
193
343
196
428
193
343
196
429
193
344
196
429
193
345
196
429
193
342
196
428
193
342
196
429
193
343
285
431
283
344
283
432
281
347
280
436
279
347
280
436
278
349
280
436
279
349
280
436
278
349
280
438
278
349
280
438
279
349
281
436
279
349
281
436
278
349
281
438
279
346
284
435
281
346
284
436
283
347
284
435
281
347
284
436
283
348
286
436
283
348
286
434
284
348
286
436
284
348
286
437
284
348
286
435
284
346
286
434
284
346
286
436
284
346
286
435
284
349
286
436
283
349
286
434
284
349
286
436
284
349
286
437
284
349
286
435
284
352
279
442
278
353
279
442
278
353
279
444
278
355
280
444
277
355
280
442
278
355
280
444
278
355
279
445
277
355
279
444
277
355
279
442
278
355
279
444
278
361
276
447
274
361
276
450
274
361
276
452
276
361
276
453
274
361
276
452
274
358
284
449
282
361
284
449
282
364
278
452
276
364
280
451
278
362
276
450
274
362
276
453
274
362
276
452
274
363
276
452
274
362
283
449
282
368
265
460
264
368
265
458
265
368
263
458
265
374
231
465
227
376
230
466
226
378
225
459
222
393
234
489
228
395
234
491
228
394
234
491
228
396
235
491
228
397
235
491
228
469
213
567
208
469
213
568
205
470
212
568
205
470
212
569
205
472
211
570
204
472
211
569
205
470
214
569
205
470
215
570
207
471
214
570
207
484
204
590
193
484
204
592
192
486
204
592
192
