34_34_l.jpg
34_34_r.jpg
332
199
179
205
332
198
176
202
332
223
176
228
333
229
176
236
333
229
176
234
333
229
176
235
332
229
175
234
332
229
176
236
332
229
176
234
332
229
176
235
330
229
175
234
330
229
176
234
333
231
175
234
333
231
176
236
333
231
176
234
333
231
176
235
333
231
176
237
332
231
175
234
332
231
176
236
332
231
176
234
332
231
175
236
332
231
176
235
333
232
176
236
333
232
176
234
333
232
176
235
333
232
176
237
332
230
175
234
332
230
176
236
332
230
176
234
332
230
175
236
332
230
176
235
331
232
175
234
331
232
176
236
331
232
176
234
331
232
175
236
331
232
176
235
332
232
175
234
332
232
176
236
332
232
176
234
332
232
175
236
332
232
176
235
332
232
176
237
333
230
175
234
333
230
176
236
333
230
176
234
333
230
176
235
331
234
175
234
331
234
176
236
331
234
176
234
331
234
175
236
331
234
176
235
331
234
176
237
331
235
175
234
331
235
176
236
331
235
176
234
331
235
175
236
331
235
176
235
331
235
176
237
336
201
181
206
334
198
179
203
337
204
181
208
337
204
181
209
337
204
184
209
336
204
181
208
336
204
181
209
336
203
181
208
336
203
181
209
336
203
180
207
335
202
178
206
335
202
181
208
335
202
181
209
335
202
179
206
335
202
180
207
335
202
181
206
337
203
181
208
337
203
181
209
337
203
184
208
337
228
181
233
339
204
184
208
339
204
184
209
339
204
185
209
339
204
186
209
341
205
185
209
341
205
186
209
338
205
181
209
338
205
184
209
338
205
185
209
338
203
181
208
338
203
184
208
338
203
184
209
340
205
184
209
340
205
185
209
340
205
186
209
357
224
202
230
356
223
202
228
356
225
202
230
362
232
208
238
367
208
213
213
364
214
210
220
366
232
212
237
366
232
212
238
366
239
212
245
366
248
212
253
366
248
213
253
366
246
212
252
366
246
212
253
366
246
213
253
367
247
212
252
367
247
212
253
367
247
213
253
366
247
212
252
366
247
212
253
366
247
213
253
370
247
213
253
370
247
216
253
377
194
223
200
376
195
223
201
377
195
224
201
377
195
223
201
376
219
223
225
377
220
223
225
377
239
223
245
376
244
223
250
377
245
223
250
377
245
223
251
377
246
223
251
377
271
223
276
377
271
223
277
377
270
223
276
381
274
228
281
381
274
227
280
381
276
227
282
383
274
229
280
383
274
228
280
382
275
228
281
385
274
231
280
382
274
229
280
382
274
228
281
382
274
228
280
382
274
227
280
389
276
234
281
388
275
232
280
388
294
235
300
389
294
235
300
389
293
235
300
395
238
241
244
395
331
239
337
395
331
240
336
395
331
239
336
395
330
239
336
396
331
239
337
396
331
240
336
396
331
239
336
396
331
240
337
396
332
239
337
396
332
240
337
394
337
238
342
397
335
241
340
398
254
243
260
400
330
245
335
400
330
244
335
401
330
245
335
401
330
244
335
401
337
241
342
399
335
241
340
399
335
242
340
399
335
244
340
399
335
243
340
398
337
241
342
398
335
241
340
398
335
242
340
398
335
243
340
404
291
249
297
400
294
245
299
407
290
253
295
409
291
254
296
409
292
254
297
406
320
251
326
410
323
254
328
426
180
272
190
426
181
272
190
448
333
291
337
447
331
290
335
477
180
317
191
508
465
342
464
506
468
341
467
506
468
341
468
507
471
343
471
507
471
348
471
511
454
350
454
545
456
376
457
