Test240.jpg
Test241.jpg
562
209
467
216
562
209
467
217
571
207
473
214
571
207
474
214
442
178
355
188
442
178
356
188
526
148
435
160
514
169
423
179
567
207
472
215
559
208
465
215
559
208
464
215
562
208
467
215
448
156
363
167
569
208
472
215
569
208
473
215
564
208
469
216
564
208
468
215
513
156
420
166
513
156
419
165
580
224
482
232
569
207
473
214
569
207
474
214
565
224
468
230
565
224
467
230
560
224
461
230
565
207
469
215
559
223
461
230
528
146
434
160
528
146
435
160
424
176
328
185
567
208
472
216
449
172
362
182
514
157
420
167
514
157
420
166
565
222
466
229
565
222
465
229
570
208
472
215
570
208
473
215
578
225
482
232
563
222
465
229
561
209
466
216
561
209
467
216
560
223
461
230
515
158
420
168
566
208
470
216
566
208
471
216
575
207
478
215
443
156
359
167
564
222
465
229
560
208
465
215
513
157
420
167
559
220
463
228
559
220
462
228
517
169
423
179
561
221
463
228
561
221
462
228
561
223
461
230
577
220
478
228
563
221
463
228
572
206
477
213
