Test1500.jpg
Test1501_lg_3.jpg
81
106
45
81
85
207
43
212
92
200
58
205
93
200
58
205
90
207
48
214
90
207
47
214
90
207
49
214
95
199
58
205
95
199
68
202
96
199
68
202
98
198
68
202
99
203
67
204
109
194
77
197
109
194
76
198
109
195
77
197
109
195
76
198
111
188
80
192
111
188
78
193
111
188
81
192
111
188
82
191
112
188
80
192
112
188
78
193
112
188
81
192
112
188
82
191
112
188
82
192
113
193
77
197
113
193
80
197
113
193
78
196
113
193
79
195
110
190
80
192
110
190
80
193
110
190
78
193
110
190
81
192
116
186
81
192
116
186
85
189
116
186
82
191
116
186
84
190
116
186
82
192
117
187
85
189
117
187
84
190
117
187
82
192
114
186
80
192
114
186
85
189
114
186
82
191
114
186
84
190
116
191
82
195
