S29_01.png
S29_02.png
128
410
306
425
128
410
305
426
128
410
303
427
202
277
172
222
202
277
173
222
202
277
173
221
202
277
175
222
203
277
175
223
203
277
172
222
203
277
173
222
203
277
173
221
203
277
175
222
206
269
174
215
206
269
175
215
206
269
178
216
210
273
174
220
210
273
175
219
210
273
176
219
210
273
177
218
210
273
176
220
208
271
175
216
208
271
175
217
208
271
171
216
208
271
177
218
207
273
174
220
207
273
175
217
207
273
175
219
207
273
176
219
207
273
176
220
205
272
175
217
205
272
176
219
205
272
177
218
210
274
167
218
210
274
174
220
210
274
170
219
210
274
173
220
210
274
169
219
210
274
175
219
210
274
173
221
210
274
176
219
210
274
176
220
209
275
165
218
209
275
167
218
209
275
166
219
209
275
174
220
209
275
170
219
209
275
173
220
209
275
169
219
209
275
175
223
209
275
172
222
209
275
173
222
209
275
173
221
209
275
175
222
209
275
169
221
209
275
176
220
205
280
167
224
205
280
174
225
205
280
173
225
205
280
170
224
205
280
171
224
205
280
172
225
209
281
162
224
209
281
167
224
209
281
167
225
209
281
174
225
209
281
169
226
209
281
173
225
209
281
170
224
209
281
171
224
209
281
172
225
209
281
170
227
205
281
173
225
205
281
172
225
210
281
162
224
210
281
164
225
210
281
167
224
210
281
164
224
210
281
167
225
210
281
174
225
210
281
169
226
210
281
173
225
210
281
170
224
210
281
171
224
210
281
172
225
210
281
169
227
210
281
170
227
209
280
167
224
209
280
168
222
209
280
166
223
209
280
167
222
209
280
164
224
209
280
167
225
209
280
166
222
209
280
174
225
209
280
169
226
209
280
170
223
209
280
174
224
209
280
173
225
209
280
170
224
209
280
171
224
209
280
172
225
209
280
169
223
209
280
176
225
205
279
167
222
205
279
174
225
205
279
170
223
205
279
174
224
205
279
173
225
205
279
170
224
205
279
171
224
205
279
172
225
205
279
169
223
204
277
165
220
204
277
167
221
204
277
168
222
204
277
166
221
204
277
167
222
204
277
170
223
204
277
175
223
204
277
172
222
204
277
173
222
204
277
173
221
204
277
175
222
204
277
169
221
204
278
170
223
204
278
175
223
204
278
174
224
204
278
172
222
204
278
173
222
204
278
170
224
204
278
175
224
204
278
175
222
209
279
164
223
209
279
167
224
209
279
167
221
209
279
168
222
209
279
166
223
209
279
167
222
209
279
167
225
209
279
166
222
209
279
174
225
209
279
170
223
209
279
175
223
209
279
174
224
209
279
172
222
209
279
173
225
209
279
170
224
209
279
171
224
209
279
175
224
209
279
172
225
209
279
169
223
209
279
169
221
209
279
176
225
209
282
169
226
209
282
170
227
211
269
169
215
211
269
182
220
211
269
178
216
211
269
179
217
211
271
167
215
211
271
175
216
211
271
175
217
211
271
177
218
211
271
179
217
211
270
167
215
211
270
173
216
211
270
175
217
211
270
169
215
211
270
171
216
211
270
178
216
211
270
179
217
214
278
163
219
214
278
165
220
214
278
166
219
214
278
167
221
214
278
168
222
214
278
166
221
214
278
166
223
214
278
167
222
214
278
166
222
214
278
174
225
214
278
170
223
214
278
175
223
214
278
174
224
214
278
172
222
214
278
173
225
214
278
173
222
214
278
170
224
214
278
171
224
214
278
175
224
214
278
172
225
214
278
169
223
214
278
175
222
214
278
169
221
214
278
176
225
214
278
178
225
212
281
164
223
212
281
162
224
212
281
164
225
212
281
165
226
212
281
167
224
212
281
166
223
212
281
164
224
212
281
162
225
212
281
167
225
212
281
167
227
212
281
168
227
212
281
174
225
212
281
169
226
212
281
174
224
212
281
173
225
212
281
170
224
212
281
171
224
212
281
175
224
212
281
172
225
212
281
169
223
212
281
169
227
212
281
170
227
212
281
176
225
217
279
166
219
217
279
167
224
217
279
167
221
217
279
168
222
217
279
166
221
217
279
166
223
217
279
167
222
217
279
167
225
217
279
166
222
217
279
174
225
217
279
169
226
217
279
170
223
217
279
175
223
217
279
174
224
217
279
172
222
217
279
173
225
217
279
170
224
217
279
171
224
217
279
175
224
217
279
172
225
217
279
169
223
217
279
169
221
217
279
169
227
217
279
170
227
217
279
180
227
217
279
176
225
217
279
178
225
217
279
179
225
217
279
190
239
217
279
191
239
212
279
162
220
212
279
165
220
212
279
163
220
212
279
164
223
212
279
167
224
212
279
167
221
212
279
168
222
212
279
166
221
212
279
166
223
212
279
167
222
212
279
164
222
212
279
167
225
212
279
166
222
212
279
174
225
212
279
170
223
212
279
175
223
212
279
174
224
212
279
172
222
212
279
173
225
212
279
173
222
212
279
170
224
212
279
171
224
212
279
175
224
212
279
172
225
212
279
169
223
212
279
175
222
212
279
169
221
212
279
176
225
212
279
178
225
220
269
182
220
220
269
180
221
219
268
182
220
221
268
175
219
221
268
180
220
221
268
176
219
221
268
176
220
221
268
180
221
221
269
176
219
221
269
176
220
221
269
180
221
221
269
178
221
222
270
174
220
222
281
174
225
222
281
170
223
222
281
174
224
222
281
173
225
222
281
170
224
222
281
171
224
222
281
175
224
222
281
172
225
222
281
180
227
222
281
176
225
222
281
178
225
221
280
174
225
221
280
170
223
221
280
175
223
221
280
174
224
221
280
172
222
221
280
173
225
221
280
171
224
221
280
175
224
221
280
172
225
221
280
176
225
221
280
178
225
222
283
174
225
222
283
169
226
222
283
170
223
222
283
173
225
222
283
170
224
222
283
171
224
222
283
172
225
222
283
169
223
222
283
170
227
222
283
176
225
222
283
180
228
222
282
174
225
222
282
169
226
222
282
170
223
222
282
174
224
222
282
173
225
222
282
170
224
222
282
171
224
222
282
175
224
222
282
172
225
222
282
170
227
222
282
176
225
222
282
180
228
221
283
174
225
221
283
169
226
221
283
173
225
221
283
170
224
221
283
171
224
221
283
172
225
221
283
176
225
221
283
180
228
221
282
174
225
221
282
170
223
221
282
174
224
221
282
173
225
221
282
170
224
221
282
171
224
221
282
175
224
221
282
172
225
221
282
176
225
221
282
180
228
221
282
190
240
218
284
167
227
218
284
168
227
218
284
174
225
218
284
169
226
218
284
173
225
218
284
170
224
218
284
172
225
218
284
169
227
218
284
170
227
218
284
176
231
218
284
178
231
218
284
182
235
227
262
175
216
227
262
169
215
227
262
171
216
228
262
171
216
228
261
171
216
230
266
167
218
230
266
174
220
230
266
170
219
230
266
169
219
231
266
174
220
231
266
170
219
231
266
173
220
231
266
169
219
230
267
167
218
230
267
174
220
230
267
170
219
230
267
173
220
230
267
169
219
230
267
175
219
230
265
170
219
229
264
167
215
229
264
173
216
229
264
175
217
229
264
171
216
231
271
167
221
231
271
168
222
231
271
166
221
231
271
167
222
231
271
170
223
231
271
175
223
231
271
174
224
231
271
172
222
231
271
173
222
231
271
170
224
231
271
171
224
231
271
175
224
231
271
169
223
231
271
169
221
228
275
167
224
228
275
167
221
228
275
168
222
228
275
166
221
228
275
166
223
228
275
167
222
228
275
167
225
228
275
166
222
228
275
174
225
228
275
169
226
228
275
170
223
228
275
174
224
228
275
172
222
228
275
173
225
228
275
173
222
228
275
170
224
228
275
171
224
228
275
175
224
228
275
172
225
228
275
169
223
228
275
169
221
228
275
170
227
231
270
167
221
231
270
170
223
231
270
175
223
231
270
172
222
231
270
173
222
231
270
173
221
231
270
169
221
230
272
165
220
230
272
167
221
230
272
168
222
230
272
166
221
230
272
167
222
230
272
170
223
230
272
175
223
230
272
174
224
230
272
172
222
230
272
173
225
230
272
173
222
230
272
170
224
230
272
173
221
230
272
171
224
230
272
175
224
230
272
172
225
230
272
169
223
230
272
175
222
230
272
169
221
231
272
166
221
231
272
167
222
231
272
166
222
231
272
169
226
231
272
170
223
231
272
175
223
231
272
174
224
231
272
172
222
231
272
173
225
231
272
173
222
231
272
170
224
231
272
171
224
231
272
175
224
231
272
172
225
231
272
169
223
231
272
169
221
230
273
165
220
230
273
167
221
230
273
168
222
230
273
166
221
230
273
166
223
230
273
167
222
230
273
167
225
230
273
166
222
230
273
169
226
230
273
170
223
230
273
175
223
230
273
174
224
230
273
172
222
230
273
173
225
230
273
173
222
230
273
170
224
230
273
171
224
230
273
175
224
230
273
172
225
230
273
169
223
230
273
175
222
230
273
169
221
231
274
164
223
231
274
168
222
231
274
166
223
231
274
167
222
231
274
167
225
231
274
166
222
231
274
167
227
231
274
174
225
231
274
169
226
231
274
170
223
231
274
174
224
231
274
173
225
231
274
170
224
231
274
171
224
231
274
172
225
231
274
169
223
231
274
169
227
231
274
170
227
230
270
166
219
230
270
169
219
230
270
174
224
230
270
172
222
230
270
173
222
230
270
173
221
230
270
169
221
231
275
166
223
231
275
167
225
231
275
166
222
231
275
168
227
231
275
169
226
231
275
170
223
231
275
174
224
231
275
173
225
231
275
170
224
231
275
171
224
231
275
172
225
231
275
169
223
231
275
169
227
231
275
170
227
231
276
167
224
231
276
166
223
231
276
168
227
231
276
174
225
231
276
169
226
231
276
170
223
231
276
174
224
231
276
173
225
231
276
170
224
231
276
171
224
231
276
175
224
231
276
172
225
231
276
169
223
231
276
169
227
231
276
170
227
230
279
174
225
230
279
169
226
230
279
173
225
230
279
170
224
230
279
171
224
230
279
172
225
230
279
170
227
230
280
173
225
230
280
171
224
230
280
172
225
230
280
169
227
231
282
169
227
231
282
170
227
231
282
170
230
238
261
180
225
232
267
174
220
232
267
173
221
232
266
174
220
232
266
173
220
236
266
175
224
236
266
176
225
232
265
174
220
232
265
170
219
234
269
171
224
236
269
174
225
236
269
173
225
236
269
175
224
234
266
175
222
235
266
174
224
235
266
175
224
235
266
176
225
237
266
176
225
233
268
172
222
235
269
175
223
235
269
174
224
235
269
175
224
237
269
173
225
237
269
172
225
233
270
173
225
233
270
171
224
233
270
169
223
232
272
170
223
232
272
175
223
232
272
174
224
232
272
172
222
232
272
173
225
232
272
170
224
232
272
171
224
232
272
175
224
232
272
172
225
232
272
169
223
232
272
176
225
237
270
173
225
236
270
173
225
236
270
172
225
234
271
174
225
234
271
169
226
234
271
174
224
234
271
173
225
234
271
175
224
234
271
172
225
234
271
176
225
232
273
166
223
232
273
174
225
232
273
169
226
232
273
175
223
232
273
174
224
232
273
173
225
232
273
170
224
232
273
171
224
232
273
175
224
232
273
172
225
232
273
169
223
232
273
170
227
234
274
174
225
234
274
174
224
234
274
173
225
234
274
172
225
234
274
169
227
234
274
170
227
236
275
169
227
236
275
170
227
233
271
175
223
233
271
174
224
233
271
173
225
233
271
170
224
233
271
171
224
233
271
175
224
233
271
172
225
233
276
167
225
233
276
168
227
233
276
174
225
233
276
169
226
233
276
173
225
233
276
172
225
233
276
169
227
233
276
170
227
237
276
175
232
237
276
176
231
235
271
174
225
235
271
174
224
235
271
173
225
235
271
175
224
233
273
174
225
233
273
169
226
233
273
174
224
233
273
173
225
233
273
170
224
233
273
171
224
233
273
175
224
233
273
172
225
233
273
170
227
236
271
173
225
236
271
172
225
232
276
167
224
232
276
167
225
232
276
174
225
232
276
169
226
232
276
173
225
232
276
171
224
232
276
172
225
232
276
169
227
232
276
170
227
234
272
174
225
234
272
169
226
234
272
174
224
234
272
173
225
234
272
175
224
234
272
172
225
234
272
170
227
235
276
167
227
235
276
168
227
235
276
169
227
235
276
170
227
235
276
173
231
235
276
175
232
238
272
179
232
238
272
176
231
238
272
177
231
238
272
178
231
238
272
180
233
234
277
167
227
234
277
168
227
234
277
173
225
234
277
172
225
234
277
169
227
234
277
170
227
236
282
176
232
236
282
176
231
236
277
167
227
236
277
168
227
236
277
169
227
236
277
173
231
236
277
175
232
236
277
176
232
236
280
173
231
236
280
176
231
234
279
167
227
234
279
168
227
234
279
173
225
234
279
172
225
237
277
176
232
237
277
176
231
237
277
178
231
238
277
176
231
232
278
174
225
232
278
169
226
232
278
173
225
232
278
170
224
232
278
171
224
232
278
172
225
232
278
169
227
232
278
170
227
234
282
173
231
234
282
176
231
235
277
168
227
235
277
169
227
235
277
173
231
235
277
175
232
235
282
173
231
237
282
175
232
237
282
176
232
237
282
176
231
237
282
177
231
232
280
170
227
235
280
168
227
235
280
169
227
238
285
167
229
243
269
178
230
243
269
179
231
241
269
178
231
242
269
178
230
242
269
179
230
242
269
179
231
244
269
179
230
241
273
179
232
241
273
178
230
241
273
179
233
241
273
178
231
240
274
177
231
242
272
178
230
242
272
178
231
242
272
180
233
239
273
176
231
239
273
177
231
239
273
179
233
239
273
178
231
239
273
180
233
243
270
178
230
243
270
177
231
243
270
178
231
244
276
168
227
240
272
179
232
240
272
178
230
240
272
176
231
240
272
177
231
240
272
179
233
240
272
178
231
240
272
180
233
239
274
179
233
242
271
178
230
242
271
177
231
242
271
179
233
242
271
178
231
242
271
179
231
245
274
170
227
244
275
169
227
243
271
177
231
244
270
178
230
240
277
176
232
243
281
167
229
243
282
167
227
243
282
167
229
244
281
169
230
241
282
170
230
244
277
168
227
241
283
167
229
241
283
169
230
241
283
170
230
242
282
167
229
244
282
167
227
244
282
167
229
244
282
169
230
239
283
169
230
239
283
170
230
240
283
169
230
240
283
170
230
240
285
167
229
240
285
165
228
240
285
167
230
243
286
167
229
243
286
165
228
243
286
167
230
243
288
167
230
239
285
167
229
239
285
170
230
245
288
165
228
245
288
167
230
243
287
167
229
243
287
165
228
243
287
167
230
241
285
167
229
241
285
165
228
241
285
167
230
242
285
167
229
244
287
167
229
244
287
165
228
242
288
167
230
239
284
169
230
239
284
170
230
244
286
165
228
244
286
167
230
244
286
169
230
247
278
169
227
249
282
168
227
249
282
169
230
249
282
170
230
249
282
173
231
252
283
168
227
252
283
169
230
252
283
170
230
252
283
173
231
252
283
175
232
252
283
176
232
252
280
175
232
249
277
176
231
248
282
168
227
248
277
170
227
248
283
168
227
246
279
168
227
246
279
169
227
249
283
167
227
249
283
168
227
249
283
167
229
249
283
169
230
249
283
170
230
249
283
173
231
249
285
167
227
249
288
167
229
249
288
165
228
249
288
167
230
249
288
169
230
249
288
170
230
247
288
167
229
247
288
165
228
247
288
167
230
248
288
167
229
248
288
165
228
248
288
167
230
248
288
169
230
249
284
169
230
246
285
167
229
246
290
167
230
248
290
167
229
248
290
167
230
249
397
300
418
249
398
300
418
255
282
173
231
255
282
175
232
253
281
169
227
253
281
173
231
253
281
175
232
253
281
176
232
254
283
173
231
254
283
175
232
254
283
176
232
254
283
178
235
254
283
179
235
