1_1_l.jpg
1_1_r.jpg
457
73
302
65
457
73
301
65
414
92
259
78
414
92
260
79
418
114
262
100
418
114
263
100
418
114
264
100
434
85
279
74
413
117
258
102
413
117
259
102
413
117
258
103
413
117
256
103
413
117
257
103
496
89
336
86
391
340
223
323
391
340
224
323
507
130
339
126
507
130
345
126
507
130
342
126
474
62
316
56
474
62
317
56
380
320
213
303
523
127
351
125
523
127
348
125
535
139
369
139
468
65
311
59
424
302
259
285
424
302
258
284
424
302
259
284
424
302
257
284
502
129
339
125
463
80
306
74
463
80
309
73
463
80
307
73
463
80
308
73
463
80
304
74
463
80
309
72
463
80
305
73
463
80
306
73
423
299
257
282
475
61
316
56
475
61
319
55
475
61
317
56
487
131
331
125
487
131
334
125
487
131
328
125
487
131
325
125
513
129
345
126
513
129
342
126
461
71
305
63
461
71
304
64
461
71
306
63
461
71
305
64
486
66
326
62
486
66
327
62
486
66
328
62
470
65
314
58
470
65
313
59
470
65
311
59
468
66
313
59
468
66
311
60
468
66
312
60
468
66
311
59
483
132
322
125
483
132
325
126
483
132
320
125
484
54
325
51
484
54
326
51
420
113
262
100
420
113
263
100
420
113
264
100
348
167
192
146
464
94
308
86
503
130
339
126
503
130
342
126
464
81
306
74
464
81
309
73
464
81
307
73
464
81
308
73
464
81
306
73
423
301
256
284
423
301
259
285
423
301
258
284
423
301
259
284
423
301
257
282
423
301
257
284
490
131
331
125
490
131
334
125
490
131
337
125
490
131
336
125
490
131
331
126
422
121
266
108
530
127
362
125
530
127
365
125
530
127
359
125
541
97
375
98
466
68
309
61
466
68
310
61
351
167
192
147
351
167
193
147
416
97
260
82
469
66
313
59
469
66
311
60
469
66
312
60
469
66
311
59
375
315
208
300
375
315
208
299
422
153
264
139
422
153
268
140
425
301
259
285
425
301
258
284
425
301
259
284
425
301
260
284
425
301
260
283
414
91
259
77
414
91
259
78
497
130
339
125
497
130
342
125
497
130
337
125
497
130
336
125
420
156
262
143
420
156
264
143
420
156
263
143
494
131
339
126
494
131
345
126
494
131
342
126
416
90
259
77
494
90
333
86
469
93
311
87
469
93
314
86
440
86
286
75
405
121
249
106
464
79
309
73
464
79
307
73
464
79
308
73
464
79
309
72
464
79
310
71
464
79
305
73
464
79
310
72
464
79
306
73
465
80
306
74
465
80
309
73
465
80
307
73
465
80
308
73
465
80
309
72
465
80
310
72
465
80
306
73
442
78
286
68
390
340
221
324
390
340
223
323
390
340
222
323
415
94
260
80
455
95
297
86
455
95
300
86
461
81
306
74
461
81
304
74
461
81
305
73
461
81
302
74
461
81
306
73
374
316
208
299
507
129
339
125
507
129
342
125
473
63
316
57
473
63
317
57
436
299
271
282
436
299
270
282
500
130
339
125
451
67
296
58
395
338
225
323
395
338
229
321
395
338
227
322
395
338
228
321
395
338
228
322
395
338
226
322
395
338
225
322
415
93
260
80
415
93
260
79
491
91
332
87
491
91
331
87
491
91
330
87
422
299
257
282
482
91
322
86
416
115
262
101
416
115
261
101
416
115
260
101
415
96
260
82
450
62
295
53
451
60
294
52
484
131
322
125
484
131
320
125
484
131
328
125
484
131
325
125
481
132
322
125
481
132
317
125
481
132
325
126
481
132
320
125
424
114
268
101
541
94
373
96
393
339
225
323
393
339
223
323
393
339
224
323
393
339
226
322
393
339
225
322
441
71
286
61
441
71
285
61
455
83
301
74
455
83
299
73
455
83
298
74
525
87
358
87
525
87
357
87
466
94
311
86
466
94
310
87
466
94
308
87
494
91
335
87
494
91
333
87
466
93
311
86
466
93
308
86
458
73
302
65
458
73
303
65
458
73
301
65
380
319
213
303
380
319
213
302
424
301
259
285
424
301
258
284
424
301
259
284
424
301
260
284
424
301
257
284
532
126
364
124
538
99
371
100
538
99
374
99
437
299
271
282
437
299
270
282
454
66
296
58
454
66
298
58
375
316
208
300
375
316
209
299
375
316
208
299
351
163
194
142
439
79
284
68
439
79
283
69
497
131
339
126
497
131
345
126
497
131
342
126
458
95
305
86
458
95
303
86
458
95
302
86
458
95
303
87
458
95
306
86
465
69
307
62
465
69
309
61
465
69
310
61
465
69
308
62
512
128
345
125
416
96
260
82
456
75
299
67
392
339
225
323
392
339
223
323
392
339
222
323
392
339
224
323
392
339
225
322
407
122
252
107
407
122
249
106
456
95
302
86
456
95
300
86
472
92
315
85
472
92
315
86
452
66
296
58
452
66
298
58
459
73
302
65
459
73
303
65
459
73
301
65
412
117
258
102
412
117
258
103
412
117
256
103
412
117
257
103
468
79
311
72
468
79
309
73
468
79
309
72
468
79
311
71
468
79
310
72
396
338
229
321
396
338
227
322
396
338
228
321
396
338
228
322
396
338
226
322
473
91
317
86
456
74
300
66
456
74
299
66
456
74
301
66
377
317
210
300
345
167
189
147
539
95
373
96
485
66
326
62
485
66
325
62
485
66
327
62
485
66
328
62
468
213
304
202
468
78
311
72
468
78
309
72
468
78
310
71
468
78
311
71
468
78
310
72
529
127
356
125
529
127
362
125
529
127
365
125
529
127
354
125
529
127
359
125
425
300
259
284
425
300
260
284
425
300
260
283
433
85
279
74
433
85
278
73
394
339
225
323
394
339
227
322
394
339
228
321
394
339
224
323
394
339
226
322
394
339
225
322
449
61
294
52
484
132
325
126
484
132
328
126
455
82
299
73
455
82
298
74
455
82
296
74
487
132
325
126
487
132
328
126
487
132
331
126
415
116
258
102
415
116
259
102
415
116
260
102
483
68
326
63
483
68
325
63
419
114
262
101
419
114
261
101
419
114
262
100
419
114
263
100
419
114
264
100
463
70
305
63
463
70
306
63
463
70
307
62
463
70
308
62
453
67
298
59
453
67
298
58
467
94
311
87
467
94
310
87
437
163
279
152
403
325
236
309
467
67
311
60
467
67
309
60
467
67
310
61
437
80
282
70
437
80
282
69
437
80
283
69
379
319
212
302
460
95
305
86
460
95
303
87
460
95
306
86
467
79
311
72
467
79
309
73
467
79
308
73
467
79
309
72
467
79
310
71
467
79
311
71
467
79
310
72
460
94
305
86
460
94
303
86
460
94
302
86
460
94
304
85
460
94
306
86
463
94
306
86
463
94
308
86
477
60
319
55
455
75
299
67
455
75
299
66
527
127
347
125
527
127
351
125
527
127
348
125
527
127
356
125
527
127
362
125
527
127
354
125
527
127
353
125
527
127
359
125
333
247
169
228
333
247
172
229
333
247
166
228
461
94
305
86
461
94
303
86
461
94
302
86
461
94
306
86
442
77
286
68
410
119
256
103
410
119
254
104
410
119
253
104
410
119
251
105
410
119
257
103
410
119
255
104
410
119
252
105
512
129
345
126
512
129
342
126
442
84
290
74
442
84
289
74
442
84
287
74
442
84
289
75
490
91
329
87
490
91
331
87
490
91
330
87
490
91
330
86
462
70
305
63
462
70
306
63
462
70
307
62
414
117
258
102
414
117
259
102
414
117
258
103
414
117
256
103
414
117
257
103
414
117
260
102
457
95
303
86
457
95
302
86
457
95
300
86
434
165
277
153
434
165
275
153
436
81
282
70
387
309
220
292
462
71
304
64
462
71
306
63
462
71
305
64
429
86
276
74
361
166
203
147
361
166
203
146
466
79
311
72
466
79
309
73
466
79
307
73
466
79
308
73
466
79
309
72
466
79
310
71
466
79
311
71
466
79
310
72
458
82
301
74
458
82
302
74
420
157
262
143
420
157
264
143
420
157
263
143
420
157
259
143
442
299
275
282
442
299
273
282
485
91
325
86
540
96
372
97
536
100
371
100
348
269
184
251
426
156
267
143
426
156
268
143
426
156
268
144
422
301
256
284
422
301
257
284
488
92
328
87
488
92
329
87
333
248
166
228
333
248
168
229
491
90
330
86
409
119
254
104
409
119
253
104
409
119
251
105
409
119
252
105
482
92
322
87
482
92
322
86
473
62
316
56
473
62
317
56
487
91
328
86
431
166
275
153
472
64
314
58
472
64
315
58
472
64
316
57
464
69
307
62
464
69
309
61
464
69
308
62
416
157
257
143
416
157
254
143
416
157
259
143
417
157
257
143
417
157
262
143
417
157
259
143
479
93
319
87
520
128
347
125
520
128
348
125
520
128
345
125
459
72
304
64
459
72
303
65
396
336
229
321
396
336
228
321
538
95
372
96
538
95
371
96
439
299
271
282
439
299
272
282
439
299
270
282
456
81
299
73
456
81
302
72
440
77
284
68
440
77
286
68
430
86
276
74
514
128
345
125
485
92
325
87
485
92
326
87
485
92
324
87
459
93
304
85
376
316
209
300
376
316
209
299
422
300
256
284
422
300
257
282
422
300
257
284
415
157
257
143
415
157
254
143
415
157
259
143
472
63
316
56
472
63
317
56
459
80
302
72
484
67
326
63
484
67
325
63
379
318
212
302
455
74
300
66
455
74
299
66
417
115
262
101
417
115
261
101
417
115
260
101
440
85
286
74
440
85
287
74
440
85
286
75
351
162
194
142
465
68
309
61
465
68
310
61
520
127
345
124
416
95
260
82
351
268
187
252
351
268
186
252
410
118
256
103
410
118
254
104
410
118
253
104
482
68
326
63
482
68
325
63
414
116
258
102
414
116
259
102
414
116
260
102
464
80
306
74
464
80
309
73
464
80
307
73
464
80
308
73
464
80
309
72
464
80
305
73
464
80
310
72
464
80
306
73
352
268
187
252
533
127
368
125
438
80
283
69
442
85
287
74
442
85
289
75
411
118
258
103
411
118
256
103
411
118
254
104
411
118
253
104
411
118
257
103
411
118
255
104
472
91
315
85
483
64
325
60
438
299
271
282
438
299
272
282
438
299
270
282
460
72
304
64
460
72
303
65
460
72
305
64
395
339
225
323
395
339
229
321
395
339
227
322
395
339
228
321
395
339
228
322
395
339
226
322
395
339
225
322
435
83
280
72
378
318
211
302
497
90
336
87
441
85
286
74
441
85
287
74
441
85
286
75
441
85
289
75
470
93
314
86
462
81
306
74
462
81
307
73
462
81
308
73
462
81
304
74
462
81
305
73
462
81
306
73
523
87
355
87
407
120
249
106
407
120
251
105
407
120
252
105
466
78
309
72
466
78
310
71
466
78
311
71
466
78
310
72
488
91
328
87
488
91
330
86
488
91
328
86
465
94
311
86
465
94
308
86
465
94
308
87
441
299
272
282
441
299
273
282
539
99
371
100
539
99
374
99
457
74
300
66
457
74
299
66
457
74
301
66
426
120
266
108
426
120
267
107
493
91
332
87
493
91
333
87
419
113
262
100
419
113
263
100
