12_12_l.jpg
12_12_r.jpg
198
172
70
160
228
193
97
182
226
193
97
182
250
190
130
181
257
161
140
152
256
189
135
182
257
189
136
182
257
189
135
182
256
193
135
185
257
191
136
184
257
190
136
182
257
190
135
182
256
244
134
240
256
244
135
240
256
244
137
240
255
244
131
240
255
244
134
240
255
244
135
240
255
244
137
240
255
245
134
240
255
245
135
240
255
245
137
240
260
160
142
151
258
161
142
151
260
189
138
181
260
189
138
182
261
192
139
184
261
192
140
184
261
192
140
185
260
193
140
185
257
241
133
237
257
241
134
237
263
190
142
183
263
190
142
182
263
192
140
185
263
192
145
184
263
192
142
185
263
192
143
184
262
193
140
185
262
193
142
185
263
193
142
185
264
193
145
185
269
180
149
173
269
180
148
174
269
180
152
172
268
181
148
174
268
178
148
171
268
179
151
172
268
179
150
172
269
183
150
176
269
182
149
175
269
182
148
176
269
182
153
174
269
182
150
175
269
184
148
178
268
187
148
180
268
187
147
180
268
187
151
179
269
187
148
180
269
187
151
179
266
192
145
185
269
192
149
185
264
202
144
195
264
202
141
197
264
200
143
194
264
200
143
195
264
201
143
194
264
201
143
195
264
201
141
197
269
203
150
196
269
203
153
194
269
203
148
198
273
161
157
152
273
161
156
153
273
187
153
180
270
189
149
182
272
186
153
180
272
186
152
180
272
186
150
181
270
184
148
178
270
184
153
176
271
191
149
185
272
190
149
185
270
192
149
185
270
205
150
199
270
205
149
198
270
205
154
195
270
204
150
197
270
204
148
198
270
204
149
198
270
204
154
195
270
201
149
195
275
159
157
152
274
205
153
200
274
205
156
198
275
201
150
199
275
201
154
195
276
207
155
202
273
207
153
200
273
207
152
202
275
207
152
202
281
142
166
135
280
186
162
179
284
175
167
169
284
175
165
169
285
174
167
169
285
174
165
169
286
185
169
178
293
200
172
192
292
202
172
193
293
195
175
188
293
195
174
188
297
197
180
190
295
211
177
206
299
156
184
150
299
208
184
204
299
215
181
212
301
218
183
215
301
231
183
228
305
233
187
229
309
166
192
161
309
166
195
162
308
166
192
161
308
166
195
162
308
177
193
173
306
208
189
207
306
208
189
206
309
208
189
207
309
208
189
206
307
209
189
207
307
209
189
206
306
210
189
207
308
217
189
216
308
217
190
216
309
218
189
216
309
218
192
216
309
218
190
216
307
218
189
216
307
218
192
216
307
218
190
216
307
220
189
217
307
220
192
217
307
219
189
217
307
219
189
216
307
219
192
216
307
219
190
216
307
219
192
217
306
220
189
217
306
220
192
217
306
219
189
217
306
219
189
216
306
219
192
216
306
219
190
216
308
224
191
222
308
224
190
222
306
225
190
223
306
225
191
222
306
225
190
222
309
225
190
223
309
225
191
222
309
225
190
222
307
227
190
223
307
228
187
226
307
228
188
226
306
229
187
227
306
229
187
226
306
229
188
226
309
229
188
226
308
230
183
228
308
230
187
227
306
233
187
229
306
233
186
231
306
233
188
231
309
233
186
231
309
233
188
232
309
233
188
231
309
235
188
233
309
235
188
232
309
234
186
232
309
234
188
233
309
234
186
231
309
234
188
232
309
234
188
231
307
236
188
233
307
236
188
232
306
234
186
232
306
234
186
231
306
234
188
232
306
234
188
231
306
236
188
233
306
236
188
232
306
235
186
232
306
235
188
233
306
235
186
231
306
235
188
232
306
235
188
231
308
336
185
338
309
347
187
348
310
166
195
162
310
177
193
173
311
346
187
348
314
137
203
134
315
137
203
134
315
137
205
134
317
138
203
134
317
138
205
134
316
138
203
134
316
138
205
134
318
138
205
134
318
141
205
137
319
172
203
169
318
171
203
168
318
171
204
168
318
171
203
169
325
209
206
209
325
214
208
213
329
176
211
174
328
217
212
217
330
169
216
167
337
161
224
161
337
167
221
165
341
157
225
154
341
157
225
155
341
157
226
156
338
156
224
156
338
156
224
155
338
156
225
157
338
156
226
157
338
157
224
156
338
157
224
155
338
157
225
157
339
156
225
154
339
156
225
155
339
156
224
155
339
156
226
156
338
160
224
160
338
160
224
159
339
160
225
159
339
160
224
160
339
160
224
159
341
161
225
159
339
158
224
156
339
158
225
157
339
158
226
157
338
161
224
161
338
161
224
160
338
158
224
156
340
184
225
184
340
187
223
188
341
188
225
188
341
188
223
188
341
216
227
214
341
216
225
216
341
216
224
215
341
216
226
215
341
216
226
214
341
217
226
217
341
217
225
217
341
217
225
216
341
217
224
217
341
217
226
215
336
217
218
217
336
217
219
217
336
217
220
217
336
216
220
215
336
216
218
217
336
216
218
216
340
217
225
217
340
217
227
214
340
217
225
216
340
217
224
217
340
217
226
215
340
216
227
214
340
216
225
216
340
216
224
215
340
216
226
215
340
216
226
214
338
216
220
217
338
216
224
215
336
218
219
217
336
218
220
217
342
158
225
155
342
158
226
156
342
212
227
212
341
213
223
213
341
213
227
212
341
213
226
213
341
215
226
213
341
215
227
214
341
215
224
215
341
215
226
215
341
215
226
214
342
215
227
214
342
215
224
215
342
215
226
215
342
215
226
214
348
198
235
197
348
198
234
198
348
198
233
198
350
201
236
201
349
198
234
198
349
198
233
198
349
206
234
206
348
205
236
204
349
210
236
209
348
210
236
209
350
210
236
209
352
222
237
222
354
167
241
167
354
167
248
167
354
197
240
197
354
197
242
197
356
197
240
198
356
197
242
197
356
197
245
197
357
223
243
223
357
220
242
220
354
222
237
222
360
166
249
167
360
166
248
167
361
166
249
167
361
166
248
167
359
200
245
201
358
200
245
201
358
200
244
200
359
201
245
201
360
201
245
201
360
203
246
204
361
203
246
204
360
213
246
214
359
210
245
211
360
193
245
194
360
196
245
197
365
373
241
375
365
373
244
375
365
373
243
375
365
373
245
374
365
373
242
375
363
376
239
378
362
376
239
378
365
374
241
375
365
374
244
375
365
374
243
375
365
374
242
375
369
157
257
159
369
157
256
159
369
165
257
167
369
213
246
214
369
213
254
215
369
373
241
375
369
373
244
375
369
373
243
375
369
373
245
374
369
373
242
375
369
373
249
374
369
373
248
374
369
373
246
374
369
373
247
374
366
373
241
375
366
373
244
375
366
373
243
375
366
373
245
374
366
373
242
375
366
373
246
374
366
373
247
374
373
217
260
218
373
217
261
218
373
217
258
219
373
217
259
217
373
217
261
217
371
218
258
219
371
218
259
220
373
218
260
218
373
218
261
218
373
218
260
220
373
218
261
220
373
218
258
219
373
218
259
220
373
371
245
374
373
371
249
373
373
371
249
374
373
371
246
374
373
371
247
374
373
371
253
372
373
371
252
373
373
371
251
373
373
371
250
373
373
371
254
372
373
371
255
372
373
371
256
372
373
371
259
371
373
371
258
371
370
372
245
374
370
372
249
373
370
372
249
374
370
372
248
374
370
372
246
374
370
372
247
374
370
372
252
373
370
372
251
373
370
372
250
373
371
372
245
374
371
372
249
373
371
372
249
374
371
372
248
374
371
372
246
374
371
372
247
374
371
372
252
373
371
372
251
373
371
372
250
373
372
372
243
375
372
372
245
374
372
372
249
373
372
372
249
374
372
372
248
374
372
372
246
374
372
372
247
374
372
372
252
373
372
372
251
373
372
372
250
373
373
372
244
375
373
372
245
374
373
372
249
373
373
372
249
374
373
372
248
374
373
372
246
374
373
372
247
374
373
372
252
373
373
372
251
373
373
372
250
373
371
376
239
378
371
376
253
377
377
181
263
183
377
181
263
184
377
181
264
184
377
182
263
184
376
186
262
188
377
192
262
194
374
221
261
223
374
221
260
222
375
222
261
223
375
222
260
222
375
221
261
223
375
221
260
222
375
220
260
220
375
220
261
220
375
220
259
220
375
220
260
222
376
371
245
374
376
371
249
373
376
371
249
374
376
371
248
374
376
371
246
374
376
371
247
374
376
371
253
372
376
371
252
373
376
371
251
373
376
371
250
373
376
371
254
372
376
371
255
372
376
371
256
372
376
371
259
371
376
371
258
371
375
371
245
374
375
371
249
373
375
371
249
374
375
371
248
374
375
371
246
374
375
371
247
374
375
371
253
372
375
371
252
373
375
371
251
373
375
371
250
373
375
371
254
372
375
371
255
372
375
371
256
372
375
371
259
371
375
371
258
371
374
371
245
374
374
371
249
373
374
371
246
374
374
371
247
374
374
371
253
372
374
371
252
373
374
371
251
373
374
371
250
373
374
371
254
372
374
371
255
372
374
371
256
372
374
371
259
371
374
371
258
371
378
193
263
196
379
215
261
217
376
216
260
218
376
216
261
218
376
216
259
217
376
216
261
217
376
215
259
217
376
215
261
217
377
214
261
217
381
220
265
221
381
220
268
220
385
152
275
157
385
152
282
157
385
152
283
157
385
156
273
159
382
220
265
221
382
220
268
220
385
369
259
371
385
369
258
371
388
152
282
157
388
152
283
157
388
152
286
157
388
153
275
157
388
153
282
157
388
153
283
157
386
209
271
212
386
214
271
216
386
219
270
221
386
219
271
221
386
221
270
222
386
221
271
223
386
221
271
222
387
222
271
224
387
222
271
223
391
152
282
157
391
152
283
157
391
152
286
157
390
153
275
157
390
153
282
157
390
153
283
157
397
151
287
156
397
151
289
156
397
151
289
157
396
152
282
157
396
152
283
157
396
152
286
157
396
152
289
157
400
152
286
157
400
152
289
157
399
152
286
157
399
152
289
157
398
152
287
156
398
152
286
157
398
152
289
157
397
170
277
175
397
170
285
175
397
172
277
177
397
172
278
177
397
173
276
178
397
173
278
178
397
173
284
178
397
205
284
209
399
205
284
209
402
152
286
157
402
152
289
157
403
176
289
181
403
176
288
182
404
177
288
182
404
177
289
183
401
177
288
182
401
177
289
183
402
177
288
182
402
177
289
183
402
176
289
181
402
176
286
181
402
176
288
182
402
191
288
196
404
191
288
196
404
195
289
200
401
206
284
210
401
209
286
213
411
176
288
182
411
190
296
195
412
190
297
195
412
190
296
195
428
159
313
166
428
159
322
167
427
219
309
223
429
219
309
223
429
220
309
223
433
220
312
225
436
151
323
159
437
151
323
159
438
205
320
211
446
173
329
181
446
173
330
181
447
173
329
181
447
173
330
181
456
225
336
231
468
172
356
181
468
172
354
181
468
172
355
183
468
172
356
183
468
172
354
182
471
173
355
183
471
173
356
183
471
173
356
185
471
173
354
183
471
173
354
185
471
173
354
182
473
170
356
181
473
170
354
181
473
172
356
181
473
172
354
181
473
172
355
183
473
172
356
183
473
172
354
183
473
172
354
182
473
171
356
181
473
171
354
181
473
171
354
182
473
176
356
185
473
176
354
185
473
176
360
185
473
176
359
185
473
175
355
183
473
175
356
183
473
175
356
185
473
175
354
183
473
175
354
185
473
175
361
185
473
175
360
185
473
175
359
185
475
172
355
183
475
172
356
183
475
172
356
185
475
172
354
183
475
172
354
182
475
171
356
181
475
171
354
181
475
171
355
183
475
171
356
183
475
171
354
183
475
171
354
182
474
173
355
183
474
173
356
183
474
173
356
185
474
173
354
183
474
173
354
185
474
173
354
182
474
173
360
185
474
173
359
185
479
171
356
181
479
171
354
181
479
171
355
183
479
171
356
183
479
171
354
183
479
171
354
182
480
171
355
183
480
171
356
183
480
171
354
183
480
171
354
182
485
137
367
149
485
171
355
183
485
171
356
183
485
171
354
183
482
171
355
183
482
171
356
183
482
171
354
183
482
171
354
182
484
172
355
183
484
172
356
183
484
172
356
185
484
172
354
183
486
137
368
149
488
182
362
193
501
240
373
247
501
240
375
247
501
241
375
248
501
241
376
249
501
242
373
249
501
242
374
249
501
242
376
250
501
243
373
249
513
115
392
131
512
233
386
240
511
234
383
241
511
234
386
240
512
234
383
241
512
234
386
240
510
235
383
241
513
239
386
245
513
239
386
246
512
238
384
243
513
249
388
257
512
251
389
257
512
251
388
257
512
251
389
258
515
240
386
245
515
240
386
246
516
241
386
246
517
243
385
248
517
243
388
249
516
245
389
251
516
245
388
252
516
245
389
250
515
244
388
249
515
244
389
250
515
249
389
257
515
249
388
257
515
249
389
254
515
249
390
256
516
246
389
251
516
246
389
252
516
246
388
252
516
246
389
253
515
253
389
259
516
252
389
258
516
252
389
259
515
250
389
257
515
250
388
257
515
250
390
256
580
233
444
245
580
234
444
245
