img2.png
img3.png
241
293
257
248
312
428
237
396
313
428
237
396
313
431
236
397
317
429
236
397
317
429
237
396
314
428
236
395
314
428
237
396
314
431
236
397
315
430
236
397
315
430
236
395
315
430
237
396
316
430
236
397
316
430
237
396
315
431
236
397
317
431
236
397
317
430
236
397
317
430
237
396
319
429
236
397
319
429
237
396
321
428
236
397
321
428
236
395
321
428
237
396
321
429
236
397
321
429
236
395
321
429
237
396
318
431
236
397
325
427
237
396
324
427
237
396
323
427
237
396
322
428
236
397
322
428
236
395
322
428
237
396
323
430
236
397
323
430
236
395
323
430
237
396
329
431
236
395
329
431
237
396
328
432
236
395
