S14_01.png
S14_02.png
304
185
155
230
426
309
317
307
426
309
322
306
455
242
325
233
455
242
324
233
455
242
324
232
455
242
326
235
455
239
324
231
455
239
324
232
455
241
325
233
455
241
324
233
455
241
324
232
455
243
325
233
455
243
324
233
455
243
326
235
455
250
326
241
454
244
326
235
461
221
324
212
460
225
324
216
458
227
323
218
456
241
325
233
456
236
325
229
456
235
325
227
456
238
325
229
456
239
324
231
468
249
340
237
468
249
339
237
456
250
326
241
467
253
340
241
467
253
339
241
463
248
333
237
461
247
333
237
461
247
333
238
