Test240.jpg
Test241.jpg
424
176
328
185
448
156
365
168
449
172
364
182
449
172
362
182
450
156
365
168
450
157
365
168
451
168
366
178
452
168
367
178
452
168
366
178
452
172
366
182
451
172
364
182
451
172
366
182
490
251
399
259
526
148
435
160
528
146
435
160
528
146
434
160
559
208
464
215
559
208
465
215
561
209
466
216
561
209
467
216
560
208
465
215
561
221
463
228
561
221
462
228
559
220
463
228
559
220
462
228
561
224
463
231
561
223
461
230
560
223
461
230
560
224
461
230
560
224
463
231
559
223
461
230
564
208
469
216
564
208
468
215
565
207
469
215
562
208
467
215
562
209
467
217
562
209
467
216
563
221
463
228
563
222
465
229
563
225
463
231
565
222
465
229
565
222
466
229
564
222
465
229
565
224
467
230
565
224
468
230
567
207
472
215
567
208
472
216
569
208
473
215
569
208
472
215
569
207
473
214
569
207
474
214
566
208
470
216
566
208
471
216
566
224
471
231
571
207
473
214
571
207
474
214
570
208
473
215
570
208
472
215
572
206
477
213
572
226
471
234
572
226
473
234
572
226
475
233
572
226
477
233
572
226
474
234
571
228
475
235
571
226
471
234
571
226
475
233
571
226
474
233
570
226
474
233
572
228
475
235
575
207
478
215
577
220
478
228
576
226
472
235
576
226
475
235
576
226
476
234
576
226
475
234
576
226
478
234
577
226
475
235
577
226
478
234
575
227
475
235
575
227
478
235
574
227
475
235
574
227
478
234
580
224
480
232
580
224
479
233
580
224
482
232
578
225
476
234
578
225
475
234
578
225
479
233
578
225
482
232
582
224
479
233
