Test1027.jpg
Test1028_3.jpg
100
126
124
274
104
126
126
272
229
196
257
239
229
196
257
240
229
196
261
241
229
196
259
241
229
196
258
241
229
196
260
240
229
196
261
242
229
196
262
241
224
195
253
242
224
195
255
241
224
195
257
244
224
195
256
243
224
195
254
242
224
195
255
243
224
196
257
244
224
196
257
245
224
196
256
243
224
196
254
242
224
196
255
243
224
196
258
244
228
194
257
239
228
194
257
240
228
194
261
241
228
194
258
239
228
194
260
240
225
193
253
239
225
193
253
240
225
193
253
242
225
193
254
240
225
193
255
241
225
193
256
243
225
193
254
242
225
196
257
242
225
196
257
244
225
196
257
245
225
196
256
243
225
196
255
243
225
196
258
244
225
196
259
243
228
196
257
240
228
196
261
241
228
196
259
241
228
196
258
241
228
196
260
240
228
196
261
242
228
196
259
243
228
196
262
241
226
194
254
240
226
194
255
241
226
194
257
242
225
192
253
239
225
192
253
240
225
192
254
240
225
192
255
241
224
192
252
241
224
192
253
242
226
192
253
240
226
192
254
240
226
196
257
242
226
196
257
244
226
196
256
243
226
196
258
244
226
196
259
243
229
193
257
239
229
193
260
240
225
194
253
239
225
194
253
240
225
194
254
240
225
194
255
241
225
194
257
242
225
194
256
243
225
194
254
242
225
194
255
243
229
199
261
244
229
201
261
244
231
196
261
241
231
196
258
239
231
196
260
240
231
196
260
238
231
196
262
239
231
196
262
240
231
196
263
241
231
196
264
240
231
196
262
241
230
197
261
241
230
197
259
241
230
197
260
240
230
197
263
241
230
197
262
241
233
199
260
240
233
199
262
239
233
199
262
240
233
199
263
241
233
199
264
240
233
199
262
241
230
199
261
242
230
199
263
241
231
199
261
241
231
199
260
240
231
199
261
242
231
199
263
241
231
199
262
241
228
198
259
243
228
200
261
244
231
197
261
241
231
197
260
240
231
197
262
239
231
197
262
240
231
197
263
241
231
197
264
240
231
197
262
241
233
201
263
241
233
201
262
241
234
199
262
240
234
199
263
241
234
199
264
240
234
199
262
241
234
201
264
240
258
212
292
228
