paris_invalides_000662_pt_9.png
paris_invalides_000663.jpg
213
235
159
214
225
216
167
192
225
216
169
190
225
216
167
194
225
216
171
189
225
216
170
189
225
216
172
187
225
216
170
190
225
217
173
187
225
217
171
189
225
217
170
191
225
217
170
190
225
219
170
193
225
219
175
187
225
219
174
188
224
220
170
193
225
218
170
191
229
211
168
190
229
211
173
184
229
211
173
185
229
211
172
187
227
214
168
190
227
214
167
192
227
214
169
190
227
214
167
194
227
214
173
185
227
214
173
187
227
214
171
189
227
214
170
189
227
214
172
187
227
214
170
190
226
217
169
194
226
217
170
191
226
216
167
194
226
216
173
187
226
216
171
189
226
216
172
187
226
216
170
191
226
216
170
190
227
215
169
190
227
215
167
194
227
215
173
187
227
215
171
189
227
215
170
189
227
215
172
187
227
215
170
191
227
215
170
190
229
217
173
191
229
217
173
192
229
217
172
193
229
217
174
191
233
205
174
181
230
208
174
181
230
208
174
182
233
206
174
182
231
208
174
182
230
209
174
182
231
209
173
184
231
209
173
185
232
212
175
187
232
212
174
188
231
210
173
185
231
210
172
187
231
210
176
183
232
210
173
187
232
210
172
187
232
210
176
184
232
210
176
183
232
210
177
182
231
211
173
187
231
211
170
189
231
211
172
187
231
211
176
184
231
211
176
183
231
211
177
182
230
210
173
184
230
210
173
185
230
213
173
187
230
213
171
189
230
213
170
191
230
213
170
190
230
213
174
188
233
214
178
186
230
215
173
191
230
215
175
187
230
215
174
188
231
214
175
187
231
214
174
188
230
216
173
191
230
216
173
192
230
216
174
191
230
216
178
186
231
218
175
192
230
219
175
192
237
204
181
178
234
209
176
184
234
209
177
182
235
207
176
183
235
207
177
182
234
207
176
183
234
207
177
182
237
209
181
182
237
209
180
183
236
210
181
182
236
210
180
183
236
210
178
186
236
212
178
186
236
212
180
186
238
206
181
180
314
224
316
224
314
230
316
230
315
229
317
229
318
213
320
212
321
216
320
212
328
257
339
271
328
257
339
270
328
258
339
271
328
258
339
270
328
260
339
272
328
260
339
273
328
261
339
271
328
261
339
270
328
261
339
272
328
261
339
273
328
263
339
273
328
262
339
271
328
262
339
272
328
262
339
273
353
305
402
345
357
305
404
345
357
308
404
348
358
305
406
345
358
303
406
344
358
303
407
344
363
304
410
345
363
302
411
344
