cars_1_candidate.jpg
cars_1_reference.jpg
600
83
543
76
600
83
543
78
472
52
418
45
472
52
418
46
488
77
436
70
358
53
309
46
358
53
310
46
104
44
55
30
104
44
57
30
104
44
55
29
105
45
55
30
105
45
57
31
105
45
57
30
105
45
56
31
104
45
55
30
104
45
57
31
104
45
57
30
104
45
56
31
601
85
543
80
105
44
57
30
105
44
55
29
478
52
425
45
478
52
426
45
487
66
434
59
599
88
543
81
599
88
543
83
599
88
543
82
495
73
442
66
486
68
434
62
486
68
433
61
486
65
434
59
486
65
433
58
470
50
417
43
487
65
435
58
359
51
308
45
471
52
418
45
471
52
418
46
471
52
417
46
603
86
545
80
603
86
546
81
603
86
546
80
599
89
543
83
104
47
57
32
104
47
56
32
598
91
542
85
357
53
309
46
358
54
310
46
356
53
308
45
600
85
543
80
488
65
435
58
488
72
437
66
488
72
436
65
491
77
439
70
600
88
543
83
600
88
543
84
600
88
543
82
600
88
544
81
600
82
543
76
600
82
543
78
477
51
423
44
477
51
425
45
477
51
426
45
486
66
433
59
600
84
543
80
600
84
543
78
478
51
423
44
478
51
425
45
478
51
425
44
478
51
426
45
357
52
308
45
603
87
546
81
603
87
546
80
357
50
306
44
356
52
308
44
356
52
308
45
599
87
543
81
599
87
543
80
599
87
543
82
487
69
434
62
602
85
545
80
602
85
545
79
358
52
308
45
479
52
425
45
479
52
426
45
477
52
425
45
599
84
543
78
