stop_sign_1_candidate.jpg
stop_sign_1_reference.jpg
289
117
169
97
289
117
169
99
289
117
173
66
289
117
172
73
289
117
172
76
289
117
171
76
289
117
172
78
289
117
171
78
289
117
170
86
289
117
170
87
289
117
170
88
289
119
169
97
289
119
169
99
289
119
172
73
289
119
172
76
289
119
171
76
289
119
172
78
289
119
171
78
289
119
170
86
289
119
170
87
289
119
170
88
289
119
170
96
289
119
170
97
289
129
169
97
289
129
169
99
289
129
169
105
289
129
168
109
289
129
168
107
289
129
168
108
289
129
169
108
289
129
169
107
289
129
167
118
289
129
167
120
289
129
167
119
289
129
172
78
289
129
172
83
289
129
170
87
289
129
170
88
289
129
170
96
289
129
170
97
289
129
170
99
289
129
170
105
289
127
169
97
289
127
169
99
289
127
169
105
289
127
168
109
289
127
168
107
289
127
168
108
289
127
169
108
289
127
169
107
289
127
167
118
289
127
167
119
289
127
172
76
289
127
172
78
289
127
172
83
289
127
170
87
289
127
170
88
289
127
170
96
289
127
170
97
289
127
170
99
289
127
170
105
288
137
169
97
288
137
169
99
288
137
169
105
288
137
168
109
288
137
168
107
288
137
168
108
288
137
169
108
288
137
169
107
288
137
167
118
288
137
167
120
288
137
168
118
288
137
168
119
288
137
167
119
288
137
170
87
288
137
170
88
288
137
170
96
288
137
170
97
288
137
170
99
289
138
169
99
289
138
169
105
289
138
168
109
289
138
168
107
289
138
168
108
289
138
169
108
289
138
169
107
289
138
167
118
289
138
167
120
289
138
168
120
289
138
168
118
289
138
168
119
289
138
167
119
289
138
172
91
289
138
170
96
289
138
170
97
289
138
170
99
289
138
171
103
289
138
170
105
289
138
170
107
288
138
169
97
288
138
169
99
288
138
169
105
288
138
168
109
288
138
168
107
288
138
168
108
288
138
169
108
288
138
169
107
288
138
167
118
288
138
167
120
288
138
168
118
288
138
168
119
288
138
167
119
288
138
170
87
288
138
170
88
288
138
170
96
288
138
170
97
288
138
170
99
288
138
170
105
288
139
169
97
288
139
169
99
288
139
169
105
288
139
168
109
288
139
168
107
288
139
168
108
288
139
169
108
288
139
169
107
288
139
167
118
288
139
167
120
288
139
168
120
288
139
168
118
288
139
168
119
288
139
167
119
288
139
170
88
288
139
170
96
288
139
170
97
288
139
170
99
288
139
170
105
289
147
169
108
289
147
169
107
289
147
168
120
289
147
168
118
289
147
168
119
289
147
167
139
289
147
166
140
289
147
167
140
289
147
172
91
289
147
172
97
289
147
172
96
289
147
172
94
289
147
170
99
289
147
171
103
289
147
170
105
289
147
171
105
289
147
171
107
289
147
170
107
289
147
170
116
289
147
170
115
288
149
169
105
288
149
168
109
288
149
168
107
288
149
168
108
288
149
169
108
288
149
169
107
288
149
167
118
288
149
168
118
288
149
167
119
288
149
170
96
288
149
170
97
288
149
170
99
288
149
170
105
288
149
170
107
288
148
169
105
288
148
168
109
288
148
168
107
288
148
168
108
288
148
169
108
288
148
169
107
288
148
167
118
288
148
167
120
288
148
168
120
288
148
168
118
288
148
168
119
288
148
167
119
288
148
166
140
288
148
166
142
288
148
170
96
288
148
170
97
288
148
170
99
288
148
170
105
288
148
170
107
288
147
169
99
288
147
169
105
288
147
168
109
288
147
168
107
288
147
168
108
288
147
169
108
288
147
169
107
288
147
167
118
288
147
167
120
288
147
168
120
288
147
168
118
288
147
168
119
288
147
167
119
288
147
166
140
288
147
170
96
288
147
170
97
288
147
170
99
288
147
170
105
288
147
170
107
288
150
169
105
288
150
168
109
288
150
169
108
288
150
169
107
288
150
167
118
288
150
168
118
288
150
167
119
288
150
170
96
288
150
170
97
288
150
170
99
288
150
170
105
288
150
170
107
289
163
171
105
289
163
171
107
289
163
170
116
289
163
170
115
289
165
168
145
289
165
168
149
289
165
168
148
289
165
168
150
289
165
166
151
289
165
166
150
289
165
166
153
289
165
171
114
288
166
165
150
288
166
165
151
288
166
165
153
288
166
168
145
288
166
168
149
288
166
168
148
288
166
166
151
288
166
166
150
288
166
166
153
288
166
170
116
288
166
170
115
289
168
168
145
289
168
168
149
289
168
168
148
289
168
168
151
289
168
168
150
289
168
166
151
289
168
166
153
287
168
165
150
287
168
165
151
287
168
165
153
287
168
166
151
287
168
166
150
289
166
165
153
289
166
168
145
289
166
168
149
289
166
168
148
289
166
168
151
289
166
168
150
289
166
166
151
289
166
166
150
289
166
166
153
289
166
171
114
289
166
171
116
288
168
165
151
288
168
165
153
288
168
168
145
288
168
168
149
288
168
168
148
288
168
168
150
288
168
166
151
288
168
166
150
288
168
166
153
287
169
165
150
287
169
165
151
287
169
165
153
287
169
166
151
287
169
166
150
287
169
166
153
287
170
165
151
287
170
165
153
287
170
166
151
287
170
166
150
287
170
166
153
288
170
165
153
288
170
168
149
288
170
168
148
288
170
168
151
288
170
168
150
288
170
166
151
288
170
166
153
287
176
165
159
287
176
165
161
289
178
167
161
289
179
167
161
286
179
164
161
286
179
164
164
286
179
164
162
288
186
165
170
292
67
175
27
292
67
174
36
292
67
174
34
292
67
174
35
292
68
175
27
292
68
174
36
292
68
174
34
292
68
174
35
292
77
173
45
292
77
175
27
292
77
176
27
292
77
176
30
292
77
176
33
292
77
176
34
292
77
174
36
292
77
174
34
292
77
175
35
292
77
174
35
292
77
174
37
292
77
175
37
292
77
174
42
291
77
173
45
291
77
175
27
291
77
174
36
291
77
174
34
291
77
174
35
291
77
174
37
293
75
175
27
293
75
176
27
293
75
177
31
293
75
176
30
293
75
177
30
293
75
176
32
293
75
176
33
293
75
176
34
293
75
174
36
293
75
174
34
293
75
175
35
293
75
174
35
293
75
174
37
293
75
175
37
293
75
174
42
293
75
174
47
292
78
173
45
292
78
175
27
292
78
176
27
292
78
176
30
292
78
174
36
292
78
174
34
292
78
175
35
292
78
174
35
292
78
174
37
292
78
175
37
292
78
175
38
292
79
173
45
292
79
175
27
292
79
176
27
292
79
176
30
292
79
174
36
292
79
174
34
292
79
175
35
292
79
174
35
292
79
174
37
292
79
175
37
292
79
175
38
292
79
174
47
291
79
173
45
291
79
175
27
291
79
176
27
291
79
174
36
291
79
174
34
291
79
175
35
291
79
174
35
291
79
174
37
291
79
175
37
291
78
173
45
291
78
175
27
291
78
176
27
291
78
174
36
291
78
174
34
291
78
175
35
291
78
174
35
291
78
174
37
291
78
175
37
293
81
173
53
293
81
173
57
293
81
173
56
293
81
173
55
293
81
176
27
293
81
177
31
293
81
176
30
293
81
177
30
293
81
176
32
293
81
176
33
293
81
176
34
293
81
175
35
293
81
175
37
293
81
176
39
293
81
175
38
293
81
176
40
293
81
174
42
293
81
174
47
293
82
173
53
293
82
173
57
293
82
173
56
293
82
173
55
293
82
172
65
293
82
176
27
293
82
177
31
293
82
176
30
293
82
177
30
293
82
176
32
293
82
176
33
293
82
177
35
293
82
176
34
293
82
175
35
293
82
175
37
293
82
176
39
293
82
175
38
293
82
176
40
293
82
174
42
293
82
176
43
293
82
176
42
293
82
174
47
293
84
173
53
293
84
173
57
293
84
173
56
293
84
173
55
293
84
172
67
293
84
172
66
293
84
177
31
293
84
176
30
293
84
177
30
293
84
176
32
293
84
176
33
293
84
177
35
293
84
176
34
293
84
175
35
293
84
175
37
293
84
176
39
293
84
175
38
293
84
176
40
293
84
174
42
293
84
176
45
293
84
176
43
293
84
176
42
293
84
174
47
293
84
175
52
293
85
173
57
293
85
173
56
293
85
173
55
293
85
172
67
293
85
177
31
293
85
176
30
293
85
177
30
293
85
176
32
293
85
176
33
293
85
177
35
293
85
176
34
293
85
175
35
293
85
175
37
293
85
176
39
293
85
175
38
293
85
176
40
293
85
174
42
293
85
176
45
293
85
176
43
293
85
176
42
293
85
174
47
293
85
175
52
293
85
175
53
293
85
175
56
293
85
175
55
293
87
173
57
293
87
173
56
293
87
173
55
293
87
177
31
293
87
177
30
293
87
176
32
293
87
176
33
293
87
177
35
293
87
176
34
293
87
175
37
293
87
176
39
293
87
175
38
293
87
176
40
293
87
176
45
293
87
176
43
293
87
176
42
293
87
174
47
293
87
175
56
293
87
175
55
291
87
173
45
291
87
173
53
291
87
172
55
291
87
172
57
291
87
173
57
291
87
173
56
291
87
173
55
291
87
172
56
291
87
175
27
291
87
176
27
291
87
176
30
291
87
176
32
291
87
174
36
291
87
174
34
291
87
175
35
291
87
174
35
291
87
174
37
291
87
175
37
291
87
175
38
291
87
174
42
291
87
174
47
291
88
173
45
291
88
173
53
291
88
172
55
291
88
172
57
291
88
173
57
291
88
173
56
291
88
173
55
291
88
172
56
291
88
176
27
291
88
176
30
291
88
176
32
291
88
174
36
291
88
174
34
291
88
175
35
291
88
174
35
291
88
174
37
291
88
175
37
291
88
175
38
291
88
174
42
291
88
174
47
293
93
173
66
293
93
173
67
293
93
173
68
293
93
172
73
293
93
173
73
293
93
176
39
293
93
176
40
293
93
176
45
293
93
176
43
293
93
176
42
293
93
177
47
293
93
176
50
293
93
176
52
293
93
175
52
293
93
175
53
293
93
175
56
293
93
175
55
293
93
174
59
293
93
174
60
293
93
175
60
293
93
174
62
293
93
175
62
293
93
174
65
293
93
174
63
293
94
173
66
293
94
173
67
293
94
173
68
293
94
172
73
293
94
173
73
293
94
172
76
293
94
176
40
293
94
176
45
293
94
176
43
293
94
176
42
293
94
177
47
293
94
176
50
293
94
176
52
293
94
175
52
293
94
175
53
293
94
175
56
293
94
175
55
293
94
174
59
293
94
174
60
293
94
175
60
293
94
174
62
293
94
175
62
293
94
174
65
293
94
174
63
293
97
173
66
293
97
173
67
293
97
173
68
293
97
172
78
293
97
176
45
293
97
176
43
293
97
177
47
293
97
176
50
293
97
176
52
293
97
175
53
293
97
175
56
293
97
175
55
293
97
174
59
293
97
174
60
293
97
175
60
293
97
176
61
293
97
174
62
293
97
175
62
293
97
174
65
293
97
174
63
290
97
173
45
290
97
173
53
290
97
172
55
290
97
172
57
290
97
173
57
290
97
173
56
290
97
173
55
290
97
172
56
290
97
172
65
290
97
172
67
290
97
172
66
290
97
175
35
290
97
175
37
290
97
175
38
290
97
174
42
290
97
174
47
292
94
173
53
292
94
173
57
292
94
173
56
292
94
173
55
292
94
172
65
292
94
173
66
292
94
173
67
292
94
172
67
292
94
172
66
292
94
173
68
292
94
172
73
292
94
171
76
292
94
177
31
292
94
177
30
292
94
177
35
292
94
176
39
292
94
176
40
292
94
176
45
292
94
176
43
292
94
176
42
292
94
174
47
292
94
175
52
292
94
175
53
292
94
175
56
292
94
175
55
292
94
174
59
292
94
174
60
292
94
174
62
292
94
174
63
291
97
173
53
291
97
172
55
291
97
172
57
291
97
173
57
291
97
173
56
291
97
173
55
291
97
172
56
291
97
172
65
291
97
173
66
291
97
173
67
291
97
172
67
291
97
172
66
291
97
173
68
291
97
171
76
291
97
176
34
291
97
176
39
291
97
175
38
291
97
174
47
291
97
174
59
291
97
174
60
290
99
173
53
290
99
172
55
290
99
172
57
290
99
173
57
290
99
173
56
290
99
173
55
290
99
172
56
290
99
172
65
290
99
172
67
290
99
172
66
290
99
175
37
290
99
175
38
290
99
174
42
290
99
174
47
292
103
173
66
292
103
173
67
292
103
173
68
292
103
172
73
292
103
173
73
292
103
172
76
292
103
173
74
292
103
172
78
292
103
176
50
292
103
176
52
292
103
175
52
292
103
175
53
292
103
175
56
292
103
175
55
292
103
174
59
292
103
174
60
292
103
175
60
292
103
174
62
292
103
175
62
292
103
174
65
292
103
174
63
292
103
174
71
292
103
174
72
292
103
174
73
293
103
173
73
293
103
173
74
293
103
172
78
293
103
172
83
293
103
173
82
293
103
176
52
293
103
177
51
293
103
175
60
293
103
176
61
293
103
176
65
293
103
175
62
293
103
174
71
293
103
174
72
293
103
174
73
293
103
178
41
292
104
173
66
292
104
173
68
292
104
172
73
292
104
173
73
292
104
172
76
292
104
173
74
292
104
172
78
292
104
172
83
292
104
176
50
292
104
176
52
292
104
175
53
292
104
175
56
292
104
175
55
292
104
174
59
292
104
174
60
292
104
175
60
292
104
174
62
292
104
175
62
292
104
174
65
292
104
174
63
292
104
174
71
292
104
174
72
292
104
174
73
292
105
173
68
292
105
173
73
292
105
172
76
292
105
173
74
292
105
172
78
292
105
172
83
292
105
176
50
292
105
176
52
292
105
175
56
292
105
175
55
292
105
174
60
292
105
175
60
292
105
174
62
292
105
175
62
292
105
174
65
292
105
174
63
292
105
174
71
292
105
174
72
292
105
174
73
292
107
173
73
292
107
173
74
292
107
172
78
292
107
176
52
292
107
175
60
292
107
174
62
292
107
175
62
292
107
174
65
292
107
174
63
292
107
174
71
292
107
174
72
292
107
174
73
292
107
174
76
290
107
173
57
290
107
173
56
290
107
173
55
290
107
172
65
290
107
173
66
290
107
173
67
290
107
172
67
290
107
172
66
290
107
173
68
290
107
172
73
290
107
172
76
290
107
171
76
290
107
172
78
290
107
171
78
290
107
170
86
290
107
170
87
290
107
170
88
292
111
172
83
292
111
173
82
292
111
173
84
292
111
173
86
292
111
170
99
292
111
176
61
292
111
175
62
292
111
174
71
292
111
174
72
292
111
174
73
292
111
174
76
290
114
169
97
290
114
169
99
290
114
173
66
290
114
173
67
290
114
173
68
290
114
172
73
290
114
173
73
290
114
172
76
290
114
173
74
290
114
172
78
290
114
171
78
290
114
172
83
290
114
170
86
290
114
170
87
290
114
170
88
290
114
170
96
290
114
170
97
290
114
174
60
290
114
174
62
290
114
174
63
290
117
169
97
290
117
169
99
290
117
173
73
290
117
172
76
290
117
173
74
290
117
172
78
290
117
172
83
290
117
170
86
290
117
170
87
290
117
170
88
290
117
170
96
290
117
170
97
290
117
170
99
290
117
174
65
290
117
174
63
291
115
169
99
291
115
169
105
291
115
173
73
291
115
173
74
291
115
172
78
291
115
172
83
291
115
173
82
291
115
173
84
291
115
173
86
291
115
170
96
291
115
170
97
291
115
170
99
291
115
175
60
291
115
175
62
291
115
174
65
291
115
174
71
291
115
174
72
291
115
174
73
291
115
174
76
291
114
169
99
291
114
173
73
291
114
173
74
291
114
172
78
291
114
172
83
291
114
173
82
291
114
173
84
291
114
173
86
291
114
170
96
291
114
170
97
291
114
170
99
291
114
175
60
291
114
175
62
291
114
174
65
291
114
174
71
291
114
174
72
291
114
174
73
291
114
174
76
292
117
173
82
292
117
173
84
292
117
173
86
292
117
172
91
292
117
172
97
292
117
172
96
292
117
176
65
292
117
175
76
292
117
174
76
292
117
175
78
293
119
172
97
293
119
172
96
293
119
172
94
293
119
172
104
293
119
171
103
293
119
171
105
293
119
171
107
293
119
175
78
291
125
169
105
291
125
169
108
291
125
169
107
291
125
173
82
291
125
173
84
291
125
173
86
291
125
172
91
291
125
172
97
291
125
172
96
291
125
172
94
291
125
170
97
291
125
170
99
291
125
171
103
291
125
170
105
291
125
171
105
291
125
171
107
291
125
170
107
291
125
174
76
291
124
169
105
291
124
169
108
291
124
169
107
291
124
173
82
291
124
173
84
291
124
173
86
291
124
172
91
291
124
172
97
291
124
172
96
291
124
170
96
291
124
172
94
291
124
170
97
291
124
170
99
291
124
171
103
291
124
170
105
291
124
171
105
291
124
171
107
291
124
170
107
291
124
174
76
290
123
169
97
290
123
169
99
290
123
169
105
290
123
168
109
290
123
168
107
290
123
168
108
290
123
169
108
290
123
169
107
290
123
168
118
290
123
173
74
290
123
172
83
290
123
173
82
290
123
172
91
290
123
170
96
290
123
172
94
290
123
170
97
290
123
170
99
290
123
170
105
290
123
170
107
291
127
169
108
291
127
169
107
291
127
173
82
291
127
173
84
291
127
173
86
291
127
172
91
291
127
172
97
291
127
172
96
291
127
172
94
291
127
170
97
291
127
170
99
291
127
171
103
291
127
170
105
291
127
171
105
291
127
171
107
291
127
170
107
291
127
174
76
291
126
169
108
291
126
169
107
291
126
173
82
291
126
173
84
291
126
173
86
291
126
172
91
291
126
172
97
291
126
172
96
291
126
172
94
291
126
170
97
291
126
170
99
291
126
171
103
291
126
170
105
291
126
171
105
291
126
171
107
291
126
170
107
291
126
174
76
291
133
167
139
291
133
167
140
291
133
173
86
291
133
172
91
291
133
172
97
291
133
172
96
291
133
172
94
291
133
172
104
291
133
171
103
291
133
170
105
291
133
171
105
291
133
171
107
291
133
170
107
291
133
171
114
291
133
171
116
291
133
170
116
291
133
170
115
291
137
173
86
291
137
172
97
291
137
172
96
291
137
172
94
291
137
172
104
291
137
171
103
291
137
170
105
291
137
171
105
291
137
171
107
291
137
170
107
291
137
171
114
291
137
171
116
291
137
170
116
291
137
170
115
290
135
169
105
290
135
169
108
290
135
169
107
290
135
168
120
290
135
168
118
290
135
168
119
290
135
167
139
290
135
166
140
290
135
167
140
290
135
173
82
290
135
173
84
290
135
173
86
290
135
172
91
290
135
172
97
290
135
172
96
290
135
172
94
290
135
170
97
290
135
170
99
290
135
171
103
290
135
170
105
290
135
171
105
290
135
171
107
290
135
170
107
290
135
170
116
290
135
170
115
291
135
167
139
291
135
167
140
291
135
172
91
291
135
172
97
291
135
172
96
291
135
172
94
291
135
172
104
291
135
171
103
291
135
170
105
291
135
171
105
291
135
171
107
291
135
170
107
291
135
171
114
291
135
171
116
291
135
170
116
291
135
170
115
290
134
169
105
290
134
169
108
290
134
169
107
290
134
168
120
290
134
168
118
290
134
168
119
290
134
167
139
290
134
166
140
290
134
167
140
290
134
173
82
290
134
173
84
290
134
173
86
290
134
172
91
290
134
172
97
290
134
172
96
290
134
170
96
290
134
172
94
290
134
170
97
290
134
170
99
290
134
171
103
290
134
170
105
290
134
171
105
290
134
171
107
290
134
170
107
290
134
170
116
290
134
170
115
290
147
167
139
290
147
167
140
290
147
172
97
290
147
172
96
290
147
172
94
290
147
172
104
290
147
171
103
290
147
171
105
290
147
171
107
290
147
170
107
290
147
171
114
290
147
171
116
290
147
170
116
290
147
170
115
290
155
172
104
296
63
177
31
296
63
177
30
294
65
176
30
294
65
176
32
294
65
176
33
294
65
175
35
294
65
175
37
294
65
174
42
294
72
176
27
294
72
177
31
294
72
176
30
294
72
177
30
294
72
176
32
294
72
176
33
294
72
176
34
294
72
175
35
294
72
175
37
294
72
175
38
294
72
174
47
297
77
177
51
297
77
180
27
297
77
178
41
294
75
177
31
294
75
176
30
294
75
177
30
294
75
176
32
294
75
176
33
294
75
177
35
294
75
176
34
294
75
175
35
294
75
175
37
294
75
175
38
294
75
176
40
294
75
174
47
295
79
177
31
295
79
177
30
295
79
177
35
295
79
176
39
295
79
176
40
295
79
176
45
295
79
176
43
295
79
176
42
295
79
177
47
296
85
177
47
296
85
177
51
296
85
180
27
296
85
178
41
295
89
177
47
295
89
176
50
295
89
176
52
295
89
177
51
295
89
175
60
295
89
176
61
295
89
175
62
295
89
180
27
295
89
178
41
296
96
176
65
296
96
177
63
296
96
176
68
296
96
175
76
296
96
175
78
296
96
181
34
294
109
173
84
294
109
173
86
294
109
177
63
294
109
176
68
294
109
175
76
294
109
175
78
295
104
177
63
295
104
176
68
295
104
175
76
295
104
175
78
296
186
173
171
301
96
181
73
301
96
184
55
300
124
179
104
300
124
178
115
300
124
181
85
300
124
181
86
300
124
182
86
300
124
181
97
300
124
181
96
301
124
181
107
301
124
180
107
301
124
183
84
301
124
181
97
301
124
181
96
297
129
177
107
297
129
176
107
297
129
177
110
301
128
181
107
301
128
180
107
301
128
179
118
301
128
181
97
301
128
181
96
299
126
179
104
299
126
181
85
299
126
181
86
300
126
179
104
300
126
180
107
300
126
178
115
300
126
182
86
300
126
181
97
300
126
181
96
298
134
179
104
298
134
177
110
298
134
178
115
298
134
176
118
298
134
181
85
299
136
179
104
299
136
180
107
299
136
179
117
299
136
178
115
299
136
179
118
299
136
181
97
299
136
181
96
298
147
175
138
298
147
175
139
298
147
179
104
298
147
179
117
298
147
178
115
298
147
179
118
298
146
175
138
298
146
175
139
298
146
179
104
298
146
179
117
298
146
178
115
298
146
179
118
299
147
180
107
299
147
179
117
299
147
179
118
299
147
180
118
299
147
181
97
297
165
176
147
297
165
176
148
298
167
176
147
298
167
176
148
298
167
177
151
298
167
177
150
298
168
176
148
298
168
177
151
298
168
177
150
299
170
178
153
299
175
178
159
301
175
178
159
298
188
176
172
300
84
184
32
302
85
185
34
300
83
184
32
305
95
188
52
305
95
188
51
305
95
188
54
300
93
185
34
300
93
180
68
305
92
188
52
305
92
188
51
301
95
181
73
301
95
184
55
302
98
182
75
302
98
184
55
302
104
182
76
302
104
182
75
302
104
183
75
300
105
181
73
300
105
182
75
301
106
182
76
301
106
182
75
301
106
183
75
301
106
181
85
300
106
181
73
300
106
182
76
300
106
182
75
305
115
185
93
305
115
185
96
305
115
186
85
300
116
182
76
300
116
181
85
300
116
181
86
301
118
183
84
301
118
181
86
301
118
182
86
301
118
181
97
301
118
181
96
304
125
185
96
304
125
186
85
304
125
184
106
303
143
184
106
305
148
186
107
303
146
184
106
303
177
181
161
303
177
181
160
302
176
181
158
303
185
180
171
303
185
180
170
303
187
180
172
303
187
180
171
303
187
181
171
303
187
180
170
303
187
181
172
304
187
181
171
304
187
181
172
302
187
180
171
302
187
180
170
302
188
180
172
302
188
180
171
302
200
179
187
303
202
180
186
305
205
183
188
305
205
182
188
305
205
183
189
306
115
185
96
306
115
186
93
306
117
186
93
304
126
185
93
304
126
185
96
304
126
186
85
304
126
184
106
306
127
185
104
306
127
184
117
306
127
186
107
305
135
185
104
305
135
184
116
305
135
184
117
306
204
183
188
306
204
183
189
309
185
186
171
309
187
186
171
313
94
196
51
402
343
319
330
409
29
295
42
412
1
300
2
413
2
300
2
413
8
299
8
412
9
299
10
413
9
299
8
413
9
299
10
412
12
297
11
413
17
299
17
412
19
297
18
412
19
299
20
413
20
299
20
413
18
300
19
412
21
297
20
412
29
297
30
413
26
299
25
413
26
298
26
413
26
299
26
410
29
296
28
410
29
296
39
412
27
298
26
413
31
299
36
413
31
299
39
411
32
296
27
411
32
296
28
411
32
297
30
413
30
299
36
413
30
299
39
410
31
296
28
410
31
296
39
413
36
299
36
413
36
299
39
412
37
297
30
413
35
299
36
413
35
299
39
412
36
297
30
413
37
299
36
413
37
299
39
413
41
299
39
410
39
295
42
410
40
295
42
412
39
297
30
410
41
295
42
413
46
298
45
413
46
298
44
413
46
298
47
413
46
298
48
410
48
295
42
410
48
295
49
410
48
295
47
410
48
295
56
410
48
295
57
413
49
298
45
413
49
298
44
413
49
298
47
413
49
298
48
413
49
298
53
410
50
295
42
410
50
295
49
410
50
295
47
410
50
295
56
410
50
295
57
412
56
297
64
413
54
298
45
413
54
298
44
413
54
298
47
413
54
298
48
413
54
298
53
413
54
298
54
413
54
298
63
413
55
298
45
413
55
298
44
413
55
298
47
413
55
298
48
413
55
298
53
413
55
298
54
413
55
298
63
412
58
296
49
412
58
297
64
410
60
295
56
410
60
295
57
410
60
295
66
410
59
295
49
410
59
295
56
410
59
295
57
410
59
295
66
413
59
298
45
413
59
298
47
413
59
298
48
413
59
298
53
413
59
298
54
413
59
298
63
413
59
298
67
410
58
295
49
410
58
295
56
410
58
295
57
410
58
295
66
413
67
297
64
413
67
298
53
413
67
298
54
413
67
298
63
413
67
298
67
413
68
297
64
413
68
298
53
413
68
298
54
413
68
298
63
413
68
298
67
410
69
295
56
410
69
295
66
411
72
295
56
411
72
295
57
411
72
295
66
412
75
296
49
412
75
296
56
412
75
296
59
412
75
296
69
412
74
296
56
412
74
296
59
412
74
296
69
413
74
297
64
413
74
297
73
413
74
298
63
413
74
298
67
412
76
296
49
412
76
296
56
412
76
296
59
412
76
296
69
413
78
297
64
413
78
297
73
413
85
297
64
413
85
297
73
413
85
297
82
413
85
297
83
413
82
297
64
413
82
297
73
411
89
295
78
411
89
295
88
410
89
294
86
410
88
294
86
413
86
297
73
413
86
297
82
413
86
297
83
410
86
294
86
413
87
297
73
413
87
297
82
413
87
297
83
413
93
297
82
413
93
297
83
413
93
297
91
413
93
297
92
412
94
295
78
418
5
305
4
418
5
305
5
425
37
310
28
425
37
311
36
422
42
307
37
420
45
305
35
420
45
305
32
420
45
305
27
420
45
305
30
425
45
310
28
425
45
311
36
424
77
309
70
424
77
309
77
425
79
309
61
425
79
309
70
423
83
308
85
425
88
309
70
425
88
309
77
425
28
310
28
425
28
311
36
427
49
312
41
427
50
312
41
425
54
310
28
425
54
310
44
425
54
311
65
425
62
310
44
427
67
311
65
427
66
311
65
425
70
309
61
427
70
311
65
425
71
309
61
427
77
311
65
427
77
311
73
427
74
311
65
427
83
311
65
427
83
311
73
427
86
311
73
469
175
369
166
469
189
367
180
479
175
369
166
