S35_01.png
S35_02.png
400
103
292
66
399
105
285
66
399
105
290
68
329
154
231
127
386
68
271
31
386
68
270
32
386
68
268
31
386
68
269
31
386
68
272
32
352
152
247
119
336
152
231
124
336
152
234
127
368
67
252
33
368
67
254
33
368
67
248
32
368
67
247
31
368
67
249
31
368
67
249
32
368
67
258
35
368
67
252
32
368
67
256
34
368
67
246
31
368
67
248
31
323
139
218
112
323
139
217
112
323
139
217
111
351
146
246
115
351
146
247
114
351
146
246
114
369
68
252
33
369
68
254
33
369
68
248
32
369
68
247
31
369
68
249
31
369
68
249
32
369
68
252
32
369
68
256
34
369
68
246
31
369
68
248
31
395
101
284
63
340
141
238
112
340
141
235
111
340
141
232
110
340
141
236
111
340
141
234
111
340
141
237
112
337
156
234
127
348
145
244
115
348
145
244
118
348
145
241
113
348
145
244
114
400
107
290
69
397
81
282
42
397
81
281
42
397
81
279
42
397
81
285
43
397
81
279
41
397
81
283
43
400
81
286
43
400
81
284
42
400
81
285
43
400
81
285
42
400
81
283
42
400
81
283
43
391
106
280
69
391
106
280
68
349
156
242
122
349
156
243
123
397
117
287
78
396
105
287
68
396
105
285
67
350
150
246
119
402
83
289
45
402
83
287
44
402
83
291
45
402
83
289
44
402
83
290
45
402
83
288
44
350
138
244
106
350
138
244
105
350
138
245
107
350
138
242
104
350
138
243
109
350
138
244
107
367
67
252
33
367
67
248
32
367
67
247
31
367
67
249
31
367
67
249
32
367
67
244
30
367
67
252
32
367
67
246
31
367
67
248
31
374
104
263
69
374
104
260
68
399
85
282
46
395
103
283
65
339
162
237
134
390
73
272
35
390
73
271
35
390
73
274
37
358
87
241
53
358
87
245
54
305
74
183
45
305
74
183
46
372
103
259
68
372
103
260
68
390
102
278
65
364
65
252
33
364
65
248
32
364
65
247
31
364
65
249
31
364
65
249
32
364
65
242
30
364
65
244
30
364
65
252
32
364
65
246
31
364
65
248
31
376
96
260
59
349
155
243
120
349
155
242
122
349
155
243
123
389
71
270
33
389
71
272
35
389
71
270
32
389
71
269
33
389
71
273
34
390
78
279
42
390
78
274
40
367
102
257
67
389
70
270
33
389
70
270
32
389
70
268
31
389
70
273
34
389
70
269
31
389
70
272
32
326
140
219
112
391
78
274
40
391
78
274
39
590
195
470
126
339
163
237
134
367
66
252
33
367
66
254
33
367
66
248
32
367
66
247
31
367
66
249
31
367
66
249
32
367
66
244
30
367
66
252
32
367
66
246
31
367
66
248
31
349
137
244
106
349
137
244
105
349
137
243
109
349
137
239
103
349
137
244
107
392
79
279
42
392
79
274
40
392
79
274
39
399
104
288
66
394
100
282
62
394
100
284
63
394
100
281
62
373
69
257
34
373
69
252
33
373
69
254
33
373
69
249
31
373
69
261
35
373
69
258
35
373
69
252
32
373
69
259
35
373
69
256
34
373
69
248
31
378
72
257
34
378
72
254
33
378
72
248
32
378
72
249
32
378
72
261
35
378
72
258
35
378
72
259
35
378
72
256
34
346
151
243
120
346
151
242
122
346
151
243
119
325
139
218
112
325
139
217
112
325
139
218
113
333
139
227
111
348
150
244
115
348
150
243
120
348
150
244
118
348
150
243
119
381
101
269
64
383
109
272
72
383
109
274
73
398
81
282
42
398
81
286
43
398
81
281
42
398
81
284
42
398
81
279
42
398
81
285
43
398
81
283
42
398
81
283
43
348
156
242
122
348
156
242
126
348
156
243
123
384
68
267
33
384
68
270
32
384
68
269
33
384
68
268
31
384
68
269
31
349
151
244
118
349
151
243
119
349
151
246
119
380
73
252
33
380
73
254
33
380
73
248
32
380
73
249
32
380
73
258
35
380
73
259
35
380
73
256
34
372
69
257
34
372
69
252
33
372
69
254
33
372
69
248
32
372
69
247
31
372
69
249
31
372
69
249
32
372
69
258
35
372
69
252
32
372
69
259
35
372
69
256
34
372
69
248
31
377
96
265
61
348
158
242
126
348
158
243
128
341
161
238
133
341
161
237
134
352
59
234
27
352
59
235
27
403
82
286
43
403
82
285
42
403
82
289
44
351
137
244
106
351
137
244
105
351
137
245
107
351
137
242
104
351
137
243
109
351
137
244
107
347
144
241
113
393
79
277
40
393
79
281
42
393
79
279
42
393
79
279
41
393
79
274
40
350
145
246
115
350
145
246
114
350
145
244
114
350
145
245
114
371
69
252
33
371
69
254
33
371
69
248
32
371
69
247
31
371
69
249
31
371
69
249
32
371
69
258
35
371
69
252
32
371
69
256
34
371
69
246
31
371
69
248
31
326
161
224
136
377
97
265
61
590
192
472
126
590
192
473
127
384
73
261
35
384
73
264
35
384
73
266
35
384
73
252
32
384
73
263
35
348
140
244
106
348
140
243
109
348
140
244
107
338
166
236
137
323
138
217
109
323
138
217
111
368
71
245
34
377
71
257
34
377
71
254
33
377
71
249
32
377
71
261
35
377
71
258
35
377
71
264
35
377
71
252
32
377
71
259
35
377
71
256
34
377
71
263
35
349
145
244
115
349
145
244
114
349
145
245
114
365
66
252
33
365
66
248
32
365
66
247
31
365
66
249
31
365
66
249
32
365
66
242
30
365
66
244
30
365
66
246
31
365
66
248
31
385
69
270
33
385
69
267
33
385
69
270
32
385
69
269
33
385
69
273
34
385
187
285
151
389
111
280
74
370
68
257
34
370
68
252
33
370
68
254
33
370
68
247
31
370
68
249
31
370
68
249
32
370
68
258
35
370
68
252
32
370
68
259
35
370
68
256
34
370
68
248
31
399
106
286
67
399
106
290
69
399
106
289
68
392
100
279
62
331
154
231
126
331
154
231
127
331
154
234
127
391
100
279
62
353
136
247
104
353
136
247
103
329
158
228
133
385
74
249
31
385
74
261
35
385
74
264
35
385
74
252
32
385
74
263
35
396
114
287
76
388
72
272
35
388
72
271
35
388
72
267
33
388
72
269
33
361
89
245
54
361
89
250
56
361
89
247
55
350
154
247
124
350
154
247
123
338
163
236
137
397
116
287
78
377
88
259
50
377
88
258
51
401
101
284
61
401
101
293
64
405
113
295
74
353
137
247
104
353
137
247
103
376
71
257
34
376
71
252
33
376
71
254
33
376
71
261
35
376
71
258
35
376
71
252
32
376
71
259
35
376
71
256
34
349
138
244
106
349
138
244
105
349
138
245
107
349
138
242
104
349
138
243
109
349
138
244
107
375
95
260
59
364
90
258
58
364
90
250
56
356
60
236
27
356
60
234
27
356
60
235
27
356
60
240
28
356
60
237
27
326
139
218
112
326
139
219
112
326
139
218
113
363
169
264
139
363
169
265
139
381
100
269
64
328
157
228
133
378
105
264
68
378
105
267
69
378
105
267
70
398
105
286
67
398
105
290
68
372
90
257
55
390
69
271
31
390
69
270
30
390
69
271
30
390
69
272
32
383
110
272
72
383
108
272
72
383
108
274
73
387
100
275
64
387
100
273
63
387
100
275
63
401
83
289
45
401
83
287
44
397
115
287
76
382
73
254
33
382
73
247
31
382
73
249
31
382
73
249
32
382
73
261
35
382
73
264
35
382
73
259
35
382
73
263
35
382
73
248
31
347
158
242
126
390
77
279
41
390
77
274
40
390
77
274
39
403
107
292
68
403
107
294
69
354
60
238
28
354
60
234
27
354
60
235
27
354
60
237
28
396
101
282
62
396
101
284
63
396
101
281
62
369
93
258
59
369
93
255
58
369
93
258
58
369
93
250
56
369
93
252
57
391
76
277
40
391
76
274
37
391
76
273
37
391
76
274
39
341
160
238
133
403
108
294
71
403
108
292
69
592
193
473
127
592
193
472
125
338
165
236
137
378
112
267
74
341
162
238
133
341
162
237
134
371
104
259
68
371
104
260
68
395
100
282
62
395
100
283
62
395
100
281
62
396
100
282
61
396
100
283
62
396
100
284
62
396
100
280
61
374
70
257
34
374
70
252
33
374
70
254
33
374
70
247
31
374
70
249
32
374
70
261
35
374
70
258
35
374
70
252
32
374
70
259
35
374
70
256
34
374
70
248
31
366
70
245
34
333
153
231
126
333
153
231
124
333
153
231
127
333
153
234
127
326
134
220
107
353
193
259
162
348
157
242
122
348
157
242
126
348
157
243
123
383
74
252
33
383
74
254
33
383
74
248
32
383
74
247
31
383
74
249
31
383
74
249
32
383
74
258
35
383
74
252
32
383
74
259
35
383
74
246
31
383
74
248
31
340
160
238
133
340
160
237
134
350
152
244
118
350
152
247
120
350
152
247
119
350
152
246
119
379
185
280
148
399
116
289
77
371
94
258
59
371
94
255
58
371
94
258
58
402
100
294
63
402
100
289
61
401
102
282
61
401
102
293
65
401
102
284
62
387
72
272
35
387
72
271
35
387
72
267
33
387
72
266
33
387
72
273
37
387
72
268
35
391
72
273
34
366
66
252
33
366
66
254
33
366
66
248
32
366
66
247
31
366
66
249
31
366
66
249
32
366
66
242
30
366
66
244
30
366
66
252
32
366
66
246
31
366
66
248
31
388
73
272
35
388
73
271
35
388
73
266
33
388
73
274
37
388
73
273
37
388
73
268
35
391
74
272
35
391
74
271
35
391
74
274
37
391
74
273
37
386
73
266
34
386
73
274
37
386
73
273
37
386
73
266
35
386
73
264
34
386
73
268
35
357
61
238
28
357
61
236
27
357
61
234
27
357
61
242
29
357
61
235
27
357
61
240
28
357
61
237
27
357
61
239
28
357
61
237
28
338
157
234
127
387
71
270
33
387
71
272
35
387
71
271
35
387
71
267
33
387
71
269
33
387
71
273
34
402
81
286
43
402
81
284
42
402
81
285
42
402
81
288
43
346
158
242
126
346
159
242
126
346
159
243
128
386
74
264
35
386
74
266
35
386
74
263
35
386
110
275
73
386
110
277
74
351
136
244
106
351
136
244
105
351
136
242
104
351
136
244
107
393
103
281
65
321
165
221
140
325
160
222
134
325
160
224
136
325
160
224
134
339
161
237
134
335
155
234
127
386
72
266
34
386
72
272
35
386
72
271
35
386
72
266
33
386
72
274
37
386
72
273
37
386
72
268
35
383
73
249
31
383
73
261
35
383
73
264
35
383
73
263
35
383
73
248
31
332
137
227
110
352
146
247
114
388
74
274
37
388
74
273
37
388
74
268
35
378
107
266
71
378
107
267
69
378
107
267
70
378
107
267
71
387
110
277
74
369
102
257
67
393
100
281
62
370
102
257
67
350
136
244
106
350
136
244
105
350
136
242
104
350
136
239
103
350
136
244
107
381
73
257
34
381
73
254
33
381
73
248
32
381
73
247
31
381
73
249
31
381
73
249
32
381
73
261
35
381
73
258
35
381
73
252
32
381
73
259
35
381
73
256
34
381
73
246
31
381
73
248
31
399
117
287
78
373
70
257
34
373
70
252
33
373
70
254
33
373
70
248
32
373
70
247
31
373
70
249
32
373
70
258
35
373
70
252
32
373
70
259
35
373
70
256
34
373
70
246
31
354
137
247
104
354
137
247
103
346
56
273
37
384
107
274
71
384
107
272
72
384
107
274
69
384
107
274
73
340
131
233
102
399
118
287
78
399
118
287
79
399
118
289
79
390
70
271
31
390
70
270
32
390
70
269
31
390
70
272
32
340
161
237
134
389
72
270
33
389
72
272
35
389
72
271
35
389
72
269
33
389
72
273
34
391
86
275
48
351
151
247
120
351
151
247
119
351
151
246
119
390
113
280
74
392
69
271
30
344
160
240
129
344
160
240
128
334
154
231
126
334
154
231
127
334
154
234
127
376
104
263
69
376
104
264
68
382
74
252
33
382
74
254
33
382
74
248
32
382
74
247
31
382
74
249
31
382
74
249
32
382
74
258
35
382
74
252
32
382
74
259
35
382
74
256
34
382
74
246
31
382
74
248
31
319
139
215
112
319
139
214
111
350
137
244
106
350
137
244
105
350
137
245
107
350
137
242
104
350
137
243
109
350
137
244
107
384
70
266
34
384
70
272
35
384
70
271
35
384
70
267
33
384
70
266
33
384
70
269
33
384
70
268
35
389
69
271
31
389
69
270
32
389
69
270
30
389
69
269
31
389
69
272
32
362
172
264
139
329
161
228
135
329
161
230
135
386
105
274
69
362
178
264
146
400
102
283
62
400
102
288
64
400
102
284
62
338
132
231
105
359
88
245
54
359
88
247
55
324
138
217
111
398
106
290
69
398
106
287
68
363
177
264
146
363
177
265
145
368
95
254
60
386
101
275
64
386
101
273
63
333
138
227
110
333
138
227
111
339
160
237
134
398
118
287
78
398
118
287
79
398
118
289
79
363
170
264
139
363
170
265
139
391
68
270
29
391
68
271
30
340
159
238
133
591
192
472
125
375
105
263
69
375
105
264
68
380
107
270
72
380
107
269
71
380
107
267
70
393
83
277
45
393
83
275
44
393
83
282
46
388
69
271
31
388
69
270
32
388
69
268
31
388
69
273
34
388
69
269
31
388
69
272
32
338
140
235
111
338
140
232
110
338
140
234
111
395
80
282
42
395
80
277
40
395
80
281
42
395
80
279
42
395
80
279
41
591
193
472
126
591
193
473
127
335
165
233
136
382
71
266
34
382
71
273
37
382
71
264
35
382
71
266
35
382
71
264
34
382
71
268
35
382
71
263
35
347
146
241
113
374
95
258
59
374
95
258
58
374
95
260
59
343
157
240
128
394
79
277
40
394
79
279
41
394
79
274
40
387
68
271
31
387
68
270
32
387
68
270
30
387
68
268
31
387
68
269
31
387
68
272
32
364
178
266
146
326
141
220
113
