Test200_rot.jpg
Test201_rot.jpg
25
376
24
271
24
374
24
270
31
359
34
257
32
360
34
261
32
361
34
261
32
362
34
261
33
362
34
261
34
164
105
76
33
168
102
78
33
165
102
78
33
165
105
76
34
168
102
78
32
166
102
78
34
166
102
78
34
166
105
76
36
164
105
76
34
165
102
78
34
165
105
76
37
361
39
261
37
361
38
263
37
362
38
263
37
362
38
265
41
167
109
81
41
167
109
80
40
372
37
272
44
171
109
87
44
171
108
87
44
171
110
86
44
171
110
87
43
173
107
87
43
173
109
87
43
173
108
87
44
173
109
87
44
173
108
87
44
173
110
88
44
173
110
87
45
173
110
88
45
173
111
88
45
173
110
87
44
174
110
88
42
174
107
87
43
181
105
97
43
182
105
97
44
184
105
97
45
185
106
99
44
373
41
275
45
385
40
285
45
385
39
286
45
384
40
285
45
384
39
286
42
391
33
291
42
391
33
292
42
389
33
291
44
390
35
292
45
389
37
290
45
389
36
291
45
389
35
292
49
160
120
76
48
160
116
76
49
169
116
85
49
169
115
85
47
169
114
84
47
172
111
88
48
169
115
85
46
173
110
88
46
173
111
88
48
168
114
84
48
168
116
83
49
188
109
103
49
189
109
103
46
372
44
274
47
371
46
272
48
368
47
270
49
368
48
272
49
370
48
272
49
370
47
273
49
370
48
273
49
369
48
272
48
371
46
273
48
371
46
272
46
383
40
285
46
384
40
285
46
384
41
285
46
384
39
286
46
384
40
286
52
164
116
82
52
164
116
83
52
164
117
83
52
164
120
82
52
164
119
82
51
169
118
85
50
166
117
84
50
166
114
84
50
166
116
83
50
166
117
83
51
166
117
84
51
166
114
84
51
166
116
83
51
166
117
83
52
166
117
84
52
166
117
83
52
166
120
84
52
166
119
84
50
167
116
85
50
167
117
84
50
167
116
83
50
167
115
85
50
167
117
83
52
167
116
85
52
167
117
84
52
167
115
85
52
167
118
85
52
167
120
84
52
167
119
84
53
167
116
85
53
167
118
85
53
167
120
84
53
167
119
84
53
167
120
85
53
166
116
85
53
166
117
84
53
166
118
85
53
166
121
83
53
166
120
84
53
166
121
84
53
166
119
84
53
166
120
85
49
167
114
84
49
167
116
83
49
167
115
85
49
167
117
83
51
376
46
281
51
376
47
280
51
376
48
279
53
372
50
278
53
372
50
277
53
376
47
283
53
376
47
285
53
376
50
280
53
373
47
283
53
373
50
278
53
373
50
277
52
374
47
280
52
374
48
279
52
374
49
278
52
374
50
277
51
375
46
281
51
375
47
280
52
378
47
283
50
383
45
284
53
383
46
288
53
383
46
287
53
383
47
287
53
383
47
288
53
383
47
286
52
405
37
309
53
406
37
309
53
406
37
311
53
406
37
310
52
407
37
309
52
407
37
311
52
407
37
310
53
407
37
311
53
407
37
310
53
410
37
311
53
410
36
312
52
412
36
312
52
412
36
315
53
411
36
315
57
160
126
79
57
160
129
79
56
165
121
85
54
165
117
84
54
165
121
83
54
165
120
84
54
165
121
84
54
165
119
84
56
164
124
83
57
164
124
83
55
164
121
83
55
164
120
84
55
165
121
85
55
165
120
84
55
165
121
84
55
165
119
84
55
165
120
85
55
165
124
83
59
153
129
73
58
153
129
73
59
158
129
79
58
161
126
81
58
161
127
81
61
164
128
84
61
164
129
84
60
163
129
83
60
163
124
83
60
163
126
83
60
163
127
83
59
163
129
83
59
163
124
83
59
163
126
83
59
163
127
83
61
163
129
83
61
163
126
83
61
163
127
83
61
163
129
84
63
315
82
223
64
317
79
232
63
314
79
223
63
314
82
222
63
314
82
223
65
321
79
233
65
321
79
232
65
321
79
234
65
320
79
233
65
320
79
232
65
320
79
234
64
318
79
233
64
318
79
232
65
319
79
233
65
319
79
232
65
319
79
234
65
323
79
233
65
323
79
232
65
323
78
237
65
323
79
234
61
328
72
239
61
328
72
240
67
197
125
120
68
199
125
121
67
198
123
119
66
324
78
237
66
324
79
234
66
324
78
238
66
323
79
233
66
323
78
237
66
323
79
234
66
323
78
238
66
325
78
237
66
325
78
240
66
325
78
238
70
197
127
119
70
195
127
117
80
184
139
110
81
185
140
111
81
199
137
123
81
199
138
122
81
202
136
126
80
202
136
125
81
211
132
134
81
211
132
138
81
214
132
138
81
404
65
319
81
404
67
317
81
404
66
316
81
403
67
317
81
403
66
316
81
411
63
322
81
411
63
324
81
420
60
334
81
421
60
334
84
192
141
118
84
213
132
138
83
214
132
138
82
214
132
138
83
393
72
307
85
397
71
313
85
397
71
312
85
397
71
314
84
396
70
312
84
396
71
311
84
400
69
314
84
400
70
314
82
401
68
316
82
401
68
317
82
401
68
315
82
401
67
317
85
398
71
313
85
398
71
312
85
398
70
314
85
398
71
314
84
398
70
312
84
398
70
314
83
402
68
316
83
402
68
317
83
402
68
315
83
402
67
317
82
404
65
319
82
404
68
316
82
404
68
317
82
404
68
315
82
404
67
317
82
404
66
316
82
404
67
318
83
403
68
316
83
403
68
317
83
403
68
315
83
403
67
317
83
403
67
319
83
403
67
318
82
403
68
316
82
403
68
317
82
403
68
315
82
403
67
317
82
403
66
316
82
403
67
318
83
404
68
316
83
404
68
317
83
404
68
315
83
404
67
317
83
404
67
319
83
404
67
318
83
409
66
323
83
408
66
323
82
406
65
319
82
406
67
317
82
406
66
316
82
406
67
319
82
406
67
318
82
407
65
319
84
411
66
323
84
411
66
325
84
410
66
323
84
410
66
325
84
413
64
329
85
414
64
329
83
415
64
329
83
414
64
329
83
421
60
334
89
208
140
136
89
208
141
136
89
211
139
139
89
211
141
139
89
211
140
140
89
211
140
141
86
385
75
302
86
390
74
306
86
393
73
309
86
393
74
308
86
397
71
313
86
397
72
312
86
397
72
313
86
397
71
314
89
396
75
313
88
394
73
312
88
394
75
310
88
398
72
316
86
401
71
316
86
400
71
316
86
398
71
313
86
398
72
313
86
398
71
316
86
398
71
314
101
165
164
100
104
397
88
319
104
397
89
319
104
400
88
321
104
399
88
321
105
400
89
322
103
399
87
320
107
399
90
321
107
399
91
321
107
399
91
322
107
399
90
322
108
399
91
322
108
399
92
322
109
400
93
323
109
400
92
322
106
399
90
321
106
399
90
322
106
399
89
322
108
400
91
322
108
400
92
322
113
398
96
322
113
398
97
322
111
398
95
322
111
398
95
321
111
399
95
323
111
399
95
322
110
400
93
323
110
400
94
323
112
397
96
321
112
399
95
322
112
399
96
323
113
399
96
323
113
397
96
321
113
397
97
321
117
465
79
387
117
465
78
386
115
463
77
386
115
463
78
386
114
464
77
386
121
464
84
389
119
464
80
386
119
464
80
387
118
465
79
387
120
466
80
387
124
428
97
355
124
462
86
387
124
462
85
386
123
462
86
387
123
462
85
386
124
476
81
399
124
475
81
399
130
439
101
367
133
551
65
474
133
553
64
475
132
556
61
477
134
553
64
475
134
553
65
475
141
500
88
427
137
567
62
489
137
567
60
489
137
567
61
489
142
500
89
427
160
568
85
497
159
568
85
497
165
536
100
469
165
539
99
472
165
539
98
473
165
539
98
472
165
538
98
472
165
540
98
473
165
562
90
492
165
562
90
494
165
562
90
493
165
561
90
492
165
561
90
494
165
561
90
493
160
567
85
497
166
538
99
472
166
539
99
472
166
539
99
473
167
547
96
479
168
561
94
494
168
560
94
494
167
562
93
494
167
562
92
494
167
561
93
494
167
561
92
494
167
560
93
494
166
562
92
494
166
561
92
492
166
561
92
494
172
275
195
227
172
275
195
229
172
275
195
228
173
281
194
234
171
284
192
236
172
284
192
236
177
239
211
195
177
240
211
197
176
245
209
200
175
247
207
202
176
271
200
225
174
285
194
234
181
235
217
192
181
235
219
191
181
235
218
193
181
235
218
192
181
235
218
191
178
238
213
194
180
403
159
349
180
403
160
349
180
403
159
351
180
403
159
350
180
403
158
350
181
404
159
351
179
405
157
352
179
405
157
353
179
405
159
351
181
408
158
357
181
415
156
360
181
415
156
361
181
415
155
362
181
414
156
360
181
414
157
359
181
414
156
361
181
414
155
362
181
416
156
361
181
416
154
364
181
416
155
362
180
421
150
367
179
419
151
365
179
419
150
366
178
421
151
365
178
421
150
366
178
421
150
367
178
421
150
368
179
420
151
365
179
420
150
366
179
420
150
367
179
420
150
368
180
420
151
365
180
419
151
365
180
419
154
364
179
421
151
365
179
421
150
366
179
421
150
367
179
421
150
368
180
418
154
364
180
418
155
362
179
425
149
369
179
425
149
371
178
423
149
368
178
423
149
369
178
423
150
366
178
423
150
367
178
423
150
368
178
422
149
368
178
422
151
365
178
422
150
366
178
422
150
367
178
422
150
368
179
422
150
366
179
422
150
367
179
422
150
368
179
426
149
371
179
427
149
371
179
428
148
376
180
430
149
375
180
430
149
376
180
430
148
377
180
430
148
378
180
433
148
378
180
433
148
379
184
235
220
193
184
235
218
194
184
235
218
195
182
233
217
191
182
233
219
191
182
233
218
191
182
236
218
193
182
236
218
194
182
237
217
196
182
237
218
194
182
237
218
195
182
238
217
196
182
238
218
194
182
238
218
195
184
390
166
339
185
397
164
345
185
397
164
346
185
397
165
346
184
397
164
345
184
397
164
346
184
397
165
346
184
398
165
348
184
398
164
348
184
398
164
346
185
398
165
348
185
398
164
348
185
398
164
346
185
398
165
346
183
401
162
349
183
401
163
350
183
400
161
348
183
400
162
349
183
400
163
349
185
400
163
349
185
400
163
350
185
399
165
348
185
399
164
348
185
399
163
349
185
404
162
353
185
404
163
353
184
402
163
352
184
402
162
351
183
402
162
351
184
403
162
353
184
403
163
352
184
403
162
351
185
402
163
352
185
407
161
357
188
281
208
238
188
281
208
236
196
397
176
350
205
222
244
188
204
222
243
188
203
301
215
263
203
301
215
262
205
305
217
266
205
305
216
267
205
305
216
266
204
304
215
265
204
302
215
264
204
303
215
265
208
148
273
119
208
148
273
120
208
149
273
120
209
148
273
119
209
148
273
120
209
148
274
119
209
147
273
119
209
147
273
120
209
147
274
119
209
221
249
190
207
224
245
189
207
223
245
189
207
223
246
189
206
222
244
188
206
222
245
189
206
222
246
189
206
223
245
189
207
222
245
189
207
222
246
189
208
222
246
189
206
224
245
189
209
222
246
189
209
222
249
190
208
308
217
271
207
349
202
309
208
352
202
313
208
392
189
350
206
401
184
357
209
415
182
371
209
419
181
374
208
421
178
376
204
419
176
372
204
419
176
373
207
420
177
375
207
420
178
376
206
420
176
375
206
420
177
374
206
420
177
375
208
420
178
376
206
421
177
376
206
421
177
375
206
421
178
376
207
421
177
376
207
421
178
376
205
419
177
373
205
419
176
373
205
419
176
374
205
419
177
374
206
422
177
376
213
147
276
121
213
147
277
121
210
148
273
120
210
146
273
119
210
146
273
120
210
146
274
119
213
220
251
190
212
221
249
190
212
221
250
189
212
221
250
190
211
221
249
190
211
221
250
189
211
221
250
190
210
221
249
190
210
221
250
189
210
221
250
190
213
221
250
189
213
221
250
190
213
221
251
190
213
222
250
189
213
222
250
190
213
222
251
190
210
397
189
355
217
121
291
97
214
147
277
121
214
144
280
119
214
144
279
118
217
217
256
189
217
217
257
189
217
217
257
190
214
220
253
190
214
220
253
191
214
220
254
189
217
220
256
189
217
220
255
189
217
220
256
190
217
220
255
190
215
220
254
189
215
220
254
191
215
220
254
190
216
220
255
189
216
220
254
189
216
220
254
191
216
220
254
190
216
220
255
190
217
218
256
189
217
218
257
189
217
218
256
190
217
218
257
190
214
221
253
190
214
221
253
191
216
358
208
321
212
360
204
322
216
359
207
320
216
359
207
321
216
359
208
321
215
359
207
320
215
359
207
321
215
359
208
321
220
213
259
184
220
213
262
185
221
212
262
185
221
212
263
185
219
212
259
184
218
216
257
184
218
216
259
188
219
217
257
184
219
217
259
188
221
216
259
184
221
216
259
188
221
216
260
189
221
215
259
184
220
217
259
188
220
217
260
189
221
217
259
188
221
217
260
189
218
398
196
358
225
209
268
183
225
209
267
185
225
209
268
185
225
210
265
183
225
210
268
183
225
210
267
185
225
210
268
185
224
210
265
183
224
210
267
185
223
211
265
183
223
211
264
186
223
211
265
187
223
211
265
186
224
212
265
183
224
212
264
186
224
212
265
187
224
212
265
186
225
212
265
183
225
212
267
185
225
212
265
187
225
212
266
186
225
212
265
186
228
106
307
87
228
106
306
87
229
106
307
88
228
207
271
183
228
207
271
184
228
209
268
183
228
209
270
185
229
208
271
185
229
208
271
183
229
208
271
184
229
207
271
183
229
207
271
184
227
212
268
183
227
212
267
185
227
212
268
185
227
212
269
186
227
212
266
186
227
212
268
189
229
213
269
186
229
213
269
189
229
213
268
189
229
213
270
185
229
210
268
183
229
210
269
186
229
210
271
185
229
210
270
185
229
210
271
183
229
210
271
184
228
210
268
183
228
210
268
185
228
210
269
186
228
210
270
185
229
211
268
183
229
211
268
185
229
211
269
186
229
211
271
185
229
211
270
185
229
211
271
183
229
211
271
184
226
212
265
183
226
212
267
185
226
212
268
185
226
212
266
186
226
212
265
186
227
210
268
183
227
210
267
185
227
210
268
185
227
210
269
186
228
211
268
183
228
211
267
185
228
211
268
185
228
211
269
186
228
211
270
185
232
105
308
88
233
103
309
87
233
103
310
87
230
106
308
88
230
106
307
88
230
113
306
95
230
113
307
95
232
113
307
95
229
114
304
95
228
114
304
95
233
128
302
110
233
128
302
109
232
224
270
200
232
226
268
203
232
225
270
201
233
224
270
200
233
224
270
201
233
229
269
205
233
229
268
206
233
230
268
206
233
230
269
206
233
289
247
260
233
289
248
260
233
289
247
261
233
288
247
260
233
288
248
260
233
288
247
261
232
292
245
263
232
292
245
262
231
290
245
261
231
290
244
262
231
290
245
262
233
290
247
261
232
291
245
263
232
291
245
262
230
391
210
356
230
392
210
356
231
392
211
355
231
392
211
357
232
391
212
356
232
391
213
354
228
394
208
357
234
103
310
87
234
129
302
110
234
128
302
110
234
128
302
109
234
231
268
207
234
232
268
208
234
233
268
209
235
238
266
213
237
280
255
253
237
281
255
254
236
284
252
257
236
284
252
258
236
285
252
257
236
285
252
258
236
285
252
259
237
285
253
258
234
288
249
259
234
288
248
260
234
288
249
260
237
288
252
261
234
287
249
259
234
287
248
260
234
287
249
260
235
286
249
259
235
286
251
258
235
286
250
259
237
323
240
294
237
328
238
299
239
108
314
93
238
108
313
93
240
113
312
99
240
275
259
250
239
275
258
248
239
275
258
249
239
274
258
249
240
276
259
251
240
276
259
250
238
277
257
251
238
280
256
253
238
280
255
254
238
281
255
255
238
279
256
253
238
279
256
252
238
278
256
252
241
308
249
281
241
309
248
283
239
310
245
283
239
309
245
283
241
312
247
285
241
312
247
286
238
316
244
287
241
314
247
286
241
369
228
338
239
370
225
339
241
370
227
340
242
310
248
284
242
310
247
286
244
316
249
290
244
317
249
290
273
136
337
131
284
242
311
233
283
241
311
233
289
226
322
220
291
224
322
220
291
224
325
221
293
224
325
221
290
223
325
218
291
222
325
217
291
222
325
218
292
222
325
217
292
222
325
218
293
225
325
221
294
209
333
207
295
209
333
207
294
210
333
207
292
215
330
212
294
215
330
212
294
214
330
212
297
239
324
236
297
239
323
236
296
241
323
237
296
241
324
236
296
241
323
236
295
237
323
234
293
241
320
236
296
240
323
237
296
240
324
236
296
240
322
237
296
240
323
236
297
240
323
237
297
240
324
236
292
241
320
236
292
240
320
236
292
240
320
235
294
241
321
237
295
241
322
237
295
241
323
236
292
238
321
233
298
240
325
237
299
236
329
234
299
236
328
234
302
565
217
544
304
570
218
550
307
209
345
211
307
209
344
211
312
213
349
217
312
213
348
217
313
221
346
225
317
219
351
224
318
219
351
224
318
219
352
225
321
219
354
226
318
221
352
225
321
218
354
226
321
220
354
226
319
219
352
225
319
219
354
226
319
221
352
225
319
221
352
229
321
223
353
228
321
223
352
229
321
222
354
226
321
222
353
228
321
222
352
229
320
223
353
228
320
223
352
229
328
219
360
230
324
584
232
568
331
218
365
226
333
219
365
226
332
216
365
226
333
216
365
226
332
583
240
572
332
583
240
573
332
584
239
573
332
584
240
572
332
584
240
573
332
585
239
573
332
585
240
573
336
229
362
240
340
232
368
242
340
231
369
241
340
231
368
242
345
568
257
561
345
568
258
563
345
568
257
563
345
568
257
564
344
568
256
564
344
568
257
563
344
568
256
563
344
567
257
561
344
567
256
563
344
569
256
564
344
569
256
563
344
569
257
564
346
569
257
561
346
569
258
563
346
569
257
563
347
569
258
563
346
572
256
564
348
570
258
563
345
570
256
564
345
570
257
563
345
570
256
563
345
570
257
564
345
571
256
564
345
571
256
563
378
68
461
104
378
68
461
105
380
68
461
104
380
68
461
105
379
67
461
104
379
68
461
104
379
68
461
105
378
67
461
104
380
69
461
104
380
69
461
105
380
69
461
106
380
71
460
107
380
71
460
108
380
71
461
107
380
71
461
106
380
71
462
107
380
71
462
108
381
73
461
109
381
73
462
109
381
73
462
110
380
70
461
105
380
70
460
107
380
70
461
107
380
70
461
106
380
70
462
107
381
71
460
107
381
71
460
108
381
71
461
107
381
71
462
107
381
71
464
107
381
71
462
108
379
70
461
105
379
70
460
107
379
70
461
107
379
70
461
106
379
70
462
107
385
74
463
112
383
72
462
109
383
72
462
110
382
72
461
109
382
72
462
108
382
72
462
109
382
72
462
110
412
187
452
226
412
187
450
227
411
188
450
227
412
189
450
227
413
204
446
242
415
185
453
225
415
184
453
225
415
192
452
232
416
197
451
236
416
197
450
240
420
185
458
228
420
186
458
228
423
179
463
224
423
179
463
223
423
179
462
224
422
180
461
225
422
180
463
223
422
180
462
224
423
178
463
223
425
179
464
223
425
178
464
223
423
180
461
225
423
180
463
224
423
180
463
223
423
180
462
224
423
180
464
223
422
181
461
225
422
181
463
223
422
181
462
224
425
205
456
247
425
206
456
248
425
211
453
250
425
212
453
250
425
212
453
251
426
204
458
248
426
204
458
247
427
200
461
243
427
200
460
244
427
200
461
244
428
200
461
243
428
200
460
244
428
200
461
244
427
202
460
244
427
202
459
246
427
202
460
246
428
202
461
243
428
202
460
244
428
202
461
244
428
202
459
246
428
202
460
246
428
201
461
243
428
201
460
244
428
201
461
244
428
201
460
246
429
202
460
244
429
202
461
244
429
202
460
246
432
264
444
304
438
383
408
421
439
384
408
421
438
384
408
421
439
385
408
421
445
429
399
465
445
429
399
466
445
429
399
467
444
426
399
465
448
382
417
422
447
432
400
469
449
434
401
473
448
433
400
469
448
433
401
473
449
435
401
473
449
435
401
474
453
436
404
476
453
436
404
474
453
437
404
476
453
437
404
474
450
437
401
475
451
440
400
476
455
442
403
480
457
444
405
484
457
444
405
483
456
441
405
481
473
456
416
501
472
456
415
500
472
456
415
499
470
455
413
498
473
457
415
501
473
457
415
500
485
124
542
192
485
124
541
192
485
124
542
191
485
124
540
192
485
125
542
192
485
125
541
192
485
125
540
192
485
125
541
193
483
124
540
192
485
122
542
191
484
123
541
192
484
123
540
192
484
124
541
192
484
124
540
192
485
123
542
192
485
123
541
192
485
123
542
191
485
123
540
192
488
121
544
190
488
121
543
190
489
121
544
190
489
121
544
191
489
121
543
190
489
121
545
191
488
124
542
192
488
124
544
191
488
124
541
192
488
124
542
191
488
124
544
193
488
124
543
192
488
124
544
192
488
124
541
193
486
125
542
192
486
125
541
192
486
125
542
191
486
125
540
192
486
125
543
192
486
125
541
193
486
122
542
191
486
122
543
190
488
123
542
192
488
123
544
190
488
123
544
191
488
123
541
192
488
123
542
191
488
123
543
190
488
123
545
191
488
123
543
192
488
123
544
192
486
123
542
192
486
123
541
192
486
123
542
191
486
123
543
190
486
123
540
192
486
124
542
192
486
124
541
192
486
124
542
191
486
124
540
192
486
124
541
193
487
124
542
192
487
124
544
191
487
124
541
192
487
124
542
191
487
124
540
192
487
124
543
192
487
124
541
193
489
122
544
190
489
122
544
191
489
122
542
191
489
122
543
190
489
122
545
191
489
122
544
192
489
122
545
192
489
124
542
192
489
124
544
191
489
124
544
193
489
124
545
191
489
124
543
192
489
124
544
192
489
124
545
192
489
124
546
192
487
123
542
192
487
123
544
190
487
123
544
191
487
123
541
192
487
123
542
191
487
123
543
190
487
123
540
192
487
123
543
192
489
255
501
320
489
255
501
319
489
381
457
433
486
381
455
433
486
381
454
433
484
381
455
433
484
381
454
433
487
380
457
433
487
380
455
433
488
380
457
433
488
380
460
433
489
379
457
433
489
379
460
432
489
380
457
433
489
380
460
433
484
377
454
429
484
377
455
429
492
121
545
191
492
121
548
192
492
121
547
192
492
121
546
192
492
121
547
193
490
121
544
190
490
121
544
191
490
121
545
191
491
121
544
191
491
121
545
191
491
121
547
192
491
121
546
192
493
123
548
192
493
123
549
193
493
123
547
192
493
123
547
193
493
122
548
192
493
122
549
193
493
122
547
192
493
122
547
193
491
122
544
191
491
122
545
191
491
122
545
192
491
122
548
192
491
122
547
192
491
122
546
192
491
122
547
193
490
122
544
190
490
122
544
191
490
122
545
191
490
122
544
192
490
122
545
192
490
122
547
192
490
122
546
192
492
123
545
192
492
123
548
192
492
123
549
193
492
123
547
192
492
123
546
192
492
123
547
193
491
124
544
193
491
124
545
191
491
124
545
192
491
124
547
192
491
124
546
192
491
124
547
193
492
145
540
214
488
144
538
212
491
145
540
214
489
144
538
212
493
252
504
316
493
253
504
316
493
253
503
318
491
255
501
320
491
255
501
319
491
255
503
318
491
255
502
318
491
255
502
319
491
257
501
320
491
257
501
319
491
257
502
319
493
255
504
316
493
255
503
318
493
255
502
318
493
255
502
319
492
256
501
320
492
256
501
319
492
256
503
318
492
256
502
318
492
256
502
319
491
254
501
320
491
254
501
319
491
254
504
316
491
254
503
318
491
254
502
318
491
254
502
319
491
377
460
432
491
378
460
432
491
378
460
433
490
380
457
433
490
380
460
433
490
379
457
433
490
379
460
432
490
379
460
433
492
379
460
432
492
379
460
433
492
378
460
432
492
378
460
433
491
379
460
432
491
379
460
433
492
380
460
433
493
378
460
433
493
378
464
432
493
378
465
433
496
124
549
196
496
124
550
196
494
124
549
193
494
124
547
193
494
124
549
196
494
123
549
193
494
123
547
193
495
124
549
193
495
124
549
196
495
124
550
196
497
123
552
196
497
123
550
196
493
148
540
217
493
148
541
217
492
146
540
215
494
148
541
217
499
137
549
209
499
137
550
209
499
136
550
208
501
136
551
209
500
137
550
209
505
124
560
199
502
124
557
197
502
124
557
196
502
124
558
197
500
123
553
196
500
123
553
197
500
123
556
196
503
124
559
197
503
124
557
197
503
124
558
197
500
124
553
196
500
124
553
197
500
124
556
196
504
132
556
206
504
132
557
206
504
132
555
206
504
132
554
206
502
132
554
205
502
132
555
205
502
133
554
206
504
131
555
205
504
131
556
205
504
134
554
208
504
135
555
209
505
135
556
209
505
135
555
209
508
124
561
200
508
124
562
200
506
124
560
199
507
123
562
198
507
123
562
199
507
123
560
199
508
123
561
200
508
123
562
200
508
123
562
199
507
124
561
200
507
124
562
199
508
129
560
205
507
129
560
205
509
128
563
204
506
131
557
206
506
131
559
206
506
131
558
206
507
131
559
206
507
131
558
206
506
130
559
205
506
130
558
205
507
130
560
205
507
130
559
205
508
130
560
205
508
130
559
205
509
132
560
208
511
122
565
199
511
123
565
199
511
123
563
201
511
123
565
201
511
123
564
201
511
388
474
448
510
388
474
448
510
387
474
448
512
416
466
476
513
419
465
480
513
419
466
479
512
420
465
480
512
421
464
481
512
421
465
480
512
421
465
481
512
422
465
481
512
422
464
482
512
423
463
483
516
121
570
199
516
121
571
200
516
121
570
200
515
121
570
199
515
121
570
200
514
122
568
201
517
122
571
200
517
122
570
200
516
123
568
201
514
124
568
201
517
389
480
453
517
389
480
452
516
389
479
452
516
389
479
453
514
391
476
453
515
391
477
453
516
390
479
452
518
121
573
201
518
121
571
200
518
121
570
200
520
122
573
201
520
122
573
202
521
122
573
201
521
122
576
203
521
122
573
202
516
373
484
437
516
373
484
438
516
373
484
439
516
374
484
437
516
374
484
438
516
374
484
439
516
375
484
437
516
375
484
438
516
375
484
439
516
376
484
437
516
376
484
438
516
376
484
439
516
377
484
438
516
377
484
439
523
124
576
203
524
124
576
203
523
326
507
395
523
326
507
396
523
327
507
395
523
327
507
396
520
329
504
397
522
333
504
401
525
336
507
404
524
336
507
404
524
336
504
405
523
373
490
440
523
373
491
439
524
381
489
447
522
391
484
456
524
408
480
472
529
333
509
404
529
333
510
404
529
333
511
404
528
333
509
405
528
333
508
404
528
333
509
404
528
333
510
404
526
334
508
404
526
334
507
404
526
336
507
404
529
336
509
405
527
334
508
404
527
334
509
404
527
334
507
404
526
335
508
404
526
335
507
404
527
403
485
468
527
403
485
470
528
404
485
470
528
404
485
471
528
405
485
470
528
405
485
471
528
323
513
394
528
323
513
393
533
332
513
404
533
332
515
403
533
332
514
404
531
333
511
404
531
333
513
404
531
333
514
403
531
333
514
404
531
332
513
404
531
332
514
403
532
332
513
404
532
332
514
403
532
332
514
404
530
333
510
404
530
333
511
404
530
333
513
404
530
333
514
403
537
325
521
398
537
325
519
400
537
325
520
399
537
325
521
399
535
329
517
402
535
329
520
400
535
329
518
401
537
326
520
400
537
326
521
399
535
328
517
401
535
328
516
402
535
328
517
402
535
328
520
400
535
328
518
401
535
328
519
400
535
328
520
399
536
327
521
398
536
327
520
400
536
327
518
401
536
327
519
400
536
327
520
399
536
327
521
399
534
330
516
402
534
330
517
402
534
330
514
403
534
330
515
403
534
330
514
404
534
330
518
401
538
325
520
400
538
325
521
399
538
325
522
399
539
324
522
399
545
321
529
398
545
321
528
399
545
321
529
399
545
321
531
397
545
321
530
398
543
325
529
398
543
325
528
399
543
325
527
400
543
324
529
398
543
324
528
399
543
324
526
400
543
324
527
400
545
322
529
398
545
322
528
399
545
322
528
400
545
322
527
400
545
322
529
399
545
322
531
397
545
322
530
398
544
324
529
398
544
324
528
399
544
324
528
400
544
324
527
400
544
324
529
399
544
324
530
398
545
328
528
404
545
331
526
408
545
332
525
410
545
332
526
408
544
380
509
453
547
320
529
398
547
320
529
399
547
320
532
397
547
320
533
397
547
320
533
396
547
320
531
397
547
320
530
398
547
320
534
396
548
325
528
404
548
325
531
404
546
321
529
398
546
321
528
399
546
321
529
399
546
321
532
397
546
321
533
397
546
321
533
396
546
321
531
397
546
321
530
398
546
320
529
398
546
320
528
399
546
320
529
399
546
320
532
397
546
320
533
397
546
320
533
396
546
320
531
397
546
320
530
398
547
332
525
410
547
332
526
408
547
334
525
410
547
334
529
410
547
334
526
411
547
334
527
410
546
333
525
410
546
333
526
408
546
333
527
410
549
332
529
410
549
332
526
411
549
332
527
410
546
335
529
410
546
335
526
411
548
335
527
412
550
316
533
397
550
316
533
396
550
316
534
396
550
316
535
396
550
315
533
396
551
316
535
396
550
317
532
397
550
317
533
397
550
317
533
396
550
317
534
396
550
317
535
396
553
380
516
457
553
380
516
455
