paris_invalides_000662_lt_6.jpg
paris_invalides_000663.jpg
173
267
169
202
173
267
173
193
173
267
173
194
173
267
172
199
173
267
170
198
173
267
170
199
173
267
171
200
173
267
170
201
173
267
170
203
173
272
169
202
173
272
167
207
173
272
168
206
173
272
171
200
173
272
170
201
171
272
164
208
171
272
165
206
171
272
165
208
171
272
169
199
171
272
169
198
171
272
170
197
171
272
170
198
173
270
169
202
173
270
168
206
173
270
170
198
173
270
170
199
173
270
171
200
173
270
170
201
173
270
170
203
173
270
171
202
176
267
173
200
177
269
173
204
175
270
172
200
175
270
172
199
175
270
173
200
175
270
172
204
175
270
171
202
175
270
171
205
177
270
173
204
175
272
169
209
175
272
173
200
175
272
172
204
175
272
171
205
181
241
225
101
181
241
225
102
181
241
225
104
181
241
225
103
181
241
224
104
181
241
224
103
181
244
181
178
179
245
225
104
179
244
225
104
179
244
225
103
179
244
224
104
185
229
225
101
185
229
225
99
185
229
225
100
185
229
224
99
185
235
225
101
185
235
225
100
185
235
225
102
185
235
225
104
185
235
225
103
185
235
224
104
185
235
224
103
185
237
225
102
185
237
225
104
185
237
225
103
185
237
224
104
185
237
224
103
184
237
225
101
184
237
225
100
184
237
225
102
184
237
225
104
184
237
225
103
184
237
224
104
184
237
224
103
185
239
188
171
185
239
225
104
183
239
225
101
183
239
225
102
183
239
225
104
183
239
225
103
183
239
224
104
183
239
224
103
182
240
225
101
182
240
225
102
182
240
225
104
182
240
225
103
182
240
224
104
182
240
224
103
184
240
225
104
184
240
225
103
184
240
224
104
183
245
228
108
182
243
181
178
182
243
220
120
185
244
228
108
188
224
225
101
188
224
225
99
188
224
225
100
188
224
224
99
188
224
225
102
188
224
224
103
188
223
225
101
188
223
225
99
188
223
225
100
188
223
224
99
188
223
225
102
188
223
224
103
186
227
225
101
186
227
225
99
186
227
225
100
186
227
224
99
186
227
225
102
186
227
224
103
188
228
225
101
188
228
225
102
188
228
225
104
188
228
225
103
188
228
224
104
188
228
224
103
186
230
225
101
186
230
225
100
186
230
225
102
186
230
225
103
186
230
224
104
186
230
224
103
189
230
225
104
188
230
225
102
188
230
225
104
188
230
225
103
188
230
224
104
188
230
224
103
188
235
220
120
188
235
221
119
188
234
225
104
187
237
188
171
187
237
220
120
187
237
225
104
188
236
221
119
186
237
188
171
186
237
225
104
186
237
225
103
186
237
224
104
187
235
225
104
187
235
224
104
186
238
188
171
186
238
225
104
187
241
223
117
187
241
225
116
187
241
228
108
188
239
223
117
187
240
189
173
187
240
223
117
188
241
223
117
188
241
225
116
188
241
228
108
189
245
229
114
189
243
229
114
189
244
229
114
186
242
189
173
186
242
223
117
186
242
225
116
186
242
228
108
190
224
225
101
190
224
225
102
190
224
225
104
190
224
225
103
190
224
224
104
190
224
224
103
190
225
225
101
190
225
225
102
190
225
225
104
190
225
225
103
190
225
224
104
190
225
224
103
190
223
225
101
190
223
225
100
190
223
225
102
190
223
225
104
190
223
225
103
190
223
224
104
190
223
224
103
191
223
225
102
191
223
225
104
191
223
225
103
191
223
224
104
191
223
224
103
191
227
220
120
191
227
219
121
191
227
225
104
192
228
220
120
192
228
221
119
192
229
189
172
192
229
220
120
192
229
221
119
190
228
225
104
190
228
224
104
193
226
188
171
193
226
221
121
193
226
221
119
190
226
225
102
190
226
225
104
190
226
225
103
190
226
224
104
190
226
224
103
201
213
192
168
201
213
193
167
201
213
197
163
201
213
194
165
201
212
194
165
201
212
198
161
200
215
188
171
200
215
193
167
200
215
194
165
201
214
192
169
201
214
192
168
201
214
191
169
201
214
193
167
201
214
194
165
200
216
192
168
200
216
191
169
200
216
193
167
199
217
192
169
199
217
192
168
199
217
191
169
318
263
295
205
