34_34_l.jpg
34_34_r.jpg
508
465
342
464
377
270
223
276
377
194
223
200
331
234
175
234
331
234
175
236
331
234
176
237
331
234
176
236
331
234
176
235
331
234
176
234
339
204
182
208
447
331
290
335
332
232
175
234
332
232
175
236
332
232
176
237
332
232
176
236
332
232
176
235
332
232
176
234
333
231
175
234
333
231
176
237
333
231
176
236
333
231
176
235
333
231
176
234
366
232
212
238
366
232
212
237
333
232
176
237
333
232
176
236
333
232
176
235
333
232
176
234
332
223
176
228
377
195
224
201
377
195
223
201
331
232
175
234
331
232
175
236
331
232
176
236
331
232
176
235
331
232
176
234
356
225
202
230
338
205
181
209
376
195
223
201
389
276
234
281
507
471
343
471
507
471
348
471
330
229
175
234
330
229
176
234
377
239
223
245
390
288
235
293
410
323
254
328
336
203
181
209
336
203
181
208
336
203
182
208
336
203
180
207
449
333
295
337
332
230
175
234
332
230
175
236
332
230
176
236
332
230
176
235
332
230
176
234
381
276
227
282
338
203
181
208
338
203
182
208
356
223
202
228
510
471
347
471
510
471
348
471
332
199
179
205
407
290
253
295
332
198
176
202
336
204
181
209
336
204
181
208
336
204
182
208
333
229
176
236
333
229
176
235
333
229
176
234
332
229
175
234
332
229
176
236
332
229
176
235
332
229
176
234
337
204
181
209
337
204
181
208
337
204
182
208
377
208
222
215
377
208
223
213
390
281
234
286
390
281
235
287
336
201
181
206
336
201
182
206
337
203
181
209
337
203
181
208
337
203
182
208
382
275
228
281
377
245
223
251
377
245
223
250
334
198
179
203
390
290
234
295
333
230
175
234
333
230
176
236
333
230
176
235
333
230
176
234
381
274
227
280
381
274
228
281
377
246
223
251
382
274
227
280
382
274
228
281
382
274
228
280
382
274
229
280
337
228
181
233
388
280
234
286
389
280
234
286
357
224
202
230
331
235
175
234
331
235
175
236
331
235
176
237
331
235
176
236
331
235
176
235
331
235
176
234
377
220
223
225
506
468
341
467
506
468
341
468
448
333
291
337
448
333
295
337
376
219
223
225
366
239
212
245
385
274
231
280
377
214
223
220
390
287
234
292
390
287
235
293
377
271
223
276
377
271
223
277
506
467
341
467
406
320
251
326
383
274
228
280
383
274
229
280
377
265
223
271
388
275
232
280
398
254
243
260
332
231
175
234
332
231
175
236
332
231
176
236
332
231
176
235
332
231
176
234
335
202
181
209
335
202
181
208
335
202
182
208
335
202
178
206
335
202
181
206
335
202
180
207
335
202
179
206
