35_35_l.jpg
35_35_r.jpg
436
236
238
235
436
236
242
234
416
248
225
246
403
249
212
246
403
249
207
246
444
185
251
183
444
185
251
186
376
198
182
196
376
198
181
197
376
198
181
196
420
247
226
244
449
178
255
179
376
180
182
176
376
180
183
176
433
267
239
264
446
201
250
200
446
201
251
200
354
193
160
189
442
198
249
198
442
198
248
197
442
198
249
197
442
198
250
197
477
273
278
266
444
235
249
234
444
235
246
234
444
235
247
234
444
235
251
234
444
235
249
233
444
235
244
234
444
235
250
231
447
181
253
181
474
35
271
42
474
35
272
44
474
35
268
46
424
240
231
237
424
240
229
238
424
240
231
238
443
182
249
180
443
182
248
181
443
182
249
179
441
204
248
203
441
204
247
202
441
204
247
204
441
204
249
203
441
204
247
203
404
246
209
243
404
246
212
244
404
246
212
243
404
246
210
244
404
246
215
244
441
206
247
204
441
206
249
204
446
193
251
192
446
193
252
192
446
193
252
193
405
247
212
244
405
247
210
244
405
247
215
244
374
180
182
176
471
34
271
42
471
34
272
41
471
34
271
40
471
34
268
42
431
239
238
235
431
239
233
238
431
239
236
235
431
239
232
240
431
239
236
237
444
201
250
200
444
201
249
200
377
197
182
196
376
224
180
223
376
224
182
222
376
224
180
222
376
224
179
223
412
245
223
243
412
245
220
243
477
269
277
262
477
269
276
263
383
180
189
176
383
180
190
176
383
180
191
177
414
255
226
254
414
255
220
251
455
284
260
279
298
213
96
211
363
20
169
19
444
236
249
234
444
236
246
234
444
236
247
234
444
236
251
234
444
236
249
233
444
236
244
234
375
226
178
225
480
271
281
264
456
284
260
280
456
284
260
279
468
278
270
273
418
238
226
235
418
238
227
234
418
238
224
236
418
238
222
237
418
238
225
236
507
131
304
134
389
181
195
178
402
244
209
243
435
239
238
238
435
239
240
237
435
239
241
237
435
239
236
237
439
240
241
237
462
282
263
277
395
246
201
243
411
247
218
244
411
247
219
244
399
249
207
246
399
249
206
246
375
199
181
197
375
230
176
228
375
230
179
228
375
230
178
229
375
230
182
229
458
282
263
276
458
282
263
277
458
282
260
279
458
282
262
276
444
198
249
197
437
233
242
231
437
233
242
230
437
233
240
231
437
233
244
231
436
239
238
238
436
239
240
237
436
239
241
237
436
239
242
235
446
238
251
234
382
179
189
176
376
188
182
184
412
256
220
253
412
256
220
252
444
191
251
192
444
191
251
191
444
191
250
192
444
191
250
190
391
243
201
243
401
245
209
243
401
245
212
243
401
245
207
243
445
204
251
203
445
204
249
203
445
204
251
204
382
178
190
175
382
178
189
176
382
178
190
176
442
186
248
188
374
185
180
181
374
185
179
181
374
185
181
180
399
247
206
245
399
247
208
245
399
247
205
244
399
247
210
244
411
245
220
243
372
201
178
199
372
201
177
199
427
234
232
232
416
260
225
256
445
192
251
192
445
192
251
191
445
192
250
192
478
271
278
266
478
271
278
265
478
271
279
264
419
239
227
236
419
239
226
235
419
239
224
236
419
239
225
238
419
239
225
237
419
239
225
236
419
239
226
236
417
235
223
234
355
194
163
191
374
230
176
228
374
230
179
228
374
230
178
229
374
230
182
229
364
180
169
177
443
190
248
192
443
190
251
191
443
190
250
192
443
190
250
189
443
190
250
190
410
250
219
247
484
268
280
263
484
268
282
264
484
268
281
264
484
268
280
264
484
268
284
262
484
268
279
264
376
199
181
197
376
199
180
196
376
199
182
197
421
236
226
235
421
236
227
234
376
225
180
223
376
225
182
222
376
225
180
222
376
225
179
223
415
247
225
244
469
278
270
273
447
193
252
192
447
193
252
193
440
236
243
235
440
236
246
234
440
236
247
234
440
236
244
235
440
236
242
235
440
236
242
234
440
236
244
234
474
271
275
267
419
234
225
233
364
15
167
15
369
61
171
52
369
61
170
55
449
180
255
179
449
180
255
180
508
131
304
134
439
238
243
235
439
238
240
237
439
238
241
237
439
238
244
235
439
238
242
235
439
238
244
234
403
246
209
243
403
246
212
244
403
246
212
243
403
246
207
243
403
246
210
244
403
246
215
244
459
284
263
280
426
243
230
242
426
243
231
241
475
34
268
46
420
236
226
235
420
236
227
234
418
245
223
242
418
245
223
243
418
245
226
241
429
263
236
259
504
137
301
139
443
191
251
192
443
191
251
191
443
191
250
192
443
191
250
189
443
191
250
190
390
183
195
178
416
240
223
238
416
240
224
236
416
240
222
237
448
192
253
191
448
192
252
192
448
192
254
192
406
246
218
244
406
246
212
243
406
246
215
244
376
197
181
196
443
235
247
231
443
235
249
234
443
235
246
234
443
235
247
234
443
235
249
233
443
235
244
234
421
244
226
241
474
273
276
268
474
273
276
267
474
273
275
267
482
267
280
263
482
267
280
264
482
267
281
261
482
267
279
264
448
188
252
184
448
188
254
186
448
188
254
187
448
188
254
190
448
188
254
189
469
34
265
41
469
34
268
42
470
35
271
42
470
35
268
42
362
17
169
17
444
190
251
191
444
190
250
192
444
190
250
189
444
190
250
190
401
247
211
245
401
247
206
245
401
247
208
245
401
247
205
244
401
247
210
244
417
246
223
243
417
246
226
244
417
246
225
244
484
267
280
263
484
267
281
264
484
267
280
264
484
267
279
264
425
268
234
265
425
268
234
264
445
190
251
192
445
190
251
191
445
190
250
192
481
230
283
228
481
230
284
228
423
239
230
235
423
239
229
238
440
239
240
237
440
239
241
237
440
239
244
235
430
235
238
232
430
235
235
234
419
252
229
250
419
252
224
248
433
264
239
261
430
242
230
242
430
242
231
241
430
242
232
240
489
128
295
132
489
128
295
131
355
193
161
189
455
231
259
230
421
235
225
233
421
235
227
234
421
235
229
231
369
63
170
55
371
199
176
197
492
132
297
135
492
132
296
135
492
132
296
136
477
271
278
266
477
271
278
265
477
271
279
264
501
134
301
137
493
127
299
131
482
269
280
263
482
269
282
264
482
269
278
265
482
269
281
264
482
269
280
264
482
269
279
264
433
234
238
232
433
234
235
234
433
234
240
231
505
132
304
135
505
132
304
136
505
132
303
135
418
237
225
233
418
237
227
234
442
201
248
200
442
201
248
201
442
201
249
200
374
200
179
198
374
200
180
198
442
192
248
192
442
192
250
192
442
192
250
190
417
241
223
238
417
241
225
238
417
241
221
239
448
199
254
199
448
199
254
200
449
179
255
179
449
179
255
180
441
232
247
231
441
232
242
231
441
232
245
231
441
232
244
231
295
211
93
209
448
196
253
196
448
196
254
196
448
196
254
197
399
248
203
245
399
248
211
245
399
248
206
245
399
248
208
245
399
248
207
246
399
248
206
246
481
274
282
267
352
191
158
187
441
239
240
237
441
239
241
237
444
181
249
180
444
181
248
181
444
181
251
182
444
181
249
179
376
185
180
181
415
243
222
240
415
243
223
241
415
243
223
240
440
205
248
203
440
205
247
204
440
205
247
203
447
236
249
234
447
236
247
234
447
236
251
234
447
236
249
233
447
236
252
232
446
181
252
182
374
226
178
225
374
226
178
223
406
245
212
243
422
241
229
238
442
233
247
231
442
233
245
231
442
233
244
231
447
189
253
191
447
189
253
190
447
187
252
184
447
187
253
183
447
187
251
183
447
188
252
188
447
188
251
183
478
270
278
265
478
270
279
264
390
216
195
216
448
187
252
184
448
187
254
186
448
187
253
183
448
187
254
187
448
187
254
185
296
211
93
209
409
248
218
245
372
230
176
228
372
230
179
228
372
230
178
227
372
230
178
229
372
230
182
229
444
234
247
231
444
234
245
231
444
234
249
234
444
234
246
234
444
234
247
234
444
234
249
233
444
234
250
231
444
234
252
232
455
232
259
230
440
233
247
231
440
233
242
231
440
233
245
231
440
233
242
230
440
233
244
231
488
268
285
263
488
268
284
262
502
134
301
137
502
134
301
138
502
134
301
139
502
134
302
137
442
199
247
197
442
199
249
198
442
199
248
197
442
199
249
197
473
279
273
274
375
198
181
196
375
198
180
195
375
198
180
196
420
240
227
236
420
240
225
238
420
240
225
237
420
240
227
237
474
270
276
262
474
270
276
263
421
234
225
233
421
234
229
231
412
247
218
244
412
247
219
244
443
199
249
198
415
245
223
242
415
245
223
243
410
254
220
251
410
254
220
252
371
201
177
199
422
234
229
231
404
250
209
247
442
237
243
235
442
237
249
234
442
237
246
234
442
237
247
234
442
237
244
235
442
237
242
235
442
237
244
234
506
132
304
135
506
132
303
135
418
236
225
233
418
236
223
234
445
198
250
197
416
231
222
230
446
185
252
184
446
185
251
183
446
185
252
182
446
185
251
182
425
243
230
242
425
243
231
241
425
243
230
240
435
238
240
237
435
238
238
235
435
238
242
235
435
238
242
234
435
238
236
237
419
243
225
241
419
243
223
241
419
243
226
241
439
234
242
231
439
234
245
231
439
234
242
230
439
234
244
231
475
272
276
267
475
272
275
267
453
233
257
231
453
233
257
232
453
233
259
230
417
244
223
242
417
244
225
241
417
244
223
241
417
244
226
241
449
192
253
191
449
192
254
190
449
192
254
192
449
192
254
191
426
240
232
237
426
240
231
237
426
240
230
240
426
240
231
238
474
31
272
41
474
31
271
40
400
247
211
245
400
247
206
245
400
247
208
245
400
247
205
244
400
247
210
244
438
235
242
231
438
235
238
235
438
235
242
234
438
235
244
234
438
235
244
231
479
274
279
268
479
274
280
268
425
236
232
232
425
236
230
235
353
191
158
187
353
191
161
188
447
184
253
183
447
184
252
182
439
236
243
235
439
236
244
235
439
236
242
235
439
236
242
234
439
236
244
234
510
133
305
136
471
269
275
262
442
205
247
204
442
205
249
204
437
232
242
231
437
232
242
230
437
232
240
231
437
232
244
231
401
248
211
245
401
248
206
245
401
248
208
245
401
248
207
246
434
267
239
264
439
239
243
235
439
239
240
237
439
239
241
237
439
239
244
235
473
270
276
262
473
270
276
263
503
133
301
137
503
133
302
137
505
133
304
136
505
133
304
137
387
245
198
244
443
198
249
197
448
198
254
198
416
252
224
248
442
181
249
180
442
181
247
180
442
181
248
181
442
181
249
179
428
243
230
242
428
243
231
241
428
243
232
240
428
243
230
243
415
249
225
246
443
193
251
192
443
193
251
191
443
193
250
192
443
193
250
190
406
248
211
245
406
248
216
246
486
267
284
262
416
244
223
242
416
244
225
241
416
244
223
241
367
61
171
52
367
61
170
51
367
61
170
55
386
243
201
243
416
238
222
237
416
238
222
235
457
282
260
279
457
282
262
276
447
233
253
230
447
233
249
233
447
233
250
231
447
233
252
232
454
232
259
230
387
244
198
244
418
233
225
230
481
260
281
257
426
269
234
265
445
201
250
200
445
201
249
200
445
201
251
200
442
190
248
192
442
190
247
192
442
190
248
189
442
190
250
189
442
190
248
188
442
190
250
190
417
260
225
256
481
134
286
138
433
236
238
235
433
236
236
235
427
239
232
237
427
239
231
237
428
240
233
238
428
240
236
235
428
240
232
240
412
250
219
247
448
197
254
198
448
197
254
197
431
236
238
232
431
236
235
234
431
236
236
235
420
243
225
241
420
243
226
241
375
225
178
223
375
225
179
223
432
269
236
267
403
245
209
243
403
245
212
243
434
241
238
238
431
237
238
235
431
237
235
234
431
237
236
235
377
198
182
196
377
198
182
197
392
244
201
243
