pano8.jpg
pano9.jpg
206
293
478
314
208
294
480
315
208
294
478
314
208
294
482
316
210
289
481
309
210
289
483
310
211
289
481
309
211
289
483
309
211
289
483
310
211
289
484
310
212
291
484
312
212
291
483
311
212
291
485
312
210
292
481
313
210
292
483
313
210
292
483
314
210
292
484
314
211
291
484
312
211
291
483
311
210
290
484
312
210
290
483
311
211
290
481
309
211
290
484
312
211
290
483
311
211
290
483
310
210
293
481
313
210
293
483
313
210
293
483
314
210
293
484
314
210
293
484
315
210
293
483
315
213
293
483
313
213
293
484
314
213
293
485
314
213
293
487
315
215
288
486
308
215
288
487
308
215
288
487
309
214
289
483
309
215
291
483
311
215
291
483
310
215
291
484
310
215
291
486
312
215
291
488
312
217
293
484
312
217
293
485
312
217
293
486
312
217
293
492
315
217
293
492
316
215
293
484
312
215
293
485
312
215
293
485
314
215
293
488
315
215
293
487
315
214
292
484
312
214
292
483
311
214
292
485
312
214
292
486
312
220
292
495
313
219
305
495
328
216
308
487
329
221
307
495
328
221
306
495
328
225
293
499
315
225
293
500
315
225
293
498
314
225
293
500
314
223
296
496
317
223
296
495
317
221
296
496
317
221
296
492
317
221
296
495
317
222
296
496
317
222
296
495
317
225
305
500
327
226
287
501
309
228
289
501
311
228
289
502
311
228
289
504
310
228
289
503
310
226
293
499
315
226
293
500
315
226
293
500
314
228
290
501
312
227
293
500
315
227
293
500
314
227
294
500
315
226
305
500
327
229
307
502
327
236
273
514
295
241
275
517
296
241
275
518
296
241
275
519
298
238
278
513
299
239
282
512
304
243
273
514
295
243
273
515
294
243
273
517
296
243
273
518
294
244
276
516
298
244
276
515
298
244
276
519
298
244
276
522
297
244
276
522
298
245
275
517
296
245
275
518
296
245
275
519
298
245
275
522
297
245
275
523
296
245
275
522
298
244
277
516
298
244
277
519
298
244
277
522
298
244
277
522
300
244
279
520
301
245
304
521
326
244
319
518
340
244
319
518
341
244
320
518
340
244
320
518
341
242
323
516
343
245
324
519
345
246
275
518
296
246
275
522
297
246
275
523
296
246
275
524
297
246
275
522
298
249
277
522
297
249
277
524
297
249
277
525
299
249
277
524
299
249
277
523
300
249
277
522
298
249
277
522
300
249
277
523
299
248
280
520
301
248
280
523
300
248
280
522
300
249
280
523
300
249
280
522
300
247
278
525
299
247
278
524
299
247
278
523
300
247
278
522
298
247
278
522
300
247
278
523
299
247
279
520
301
247
279
523
300
247
279
522
300
247
312
519
332
251
275
524
297
251
275
529
295
252
277
525
299
252
277
524
299
252
278
525
299
252
278
524
299
253
290
525
311
253
290
529
311
253
290
526
311
251
291
525
311
251
291
527
313
251
291
526
313
248
293
520
313
248
293
522
313
251
293
524
313
251
293
522
313
251
293
523
313
253
324
528
345
257
277
532
295
257
277
534
299
257
277
534
300
257
277
535
298
257
277
535
300
257
277
532
299
254
279
532
299
256
279
532
299
254
278
525
299
254
278
532
299
256
278
534
300
256
278
535
300
256
278
532
299
257
279
534
300
257
279
532
299
254
286
527
306
256
284
530
305
254
290
528
310
254
290
529
311
257
293
529
313
256
291
529
311
256
291
534
313
254
293
527
313
254
293
526
313
254
293
528
314
256
290
530
310
257
323
528
345
259
279
534
299
259
279
534
300
259
279
536
300
259
279
535
298
259
279
535
300
259
279
532
299
259
279
536
301
260
278
535
297
260
278
534
299
260
278
534
300
260
278
536
300
260
278
535
298
260
278
535
300
260
278
536
301
260
278
539
301
260
280
534
299
260
280
534
300
260
280
536
300
260
280
535
300
260
280
536
301
260
280
536
304
259
284
536
304
261
284
536
304
261
284
538
305
259
296
535
317
259
296
534
316
256
304
530
325
256
304
531
325
259
303
534
324
259
303
534
325
256
305
530
325
256
305
531
325
257
305
530
325
257
305
531
325
258
324
528
345
264
285
540
306
264
285
538
305
262
285
540
306
262
285
538
305
264
286
540
308
263
293
539
314
265
294
541
313
265
294
539
314
265
294
543
314
263
297
538
316
265
296
539
315
265
296
542
317
262
295
535
314
262
295
537
315
262
295
539
315
262
295
538
316
262
299
538
319
261
313
536
334
261
313
534
333
261
313
536
336
261
315
536
334
261
315
534
333
261
315
536
336
264
320
538
343
260
319
533
340
260
319
531
340
262
323
533
340
264
282
538
305
268
291
543
312
268
291
544
310
269
291
545
312
269
291
544
310
269
293
545
312
269
293
543
312
269
293
543
313
269
292
545
312
269
292
543
312
269
292
544
310
267
293
540
312
267
293
541
313
267
293
543
312
267
293
543
313
268
293
540
312
268
293
541
313
268
293
545
312
268
293
543
312
268
293
543
313
267
292
543
312
267
292
543
313
267
296
539
314
267
296
539
315
268
299
541
319
269
323
542
345
269
323
543
345
269
323
544
342
269
323
545
342
268
324
542
345
268
324
543
345
268
324
544
346
266
325
538
343
266
325
542
345
266
325
540
347
266
325
541
349
266
325
542
347
270
289
546
309
270
292
545
312
270
292
543
312
270
292
544
310
270
292
546
311
270
292
546
312
272
291
544
310
272
291
546
309
272
291
548
310
272
291
546
311
272
291
548
311
272
293
545
312
272
293
548
313
272
293
546
312
272
293
546
313
272
293
549
313
270
291
545
312
270
291
544
310
270
291
546
311
270
291
546
312
270
293
545
312
270
293
543
312
270
293
543
313
270
293
546
312
270
293
546
313
271
293
545
312
271
293
543
312
271
293
546
312
271
293
546
313
273
291
548
310
273
291
546
311
273
291
548
311
273
301
545
321
270
301
545
321
271
301
545
321
272
307
548
328
273
320
548
341
273
320
549
340
273
320
550
341
272
320
548
341
272
320
549
340
272
320
548
342
272
320
550
341
270
319
548
341
273
323
545
342
273
323
548
342
273
323
547
344
273
323
549
344
271
325
542
345
271
325
543
345
271
325
544
342
271
325
542
347
271
325
544
346
271
325
547
344
271
325
547
345
273
324
547
344
273
324
549
344
273
324
547
345
272
323
545
342
272
323
547
344
272
323
549
344
272
325
542
345
272
325
543
345
272
325
544
346
272
325
547
344
272
325
547
345
273
325
543
345
273
325
544
346
273
325
547
344
273
325
547
345
268
326
538
343
268
326
542
345
268
326
543
345
268
326
540
347
268
326
541
349
268
326
542
347
268
326
544
346
273
328
543
345
273
328
542
347
273
328
544
346
273
328
548
348
270
328
542
345
270
328
540
347
270
328
541
349
270
328
542
347
273
326
542
345
273
326
543
345
273
326
544
346
273
326
547
344
273
326
547
345
273
326
548
348
274
291
548
310
274
291
548
311
274
290
548
310
274
290
548
311
274
292
548
311
274
292
549
313
274
292
551
312
274
292
550
313
274
293
548
313
274
293
549
313
274
293
551
312
274
293
550
313
276
300
551
320
276
300
551
321
275
300
551
320
275
300
551
321
276
304
553
325
274
307
548
328
274
320
549
340
274
320
550
341
277
323
553
343
277
323
554
345
277
323
555
344
277
323
556
344
277
323
555
343
277
323
554
343
277
325
551
345
275
324
549
344
275
324
551
345
277
324
549
344
277
324
551
345
277
324
555
345
277
324
554
345
277
324
556
345
275
323
548
342
275
323
549
344
277
299
551
320
277
299
549
319
280
299
554
321
281
299
554
321
281
299
559
320
279
300
551
320
279
300
551
321
279
300
554
321
281
300
554
321
281
300
559
320
281
300
562
320
281
300
565
318
280
314
556
336
281
315
556
336
281
315
557
337
281
313
556
335
279
320
555
341
280
320
555
341
280
320
557
342
281
320
555
341
281
320
557
342
278
321
555
343
279
321
555
341
281
321
555
341
281
321
557
342
281
321
557
343
282
299
559
320
289
292
568
312
289
292
566
313
289
292
568
313
288
297
565
318
291
292
568
312
291
292
566
313
291
292
567
310
291
292
568
313
300
308
580
329
300
309
576
329
304
309
580
329
304
309
582
333
304
309
581
333
304
309
582
330
304
309
581
330
304
309
584
330
301
308
580
329
301
308
581
330
301
309
580
329
301
309
581
330
304
308
580
329
304
308
582
330
304
308
581
330
304
308
584
330
306
308
584
330
313
353
593
379
313
353
596
379
313
353
596
378
313
353
595
379
314
353
596
379
314
353
596
378
314
353
595
379
317
356
593
379
317
356
596
379
317
356
596
380
317
356
595
379
317
356
596
381
316
354
596
379
316
354
596
378
316
354
595
379
315
355
593
379
315
355
596
379
315
355
596
380
315
355
595
379
