Test506.jpg
Test507.jpg
200
172
137
168
200
172
139
167
200
172
139
168
203
172
139
166
203
172
138
166
203
172
139
167
203
172
139
168
203
172
140
167
200
171
139
166
200
171
138
166
200
171
139
167
200
171
140
167
202
173
137
168
202
173
139
169
202
173
139
167
202
173
139
168
202
173
140
169
202
172
138
166
202
172
139
167
202
172
139
168
202
172
140
167
205
172
141
167
205
172
140
167
205
172
143
167
205
172
144
167
205
172
143
168
201
173
137
168
201
173
139
169
201
173
139
168
201
173
138
169
201
173
140
169
205
170
144
166
205
173
141
167
205
173
139
168
205
173
140
167
205
173
143
168
207
170
145
166
206
171
144
167
207
171
144
167
206
172
141
167
206
172
143
167
206
172
144
167
206
172
143
168
211
171
144
166
211
171
145
166
341
186
284
186
341
186
285
186
341
186
283
186
341
189
281
188
341
189
281
189
341
189
280
189
341
189
285
189
341
189
284
190
339
188
281
188
341
188
281
188
341
188
280
187
341
188
284
187
341
188
286
188
341
187
284
187
341
187
284
186
341
187
283
186
341
187
286
187
341
187
287
188
341
190
281
189
341
190
280
189
341
190
284
190
341
190
283
190
341
190
283
191
341
190
284
191
386
288
325
285
387
288
328
284
387
288
326
285
388
288
328
284
388
288
327
285
388
288
326
285
390
288
327
285
