26_26_l.jpg
26_26_r.jpg
188
129
57
118
188
130
58
118
186
200
51
195
217
363
77
374
219
361
80
370
220
360
80
370
218
364
77
374
221
363
80
370
234
109
112
101
238
96
117
86
238
96
117
87
238
95
117
86
238
95
117
87
240
86
120
79
240
86
120
78
245
95
125
88
245
95
125
87
247
96
125
88
247
234
131
247
250
245
125
253
250
245
125
252
264
242
136
250
269
65
153
59
269
66
153
60
269
67
153
61
279
250
129
246
282
56
169
52
282
56
168
51
283
250
129
246
283
368
151
378
286
251
131
247
293
364
165
373
293
364
165
372
293
364
166
373
297
230
171
240
294
235
166
242
297
364
166
373
297
416
166
427
297
416
173
426
299
363
166
373
298
416
166
427
298
416
173
426
302
415
173
425
306
276
186
284
308
416
173
426
308
416
174
426
308
416
175
426
309
416
173
426
313
56
200
56
311
243
182
252
310
266
188
275
310
266
187
274
311
269
188
278
312
270
188
278
311
278
186
286
311
278
187
286
313
286
185
296
310
290
185
296
311
290
188
297
313
417
180
426
313
417
180
427
313
417
183
426
313
416
175
426
313
416
176
426
313
416
180
426
313
416
183
426
314
266
188
275
314
289
188
297
315
287
188
297
321
365
193
372
321
365
192
373
319
415
187
425
319
415
190
424
320
416
183
426
320
416
187
425
320
416
187
426
320
416
193
425
318
421
185
431
322
280
198
290
322
364
193
372
322
364
192
373
323
368
193
377
328
365
198
373
328
414
197
423
328
414
194
424
328
414
197
424
328
414
200
423
328
414
201
423
327
415
193
425
327
415
197
423
327
415
194
424
327
415
197
424
327
415
200
423
327
415
198
425
326
415
193
425
326
415
197
423
326
415
194
424
326
415
197
424
326
415
198
425
329
414
197
423
329
414
197
424
329
414
200
423
329
414
201
423
328
415
197
423
328
415
194
424
328
415
197
424
328
415
200
423
328
415
201
423
328
415
198
425
329
415
197
423
329
415
197
424
329
415
200
423
329
415
201
423
329
415
198
425
333
280
207
289
333
280
208
289
333
280
209
290
333
280
208
290
331
280
207
290
331
365
200
372
333
364
203
373
331
364
200
372
332
413
200
423
332
413
201
423
332
413
205
422
332
413
204
422
332
414
200
423
332
414
201
423
332
414
205
422
332
414
204
422
332
414
206
422
335
53
223
56
337
199
219
208
337
199
219
209
337
275
217
285
336
367
205
374
336
367
205
376
336
367
205
375
334
367
203
373
334
413
200
423
334
413
201
423
334
413
205
422
334
413
204
422
334
413
206
422
334
413
207
422
336
413
201
423
336
413
205
422
336
413
204
422
336
413
206
422
336
413
207
422
341
182
224
190
338
249
217
260
338
249
225
256
338
269
216
280
341
273
220
283
341
273
222
284
340
369
208
380
338
413
205
422
338
413
204
422
338
413
206
422
338
413
207
422
343
199
226
208
345
245
225
254
345
243
225
254
342
413
206
422
342
413
207
422
342
413
211
422
342
413
214
421
342
413
216
420
346
287
225
296
349
287
225
296
348
412
211
422
348
412
214
421
348
412
217
421
348
412
216
421
348
412
216
420
348
412
218
419
348
412
220
419
348
412
219
419
347
412
211
422
347
412
214
421
347
412
217
421
347
412
216
421
347
412
216
420
347
412
218
419
347
412
220
419
347
412
219
419
346
416
215
425
350
410
214
421
350
410
216
420
350
410
218
419
350
410
220
419
350
410
219
419
350
410
220
418
351
411
214
421
351
411
217
421
351
411
216
421
351
411
216
420
351
411
218
419
351
411
220
419
351
411
219
419
351
411
220
418
353
410
216
420
353
410
218
419
353
410
220
419
353
410
219
419
353
410
220
418
353
410
223
418
351
410
214
421
351
410
216
421
351
410
216
420
351
410
218
419
351
410
220
419
351
410
219
419
351
410
220
418
357
283
235
292
357
409
220
419
357
409
219
419
357
409
220
418
357
409
225
418
357
409
223
418
355
410
218
419
355
410
220
419
355
410
219
419
355
410
220
418
355
410
225
418
355
410
223
418
354
410
218
419
354
410
220
419
354
410
219
419
354
410
220
418
354
410
223
418
356
410
220
419
356
410
219
419
356
410
220
418
356
410
225
418
356
410
223
418
364
348
234
355
365
365
235
373
365
365
235
372
362
365
233
372
362
366
233
372
364
409
233
416
364
409
231
417
364
409
234
416
368
365
238
372
368
408
235
416
368
408
237
416
368
408
237
415
367
408
235
416
367
408
234
416
372
408
241
414
372
408
240
415
372
408
241
415
371
407
240
415
372
407
241
414
372
407
240
415
374
407
241
415
374
407
242
415
380
348
252
353
380
348
252
354
380
348
252
355
380
349
252
354
380
349
252
355
380
349
252
356
388
346
262
351
390
155
273
173
390
155
273
175
390
155
274
173
392
346
262
351
392
346
265
353
392
353
263
360
391
377
260
384
391
377
262
383
397
335
270
341
399
378
270
384
400
378
270
384
425
356
294
361
432
183
325
197
432
183
326
197
435
160
326
170
437
162
324
174
437
162
325
174
437
162
328
172
437
162
326
173
437
162
326
174
437
183
325
197
437
183
326
196
437
183
326
197
439
160
324
174
439
160
325
174
439
160
328
172
439
160
326
173
439
160
328
173
439
160
326
174
441
160
325
174
441
160
328
172
441
160
328
173
441
160
328
174
441
160
326
174
439
161
324
174
439
161
325
174
439
161
328
172
439
161
326
173
439
161
328
173
439
161
328
174
439
161
326
174
440
161
325
174
440
161
328
172
440
161
326
173
440
161
328
173
440
161
328
174
440
161
326
174
441
162
328
174
441
162
329
174
441
162
330
173
441
162
330
174
440
162
328
173
440
162
328
174
440
162
329
174
439
162
328
172
439
162
328
173
439
162
328
174
439
162
326
174
438
183
326
197
443
160
328
174
443
160
329
174
443
160
330
173
444
161
329
174
444
161
330
174
442
161
328
174
442
161
329
174
442
161
330
173
442
161
330
174
443
161
329
174
443
161
330
173
443
161
330
174
445
160
330
174
442
162
329
174
442
162
330
173
442
162
330
174
471
105
350
124
470
105
349
124
470
106
349
125
