Test48_rot.png
Test49_rot.png
367
59
341
53
367
59
338
54
367
59
339
54
371
59
341
53
371
59
338
54
371
59
339
54
371
59
345
52
371
59
344
52
371
59
342
53
372
59
341
53
372
59
338
54
372
59
339
54
372
59
345
52
372
59
344
52
372
59
342
53
372
59
351
50
374
59
341
53
374
59
345
52
374
59
344
52
374
59
342
53
374
59
351
50
374
59
352
50
374
59
354
49
379
59
351
50
379
59
352
50
379
59
355
49
379
59
354
49
379
59
358
48
381
59
349
51
381
59
351
50
381
59
352
50
381
59
355
49
381
59
354
49
381
59
358
48
384
64
356
54
384
64
359
53
390
58
359
47
390
58
360
47
390
58
363
46
390
58
364
46
390
58
394
36
391
58
360
47
391
58
363
46
391
58
364
46
396
253
425
249
399
58
373
43
399
58
376
42
400
58
373
43
400
58
376
42
400
239
425
233
400
238
425
233
403
58
373
43
402
238
425
233
405
267
437
260
408
235
430
230
406
236
429
232
406
238
429
232
408
247
434
242
409
247
435
240
409
247
436
242
409
247
434
242
412
64
380
47
412
64
381
47
411
63
381
46
413
260
441
250
414
156
417
145
417
157
420
147
417
157
420
146
417
158
420
147
417
161
422
152
421
152
421
140
421
154
422
142
421
156
423
145
421
156
424
146
421
156
425
147
420
154
422
142
421
157
423
145
421
157
424
146
421
157
425
147
438
58
408
33
438
58
407
33
458
148
432
139
458
148
433
139
459
148
432
139
459
148
433
139
459
149
432
139
470
172
477
149
478
61
430
29
480
61
430
29
481
61
430
29
490
250
521
219
503
269
537
231
