Test6.jpg
Test7.jpg
217
233
165
232
408
113
358
113
555
320
498
313
555
320
499
315
555
320
499
314
234
194
183
196
234
194
183
194
351
320
303
321
469
308
420
305
434
130
380
131
217
246
165
251
523
274
470
270
523
274
469
270
523
274
468
270
344
315
296
315
344
315
297
316
593
257
535
252
593
257
536
252
298
316
249
318
303
351
255
351
303
351
256
351
234
203
183
204
234
203
183
205
362
337
312
338
459
138
406
138
452
125
399
124
351
321
303
321
380
124
330
126
435
140
383
140
435
140
382
140
435
140
381
140
401
129
351
130
416
138
367
139
416
138
364
139
416
138
362
139
382
315
331
313
562
319
508
311
562
319
506
312
562
319
509
314
562
319
506
313
462
346
408
347
363
332
316
333
363
332
314
332
594
261
536
256
594
261
537
258
286
318
236
320
429
128
378
129
429
128
377
128
448
121
395
123
448
121
397
122
448
121
398
122
415
127
363
128
415
127
365
127
498
273
445
270
498
273
444
270
498
273
442
269
492
271
441
269
492
271
439
268
492
271
442
269
492
271
440
268
492
271
438
268
448
135
398
136
452
323
401
320
452
323
401
321
403
122
351
124
403
122
353
123
403
122
354
123
562
310
508
305
562
310
504
305
562
310
506
307
405
273
356
272
383
296
333
294
383
296
332
294
383
296
333
295
383
296
335
295
347
321
298
322
347
321
300
322
580
241
523
238
421
131
371
132
421
131
369
131
421
131
370
131
545
318
489
314
545
318
492
313
589
315
526
308
589
315
527
308
558
228
502
226
218
247
165
251
218
247
167
250
460
314
410
311
460
314
409
311
358
338
310
338
358
338
308
338
442
140
390
141
442
140
391
141
529
274
474
270
381
123
331
125
372
286
323
285
372
286
322
285
589
320
527
314
456
136
404
136
456
136
403
136
456
136
405
137
456
136
406
137
293
320
243
322
461
346
407
347
461
346
408
347
368
346
319
347
368
346
317
347
340
320
291
320
340
320
292
321
340
320
290
322
430
115
380
116
430
115
381
116
565
310
511
305
565
310
510
305
565
310
512
305
565
310
508
305
359
347
309
348
359
347
311
347
553
219
499
217
422
120
372
121
422
120
370
120
336
324
286
325
446
280
395
278
449
99
397
100
356
345
308
345
552
319
497
315
552
319
496
315
552
319
498
313
552
319
499
315
552
319
497
313
552
319
495
313
552
319
495
314
552
319
497
312
552
319
499
314
588
221
531
218
573
310
516
305
341
324
292
325
341
324
293
325
348
322
300
322
348
322
300
324
500
274
447
271
500
274
444
270
338
314
289
316
472
138
420
138
472
138
420
139
472
138
419
139
472
138
421
139
530
316
476
312
530
316
472
312
530
316
474
312
530
316
480
311
598
252
539
247
591
262
534
258
451
137
400
138
451
137
397
137
451
137
398
137
451
137
399
137
492
291
439
288
492
291
441
287
488
270
439
268
488
270
435
267
488
270
438
268
433
275
384
273
453
140
403
141
485
351
434
350
595
256
537
251
344
313
295
314
344
313
295
313
344
313
296
314
519
273
466
269
519
273
465
269
519
273
464
269
429
127
377
128
429
127
376
128
526
312
469
308
407
113
358
113
601
220
544
219
266
321
216
320
526
313
472
309
337
349
290
350
528
269
476
265
448
282
400
280
447
121
395
123
447
121
397
122
452
121
400
122
368
350
318
351
523
315
471
310
523
315
469
310
443
116
393
117
443
116
391
117
521
318
468
313
546
315
491
310
493
295
438
290
493
295
440
291
493
295
442
291
493
295
440
290
228
263
177
267
475
122
422
122
193
271
142
276
193
271
143
276
193
271
141
275
451
133
400
134
451
133
401
134
451
133
399
134
607
309
547
303
297
348
246
348
297
348
245
348
560
304
505
299
560
304
504
299
505
260
451
257
505
260
452
257
468
351
420
351
428
131
377
132
428
131
376
131
454
122
400
122
454
122
402
123
454
122
403
123
375
127
325
130
533
274
480
270
533
274
479
270
234
197
182
201
234
197
183
200
234
197
182
202
527
321
474
316
585
319
527
314
586
310
526
304
586
310
529
306
586
310
530
305
586
310
526
305
586
310
527
304
586
310
524
304
384
296
333
294
384
296
332
294
384
296
335
295
598
246
540
242
420
296
366
295
420
296
367
295
420
296
368
295
546
310
494
306
546
310
495
305
533
277
480
273
533
277
479
272
533
277
476
273
533
277
479
273
533
277
477
273
533
277
478
273
402
129
352
130
402
129
351
130
590
242
533
238
590
242
532
238
454
136
401
136
454
136
402
137
339
344
290
344
438
287
388
285
456
306
405
302
494
291
441
287
579
238
521
235
268
318
218
319
268
318
219
321
268
318
218
320
268
318
219
320
441
140
390
141
441
140
391
141
442
290
391
288
442
290
392
288
449
134
399
135
449
134
397
135
577
302
518
297
577
302
517
297
218
221
166
221
218
221
166
219
218
221
166
220
351
323
302
324
297
329
247
330
432
275
381
273
346
320
298
322
346
320
298
320
364
332
316
333
341
264
291
264
563
303
505
299
589
257
533
253
306
350
257
351
306
350
256
351
415
119
362
120
415
119
365
120
523
312
469
308
523
312
468
307
523
312
468
308
523
312
466
308
594
260
536
256
594
260
538
257
364
347
315
347
364
347
318
348
364
347
316
347
445
292
395
290
445
292
394
289
445
292
397
289
445
292
396
289
445
292
394
290
587
221
530
218
489
297
435
294
489
297
437
294
597
242
538
238
553
313
500
307
553
313
498
308
494
295
438
290
494
295
440
291
494
295
442
291
494
295
440
290
431
132
379
132
431
132
380
132
474
125
421
126
415
120
364
122
415
120
361
120
415
120
362
120
415
120
362
121
415
120
365
120
234
193
183
194
378
292
329
291
304
348
257
348
195
272
145
277
195
272
146
277
489
270
439
268
489
270
435
267
489
270
438
268
523
317
468
313
586
309
526
304
586
309
530
305
586
309
530
304
586
309
528
304
586
309
527
304
586
309
524
304
601
227
543
226
352
337
302
337
332
315
283
317
579
242
522
239
340
344
290
344
458
141
407
142
458
141
406
142
458
141
403
141
474
142
422
143
474
142
423
142
417
125
365
126
417
125
368
127
414
119
361
120
414
119
362
120
414
119
365
120
336
322
287
323
336
322
287
324
332
314
283
317
457
137
406
138
457
137
405
137
457
137
406
137
361
344
311
345
447
125
395
125
556
229
500
227
556
229
501
227
556
229
502
226
412
125
361
126
412
125
362
125
412
125
360
126
377
108
327
110
218
245
167
250
296
319
246
321
262
318
213
321
382
295
331
293
382
295
333
294
382
295
332
294
596
318
535
311
332
316
283
319
332
316
283
317
418
114
369
115
418
114
367
115
424
131
373
132
424
131
373
131
586
221
529
218
451
295
400
292
451
295
400
291
450
291
400
289
450
291
399
288
510
277
457
274
510
277
453
273
402
123
351
124
402
123
353
125
402
123
350
125
289
318
239
319
461
287
408
285
452
324
401
321
545
314
491
310
545
314
490
309
500
260
447
257
500
260
450
257
228
264
177
268
550
311
494
306
550
311
496
305
550
311
496
306
550
311
495
305
453
137
402
138
453
137
403
138
453
137
399
137
295
319
245
320
295
319
245
321
448
291
400
289
448
291
398
288
448
291
397
289
448
291
399
288
448
291
398
289
475
351
422
350
475
351
424
351
375
130
328
133
421
277
373
275
475
142
422
143
475
142
423
142
494
272
441
269
494
272
439
268
494
272
442
269
494
272
440
268
457
117
404
118
235
318
185
321
492
260
440
258
492
260
442
257
492
260
439
257
344
319
295
319
344
319
296
320
344
319
295
321
581
312
523
307
333
319
283
319
407
125
359
127
240
316
191
320
240
316
191
321
287
318
237
320
551
229
496
228
551
229
495
226
349
322
300
324
349
322
301
323
332
319
283
319
449
121
397
122
449
121
398
122
344
332
296
333
344
332
294
333
344
332
295
333
430
275
381
273
581
238
523
236
341
316
294
317
341
316
293
318
341
316
292
317
265
318
216
320
265
318
215
320
593
256
535
252
593
256
536
252
530
276
475
272
530
276
476
272
447
291
400
290
447
291
400
289
447
291
398
288
447
291
397
289
447
291
399
288
447
291
398
289
288
320
238
322
403
128
352
130
403
128
353
129
403
128
351
130
523
216
469
213
594
310
536
304
594
310
539
306
584
261
527
256
559
230
502
228
559
230
503
228
564
315
508
311
492
294
438
290
492
294
440
291
492
294
442
291
492
294
440
290
552
230
496
228
552
230
497
228
550
230
494
228
550
230
495
226
420
121
369
122
376
290
326
289
226
319
177
324
472
308
420
305
472
308
422
305
527
274
474
270
450
324
399
321
415
125
365
127
415
125
362
125
415
125
365
126
357
344
308
345
357
344
309
345
595
309
536
304
595
309
534
303
595
309
535
303
595
309
538
303
470
308
420
305
470
308
422
305
350
343
302
344
350
343
300
343
278
349
227
350
360
339
312
339
350
319
302
319
350
319
302
320
434
115
384
116
410
125
359
127
410
125
361
126
410
125
360
126
583
221
526
218
234
200
183
202
292
320
242
322
412
123
362
123
412
123
362
125
450
133
400
134
450
133
399
134
466
350
416
349
337
314
288
316
551
313
498
308
427
123
374
124
427
123
375
123
427
123
377
125
507
276
450
272
507
276
453
273
507
276
451
272
359
341
309
341
464
350
414
349
403
123
353
125
288
317
238
319
458
137
406
138
458
137
405
137
458
137
406
137
470
289
417
287
541
313
482
309
541
313
490
309
587
310
526
304
587
310
529
306
587
310
530
305
587
310
528
304
587
310
526
305
587
310
527
304
487
270
435
267
487
270
438
268
239
290
189
295
239
290
190
294
239
290
190
293
239
290
190
295
239
290
189
294
433
281
384
279
366
347
319
347
366
347
317
347
366
347
318
348
366
347
316
347
448
115
396
116
448
115
397
116
448
115
396
117
354
323
306
325
354
323
306
324
553
317
498
313
553
317
497
313
553
317
497
312
553
317
499
314
494
292
439
288
494
292
441
287
494
292
442
289
581
229
523
226
225
319
176
323
424
121
372
121
424
121
375
123
424
121
374
122
355
338
307
338
355
338
306
339
332
328
283
329
240
287
191
291
240
287
190
290
240
287
190
291
240
287
191
290
489
292
439
288
489
292
438
288
489
292
437
288
332
329
283
330
234
196
183
196
234
196
183
197
218
246
167
250
536
215
483
213
422
114
369
115
422
114
372
115
422
114
373
115
422
114
371
115
240
288
191
291
240
288
190
293
240
288
191
293
240
288
190
290
240
288
190
291
348
330
297
331
348
330
299
331
346
315
297
316
596
308
535
303
596
308
538
303
547
318
495
313
547
318
492
313
547
318
495
314
534
218
481
214
534
218
480
213
534
218
479
215
534
218
478
213
457
131
405
131
457
131
405
132
358
334
309
334
586
319
527
314
217
253
165
256
451
135
399
135
451
135
401
136
451
135
397
135
351
319
302
320
351
319
303
321
332
322
283
323
420
114
369
115
420
114
371
115
420
114
367
115
533
275
481
271
533
275
480
270
552
311
497
305
552
311
494
306
552
311
498
308
552
311
498
305
552
311
496
305
552
311
496
306
462
117
409
118
462
117
410
118
404
122
354
123
587
311
529
306
587
311
523
305
587
311
525
306
587
311
526
305
528
275
474
271
528
275
476
271
218
252
166
255
218
252
165
256
416
123
362
123
416
123
365
123
416
123
367
124
439
293
388
290
439
293
383
291
439
293
389
291
439
293
387
290
439
293
392
290
349
317
300
318
594
256
536
252
594
256
537
251
537
312
480
308
533
276
481
271
533
276
479
272
533
276
476
272
458
138
406
138
458
138
403
138
293
316
243
318
453
135
399
135
453
135
401
136
453
135
403
136
416
120
362
120
416
120
365
120
585
314
526
308
591
256
535
252
591
256
533
252
504
260
451
257
504
260
450
257
504
260
452
257
337
318
287
320
337
318
288
318
219
216
166
221
219
216
169
217
219
216
166
219
219
216
166
218
219
216
166
220
219
216
171
217
219
216
170
217
335
332
286
333
346
316
297
316
261
318
211
319
459
301
408
299
243
316
195
321
597
310
536
304
273
317
225
320
427
278
377
276
368
348
317
349
368
348
318
348
592
242
534
238
590
302
529
296
296
320
246
321
564
229
506
226
263
320
213
321
441
276
387
274
441
276
390
274
441
276
389
274
449
116
396
116
449
116
397
116
449
116
396
117
596
256
537
251
522
318
468
313
535
318
484
314
535
318
483
313
535
318
478
314
535
318
476
313
535
318
482
312
452
124
399
124
513
278
457
274
513
278
461
275
287
319
237
320
409
113
358
113
343
332
296
333
343
332
294
333
343
332
293
333
343
332
295
333
601
309
543
303
601
309
542
304
601
309
542
303
347
319
298
320
420
119
368
120
420
119
370
120
224
218
173
217
224
218
172
218
224
218
174
223
224
218
174
222
224
218
173
222
224
218
172
220
224
218
171
217
224
218
173
220
224
218
173
218
519
275
465
271
449
115
396
116
449
115
397
116
449
115
396
117
454
309
403
305
454
309
403
306
339
324
290
325
432
139
382
140
432
139
381
140
452
126
399
127
597
243
540
239
597
243
538
239
422
277
373
275
354
330
305
331
578
231
520
228
527
316
472
311
527
316
472
312
527
316
474
312
455
309
403
305
455
309
403
306
381
294
331
293
381
294
329
292
600
235
542
231
218
248
165
251
218
248
165
252
266
320
216
320
438
286
386
284
301
350
249
351
301
350
250
351
301
350
252
350
429
289
377
287
331
332
282
333
422
296
367
295
422
296
368
295
353
322
305
323
242
288
192
293
379
123
329
125
379
123
330
126
549
219
495
217
347
326
299
327
263
319
213
321
349
334
301
335
595
312
539
306
607
280
548
275
570
310
511
305
570
310
516
305
570
310
512
305
570
310
511
304
427
114
377
115
454
138
400
138
454
138
402
138
454
138
404
139
338
351
289
351
501
260
451
257
501
260
447
257
501
260
450
257
419
124
367
124
332
321
283
323
239
286
190
290
239
286
190
291
357
347
309
348
525
316
472
311
519
277
464
273
519
277
462
273
380
293
329
292
380
293
329
291
584
264
525
260
456
310
403
305
456
310
403
306
219
217
166
221
219
217
169
217
219
217
166
219
219
217
166
218
219
217
166
220
219
217
171
217
219
217
170
217
264
318
215
320
588
261
530
257
588
261
531
257
588
261
529
256
442
277
389
275
277
350
227
351
596
262
538
257
596
262
539
258
437
277
387
275
338
319
290
320
436
132
383
132
436
132
381
132
436
132
384
133
436
132
385
132
528
321
474
316
589
318
528
313
589
318
526
312
589
318
530
312
411
119
361
120
411
119
359
120
411
119
362
120
411
119
362
121
417
119
368
120
417
119
365
120
331
333
282
334
358
344
308
345
358
344
309
345
358
344
311
345
419
119
368
120
419
119
370
120
539
318
484
314
539
318
489
314
539
318
483
313
339
323
290
325
587
317
526
311
463
117
409
118
463
117
410
118
223
216
173
217
223
216
172
218
223
216
169
217
223
216
172
220
223
216
171
217
223
216
170
217
223
216
173
220
223
216
173
218
342
350
294
351
342
350
292
350
342
327
295
328
433
115
384
116
433
115
381
116
242
291
192
293
337
306
288
307
342
313
295
314
563
314
508
311
563
314
506
310
563
314
506
309
563
314
510
308
594
242
538
237
594
242
538
238
594
242
537
238
455
122
402
123
455
122
403
123
468
117
415
117
468
117
415
118
468
117
414
118
569
310
511
305
569
310
510
305
569
310
512
305
569
310
511
304
588
318
528
313
588
318
526
312
601
317
540
311
601
317
543
310
345
324
297
324
529
320
474
316
551
311
497
305
551
311
494
306
551
311
496
305
551
311
496
306
536
219
481
214
536
219
480
213
536
219
484
216
555
227
499
226
555
227
499
225
537
314
482
309
537
314
482
310
537
314
484
310
373
287
323
286
373
287
324
286
362
334
313
334
226
220
175
220
226
220
174
223
226
220
174
222
525
274
470
270
234
195
183
196
234
195
183
197
456
123
402
123
456
123
403
123
452
128
400
129
452
128
401
129
452
128
399
129
358
341
309
341
358
341
308
342
331
334
282
335
350
320
302
320
595
242
538
237
595
242
538
238
595
242
537
238
365
347
315
347
365
347
317
347
365
347
318
348
365
347
316
347
332
326
283
327
293
317
243
318
228
319
179
324
352
320
304
322
352
320
304
321
352
320
303
321
591
242
533
238
591
242
534
238
530
319
478
314
530
319
476
313
551
230
496
228
474
122
422
122
565
320
509
314
342
317
294
317
342
317
295
318
342
317
293
318
593
261
535
257
593
261
536
258
366
348
317
349
366
348
318
348
292
319
242
320
341
309
291
309
491
291
439
288
491
291
438
288
371
286
322
285
340
343
293
344
340
343
290
344
353
323
305
325
414
120
364
122
414
120
361
120
414
120
362
120
414
120
362
121
414
120
365
120
580
238
522
236
368
351
318
351
405
121
354
123
552
229
496
228
552
229
497
224
552
229
497
228
453
121
400
122
400
124
350
125
452
295
401
293
456
137
406
138
456
137
402
137
558
230
502
228
261
317
211
319
450
294
400
292
450
294
400
291
457
130
405
131
463
309
412
306
595
260
538
256
458
135
405
136
403
296
357
295
440
294
390
292
440
294
389
291
440
294
387
291
440
294
386
291
239
289
190
294
239
289
190
293
239
289
190
291
239
289
189
294
295
321
245
323
238
317
188
321
238
317
189
321
427
131
377
132
427
131
376
131
218
264
168
268
489
294
438
290
489
294
440
290
554
230
499
226
554
230
497
230
334
330
285
331
603
309
543
303
603
309
542
303
603
309
544
303
549
229
494
228
574
304
517
299
559
228
502
226
343
312
295
313
343
312
296
314
452
136
398
136
452
136
402
137
424
139
374
139
424
139
373
139
580
239
522
237
580
239
523
236
467
117
415
117
467
117
415
118
467
117
414
118
218
229
165
232
218
229
165
229
355
324
307
325
569
318
516
312
569
318
517
312
569
318
516
313
336
349
290
350
336
349
286
349
532
276
479
272
532
276
475
272
532
276
476
272
604
317
543
310
241
289
192
293
241
289
191
291
241
289
191
293
241
289
191
290
553
311
497
305
553
311
498
308
553
311
498
305
553
311
496
306
352
324
304
325
350
347
300
347
434
293
383
291
511
253
457
250
511
253
456
249
511
253
456
250
334
323
284
323
334
323
286
325
519
276
463
272
519
276
464
273
443
292
395
290
443
292
394
289
443
292
394
290
244
320
194
321
300
350
249
351
300
350
250
351
300
350
252
350
343
321
294
323
343
321
295
321
343
321
296
322
550
309
494
306
550
309
496
305
550
309
496
306
550
309
495
305
465
141
415
142
465
141
412
142
367
350
318
351
439
276
387
274
439
276
390
274
439
276
389
274
562
315
508
311
562
315
506
310
562
315
506
309
527
320
474
316
527
320
470
315
234
201
183
204
234
201
183
202
426
294
377
292
226
221
175
220
226
221
174
223
226
221
174
222
526
275
474
271
195
276
144
279
195
276
147
280
455
137
403
138
455
137
402
137
504
275
450
272
504
275
451
272
504
275
448
271
460
322
408
320
422
131
371
132
422
131
370
131
449
141
397
141
474
349
424
349
341
349
292
350
583
260
527
256
601
228
543
226
522
314
469
310
306
347
257
348
456
125
404
125
581
230
522
228
581
264
525
260
581
264
524
260
594
308
536
304
594
308
534
303
594
308
535
303
594
308
538
303
440
140
390
141
272
319
223
321
494
293
439
288
494
293
442
289
494
293
440
290
561
315
508
311
561
315
506
310
561
315
506
312
561
315
506
309
418
119
368
120
418
119
365
120
511
252
456
249
518
276
463
272
518
276
464
273
336
304
286
304
453
133
401
134
453
133
400
133
345
326
296
327
525
312
469
308
525
312
468
308
428
115
377
115
271
321
222
324
425
139
374
139
425
139
373
139
227
216
175
220
431
131
379
132
431
131
380
132
431
131
380
131
431
131
381
132
435
115
385
116
435
115
384
116
225
219
173
217
225
219
175
220
225
219
174
223
225
219
174
222
225
219
173
222
225
219
172
220
225
219
173
220
225
219
173
218
351
351
302
351
539
219
484
216
539
219
485
217
299
316
250
318
299
316
249
318
383
289
334
288
440
276
387
274
440
276
390
274
440
276
389
274
554
229
499
226
554
229
498
226
554
229
499
225
520
273
467
269
520
273
466
269
520
273
465
269
520
273
466
270
545
311
494
306
347
320
298
322
350
344
302
344
381
314
331
313
404
128
352
130
404
128
353
129
404
128
354
129
531
276
475
272
531
276
476
272
224
219
173
217
224
219
172
218
224
219
174
223
224
219
174
222
224
219
173
222
224
219
172
220
224
219
173
220
224
219
173
218
490
260
438
257
490
260
439
257
409
120
360
122
409
120
359
120
409
120
358
121
415
126
365
127
415
126
361
126
415
126
365
126
237
317
188
321
237
317
189
321
528
276
475
272
528
276
476
272
465
350
414
349
588
314
526
307
588
314
531
309
588
314
526
308
588
314
527
308
412
128
359
129
412
128
362
129
412
128
360
129
412
128
361
128
600
309
543
303
600
309
542
304
600
309
542
303
407
297
357
295
289
305
239
307
261
319
211
319
218
249
165
252
434
132
380
132
434
132
383
132
434
132
381
132
434
132
384
133
449
291
400
289
449
291
399
288
270
318
221
321
506
276
450
272
506
276
453
273
506
276
451
272
526
316
472
311
526
316
472
312
345
315
296
315
345
315
297
316
579
230
521
227
547
311
494
306
547
311
496
306
547
311
495
305
578
241
520
238
227
318
178
322
447
136
396
137
447
136
397
137
302
350
255
351
302
350
250
351
302
350
252
350
538
319
485
315
538
319
484
314
413
127
363
128
413
127
359
127
413
127
361
128
556
311
500
307
556
311
500
306
450
293
400
290
450
293
400
291
290
320
240
321
290
320
240
322
352
350
302
351
473
139
421
140
473
139
420
138
473
139
420
139
473
139
419
139
473
139
421
139
338
317
288
318
497
260
443
257
497
260
444
257
497
260
447
257
497
260
446
257
522
312
469
308
522
312
468
307
522
312
468
308
522
312
466
308
522
312
465
308
296
328
246
329
454
134
400
134
454
134
401
134
606
301
547
295
506
260
452
257
347
317
299
318
590
309
530
304
590
309
528
304
333
321
284
323
342
326
296
327
333
304
284
305
333
304
284
303
460
308
408
303
351
341
302
341
597
261
538
256
596
243
538
239
597
318
537
311
463
314
410
311
463
314
409
311
192
274
142
276
192
274
143
276
192
274
141
276
192
274
142
278
569
311
511
305
569
311
510
305
569
311
512
305
569
311
515
307
464
117
410
118
600
232
542
228
585
309
526
304
585
309
530
305
585
309
528
304
585
309
526
305
585
309
527
304
585
309
524
304
374
288
324
287
374
288
325
287
599
238
541
234
293
321
243
322
220
255
169
259
330
350
281
351
491
293
438
290
491
293
439
288
491
293
438
288
491
293
437
288
491
293
442
289
491
293
440
290
546
311
494
306
546
311
495
305
436
277
387
275
527
269
476
265
530
218
477
216
472
351
422
350
472
351
424
351
472
351
420
351
443
276
390
274
443
276
389
274
443
276
392
274
345
320
296
322
421
114
369
115
421
114
372
115
421
114
371
115
559
304
504
299
495
272
441
269
495
272
444
270
495
272
442
269
495
272
440
268
464
320
413
317
591
221
534
218
234
192
183
194
345
331
296
332
379
293
329
292
379
293
329
291
291
317
241
318
451
128
400
129
451
128
401
129
451
128
399
129
444
291
394
289
444
291
397
289
444
291
396
289
342
319
294
321
342
319
294
320
342
319
292
321
342
319
292
320
501
274
447
271
501
274
445
270
501
274
448
271
339
319
291
320
339
319
290
320
295
320
245
321
563
216
508
214
468
142
415
142
295
322
245
323
