paris_invalides_000671.jpg
paris_invalides_000663.jpg
113
118
174
188
129
92
181
182
129
92
182
183
129
92
180
183
129
92
183
182
113
121
163
210
113
121
174
191
113
121
173
192
113
121
164
208
113
121
173
193
113
116
173
185
113
116
172
187
113
116
171
189
113
116
173
187
113
116
176
184
113
120
174
191
113
120
172
193
113
120
173
192
113
120
165
205
113
120
173
191
113
120
171
193
129
91
181
182
129
91
180
183
129
91
182
181
114
117
174
188
113
115
173
185
113
115
173
184
113
115
172
187
155
90
196
192
109
122
159
211
109
122
170
193
109
122
161
209
405
108
288
204
115
115
171
189
115
115
170
191
115
115
173
187
114
115
172
187
114
115
171
189
112
120
162
208
112
120
174
188
112
120
173
191
440
142
311
219
115
121
175
192
133
95
184
186
133
95
185
185
109
121
170
191
403
106
283
200
115
113
172
187
205
43
226
174
115
114
171
189
115
114
173
187
114
114
173
185
114
114
172
187
113
117
170
191
113
117
173
187
133
118
184
207
133
118
183
208
111
121
174
188
111
121
171
193
112
116
173
185
112
116
173
184
112
116
172
187
