pano6.jpg
pano7.jpg
469
94
201
97
469
94
203
97
469
94
202
96
492
198
222
202
492
198
223
201
464
98
198
100
454
164
178
164
533
111
265
126
579
162
304
172
579
162
304
173
579
162
306
173
579
162
307
173
579
162
306
172
579
162
306
171
481
238
212
242
467
92
203
94
467
92
201
97
467
92
201
95
467
92
203
97
467
92
199
96
467
92
202
96
467
92
200
94
350
254
77
252
350
254
77
253
350
254
76
253
534
65
266
74
343
197
67
191
410
113
143
111
498
233
231
237
498
233
227
234
498
233
226
235
498
233
227
236
498
233
227
235
498
233
223
236
529
161
261
168
529
161
262
166
529
161
258
168
360
175
89
171
360
175
88
172
582
314
304
319
582
314
304
318
364
160
93
157
364
160
93
158
505
212
232
215
505
212
235
217
505
212
234
217
498
231
231
237
498
231
227
234
498
231
231
235
498
231
226
235
498
231
227
236
498
231
227
235
533
116
265
126
492
197
223
201
501
128
234
132
501
128
233
132
364
164
92
161
364
164
92
160
485
164
216
167
496
232
231
237
496
232
227
234
496
232
219
235
496
232
233
237
496
232
223
237
496
232
226
235
496
232
227
236
496
232
227
235
496
232
223
236
506
214
235
217
506
214
234
217
500
76
234
83
379
298
105
298
379
298
106
299
379
298
105
299
379
298
108
300
379
298
104
299
533
112
265
126
380
302
104
302
380
302
106
302
380
302
107
303
445
95
178
95
164
166
395
171
570
79
299
97
570
79
298
96
363
163
92
160
447
188
178
190
499
128
234
132
499
128
233
132
379
301
104
302
379
301
106
302
379
301
107
303
353
265
79
265
532
161
261
168
550
154
280
162
312
194
38
187
312
194
39
188
312
194
38
190
573
154
301
162
573
154
300
162
364
157
91
153
364
157
92
154
367
165
93
162
482
177
216
181
535
114
265
126
411
115
145
113
501
208
231
214
501
208
230
210
501
208
231
212
501
208
231
211
364
161
93
158
384
284
109
283
384
284
110
283
558
124
286
131
558
124
290
133
558
124
291
131
455
164
178
164
455
164
178
165
472
165
201
167
472
165
203
167
472
165
203
166
469
92
203
94
469
92
201
97
469
92
201
95
469
92
203
97
469
92
202
96
380
285
106
286
341
195
67
191
583
163
307
173
496
199
225
201
496
199
223
201
496
199
226
203
505
213
235
217
505
213
234
217
467
94
201
97
467
94
203
97
467
94
202
96
551
143
280
149
551
143
280
150
479
238
212
242
476
238
208
242
476
238
209
242
578
163
304
172
578
163
304
173
578
163
306
173
555
124
286
131
555
124
284
130
410
115
145
113
410
115
143
114
543
163
273
170
543
163
274
171
543
163
274
172
459
217
269
155
381
302
104
302
381
302
106
302
381
302
107
303
562
130
291
139
391
319
110
321
463
95
201
97
463
95
197
97
564
123
293
133
564
123
290
133
564
123
293
131
564
123
294
131
550
123
280
130
504
199
225
201
504
199
226
201
504
199
234
202
504
199
226
203
501
207
231
214
501
207
230
210
501
207
231
212
501
207
231
211
528
165
258
172
528
165
258
171
153
233
383
237
546
165
277
172
546
165
274
172
168
166
395
171
501
232
231
237
501
232
227
234
501
232
231
235
501
232
226
235
501
232
227
236
501
232
227
235
534
113
265
126
380
300
104
302
380
300
106
302
380
300
107
303
309
197
36
192
351
254
77
252
351
254
77
253
547
165
277
172
539
117
268
128
553
155
282
162
553
155
283
162
553
156
282
163
553
156
280
162
479
199
211
202
479
199
210
201
479
199
213
202
479
199
210
202
550
161
274
171
550
161
278
168
378
296
105
298
378
296
106
299
378
296
105
299
378
296
108
300
378
296
104
299
378
296
106
297
493
198
222
202
493
198
223
201
492
200
222
202
492
200
222
203
528
167
258
172
365
160
93
157
365
160
93
158
581
162
306
173
581
162
307
173
554
144
283
151
535
170
267
177
362
175
89
171
362
175
93
171
407
114
142
113
407
114
143
111
511
50
244
57
511
50
245
58
511
50
243
57
465
91
203
94
465
91
197
91
465
91
201
92
465
91
201
95
465
91
199
96
465
91
202
96
465
91
201
93
465
91
199
92
465
91
200
94
352
266
79
265
459
163
178
164
459
163
190
164
459
163
178
165
467
93
201
97
467
93
201
95
467
93
203
97
467
93
199
96
467
93
202
96
541
122
272
129
541
122
272
132
541
122
272
130
541
122
270
131
541
122
271
131
536
154
267
161
497
238
226
242
489
239
221
243
489
239
220
243
489
239
220
242
538
48
269
59
377
302
104
302
377
302
106
302
377
302
107
303
505
199
225
201
505
199
226
201
505
199
234
202
505
199
226
203
534
114
265
126
382
302
106
302
382
302
107
303
360
176
89
171
360
176
88
172
360
176
93
171
552
144
283
151
552
144
280
149
552
144
280
150
467
91
203
94
467
91
201
97
467
91
201
92
467
91
201
95
467
91
203
97
467
91
199
96
467
91
204
92
467
91
202
96
467
91
201
93
467
91
199
92
467
91
200
94
520
164
253
169
502
128
234
132
502
128
233
132
373
278
100
279
535
113
265
126
340
195
61
191
478
240
209
242
465
94
201
97
465
94
203
97
465
94
197
97
465
94
199
96
465
94
202
96
463
164
190
164
458
164
178
164
458
164
178
165
364
162
92
160
448
189
178
190
353
231
79
230
363
157
92
154
373
277
100
277
373
277
99
278
373
277
100
279
424
115
155
114
588
136
315
145
588
136
312
145
588
136
315
146
588
135
315
145
588
135
317
147
588
135
312
145
588
135
315
146
546
86
276
97
546
86
277
97
546
86
276
96
546
86
275
96
546
86
276
95
462
90
197
91
462
90
199
92
462
90
200
94
471
90
204
92
542
86
274
95
542
86
276
97
542
86
273
98
542
86
277
97
542
86
276
96
542
86
275
96
542
86
273
97
542
86
272
97
542
86
274
98
342
195
67
191
501
76
234
83
501
76
235
83
353
263
79
265
478
201
210
202
421
128
153
127
527
164
261
168
527
164
258
171
468
89
203
94
468
89
201
92
468
89
201
95
468
89
204
92
468
89
201
93
468
89
199
92
468
89
200
94
562
124
290
133
456
162
178
164
434
164
169
164
492
240
221
243
492
240
220
243
492
240
220
242
500
206
231
214
500
206
230
210
497
197
226
201
546
164
277
172
546
164
274
171
546
164
274
172
380
298
105
298
380
298
106
299
380
298
105
299
380
298
108
300
380
298
104
299
380
298
106
297
572
154
301
162
572
154
300
162
572
154
298
162
480
199
212
203
480
199
211
202
480
199
213
202
480
199
210
202
497
240
226
242
447
187
178
190
447
187
177
188
447
187
178
189
531
162
261
168
472
164
201
167
472
164
203
167
472
164
203
166
583
86
312
105
582
315
304
319
492
199
222
202
492
199
222
203
379
297
105
298
379
297
106
299
379
297
105
299
379
297
108
300
379
297
104
299
379
297
106
297
380
301
104
302
380
301
106
302
380
301
107
303
463
90
197
91
463
90
201
93
463
90
199
92
463
90
200
94
479
240
209
242
548
122
278
130
378
294
105
298
378
294
106
299
378
294
105
299
378
294
104
299
378
294
106
297
491
240
221
243
491
240
220
243
491
240
220
242
365
166
93
162
365
165
93
162
578
162
304
172
578
162
304
173
578
162
302
171
578
162
306
173
578
162
307
173
578
162
306
172
562
123
292
131
562
123
290
133
562
123
291
131
562
123
293
131
565
123
293
133
565
123
293
131
565
123
294
131
538
118
268
130
538
118
268
128
540
122
268
130
540
122
268
128
540
122
270
131
540
122
271
131
528
166
258
172
497
232
231
237
497
232
227
234
497
232
231
235
497
232
233
237
497
232
223
237
497
232
226
235
497
232
227
236
497
232
227
235
497
232
223
236
377
301
104
302
377
301
106
302
377
301
107
303
539
79
272
91
380
299
106
299
380
299
104
302
380
299
106
302
380
299
105
299
380
299
108
300
423
114
155
114
495
231
231
237
495
231
227
234
495
231
226
235
495
231
227
236
495
231
227
235
495
231
223
236
541
161
269
170
378
301
104
302
378
301
106
302
378
301
107
303
507
199
234
202
507
199
226
203
532
112
265
126
373
279
100
279
572
46
301
60
349
253
77
252
349
253
76
251
349
253
77
251
349
253
77
253
349
253
76
253
467
89
203
94
467
89
197
91
467
89
201
92
467
89
201
95
467
89
198
90
467
89
204
92
467
89
201
93
467
89
199
92
467
89
200
94
521
164
253
169
494
234
219
235
494
234
223
237
494
234
218
235
494
234
223
236
501
127
234
132
501
127
233
132
541
84
274
94
541
84
274
95
396
163
128
164
550
122
278
130
550
122
280
130
505
214
235
217
505
214
234
217
483
199
212
203
483
199
211
202
483
199
216
202
483
199
213
202
479
200
212
203
479
200
211
202
479
200
210
202
508
199
234
202
