Test1500.jpg
Test1501_sm_4.jpg
153
189
213
182
154
189
213
182
154
189
214
181
157
201
212
191
158
196
212
191
158
198
212
191
162
208
219
205
162
208
217
207
162
208
217
206
162
207
217
206
162
207
221
198
157
208
209
206
157
208
212
206
157
208
210
205
157
208
210
206
157
208
210
204
161
210
219
205
161
210
217
207
161
210
217
206
158
208
212
206
158
208
210
205
158
208
210
206
156
211
217
207
156
211
212
206
156
211
210
205
156
211
210
206
156
211
217
206
156
212
212
206
156
212
210
206
156
212
217
206
157
209
212
206
157
209
210
205
157
209
210
206
156
210
209
206
156
210
212
206
156
210
210
205
156
210
210
206
289
288
317
261
289
288
318
261
296
290
321
263
296
290
323
263
297
290
323
263
292
290
321
263
294
288
318
261
295
288
324
261
