paris_invalides_000666.jpg
paris_invalides_000663.jpg
160
213
162
213
160
213
163
211
160
214
162
213
169
194
163
210
169
203
171
202
163
204
165
202
163
204
165
203
163
204
165
204
164
205
165
206
164
205
164
208
164
205
163
210
163
206
165
205
163
206
165
206
163
206
164
208
163
202
165
202
170
204
172
204
164
206
164
208
164
206
163
210
164
206
165
208
164
206
163
211
166
220
168
218
166
217
166
219
174
222
175
221
215
161
208
177
246
132
233
152
243
127
230
148
248
138
235
161
248
140
235
161
247
140
235
161
248
139
235
161
248
142
235
161
247
143
235
161
248
141
235
161
249
157
241
174
249
157
242
174
248
157
241
174
248
157
242
174
350
196
305
200
350
196
308
207
349
192
308
202
349
192
308
201
350
191
309
200
350
191
308
201
350
191
308
200
349
194
305
200
347
196
305
204
348
196
305
204
348
196
306
205
353
193
310
200
353
193
311
202
353
193
311
201
353
190
311
198
352
192
309
200
352
192
310
200
352
192
311
202
352
191
310
200
352
191
311
201
354
195
311
202
351
190
310
200
353
192
310
200
353
192
310
198
353
192
311
202
353
192
311
201
353
192
311
200
353
194
309
200
353
194
311
202
353
195
310
203
353
195
310
204
360
203
320
217
360
203
321
219
