cup_tree_1_candidate.jpg
cup_tree_1_reference.jpg
364
299
591
299
364
299
589
299
365
291
563
291
365
291
590
291
369
292
546
292
477
129
533
124
472
142
524
137
472
142
527
137
472
142
526
137
472
142
525
137
471
142
524
137
471
142
527
137
471
142
526
137
471
142
525
137
480
147
538
142
470
142
524
137
470
142
527
137
470
142
526
137
470
142
525
137
473
142
527
137
473
142
526
137
473
142
525
137
470
146
526
140
470
146
525
140
469
143
524
138
469
143
524
137
469
143
527
137
469
143
523
138
469
143
526
137
469
143
525
138
469
143
525
137
471
143
524
138
471
143
527
137
471
143
523
138
471
143
526
137
471
143
525
138
472
143
524
138
472
143
527
137
472
143
526
137
472
143
525
138
469
144
524
138
469
144
522
139
469
144
525
138
469
144
523
139
472
145
526
140
472
145
525
140
471
146
526
140
471
146
525
140
470
143
524
138
470
143
527
137
470
143
523
138
470
143
526
137
470
143
525
138
470
143
525
137
472
146
526
140
494
99
556
94
497
101
557
96
519
130
577
124
512
129
572
123
519
129
577
123
520
129
580
123
511
130
572
123
511
130
571
124
535
145
594
138
535
145
594
139
534
143
593
137
538
145
594
139
537
146
595
140
537
146
593
140
537
146
594
140
537
147
592
141
537
147
594
141
537
147
593
141
536
145
594
139
535
143
593
137
535
146
594
139
535
146
595
140
535
146
593
140
535
146
594
140
536
146
595
140
536
146
593
140
536
146
594
140
537
143
593
137
536
147
592
141
536
147
595
140
536
147
594
141
536
147
593
141
536
147
591
141
