Test1500.jpg
Test1503.jpg
44
209
87
122
44
209
88
123
45
209
87
122
45
209
88
123
45
209
90
124
49
211
91
125
49
211
92
127
49
211
94
127
49
211
94
128
47
212
91
125
47
212
92
127
47
210
90
124
47
210
91
125
47
210
92
127
48
210
90
124
48
210
91
125
49
213
92
127
51
211
94
127
51
211
94
128
51
211
95
128
52
211
94
127
52
211
94
128
52
211
95
128
53
211
94
127
53
211
94
128
53
211
95
128
53
210
94
127
53
210
94
128
53
210
95
128
60
209
100
131
60
209
101
133
60
209
105
129
60
209
104
129
60
209
102
131
60
209
104
130
60
209
103
130
60
209
103
133
59
209
100
128
59
209
99
131
59
209
100
131
59
209
101
133
59
209
104
129
59
209
102
131
59
209
103
130
61
208
101
133
61
208
105
129
61
208
104
129
61
208
105
130
61
208
102
131
61
208
105
132
61
208
104
130
61
208
105
131
61
208
103
130
61
212
101
133
61
212
102
131
61
212
103
133
60
212
101
133
60
212
102
131
60
212
103
133
59
213
101
133
62
208
105
129
62
208
104
129
62
208
105
130
62
208
102
131
62
208
105
132
62
208
104
130
62
208
105
131
62
208
103
130
62
208
107
129
62
208
106
130
62
208
106
133
62
209
105
129
62
209
104
129
62
209
105
130
62
209
102
131
62
209
105
132
62
209
104
130
62
209
105
131
62
209
103
130
62
209
103
133
62
209
107
129
62
209
106
130
62
209
106
133
65
208
105
129
65
208
105
130
65
208
105
132
65
208
105
131
65
208
107
129
65
208
108
129
65
208
109
131
65
208
106
130
65
208
106
133
65
207
105
129
65
207
105
130
65
207
105
132
65
207
104
130
65
207
105
131
65
207
107
129
65
207
108
129
65
207
109
131
65
207
106
130
65
207
110
130
64
209
105
129
64
209
104
129
64
209
105
130
64
209
105
132
64
209
104
130
64
209
105
131
64
209
103
133
64
209
107
129
64
209
108
129
64
209
109
131
64
209
106
130
64
209
106
133
62
211
102
131
62
211
105
132
62
211
104
130
62
211
105
131
62
211
103
130
62
211
103
133
62
211
106
133
63
210
105
129
63
210
104
129
63
210
105
130
63
210
105
132
63
210
104
130
63
210
105
131
63
210
103
130
63
210
103
133
63
210
106
130
63
210
106
133
62
213
103
133
62
210
105
129
62
210
104
129
62
210
105
130
62
210
102
131
62
210
105
132
62
210
104
130
62
210
105
131
62
210
103
130
62
210
103
133
62
210
106
130
62
210
106
133
64
211
105
132
64
211
105
131
64
211
103
133
64
211
106
133
64
210
105
130
64
210
105
132
64
210
104
130
64
210
105
131
64
210
103
133
64
210
106
130
64
210
106
133
69
205
108
129
69
205
109
131
69
205
111
129
69
205
112
129
69
205
110
130
69
205
112
130
69
205
111
130
66
206
105
130
66
206
105
131
66
206
107
129
66
206
108
129
66
206
109
131
66
206
106
130
66
206
110
130
68
206
107
129
68
206
108
129
68
206
109
131
68
206
111
129
68
206
110
130
68
206
111
130
69
207
108
129
69
207
109
131
69
207
111
129
69
207
110
130
69
207
111
130
67
208
107
129
67
208
108
129
67
208
109
131
67
208
106
130
67
208
110
130
69
210
109
131
68
210
109
131
68
210
106
133
72
204
111
129
72
204
112
129
72
204
113
129
72
204
112
130
72
204
111
130
72
204
113
130
73
204
111
129
73
204
112
129
73
204
113
129
73
204
112
130
73
204
113
130
73
204
114
130
72
206
109
131
72
206
111
129
72
206
112
129
72
206
113
129
72
206
110
130
72
206
112
130
72
206
111
130
72
206
113
130
70
206
108
129
70
206
109
131
70
206
111
129
70
206
112
129
70
206
110
130
70
206
112
130
70
206
111
130
70
207
108
129
70
207
109
131
70
207
111
129
70
207
110
130
70
207
111
133
70
207
112
130
70
207
111
130
71
207
109
131
71
207
111
129
71
207
112
129
71
207
110
130
71
207
112
130
71
207
111
130
74
203
113
129
74
203
116
128
74
203
114
130
76
202
116
128
76
208
112
130
76
208
113
130
76
208
114
130
76
208
116
131
76
208
115
131
74
208
110
130
74
208
111
133
74
208
112
130
74
208
111
130
74
208
113
130
74
207
111
129
74
207
112
129
74
207
113
129
74
207
110
130
74
207
112
130
74
207
111
130
74
207
113
130
74
207
114
130
76
207
112
129
76
207
113
129
76
207
112
130
76
207
113
130
76
207
114
130
76
207
116
131
76
207
115
131
79
208
117
132
79
208
118
132
79
208
118
133
78
208
117
132
78
208
116
131
78
208
118
132
78
208
118
133
80
207
119
131
80
207
119
132
81
206
121
132
81
206
121
133
80
208
119
132
80
206
119
131
80
206
119
132
80
206
120
132
80
209
118
133
79
206
119
131
79
206
119
132
79
206
118
132
79
206
118
133
82
206
122
132
82
206
122
133
82
207
121
133
93
214
129
144
91
214
128
143
91
219
126
148
94
211
131
141
94
211
131
142
96
211
132
141
95
212
132
141
95
212
131
142
105
196
148
129
103
197
148
129
103
197
147
130
109
196
148
129
107
197
148
129
107
197
147
130
107
197
147
131
107
197
150
131
109
200
150
133
107
198
147
130
107
198
147
131
107
200
150
133
106
199
145
131
106
199
147
131
130
188
171
132
130
187
171
132
130
190
168
134
130
190
169
135
130
190
169
133
128
190
168
132
128
190
168
134
137
192
177
137
137
193
177
137
222
100
283
82
245
153
288
139
245
153
289
138
245
153
287
139
244
156
286
141
245
154
288
139
245
154
287
139
242
307
230
279
242
307
230
280
246
138
294
125
247
139
294
126
247
138
294
125
248
148
292
135
248
147
292
134
248
152
291
138
249
171
285
156
249
171
286
156
251
110
308
100
251
110
307
102
253
154
296
141
253
162
292
149
253
162
293
149
253
165
291
152
253
165
292
151
253
165
293
151
253
165
293
152
252
166
291
152
253
168
289
154
253
168
290
154
251
167
289
153
251
167
290
153
253
167
289
153
253
167
289
154
253
167
290
153
253
167
290
154
251
169
288
155
253
170
289
156
252
172
287
157
252
172
287
158
253
172
287
157
253
172
287
158
255
164
293
151
254
162
293
149
256
165
293
152
255
165
293
151
255
165
293
152
257
166
293
154
257
167
293
154
256
166
293
154
254
166
290
153
254
166
291
152
254
166
293
152
257
169
293
157
255
171
289
158
255
171
291
158
257
170
293
158
256
172
291
159
256
172
290
159
254
172
289
158
255
172
289
158
255
172
290
159
257
171
291
159
257
171
292
159
257
171
291
158
257
171
293
159
257
294
252
273
258
171
292
159
258
171
293
159
258
170
293
158
258
293
252
273
261
293
252
273
260
295
254
275
260
295
254
274
260
295
252
275
260
295
253
275
260
294
252
273
260
294
254
274
261
295
254
275
261
295
252
275
261
295
253
275
261
295
255
275
260
296
252
275
264
153
305
145
263
157
304
149
263
166
301
156
263
166
300
155
260
167
297
156
264
167
300
157
264
167
301
157
265
169
302
160
265
170
300
161
265
170
302
160
263
295
254
275
263
295
253
275
263
295
255
276
263
295
257
276
263
295
255
275
265
295
255
276
265
295
257
276
262
296
252
276
262
296
255
276
264
296
257
277
265
297
256
278
266
155
306
148
266
155
307
148
267
156
307
148
267
156
308
150
266
154
307
146
266
154
307
148
268
156
307
148
266
157
305
148
266
157
306
148
266
157
305
149
266
157
305
150
266
157
306
150
269
157
309
151
269
157
308
150
268
160
308
153
268
160
307
153
269
163
307
155
269
163
306
156
268
162
307
153
268
162
307
155
268
162
306
156
268
162
307
154
269
160
308
153
269
160
307
153
269
160
307
154
268
164
305
156
268
164
304
156
268
164
306
156
268
164
306
157
267
165
304
156
267
165
306
157
269
165
306
157
266
166
303
158
267
168
303
159
267
169
302
160
267
167
303
158
267
167
303
159
268
172
304
164
269
172
304
164
268
283
264
266
266
297
256
278
266
296
257
277
266
296
260
278
267
296
260
278
273
138
319
133
273
138
319
134
273
140
318
135
273
142
317
137
272
152
313
146
272
155
311
149
272
155
312
149
270
161
308
153
270
161
307
153
270
161
307
154
271
160
308
153
270
164
309
157
270
164
306
156
270
164
306
157
271
163
309
157
270
160
308
153
270
160
307
153
273
164
309
159
273
164
309
158
270
165
306
157
270
165
307
159
273
165
309
159
271
167
306
161
270
168
306
161
272
167
308
160
272
167
308
161
270
166
307
159
271
168
306
161
275
129
325
125
275
129
324
125
275
129
324
126
276
127
326
124
276
127
327
125
274
133
321
129
274
133
322
129
275
130
324
126
279
285
273
272
289
234
300
228
288
236
300
229
288
236
300
228
288
236
299
230
288
236
298
230
289
288
285
280
289
301
276
289
286
300
276
289
290
235
301
230
295
289
285
280
305
305
291
300
306
305
291
300
306
305
293
301
309
323
289
318
313
309
297
305
311
306
297
304
311
306
296
303
313
307
297
305
313
307
299
305
313
307
297
304
312
307
297
305
312
307
299
305
312
307
297
304
312
307
296
303
312
307
296
304
316
235
325
237
316
233
325
237
316
236
325
240
314
307
299
305
314
307
297
304
314
307
300
306
317
308
301
307
317
308
303
308
317
308
300
306
321
249
324
253
321
249
325
253
319
249
324
253
321
309
304
309
321
309
303
308
321
309
308
310
318
308
304
309
318
308
303
308
318
308
300
306
319
308
303
308
323
308
308
310
322
309
308
310
323
309
308
310
321
331
297
331
321
331
298
331
323
331
298
331
323
330
300
330
326
220
340
228
328
221
341
229
328
227
338
235
327
227
338
235
329
228
339
237
326
227
337
234
330
228
340
237
330
228
340
238
330
227
341
237
332
229
342
239
333
227
343
237
331
227
341
237
331
227
342
237
330
231
340
241
336
213
353
224
335
212
352
223
337
212
353
224
335
225
346
236
334
227
344
238
337
312
319
319
337
312
320
318
338
212
353
225
339
211
356
224
341
220
353
233
339
277
333
286
339
282
331
291
338
310
320
318
345
208
360
223
345
208
362
223
345
209
360
223
345
209
361
224
343
211
357
224
344
212
360
227
343
281
335
292
344
307
327
317
344
311
328
321
344
311
327
321
344
311
326
320
345
311
328
321
345
311
327
321
345
311
326
320
347
208
362
223
347
209
361
224
347
209
365
226
346
212
360
227
346
311
328
321
346
311
327
321
346
311
330
321
350
211
365
227
350
211
365
228
351
212
365
228
351
212
366
229
352
281
343
297
352
281
342
297
352
281
344
296
352
281
343
295
350
283
342
297
351
283
343
297
351
283
342
297
352
284
343
297
352
282
343
297
352
282
342
297
352
282
344
296
353
282
343
297
353
282
344
296
353
282
345
296
351
282
342
297
351
282
343
295
351
300
337
313
351
300
337
312
352
300
337
313
351
301
337
313
356
212
372
232
356
212
371
231
354
216
368
233
354
281
345
296
354
281
346
296
355
297
341
311
355
297
342
311
356
297
342
311
354
298
340
312
359
215
373
234
360
215
373
234
360
215
375
236
359
217
372
236
359
217
373
237
361
217
374
238
361
217
375
238
358
225
369
244
356
282
348
297
356
282
347
297
359
294
346
309
365
217
378
238
365
217
378
239
364
217
377
238
364
217
378
239
364
216
377
238
364
216
378
238
362
217
376
238
362
217
375
238
363
223
375
244
363
223
374
244
365
222
377
244
365
222
378
244
362
280
354
297
364
289
352
307
362
291
350
308
366
213
382
237
367
214
382
237
366
217
380
240
367
218
380
241
368
218
380
240
368
220
381
244
369
220
381
244
367
221
378
244
366
227
375
249
369
285
359
304
369
285
360
304
369
285
358
305
367
287
356
306
371
232
379
256
371
232
379
255
371
232
380
255
371
232
380
256
372
231
379
255
372
231
380
255
370
233
376
256
370
233
379
256
371
233
379
256
371
233
380
256
370
234
374
257
372
235
378
259
371
283
363
303
371
283
362
303
370
284
360
304
370
284
361
304
370
284
362
303
372
283
363
303
372
283
364
303
372
283
362
304
373
282
365
303
373
282
364
303
371
284
361
304
371
284
362
304
376
222
387
248
375
232
385
257
377
278
369
301
377
278
368
301
375
280
367
302
375
280
366
302
380
232
388
258
380
232
387
258
380
276
371
300
380
276
372
300
380
276
373
300
385
213
400
243
383
231
388
258
383
231
389
258
384
231
389
258
382
274
373
299
382
274
373
300
382
274
374
299
382
274
375
299
383
274
373
300
384
217
398
245
388
215
400
245
388
215
399
245
387
215
400
245
387
215
399
245
386
216
400
245
386
216
398
245
386
216
399
245
386
215
400
245
386
215
399
245
386
215
397
244
385
216
400
245
385
216
398
245
385
216
399
245
389
229
397
259
388
233
397
263
389
233
397
263
389
233
398
264
388
234
395
263
386
271
377
298
386
271
379
298
386
271
378
298
387
270
379
297
387
270
380
297
392
231
401
263
396
187
418
223
396
188
418
223
397
196
417
232
397
196
416
231
396
231
405
264
396
231
404
264
396
231
405
265
397
233
404
266
396
233
402
264
396
233
404
266
394
233
402
264
397
261
394
292
399
189
420
225
399
189
421
225
398
189
420
225
399
195
419
231
398
231
405
264
398
231
405
265
398
231
406
266
400
233
406
267
413
232
419
271
417
181
441
224
414
225
423
264
415
231
420
270
415
231
421
271
415
231
422
272
415
232
421
271
415
232
421
272
415
232
422
272
416
231
423
271
419
212
432
253
418
212
431
253
425
223
434
267
425
223
435
268
424
222
434
267
422
223
432
266
425
257
421
299
427
187
444
233
426
224
435
269
426
228
431
272
429
258
423
301
429
258
424
301
436
176
459
225
438
185
459
235
439
185
459
235
442
272
433
320
444
273
435
321
453
172
479
229
456
264
449
316
456
264
450
316
455
273
443
324
456
273
443
324
458
273
443
324
499
240
502
311
502
171
525
245
502
171
526
245
504
236
506
308
504
237
506
309
504
237
506
308
503
239
505
311
503
239
505
310
504
240
505
312
504
252
501
323
509
214
518
289
510
208
522
284
511
209
521
285
511
209
521
286
511
209
522
285
511
207
523
283
512
206
523
283
510
211
520
287
511
210
521
286
511
210
520
287
533
233
535
315
543
195
557
282
561
189
577
283
561
189
579
283
561
189
578
285
561
189
578
283
560
189
577
283
560
189
579
283
560
189
578
283
560
191
577
283
560
191
578
285
560
191
578
283
559
190
577
283
559
190
578
283
561
191
580
285
561
191
578
285
561
191
579
285
561
191
578
286
561
192
579
285
561
192
578
286
559
204
572
297
562
187
580
281
562
187
581
281
562
187
579
283
562
187
578
283
568
187
585
284
568
187
585
283
568
188
585
284
568
188
585
283
566
203
579
299
569
203
580
299
569
203
582
299
573
211
581
309
