Test1501_blur3.jpg
Test1500.jpg
512
262
478
263
513
262
478
263
512
260
480
261
512
260
476
262
512
260
475
262
512
260
471
261
512
260
472
261
512
260
478
262
512
260
478
261
512
260
473
261
305
132
274
134
307
127
275
129
511
261
478
263
511
261
476
262
511
261
475
262
511
261
478
262
510
261
476
262
510
261
475
262
306
126
275
129
306
128
275
129
306
128
275
130
307
125
276
127
512
261
480
262
512
261
479
262
512
261
478
263
512
261
476
262
512
261
475
262
512
261
478
262
306
127
275
129
306
127
275
130
511
260
476
262
511
260
475
262
511
260
471
261
511
260
472
261
511
260
478
261
511
260
473
261
307
126
276
127
511
262
478
263
305
131
274
133
519
248
485
248
