Test211_rot.jpg
Test212_rot.jpg
74
146
103
56
75
148
103
58
75
146
104
56
75
146
103
56
80
145
108
57
96
131
128
50
95
130
127
49
97
133
127
52
96
130
127
49
96
132
128
51
96
132
127
51
97
316
63
220
98
129
130
49
99
132
130
52
98
130
130
50
99
133
129
53
99
131
130
51
101
287
75
197
100
312
66
219
99
312
66
219
101
313
66
219
100
316
67
221
103
285
78
196
103
285
82
196
104
285
81
197
104
285
82
196
104
285
85
196
104
285
84
197
104
285
87
196
105
285
80
197
105
285
81
197
105
285
82
196
105
285
85
196
105
285
84
197
105
285
85
198
105
285
87
196
105
285
86
197
102
312
66
219
108
281
84
194
108
281
90
192
108
281
88
195
107
284
85
196
107
284
84
197
107
284
85
198
107
284
87
196
107
284
86
197
110
287
88
199
110
287
89
199
110
287
86
201
110
287
87
201
111
285
88
199
111
285
89
198
111
285
89
199
111
285
93
196
111
285
90
197
108
289
89
200
108
289
86
201
108
289
87
201
113
284
88
199
113
284
89
198
113
284
89
199
113
284
93
196
113
284
90
197
113
284
93
197
113
284
94
196
113
286
89
200
113
286
86
201
113
286
87
201
113
289
85
204
113
277
90
192
113
277
91
193
117
274
95
191
116
277
91
195
116
277
95
193
113
280
87
196
113
280
88
195
113
280
91
195
112
280
87
196
112
280
91
193
112
280
88
195
112
280
91
195
112
281
87
196
112
281
86
197
112
281
88
195
112
281
91
195
113
283
89
198
113
283
93
196
113
283
90
197
116
283
89
200
116
283
93
197
116
283
96
195
116
283
95
197
116
283
94
196
114
283
88
199
114
283
89
198
114
283
89
199
114
283
93
196
114
283
90
197
114
283
93
197
114
283
95
194
114
283
94
196
112
282
87
196
112
282
86
197
112
282
91
195
112
282
90
197
116
284
89
200
116
284
97
196
116
284
95
197
115
282
89
198
115
282
93
196
115
282
93
197
115
282
95
194
115
282
94
196
115
283
89
199
115
283
93
196
115
283
93
197
115
283
96
195
115
283
94
196
114
282
89
198
114
282
93
196
114
282
90
197
114
282
96
193
114
282
95
194
117
283
93
197
117
283
96
197
117
283
97
196
117
283
95
197
117
283
98
195
116
282
93
196
116
282
93
197
116
282
96
195
116
282
95
197
116
282
94
196
116
282
98
194
115
285
89
200
115
285
86
201
115
285
87
201
115
285
95
197
118
276
95
193
118
276
96
193
118
276
95
194
121
276
96
195
121
276
100
193
121
276
98
194
120
277
96
195
120
277
98
194
121
277
97
196
121
277
98
194
121
277
98
195
119
281
96
197
119
281
97
196
119
281
95
197
119
281
98
195
120
280
96
197
120
280
97
196
120
280
95
197
120
280
98
195
120
281
96
197
121
278
96
197
121
278
97
196
121
278
95
197
121
278
98
195
119
278
96
195
119
278
94
196
119
278
98
194
118
279
93
196
118
279
93
197
118
279
96
195
118
279
95
194
118
279
94
196
118
279
98
194
125
267
103
189
124
273
101
193
124
273
102
192
124
270
100
192
125
271
101
192
125
271
101
193
125
271
103
190
125
271
102
192
125
272
101
193
125
272
102
192
122
276
97
196
122
276
98
195
122
274
100
192
122
274
100
193
122
274
98
194
129
124
164
56
128
268
105
191
126
269
105
189
126
269
103
190
126
269
102
192
129
268
105
191
127
266
105
189
127
266
103
190
126
273
104
192
129
272
105
196
126
272
105
191
126
272
104
192
128
275
105
196
129
274
105
196
127
278
105
196
128
279
102
200
131
269
108
193
132
269
108
193
132
269
108
194
132
269
111
192
131
270
108
193
131
270
108
194
130
271
108
193
132
271
108
193
132
271
108
196
132
271
108
194
132
271
108
195
130
272
105
196
130
272
108
193
133
273
108
196
133
273
108
195
133
273
110
197
131
280
106
200
131
280
107
201
133
281
109
201
133
281
106
203
132
279
106
200
132
279
108
201
132
279
107
201
132
279
109
200
132
279
109
201
133
280
108
201
133
280
107
201
133
280
109
200
133
280
109
201
133
280
107
202
132
278
106
200
132
278
108
201
132
278
107
201
132
278
109
200
132
278
110
197
132
280
106
200
132
280
108
201
132
280
107
201
132
280
109
200
132
280
109
201
132
280
107
202
132
276
106
200
132
276
110
197
132
281
104
204
132
281
108
201
132
281
107
201
132
281
109
200
132
281
109
201
132
281
106
203
132
281
107
202
133
279
108
201
133
279
107
201
133
279
109
200
133
279
109
201
133
279
107
202
136
269
112
194
134
270
111
193
134
270
112
195
134
270
112
194
136
272
111
197
136
272
113
196
136
272
112
197
136
272
113
197
136
273
111
197
136
273
112
197
137
270
112
195
137
270
112
194
137
270
113
195
136
271
111
197
136
271
112
195
136
271
113
196
136
271
113
195
136
271
112
197
137
273
112
197
137
273
113
197
135
277
109
200
135
277
109
201
137
274
147
167
135
276
109
200
135
276
109
201
134
275
109
200
134
275
111
197
134
275
110
197
134
275
112
197
134
275
113
197
135
274
111
197
135
274
110
197
135
274
112
197
135
274
113
197
134
276
108
201
134
276
107
201
134
276
109
200
134
276
109
201
134
276
111
197
134
276
110
197
134
276
112
197
145
249
131
180
148
245
133
178
148
245
133
179
148
245
134
178
149
245
133
179
149
245
137
176
149
245
136
178
149
245
134
178
149
245
135
178
149
244
137
176
149
244
134
178
149
244
135
178
149
244
138
174
147
245
133
178
147
245
132
180
147
245
133
179
147
245
132
179
146
247
131
180
146
247
133
178
146
247
132
180
146
247
133
179
146
247
132
179
149
246
136
178
149
246
134
178
149
246
135
178
148
249
134
178
146
249
131
180
146
249
133
178
146
249
132
180
146
249
133
179
146
249
132
179
147
249
133
178
147
249
132
180
147
249
133
179
147
249
132
179
147
249
134
178
149
247
136
178
149
247
134
178
149
247
135
178
151
238
141
172
153
241
140
176
153
241
141
174
151
239
141
172
152
236
147
167
152
237
143
171
152
237
145
170
152
237
144
171
153
237
141
172
153
237
145
171
153
237
143
171
153
237
145
170
153
237
144
171
152
239
141
172
152
239
141
173
152
239
142
173
153
240
140
176
153
240
141
174
153
240
142
173
152
241
141
173
152
241
138
175
152
241
138
176
152
241
141
174
152
241
139
174
152
241
142
173
186
200
187
150
202
192
205
146
200
192
203
145
201
207
198
161
204
204
202
159
236
287
200
245
236
287
200
247
234
286
198
246
234
288
198
246
232
289
196
245
232
289
196
246
239
186
241
157
239
186
240
156
239
186
242
157
238
188
237
156
240
273
211
231
240
273
211
233
240
273
210
232
240
272
211
231
240
272
211
233
238
272
210
229
238
272
210
232
239
272
210
229
239
272
211
231
239
272
210
232
241
270
213
229
241
270
213
231
241
291
204
258
241
291
203
260
241
291
203
259
239
293
200
256
239
309
194
265
243
270
214
233
243
270
216
232
243
273
213
235
243
269
214
230
244
272
215
234
245
269
216
232
243
288
205
258
243
288
205
254
244
289
207
252
244
289
207
255
244
289
206
258
245
291
207
255
245
291
208
261
245
291
206
258
245
291
209
261
242
292
204
258
242
292
204
257
242
292
204
259
242
292
205
258
242
292
204
261
242
292
204
262
242
293
204
258
242
293
204
257
242
293
203
259
242
293
204
259
242
293
204
261
242
293
204
262
245
301
203
264
245
301
204
267
245
301
205
269
245
301
205
268
243
296
203
260
243
296
203
259
243
296
204
259
243
296
204
261
243
296
204
262
245
304
203
269
248
190
253
169
246
292
207
255
246
292
209
256
246
292
208
261
246
292
209
261
246
292
210
259
247
293
209
256
247
293
209
261
247
293
211
258
247
293
210
259
248
291
209
256
248
291
212
257
248
291
211
256
248
291
211
258
248
291
212
258
248
291
210
259
247
292
209
256
247
292
209
261
247
292
211
256
247
292
211
258
247
292
210
259
249
289
212
257
249
289
211
256
249
289
211
258
249
289
212
258
249
289
210
259
247
297
208
261
247
297
210
263
248
297
208
261
248
297
209
261
248
297
210
263
248
297
210
267
248
297
210
268
249
296
209
261
249
296
210
263
249
294
212
258
249
294
210
259
248
296
208
261
248
296
209
261
248
296
210
263
249
301
209
268
249
301
208
268
249
301
209
269
249
301
210
267
249
301
210
268
248
300
209
268
248
300
208
268
248
300
209
269
248
300
210
267
248
300
210
268
246
298
209
268
246
298
208
268
248
301
209
268
248
301
208
268
248
301
209
269
247
298
206
262
247
298
209
268
247
298
210
267
247
298
210
268
248
303
208
275
247
305
204
267
253
188
252
161
253
188
253
162
253
196
252
172
250
195
249
170
250
293
212
258
252
296
213
263
252
296
213
266
252
296
212
267
250
294
213
263
250
296
210
263
250
296
213
263
253
292
213
263
253
292
216
257
251
297
210
263
251
297
213
263
251
297
213
267
251
297
212
268
251
297
213
266
251
297
212
267
253
298
213
267
253
298
213
266
253
298
212
267
253
298
213
269
251
301
209
268
251
301
209
269
251
301
210
267
251
301
213
267
251
301
212
268
251
301
210
268
251
301
212
267
251
301
212
269
251
299
210
263
251
299
213
263
251
299
210
267
251
299
213
267
251
299
212
268
251
299
213
266
251
299
210
268
251
299
212
267
251
299
212
269
252
298
213
263
252
298
213
267
252
298
212
268
252
298
213
266
252
298
212
267
252
298
212
269
251
304
209
268
251
304
208
268
251
304
209
269
251
304
209
274
251
304
210
268
253
304
209
268
253
304
209
269
253
304
210
268
253
304
212
269
253
304
213
269
250
304
209
268
250
304
208
268
250
304
209
269
250
304
209
274
253
302
209
268
253
302
210
267
253
302
213
267
253
302
212
268
253
302
213
266
253
302
210
268
253
302
212
267
253
302
212
269
253
302
213
269
252
304
209
268
252
304
208
268
252
304
209
269
252
304
210
267
252
304
210
268
252
304
212
269
252
313
206
277
252
313
206
279
248
317
200
280
253
313
207
278
253
314
206
279
252
321
200
280
251
323
200
284
251
323
201
288
252
187
253
162
254
192
253
167
254
195
251
169
255
194
253
169
255
200
252
177
255
200
254
179
259
195
356
299
258
200
256
179
258
200
255
178
263
201
259
180
263
202
258
181
274
209
288
220
274
209
288
222
274
209
289
222
272
210
285
220
274
210
286
218
274
210
288
222
274
210
289
222
276
210
287
219
276
210
288
220
276
210
289
222
276
210
291
224
274
215
286
225
278
212
289
222
278
212
291
224
278
212
290
224
278
212
293
227
278
212
292
226
278
211
288
220
280
211
269
192
280
211
292
223
280
213
268
194
280
213
293
227
280
213
292
226
284
213
272
196
284
213
273
197
283
214
270
195
283
220
273
209
284
219
273
207
284
219
277
210
284
219
280
214
286
216
280
209
286
216
281
210
289
218
277
205
289
218
280
209
289
218
281
210
286
221
282
217
286
221
280
214
286
220
277
210
286
220
282
217
286
220
280
214
289
219
280
209
289
219
292
226
287
223
282
220
289
224
282
220
287
225
280
219
288
225
280
219
286
223
282
220
288
222
277
210
288
222
282
217
288
222
280
214
289
225
280
219
289
225
282
220
291
219
280
209
291
219
281
210
291
219
282
210
293
224
280
214
293
224
284
219
295
217
283
207
296
219
284
209
296
219
288
215
294
221
281
210
295
221
282
210
303
229
285
220
309
233
288
224
309
231
289
222
307
233
288
224
311
84
349
89
310
85
349
91
310
231
287
219
310
231
288
220
310
231
289
222
313
233
288
222
311
231
288
220
315
236
292
229
317
235
293
227
317
235
292
226
317
235
294
229
317
237
292
229
315
240
292
233
321
237
297
232
321
238
298
234
318
238
292
229
320
241
261
191
322
237
298
232
322
237
300
236
325
239
301
236
324
239
300
236
323
240
298
236
325
240
300
236
325
245
300
243
325
245
300
244
325
245
300
245
326
239
302
237
333
242
308
243
336
241
312
245
337
240
313
244
335
241
311
245
335
240
311
243
335
240
310
242
334
242
309
244
335
242
310
244
336
242
310
244
336
242
311
245
335
243
309
244
338
239
314
243
343
250
313
253
347
241
319
245
348
251
318
256
349
252
319
258
350
252
319
258
350
257
316
261
355
248
324
255
357
265
320
271
357
265
321
273
357
265
320
272
355
265
321
273
355
265
318
271
355
265
320
272
355
265
319
271
354
265
316
269
354
265
318
271
355
267
318
273
357
266
321
273
353
266
318
273
352
266
318
273
359
264
323
272
359
265
324
275
358
265
320
271
360
267
321
273
360
267
324
276
361
267
324
275
361
267
324
276
358
266
321
273
358
266
320
272
361
266
324
275
362
263
326
273
369
260
336
276
364
269
324
277
364
269
325
277
364
269
324
275
364
269
324
276
369
269
331
281
364
268
324
275
364
268
326
276
366
268
327
277
366
268
328
278
366
268
328
279
365
269
325
277
365
269
328
281
364
267
327
277
364
267
326
276
364
267
328
278
364
267
328
279
371
265
336
280
374
257
340
272
374
267
337
282
378
84
416
115
376
271
336
285
379
271
340
288
384
83
416
114
383
84
416
115
382
269
344
287
383
275
342
293
383
275
346
295
383
275
347
297
383
275
346
297
385
276
342
293
385
276
346
295
385
276
347
297
385
276
346
297
382
276
347
297
382
276
345
297
382
276
346
297
382
276
344
297
382
276
348
298
381
276
345
297
381
276
344
297
382
275
341
293
382
275
347
297
382
275
346
297
381
275
347
297
384
276
342
293
384
276
341
293
384
276
347
297
384
276
346
297
380
277
344
297
382
277
345
297
382
277
344
297
383
277
345
297
383
277
346
297
383
277
344
297
387
84
417
116
386
83
417
115
388
272
347
291
388
272
348
293
388
272
350
293
386
270
344
287
386
270
348
290
389
271
348
290
389
271
351
293
386
274
340
288
386
274
345
292
386
274
343
291
386
276
346
295
386
276
347
297
386
276
346
297
386
277
347
297
386
277
345
297
386
277
346
297
386
277
348
298
387
274
340
288
387
274
345
292
389
276
346
295
388
277
346
295
388
277
347
297
388
277
346
297
390
269
347
287
392
272
351
293
391
279
347
297
391
279
346
297
391
279
348
298
390
279
347
297
390
279
346
297
390
279
348
298
390
280
344
297
389
278
347
297
389
278
346
297
395
81
422
115
395
278
351
298
394
280
348
298
394
280
350
300
396
281
350
300
401
281
355
302
401
281
356
303
399
282
354
304
399
283
354
304
400
283
354
304
400
283
353
305
400
283
355
305
401
283
354
304
401
283
355
305
399
284
353
305
401
284
355
305
405
82
435
121
402
85
433
123
402
281
355
302
402
281
356
303
402
281
356
304
402
281
357
304
402
284
355
305
402
283
355
305
406
82
435
121
406
82
434
121
407
82
435
121
407
82
434
121
408
82
435
121
408
82
434
121
408
82
437
122
409
83
434
122
409
83
437
123
406
83
435
122
406
83
434
122
407
83
434
122
408
83
434
122
408
83
437
123
409
82
434
121
409
82
437
122
407
277
366
305
407
276
366
305
411
81
435
121
411
81
436
121
412
82
439
123
412
82
438
123
410
82
435
122
410
82
437
122
410
82
439
123
410
83
437
123
410
83
438
123
411
82
435
122
411
82
434
122
411
82
437
122
411
82
439
123
411
82
438
123
413
82
439
123
413
82
438
123
413
82
442
124
413
276
373
306
411
278
366
305
415
81
441
123
415
81
445
124
415
81
446
125
415
80
445
123
415
80
444
123
414
80
441
122
414
80
445
123
414
80
444
123
417
80
445
123
416
81
445
124
416
81
446
125
417
81
445
124
417
81
446
125
417
81
448
126
416
82
441
123
416
82
442
124
416
82
444
125
416
82
446
126
417
82
446
126
417
82
447
126
414
82
441
123
414
82
439
123
414
82
438
123
414
82
441
124
414
82
442
124
414
82
444
125
413
93
434
133
415
281
375
313
414
282
368
310
414
282
373
313
414
282
371
312
414
282
370
312
414
282
374
313
414
282
375
315
414
283
375
315
414
283
374
315
414
283
377
316
421
81
452
127
421
81
451
127
421
82
446
125
421
82
448
126
421
82
447
126
421
82
449
127
421
82
452
128
418
82
446
126
418
82
447
126
418
82
449
127
419
82
447
126
419
82
449
127
420
82
446
125
420
82
447
126
420
82
449
127
419
281
374
311
418
283
373
313
418
283
371
312
418
283
374
313
422
81
452
127
422
81
451
127
423
81
452
127
425
82
448
126
425
82
452
128
425
82
453
128
425
82
455
129
423
82
448
126
423
82
449
127
423
82
452
128
424
82
448
126
424
82
449
127
424
82
452
128
424
82
453
128
428
79
457
127
428
80
456
128
428
80
457
128
428
80
455
127
428
80
459
129
428
81
454
128
428
81
456
129
429
78
460
127
429
78
458
126
429
78
459
127
427
81
452
127
427
81
454
128
427
81
456
129
427
80
456
128
427
80
457
128
427
80
455
127
429
81
456
129
427
83
454
130
427
84
456
132
427
84
455
131
426
84
455
131
426
82
452
128
426
82
453
128
426
82
455
129
429
140
438
184
429
140
436
183
430
77
459
125
430
77
459
126
430
77
462
127
432
75
460
124
432
75
463
125
433
77
462
127
430
79
457
127
430
79
460
128
430
79
458
127
430
80
457
128
430
80
455
127
430
80
459
129
430
80
460
129
433
80
457
128
433
80
455
127
433
80
459
129
433
80
460
129
430
78
460
127
430
78
458
126
430
78
459
127
432
79
457
127
432
79
460
128
432
79
458
127
432
79
462
129
432
78
460
127
432
78
458
126
432
78
459
127
432
78
462
128
431
81
456
128
431
139
438
182
431
139
440
184
431
140
438
182
431
140
440
184
431
140
438
184
430
140
438
182
430
140
440
184
430
140
438
184
430
140
439
185
434
77
464
128
434
77
462
127
435
75
460
124
435
75
463
125
434
79
457
127
434
79
462
129
436
79
462
129
434
78
460
127
434
78
462
128
434
78
463
128
435
78
462
128
435
78
463
128
435
78
465
129
435
80
459
129
437
284
388
320
440
89
459
138
436
189
424
232
439
281
391
318
445
81
468
133
443
81
468
133
445
82
473
137
445
82
468
134
445
82
470
135
445
82
472
136
449
77
477
133
449
77
478
134
449
77
479
134
448
77
477
133
448
77
478
134
447
79
476
135
449
78
478
135
448
78
475
133
448
85
472
139
448
85
473
140
448
84
474
139
452
77
479
134
450
80
477
136
451
81
477
137
450
78
478
135
452
78
479
135
452
82
477
138
451
82
477
138
458
83
482
141
463
83
493
146
463
84
493
147
466
84
493
147
466
84
495
148
495
153
492
222
497
153
493
221
497
153
494
221
497
153
492
222
500
150
497
219
500
153
497
222
505
137
509
209
503
139
509
209
503
139
507
209
504
139
502
212
504
139
504
211
504
139
509
209
505
142
506
214
502
143
502
214
503
143
502
214
503
151
499
221
500
157
501
225
503
154
500
225
503
154
499
224
503
154
502
224
502
157
500
225
502
157
501
225
500
154
495
223
500
154
495
224
500
154
499
224
500
154
502
224
503
156
500
225
503
156
501
225
503
156
503
225
500
155
495
224
500
155
500
225
500
155
499
224
500
155
502
224
507
140
506
214
507
140
508
214
507
140
510
212
509
142
509
216
509
142
510
216
509
142
510
217
507
144
506
218
507
146
506
218
509
149
508
221
509
149
506
221
509
149
507
220
509
149
509
221
509
148
504
222
509
148
505
222
509
148
508
221
509
148
506
221
509
148
507
220
508
146
507
219
508
146
507
220
507
147
507
220
509
146
509
220
509
146
507
219
509
146
507
220
508
148
504
221
508
148
504
222
508
148
505
222
508
148
508
221
508
148
506
221
508
148
507
220
507
149
504
222
507
149
508
221
508
149
504
222
508
149
508
221
506
148
504
220
508
150
504
222
508
150
505
222
508
150
508
221
508
150
506
221
508
150
507
220
508
150
509
221
509
150
508
221
506
151
504
221
506
151
503
222
506
151
504
222
506
151
505
222
506
151
506
221
509
153
504
224
509
153
504
225
509
153
505
224
509
153
503
225
509
153
505
223
509
153
505
225
507
152
505
222
507
152
506
221
506
153
500
225
506
153
502
224
508
153
504
224
508
153
505
224
508
153
505
223
508
151
508
221
508
151
506
221
511
133
514
206
513
138
509
216
513
138
513
213
513
138
510
216
513
138
512
215
513
138
510
217
512
144
509
220
512
144
508
221
512
144
507
220
512
144
509
221
512
144
510
220
512
145
509
220
512
145
508
221
512
145
509
221
512
145
510
220
511
144
509
220
511
144
507
219
511
144
507
220
511
144
510
220
510
142
509
216
510
142
510
216
510
142
510
217
513
145
509
220
513
145
509
221
513
145
510
220
510
146
509
220
510
146
508
221
510
146
507
220
510
146
509
221
510
147
508
221
510
147
506
221
510
147
507
220
510
147
509
221
512
146
509
220
512
146
508
221
512
146
509
221
512
146
510
220
511
148
508
221
511
148
509
221
510
149
508
221
515
137
510
216
515
137
512
215
515
137
513
218
515
137
514
215
515
137
515
215
516
138
513
219
516
138
513
218
516
138
511
218
516
138
512
218
516
138
511
219
516
138
515
216
516
138
514
215
516
138
515
215
517
138
513
219
517
138
513
218
517
138
515
216
517
138
515
215
516
140
513
219
516
140
513
218
516
140
511
218
516
140
513
221
516
140
512
218
516
140
512
220
516
140
511
219
517
141
513
219
517
141
513
218
517
141
513
221
517
141
512
220
518
136
516
219
521
138
519
218
519
139
516
219
519
139
517
219
520
141
516
219
520
141
517
219
524
137
524
220
524
137
522
220
524
137
524
219
524
137
523
221
523
136
523
214
523
136
522
220
525
138
525
219
525
138
524
220
525
138
522
220
525
138
524
219
525
138
525
220
525
138
522
221
525
138
523
221
525
138
524
221
524
141
522
220
524
141
522
221
524
141
523
221
522
138
519
218
524
139
524
220
524
139
522
220
524
139
522
221
524
139
523
221
524
139
524
221
524
138
524
220
524
138
522
220
524
138
524
219
524
138
522
221
524
138
523
221
528
135
529
217
528
135
528
216
529
136
529
217
529
136
528
217
530
108
541
193
531
107
542
192
532
118
538
201
532
117
538
200
533
116
540
200
533
116
541
200
531
137
529
217
531
137
528
217
545
111
552
199
546
112
552
200
549
112
556
201
549
113
553
201
550
111
556
200
555
113
560
204
559
104
568
198
561
105
567
198
561
104
568
198
560
104
568
198
560
103
569
197
561
103
569
197
561
107
566
200
560
106
566
199
561
106
566
199
561
106
567
199
562
101
571
195
564
101
571
195
564
101
572
195
564
101
574
197
562
103
569
197
562
103
571
198
564
104
568
197
564
104
569
197
564
104
571
199
565
102
569
195
565
102
571
196
565
102
572
197
565
102
574
198
565
105
568
198
565
105
571
200
565
105
573
201
562
102
570
196
565
104
569
197
565
104
572
199
565
104
571
198
563
105
568
198
563
105
567
198
563
105
569
199
562
104
567
197
562
104
568
197
566
101
572
195
616
114
617
227
