Test1500.jpg
Test1501_lg_5.jpg
89
221
101
242
89
221
101
243
89
221
103
241
89
221
104
241
89
221
102
242
88
220
102
242
93
211
102
232
92
221
98
245
92
221
100
243
92
221
99
243
92
221
104
241
116
186
38
193
117
187
38
193
120
185
36
196
120
185
38
193
120
185
39
193
121
185
36
196
121
185
38
193
121
185
39
193
123
186
36
196
153
124
101
73
396
181
504
193
396
181
503
193
396
181
503
194
397
181
504
193
396
182
517
189
397
183
509
196
397
183
508
196
397
183
507
196
397
183
510
196
426
172
550
185
427
176
549
191
427
176
550
191
426
180
547
196
426
180
546
198
