Test1025.jpg
Test1026_2.jpg
261
259
401
132
261
259
404
133
262
255
406
136
309
212
390
203
309
212
392
205
309
212
391
206
309
212
396
204
309
212
395
208
307
216
392
205
309
216
381
194
309
216
386
199
309
216
388
198
309
216
391
196
309
216
392
197
309
216
391
197
309
216
391
198
309
216
391
203
308
253
371
173
310
217
381
194
310
217
380
195
310
217
380
196
310
217
386
199
310
217
388
198
310
217
391
196
310
217
392
197
310
217
391
197
310
217
392
198
310
217
391
198
312
218
377
174
312
218
377
183
312
218
378
185
312
218
381
194
312
218
378
194
312
218
380
195
312
218
380
196
312
218
386
199
312
218
388
198
312
218
392
197
312
218
391
197
312
218
392
198
312
218
391
198
313
245
379
176
311
250
378
161
311
250
378
160
311
254
369
170
308
255
369
170
317
197
385
209
317
197
386
208
317
197
388
210
317
197
390
213
317
197
396
215
317
197
398
217
317
197
400
218
316
200
382
203
316
200
388
205
316
200
389
206
316
200
388
207
316
200
386
208
316
200
387
208
316
200
388
209
316
200
389
209
316
200
390
209
316
200
390
207
316
200
391
206
316
200
390
206
316
200
391
211
316
200
390
210
316
200
400
215
316
200
398
212
316
200
401
215
316
200
397
213
316
200
402
215
316
199
388
205
316
199
389
206
316
199
388
207
316
199
386
208
316
199
387
208
316
199
388
209
316
199
389
209
316
199
388
210
316
199
390
209
316
199
390
207
316
199
391
206
316
199
390
206
316
199
390
210
316
199
397
213
316
199
402
215
316
199
402
217
317
198
385
209
317
198
388
207
317
198
386
208
317
198
387
208
317
198
388
209
317
198
389
209
317
198
388
210
317
198
390
211
317
198
391
212
317
198
390
213
317
198
397
216
317
198
396
215
317
198
398
216
317
198
402
217
316
204
382
203
316
204
388
203
316
204
388
205
316
204
388
207
316
204
392
205
316
204
393
203
316
204
390
209
316
204
390
207
316
204
391
206
316
204
393
208
316
204
395
208
316
204
394
208
316
204
397
208
316
204
394
209
316
204
395
209
316
204
399
195
316
204
399
197
316
204
398
201
316
204
397
213
316
204
400
211
312
209
390
203
312
209
393
203
312
209
391
203
312
209
397
205
312
209
395
202
312
209
396
204
312
209
396
205
312
209
397
203
312
209
398
200
312
209
398
201
312
209
400
205
312
209
400
211
317
208
381
200
317
208
381
201
317
208
382
203
317
208
388
203
317
208
388
205
317
208
388
207
317
208
390
203
317
208
392
205
317
208
393
203
317
208
391
203
317
208
390
209
317
208
390
207
317
208
391
206
317
208
393
208
317
208
395
208
317
208
394
208
317
208
397
208
317
208
394
209
317
208
395
209
317
208
400
211
314
208
381
201
314
208
390
203
314
208
393
203
314
208
391
203
314
208
397
205
314
208
395
202
314
208
396
204
314
208
396
205
314
208
397
203
314
208
398
200
314
208
398
201
313
209
391
203
313
209
397
205
313
209
395
202
313
209
396
204
313
209
396
205
313
209
397
203
313
209
398
201
313
209
400
211
316
209
388
203
316
209
389
206
316
209
392
205
316
209
393
203
316
209
390
209
316
209
390
207
316
209
391
206
316
209
393
208
316
209
390
206
316
209
396
204
316
209
397
203
316
209
395
208
316
209
394
208
316
209
395
209
316
209
398
200
316
209
398
201
316
209
400
205
317
209
381
200
317
209
381
201
317
209
382
203
317
209
388
203
317
209
388
205
317
209
389
206
317
209
388
207
317
209
390
203
317
209
392
205
317
209
393
203
317
209
391
203
317
209
390
207
317
209
391
206
317
209
393
208
317
209
390
206
317
209
394
208
317
209
397
208
317
209
394
209
317
209
395
209
317
209
400
211
312
212
380
198
312
212
381
200
312
212
381
201
312
212
382
203
312
212
388
203
312
212
388
205
312
212
389
206
312
212
390
203
312
212
392
205
312
212
393
203
312
212
391
203
312
212
390
207
312
212
391
206
312
212
393
208
312
212
395
208
312
212
394
208
312
212
397
208
312
210
390
203
312
210
391
203
312
210
390
206
312
210
397
205
312
210
395
202
312
210
396
204
312
210
396
205
312
210
397
203
312
210
398
201
312
210
400
211
317
213
389
206
317
213
388
207
317
213
390
203
317
213
392
205
317
213
393
203
317
213
391
203
317
213
390
207
317
213
391
206
317
213
395
209
313
210
381
200
313
210
381
201
313
210
388
203
313
210
388
205
313
210
390
203
313
210
392
205
313
210
391
203
313
210
390
207
313
210
391
206
313
210
390
206
313
210
395
202
313
210
396
204
313
210
397
203
313
210
398
201
313
210
400
211
314
213
378
194
314
213
380
195
314
213
380
198
314
213
381
200
314
213
388
203
314
213
388
205
314
213
389
206
314
213
390
203
314
213
392
205
314
213
391
203
314
213
390
207
314
213
391
206
314
213
393
208
314
213
390
206
314
213
397
205
314
213
396
204
314
213
395
209
317
210
382
203
317
210
388
203
317
210
388
205
317
210
389
206
317
210
392
205
317
210
393
203
317
210
390
207
317
210
391
206
317
210
393
208
317
210
390
206
317
210
395
208
317
210
394
208
317
210
394
209
317
210
395
209
316
214
388
205
316
214
389
206
316
214
390
203
316
214
392
205
316
214
393
203
316
214
391
203
316
214
390
207
316
214
391
206
316
214
390
206
313
214
380
195
313
214
380
196
313
214
380
198
313
214
386
199
313
214
388
198
313
214
388
203
313
214
388
205
313
214
391
198
313
214
390
203
313
214
392
205
313
214
393
203
313
214
391
203
313
214
391
206
313
214
394
208
316
215
388
203
316
215
388
205
316
215
389
206
316
215
390
203
316
215
392
205
316
215
393
203
316
215
391
203
316
215
391
206
316
215
390
206
316
215
395
202
316
215
396
205
320
193
385
215
318
193
404
222
321
191
402
224
320
197
387
213
320
197
402
220
320
197
400
219
318
197
385
209
318
197
384
209
318
197
384
208
318
197
383
209
318
197
386
208
318
197
387
208
318
197
388
209
318
197
386
210
318
197
388
210
318
197
391
212
318
197
391
211
318
197
390
213
318
197
397
216
318
197
396
215
318
197
398
216
318
197
398
217
318
197
400
218
318
197
400
219
318
194
384
212
318
194
385
212
318
194
386
212
318
194
387
213
318
194
404
222
320
198
385
212
320
198
386
212
320
198
387
213
320
198
390
213
320
198
402
220
320
200
386
210
320
200
390
211
320
200
391
212
320
200
391
211
320
200
390
213
320
200
397
216
320
200
398
217
320
200
400
218
320
200
400
219
318
204
382
203
318
204
388
205
318
204
388
207
318
204
386
208
318
204
387
208
318
204
388
209
318
204
389
209
318
204
392
205
318
204
393
203
318
204
390
209
318
204
391
206
318
204
393
208
318
204
390
206
318
204
390
210
318
204
395
208
318
204
394
208
318
204
397
208
318
204
394
209
318
204
395
209
318
204
397
213
321
204
385
209
321
204
384
209
321
204
388
209
321
204
389
209
321
204
386
210
321
204
388
210
321
204
390
209
321
204
390
211
321
204
391
212
321
204
391
211
321
204
390
213
321
204
397
216
321
204
396
215
321
204
398
216
321
204
398
217
318
207
380
202
318
207
382
203
318
207
388
205
318
207
389
206
318
207
387
208
318
207
392
205
318
207
393
203
318
207
390
207
318
207
391
206
318
207
393
208
318
207
390
206
318
207
394
208
318
207
394
209
318
207
395
209
318
207
398
212
320
207
388
207
320
207
386
208
320
207
387
208
320
207
388
209
320
207
389
209
320
207
388
210
320
207
390
207
320
207
393
208
320
207
390
211
320
207
391
212
320
207
391
211
320
207
390
210
320
207
394
208
320
207
397
208
320
207
394
209
320
207
395
209
320
207
396
215
320
207
397
213
320
208
389
206
320
208
388
207
320
208
386
208
320
208
387
208
320
208
388
209
320
208
389
209
320
208
390
209
320
208
390
207
320
208
393
208
320
208
390
211
320
208
391
212
320
208
391
211
320
208
390
210
320
208
394
208
320
208
395
209
320
208
398
212
320
208
397
213
321
209
385
209
321
209
384
208
321
209
388
207
321
209
386
208
321
209
387
208
321
209
388
209
321
209
389
209
321
209
388
210
321
209
390
209
321
209
393
208
321
209
390
211
321
209
391
212
321
209
391
211
321
209
390
210
321
209
394
208
321
209
394
209
321
209
395
209
321
209
396
215
319
213
382
203
319
213
389
206
319
213
388
207
319
213
392
205
319
213
391
203
319
213
390
209
319
213
391
206
319
213
393
208
319
213
394
208
319
213
397
208
319
213
394
209
319
213
398
212
319
213
397
213
321
212
389
206
321
212
388
207
321
212
386
208
321
212
387
208
321
212
388
209
321
212
389
209
321
212
390
209
321
212
393
208
321
212
390
206
321
212
390
211
321
212
391
212
321
212
391
211
321
212
390
210
321
212
397
208
321
212
395
209
321
212
397
213
319
211
381
200
319
211
381
201
319
211
382
203
319
211
388
205
319
211
389
206
319
211
388
207
319
211
389
209
319
211
392
205
319
211
393
203
319
211
391
203
319
211
390
209
319
211
390
207
319
211
391
206
319
211
393
208
319
211
390
206
319
211
395
208
319
211
394
208
319
211
397
208
319
211
394
209
319
211
395
209
319
211
398
212
319
211
397
213
320
213
382
203
320
213
388
205
320
213
389
206
320
213
388
207
320
213
387
208
320
213
389
209
320
213
390
209
320
213
391
206
320
213
393
208
320
213
390
206
320
213
391
211
320
213
390
210
320
213
395
208
320
213
394
208
320
213
397
208
320
213
394
209
320
213
395
209
320
213
398
212
321
215
380
203
321
215
382
203
321
215
388
205
321
215
389
206
321
215
388
207
321
215
386
208
321
215
387
208
321
215
388
209
321
215
390
209
321
215
390
207
321
215
393
208
321
215
390
206
321
215
390
211
321
215
391
212
321
215
390
210
321
215
397
208
321
215
394
209
321
215
398
212
321
215
397
213
318
214
370
183
318
214
382
203
318
214
388
203
318
214
388
205
318
214
389
206
318
214
388
207
318
214
390
203
318
214
392
205
318
214
393
203
318
214
391
203
318
214
390
207
318
214
393
208
318
214
390
206
318
214
395
208
318
214
394
208
318
214
397
208
318
214
395
209
319
225
376
182
319
225
381
194
319
225
380
195
319
225
380
196
319
225
392
198
319
225
391
198
319
225
393
203
320
223
373
185
320
223
373
183
320
223
374
188
320
223
378
194
320
223
380
195
320
223
381
200
320
223
393
203
320
223
391
203
320
223
393
208
320
223
395
208
318
224
381
194
318
224
378
194
318
224
380
195
318
224
380
198
318
224
388
198
318
224
391
197
318
224
392
198
318
224
391
198
320
226
373
185
320
226
373
183
320
226
376
182
320
226
374
188
320
226
381
194
320
226
378
194
320
226
390
203
320
226
392
205
320
226
393
203
320
226
391
203
319
228
373
185
319
228
373
183
319
228
381
194
319
228
380
196
321
232
373
185
321
232
373
183
321
232
370
183
319
247
373
172
321
249
373
172
320
260
371
157
321
260
371
157
322
192
400
223
325
205
385
215
322
204
386
212
322
204
390
213
322
203
386
212
322
203
387
213
322
203
390
213
322
207
385
209
322
207
384
209
322
207
386
210
322
207
388
210
322
207
390
211
322
207
391
212
322
207
390
213
322
207
396
215
323
208
383
209
323
208
386
212
323
208
390
213
325
209
387
213
323
209
385
209
323
209
384
209
323
209
383
209
323
209
386
210
323
209
391
212
323
209
390
213
323
209
396
215
323
213
385
209
323
213
384
209
323
213
384
208
323
213
386
208
323
213
387
208
323
213
388
209
323
213
389
209
323
213
386
210
323
213
388
210
323
213
390
209
323
213
390
211
323
213
391
212
323
213
391
211
323
213
390
210
323
213
390
213
323
213
396
215
322
211
385
209
322
211
384
208
322
211
388
207
322
211
386
208
322
211
387
208
322
211
388
209
322
211
389
209
322
211
388
210
322
211
390
209
322
211
390
211
322
211
391
212
322
211
391
211
322
211
390
210
322
211
394
209
322
211
395
209
322
211
396
215
324
213
385
209
324
213
384
209
324
213
384
208
324
213
383
209
324
213
386
212
324
213
386
210
324
213
388
210
324
213
390
211
324
213
391
212
324
213
391
211
324
213
390
213
324
213
396
215
325
210
384
212
325
210
385
212
325
210
386
212
325
210
387
213
324
212
385
209
324
212
384
209
324
212
383
209
324
212
386
210
324
212
388
210
324
212
391
212
324
212
390
213
322
212
385
209
322
212
384
208
322
212
388
207
322
212
386
208
322
212
387
208
322
212
388
209
322
212
389
209
322
212
388
210
322
212
390
209
322
212
390
207
322
212
390
211
322
212
391
212
322
212
391
211
322
212
390
210
322
212
395
208
322
212
394
209
322
212
395
209
322
212
396
215
325
212
381
209
325
212
384
211
325
212
385
212
325
212
386
212
325
212
387
213
325
212
390
213
324
216
385
209
324
216
384
209
324
216
384
208
324
216
383
209
324
216
386
208
324
216
387
208
324
216
388
209
324
216
389
209
324
216
386
210
324
216
388
210
324
216
390
209
324
216
390
211
324
216
391
212
324
216
391
211
324
216
390
210
324
216
390
213
324
216
396
215
323
224
370
183
323
224
382
203
323
224
388
205
323
224
389
206
323
224
388
207
323
224
386
208
323
224
388
209
323
224
391
206
323
224
393
208
323
224
390
206
323
224
391
211
323
224
390
210
323
224
395
208
323
224
394
208
323
224
397
208
323
224
394
209
323
224
395
209
323
224
398
212
323
224
397
213
323
222
368
184
323
222
380
202
323
222
380
203
323
222
382
203
323
222
389
206
323
222
388
207
323
222
386
208
323
222
387
208
323
222
388
209
323
222
389
209
323
222
390
209
323
222
390
207
323
222
391
206
323
222
393
208
323
222
390
206
323
222
390
211
323
222
391
211
323
222
390
210
323
222
395
208
323
222
394
208
323
222
394
209
323
222
398
212
323
222
397
213
323
228
373
185
323
228
370
183
323
228
381
200
323
228
381
201
323
228
380
203
323
228
387
208
323
228
389
209
323
228
390
209
323
228
390
210
323
228
394
208
323
228
394
209
323
228
395
209
325
229
376
202
325
229
384
208
325
229
388
210
325
229
390
211
325
229
391
212
325
229
391
211
325
260
371
157
325
260
372
157
323
259
371
157
323
259
372
157
323
260
371
157
324
260
371
157
322
260
371
157
326
216
381
209
326
216
383
209
326
216
384
211
326
216
384
212
326
216
385
212
326
216
386
212
326
216
387
213
328
218
384
212
328
218
385
212
328
218
386
212
328
218
387
213
327
227
372
200
327
227
374
201
329
229
366
189
329
229
367
193
329
229
369
196
329
229
372
203
326
239
386
208
328
241
366
189
328
242
366
189
328
244
376
202
328
244
383
209
329
247
366
185
326
254
369
170
328
259
372
157
327
259
372
157
333
216
378
215
333
216
381
216
330
224
371
204
330
222
379
210
330
222
384
212
330
222
385
212
331
227
361
192
331
227
363
194
331
227
366
194
331
227
368
199
331
227
371
204
331
227
381
209
332
227
368
199
332
227
371
204
331
229
361
192
331
229
365
191
331
229
360
192
331
229
366
189
331
229
367
193
331
229
366
191
331
229
369
196
331
229
366
194
331
229
368
199
332
238
365
191
330
247
366
185
330
246
366
185
336
223
365
206
336
223
367
208
336
223
369
208
334
223
369
207
336
224
369
207
336
224
369
208
337
224
363
205
337
224
364
206
337
224
367
208
337
226
364
203
337
226
363
205
337
226
365
206
337
226
364
206
337
226
367
208
337
226
369
207
337
226
369
208
335
235
361
192
338
229
357
201
341
231
357
201
341
231
358
205
341
231
359
205
341
230
357
201
341
230
358
205
341
230
359
205
340
229
357
201
340
229
358
205
340
229
359
205
341
229
357
201
341
229
358
205
341
229
359
205
338
228
357
201
338
228
363
205
338
228
365
206
339
230
357
201
341
228
358
205
341
228
359
205
341
228
360
207
340
234
357
201
340
234
358
200
340
236
357
201
340
236
358
200
341
176
400
249
344
237
359
205
