21_21_l.jpg
21_21_r.jpg
291
118
131
114
317
77
163
73
321
68
167
66
318
68
167
66
318
78
165
76
319
79
165
76
319
79
166
77
320
79
165
76
320
79
166
77
320
79
167
77
322
68
167
66
333
105
176
105
337
375
162
386
341
70
188
71
339
70
187
71
339
70
188
71
337
72
184
72
339
72
186
73
341
92
188
95
341
92
189
94
341
377
165
389
341
378
164
390
345
69
195
72
343
69
191
71
343
69
193
71
340
89
187
91
343
117
188
120
342
118
188
121
343
118
188
121
342
377
165
389
350
68
199
72
350
68
199
71
350
69
199
73
350
69
198
72
350
69
199
72
350
69
200
73
348
71
195
74
351
71
200
74
350
70
199
73
349
104
196
108
349
121
194
124
351
362
178
372
350
363
177
373
354
69
204
73
354
68
203
72
357
67
205
71
355
69
204
73
355
71
204
75
357
70
207
75
357
72
205
76
357
72
207
77
353
76
202
80
353
77
201
81
353
77
202
81
358
66
207
71
358
69
208
74
360
67
209
71
360
67
210
72
359
66
209
71
359
66
210
72
361
69
210
74
361
69
211
74
360
72
209
77
358
72
207
77
364
65
214
71
365
65
214
71
365
69
214
74
365
69
216
76
362
69
211
74
364
67
213
72
362
67
211
71
362
67
211
72
364
69
213
74
364
69
214
74
366
65
217
71
366
65
217
70
366
65
216
72
368
87
216
94
369
86
217
93
368
97
215
104
368
118
214
124
368
119
214
125
369
392
193
403
369
392
195
403
369
392
196
403
369
392
197
403
366
391
190
402
366
391
191
402
368
393
192
404
368
393
191
404
368
393
193
404
367
392
193
403
366
393
192
404
366
393
190
404
366
393
191
404
367
393
192
404
367
393
190
404
367
393
191
404
367
393
193
404
369
391
193
402
369
393
192
404
369
393
191
404
369
393
193
404
369
394
193
405
369
394
194
405
385
85
234
94
384
85
234
94
380
95
228
103
380
95
228
104
387
88
235
97
386
86
235
96
386
88
235
97
388
96
237
105
388
96
236
106
388
96
237
106
389
98
236
107
389
98
236
108
389
98
237
107
389
98
237
108
389
97
236
107
389
97
236
106
389
97
237
107
389
97
237
106
389
96
237
105
389
96
236
106
389
96
237
106
388
100
236
109
387
112
234
121
387
112
234
122
388
92
236
101
388
92
236
102
388
93
236
103
388
93
236
102
388
95
237
105
388
94
236
103
390
98
236
107
390
98
236
108
390
98
238
109
390
98
237
107
390
98
237
108
390
100
236
109
390
99
236
108
390
99
238
109
390
99
237
108
390
99
236
109
392
104
238
114
392
104
239
115
392
104
239
114
391
103
239
113
391
104
238
114
391
104
239
114
392
105
240
116
392
105
239
116
392
105
239
115
392
107
239
118
392
107
240
118
392
108
239
118
392
108
240
119
393
107
239
118
393
107
240
118
392
106
239
116
392
106
240
117
393
108
239
118
393
108
240
119
392
109
239
120
392
109
238
120
393
109
239
120
390
110
237
120
390
110
238
121
390
110
239
121
390
110
238
120
392
110
237
120
392
110
239
120
392
110
238
121
392
110
239
121
392
110
238
120
390
111
237
120
390
111
238
121
392
111
237
120
392
111
238
121
392
111
239
121
392
111
240
122
393
399
217
409
393
398
217
409
393
398
217
408
397
87
244
98
396
87
244
98
395
113
241
124
394
111
239
121
394
111
240
122
394
111
241
122
397
395
221
405
395
396
219
406
394
399
217
409
394
399
218
409
394
398
217
409
394
398
218
409
396
116
242
128
396
117
242
128
398
395
222
405
400
395
224
404
404
86
253
99
405
86
253
99
403
402
228
412
403
402
227
411
403
405
226
414
403
405
226
415
402
404
226
414
404
402
228
412
404
402
227
411
408
87
256
99
407
86
256
99
409
364
236
374
409
372
236
381
409
384
233
394
413
403
236
412
408
407
231
416
412
408
235
417
412
408
234
417
410
408
232
417
410
408
233
417
410
408
235
417
410
408
234
417
411
408
233
417
411
408
235
417
411
408
234
417
409
408
232
417
409
408
233
417
409
408
234
417
416
405
241
413
416
405
241
414
414
409
238
417
415
407
239
416
415
407
238
417
415
408
239
416
415
408
238
417
414
408
239
416
414
408
238
417
418
356
248
364
419
359
248
368
419
359
250
368
420
361
248
369
420
361
249
370
419
360
248
368
419
360
248
369
420
358
249
367
420
362
249
370
419
368
247
376
419
368
248
376
420
368
248
376
420
368
249
376
425
357
253
365
424
357
253
365
423
360
252
369
423
360
253
369
424
358
253
367
424
359
253
367
424
359
253
368
424
360
253
368
424
360
252
369
424
360
253
369
422
386
248
395
422
386
244
396
423
387
248
396
423
387
249
396
429
112
274
126
429
113
274
127
429
114
274
128
426
361
253
369
433
364
261
373
432
363
261
373
432
363
260
372
432
363
261
372
447
131
290
148
460
337
287
344
458
338
287
344
465
339
294
347
462
343
291
351
469
326
300
334
469
326
299
334
469
326
300
335
468
343
297
351
473
328
304
337
472
328
302
336
473
327
302
336
473
327
304
337
475
337
304
345
476
338
304
346
476
338
304
345
498
342
323
351
522
203
349
223
522
204
349
223
533
207
360
228
535
203
361
224
535
203
362
224
537
203
361
223
537
203
361
224
537
203
362
224
537
203
363
224
534
205
360
226
534
205
360
227
536
206
360
226
536
206
361
228
536
206
360
227
536
206
363
228
536
208
361
229
536
208
360
228
536
208
361
228
536
207
361
229
536
207
360
228
536
207
361
228
536
207
360
227
540
195
367
216
542
200
368
222
