S23_01.png
S23_02.png
491
161
377
130
399
212
299
189
472
159
359
127
472
159
359
128
524
161
406
123
390
204
292
182
390
204
292
184
397
214
298
191
397
214
297
190
397
214
299
191
472
158
359
127
400
213
299
189
387
192
285
168
398
212
299
189
532
181
416
142
397
212
299
189
394
217
296
195
487
163
373
131
397
213
297
190
397
213
299
189
532
182
416
143
394
219
299
198
394
219
297
197
394
219
296
195
394
219
298
198
394
219
295
195
397
215
298
191
397
215
297
190
397
215
299
191
387
194
286
172
387
194
285
171
486
163
372
131
471
160
359
128
390
201
292
180
400
212
299
189
388
193
285
168
398
213
299
189
396
214
298
191
396
214
297
190
396
214
299
191
399
218
298
191
395
212
297
190
486
164
372
132
399
217
298
191
399
217
299
191
401
216
299
191
