27_27_l.jpg
27_27_r.jpg
308
104
192
102
299
43
182
35
362
67
246
73
362
67
248
70
312
108
195
104
354
154
236
155
354
154
236
156
275
39
157
31
344
163
226
164
344
163
224
165
344
163
223
161
344
163
224
164
344
163
224
163
310
113
194
111
310
113
194
110
270
116
151
109
328
165
210
164
307
89
191
85
307
89
193
88
307
89
192
85
307
88
192
85
457
79
342
92
304
141
185
138
304
141
185
137
304
141
185
136
294
72
178
66
294
72
178
68
294
72
177
69
286
72
168
66
286
72
170
66
286
72
169
66
286
72
168
65
417
71
303
79
417
71
300
79
417
71
302
80
417
71
301
80
417
71
302
78
417
71
302
77
417
71
302
79
417
71
301
77
445
86
328
98
445
86
331
96
445
86
330
96
358
107
244
108
358
107
243
109
403
43
291
51
403
43
289
51
308
105
192
102
308
105
191
102
274
116
155
109
311
110
195
107
311
110
195
108
291
37
175
29
291
37
176
29
458
79
342
92
291
36
175
29
443
82
325
94
386
43
273
49
386
43
273
51
386
43
274
52
386
43
274
51
464
76
348
89
313
57
198
49
313
57
200
47
445
83
328
94
445
83
327
96
445
83
330
93
445
83
329
94
429
40
312
54
424
36
308
50
424
36
310
48
351
152
234
153
351
152
233
152
302
105
185
102
419
68
303
76
419
68
304
75
419
68
305
78
419
68
305
77
379
117
264
121
361
111
245
113
371
68
260
74
371
68
257
73
371
68
259
74
371
68
258
74
371
68
258
72
299
38
182
32
299
38
181
33
359
31
246
35
359
31
247
32
359
31
244
38
439
84
323
96
335
144
216
144
345
126
231
126
345
126
226
125
345
126
227
125
345
126
228
126
345
126
230
126
345
126
226
126
428
51
311
63
428
51
312
62
378
118
263
122
297
37
180
33
314
59
200
47
322
33
210
30
416
70
302
78
416
70
302
77
416
70
301
77
416
70
303
77
312
103
196
100
312
103
195
99
312
103
195
101
314
34
200
27
314
34
203
33
314
34
200
30
314
34
203
30
314
34
202
32
314
34
200
29
355
35
241
39
355
35
244
35
355
35
242
35
355
35
244
38
356
145
240
146
356
145
239
146
354
108
238
110
354
108
239
110
351
153
234
154
297
41
180
33
297
41
181
33
305
108
188
105
371
69
260
74
371
69
259
75
371
69
257
73
371
69
260
75
371
69
259
74
371
69
257
74
371
69
258
74
371
69
258
75
371
69
258
72
416
46
293
59
416
46
301
56
416
46
295
60
416
46
300
60
416
46
299
56
416
46
302
60
416
46
299
60
416
46
298
60
416
46
300
54
416
46
301
55
416
46
292
59
416
46
303
58
416
46
301
54
416
46
294
59
416
46
300
59
300
109
182
105
300
109
182
104
300
109
183
104
300
109
184
105
300
109
183
105
274
42
156
33
274
42
157
33
310
95
193
88
310
95
194
92
310
95
196
92
310
95
195
93
416
55
302
65
311
55
198
49
357
29
245
33
357
29
245
32
357
29
244
35
357
29
245
31
372
70
260
74
372
70
259
75
372
70
257
73
372
70
260
75
372
70
259
74
372
70
257
74
372
70
258
74
372
70
258
75
372
70
258
72
396
303
273
304
396
303
273
306
518
244
386
255
518
244
385
255
518
244
387
255
348
103
235
103
411
273
290
277
411
273
289
277
343
152
226
153
343
152
225
153
396
298
273
301
428
41
311
54
428
41
312
54
305
48
191
51
360
111
245
113
305
49
191
51
306
89
191
85
380
113
263
117
380
113
263
118
380
113
264
117
365
86
250
88
365
86
250
89
365
86
249
91
365
86
251
89
365
86
250
91
365
86
251
88
365
86
250
92
252
71
133
63
425
50
308
62
425
50
308
61
425
50
308
60
425
50
308
63
425
50
309
62
425
50
311
61
293
74
177
69
291
41
176
32
302
49
186
48
312
43
195
32
316
34
203
33
316
34
200
30
316
34
203
30
316
34
202
32
287
78
169
73
287
78
170
73
287
78
170
74
347
105
232
105
305
109
187
105
305
109
188
105
327
141
209
140
325
115
209
113
325
115
208
113
360
105
244
108
397
297
273
301
296
65
181
62
296
65
181
60
296
65
179
59
285
73
168
66
299
41
182
32
299
41
181
34
299
41
182
33
299
41
182
35
299
41
181
33
412
58
302
65
447
82
330
96
285
67
168
62
285
67
169
62
341
164
224
165
341
164
224
164
341
164
223
164
341
164
223
163
358
141
242
142
358
141
243
141
307
63
191
55
307
63
191
57
390
280
266
283
462
79
346
92
462
79
345
91
462
79
344
94
397
303
273
304
397
303
273
306
429
49
312
62
311
101
195
99
338
122
220
121
294
67
179
63
294
67
179
60
294
67
178
61
294
67
179
61
294
67
178
63
294
67
179
62
294
67
180
62
325
43
211
42
325
43
211
43
343
156
225
157
428
45
310
59
428
45
312
57
428
45
311
62
428
45
311
61
388
42
273
49
388
42
276
48
388
42
273
51
388
42
274
52
388
42
274
51
300
108
183
103
300
108
182
104
300
108
184
104
300
108
183
104
300
108
184
105
300
108
183
105
300
108
183
102
461
81
344
94
356
111
239
113
427
64
312
73
427
64
309
74
427
64
311
73
443
83
326
95
365
65
251
69
365
65
252
68
312
53
198
49
312
53
200
47
400
108
287
116
400
108
286
116
400
108
288
116
400
108
284
115
423
50
308
61
423
50
308
60
390
110
272
117
370
72
256
76
370
72
258
76
370
72
256
77
370
72
258
75
339
154
222
155
296
68
179
63
296
68
179
60
296
68
179
61
296
68
181
62
296
68
181
63
296
68
181
64
296
68
180
64
296
68
179
59
296
68
179
62
296
68
180
62
294
77
177
69
362
103
247
105
294
68
179
63
294
68
178
61
294
68
179
61
294
68
178
63
294
68
179
62
327
154
209
152
425
35
310
48
301
52
186
48
291
68
175
64
301
109
182
104
301
109
184
104
301
109
183
104
301
109
184
105
301
109
183
105
291
35
175
29
412
50
293
59
412
50
301
56
412
50
295
60
412
50
299
56
412
50
298
60
412
50
290
54
412
50
292
59
412
50
298
61
412
50
294
59
412
50
300
59
380
117
264
121
380
117
263
122
286
124
167
119
286
124
166
119
288
92
171
85
288
92
171
84
349
103
233
104
349
103
235
103
359
141
242
143
359
141
242
142
359
141
243
141
342
156
225
157
303
141
184
135
303
141
184
138
282
124
164
119
282
124
166
119
282
124
163
118
292
35
176
29
369
74
254
77
369
74
255
79
369
74
256
77
280
76
162
69
280
76
162
65
279
81
160
72
310
112
194
110
299
110
183
107
299
110
182
105
364
86
248
91
364
86
250
88
364
86
250
89
364
86
249
91
364
86
248
90
364
86
249
88
364
86
248
92
361
67
247
70
316
33
203
33
316
33
200
30
316
33
203
30
316
33
202
32
316
33
200
29
360
112
245
113
444
75
328
87
444
75
326
87
348
153
230
154
348
153
229
154
348
153
231
154
348
153
230
153
426
64
312
73
426
64
311
73
458
39
340
54
416
71
300
79
416
71
301
80
416
71
302
78
416
71
302
79
416
71
301
77
331
161
213
161
418
71
303
79
418
71
302
80
418
71
301
80
418
71
302
78
418
71
302
77
418
71
302
79
418
71
303
77
285
72
168
66
285
72
168
65
447
76
329
89
447
76
328
89
447
76
328
91
429
278
306
282
345
156
227
157
345
156
226
155
355
110
240
112
419
39
308
50
419
39
307
49
419
39
304
50
419
39
303
51
297
42
181
34
297
42
180
33
297
42
181
33
305
51
191
51
313
28
200
27
313
28
200
29
344
159
225
161
344
159
226
161
344
159
226
162
280
74
162
65
305
146
186
142
305
146
186
143
361
108
245
110
296
69
179
63
296
69
179
60
296
69
179
61
296
69
181
62
296
69
181
63
296
69
181
64
296
69
180
64
296
69
179
59
296
69
179
62
296
69
180
62
448
84
331
96
448
84
331
97
295
69
179
63
295
69
179
60
295
69
178
61
295
69
179
61
295
69
180
64
295
69
178
63
295
69
179
62
295
69
180
62
365
85
250
88
365
85
250
89
365
85
249
91
365
85
251
89
365
85
250
91
365
85
251
88
325
110
209
108
338
34
225
35
420
57
305
65
420
57
305
66
312
58
198
49
326
116
208
114
326
116
210
114
286
80
168
73
286
80
167
72
286
80
167
71
272
116
153
109
312
107
195
104
353
112
239
113
433
76
318
87
344
126
226
125
344
126
227
125
344
126
228
126
344
126
230
126
341
161
224
165
341
161
223
161
341
161
224
164
341
161
223
164
341
161
222
162
341
161
224
163
341
161
223
163
315
23
200
24
315
23
201
24
313
34
200
27
313
34
200
30
313
34
202
32
313
34
200
29
296
70
179
63
296
70
179
60
296
70
179
61
296
70
181
62
296
70
181
63
296
70
181
64
296
70
180
64
296
70
179
62
296
70
180
62
326
115
209
113
326
115
208
113
290
90
173
84
302
145
182
139
302
145
182
138
302
145
182
140
416
72
300
79
416
72
302
80
416
72
301
80
416
72
300
81
416
72
302
79
371
72
256
76
371
72
258
76
371
72
256
77
416
64
302
73
416
64
301
72
416
64
299
73
343
117
229
114
344
155
227
157
344
155
225
155
344
155
226
155
427
42
311
54
427
42
312
54
286
70
169
63
286
70
170
66
286
70
168
64
286
70
168
63
286
70
169
64
445
85
330
96
445
85
328
96
286
79
168
73
286
79
167
72
286
79
167
71
427
36
310
48
363
103
247
106
343
124
226
125
343
124
227
125
343
124
228
124
416
49
293
59
416
49
301
56
416
49
299
61
416
49
295
60
416
49
300
60
416
49
302
60
416
49
299
60
416
49
298
60
416
49
292
59
416
49
303
58
416
49
298
61
416
49
300
59
416
49
304
59
338
177
218
176
354
145
237
146
313
31
200
30
313
31
200
29
428
42
311
54
428
42
312
54
318
45
205
43
318
45
201
37
318
45
205
42
318
45
208
45
318
45
205
41
463
79
346
92
463
79
347
90
463
79
345
94
463
79
346
93
318
46
205
43
318
46
201
37
318
46
205
42
318
46
208
45
318
46
205
41
397
299
273
301
344
115
229
114
344
115
228
115
344
162
225
161
344
162
226
164
344
162
226
163
344
162
224
163
429
48
312
62
417
75
302
83
417
75
299
83
364
81
249
85
364
81
250
84
364
81
249
86
364
81
249
84
300
113
182
109
281
125
163
120
322
142
205
139
271
118
152
111
369
61
257
65
459
75
343
90
459
75
344
87
459
75
344
88
459
75
343
88
413
51
293
59
413
51
299
61
413
51
295
60
413
51
300
60
413
51
299
56
413
51
299
60
413
51
298
60
413
51
292
59
413
51
298
61
413
51
294
59
413
51
300
59
413
51
304
59
347
153
230
154
347
153
229
154
397
280
276
283
415
59
299
69
415
59
299
68
415
59
301
68
365
66
251
69
365
66
252
68
365
66
252
69
438
80
323
92
438
80
322
92
438
80
323
91
438
80
322
91
274
117
155
110
372
71
256
76
372
71
259
75
372
71
257
73
372
71
260
75
372
71
259
74
372
71
258
76
372
71
257
74
372
71
258
74
372
71
258
75
372
71
260
76
417
39
304
50
309
59
191
51
306
54
191
55
429
277
306
281
299
42
182
33
299
42
182
35
302
50
191
51
302
50
186
48
460
38
340
54
460
38
341
54
372
69
260
74
372
69
259
75
372
69
257
73
372
69
260
75
372
69
259
74
372
69
257
74
372
69
258
74
372
69
258
72
462
76
344
91
462
76
345
90
462
76
347
89
462
76
346
88
462
76
345
91
462
76
346
89
445
77
329
89
445
77
325
93
445
77
330
87
445
77
328
89
445
77
329
88
311
106
192
102
311
106
195
104
445
84
330
93
445
84
329
94
445
84
328
96
344
117
228
117
345
124
228
124
285
123
169
118
285
123
167
118
285
123
166
118
421
57
305
66
401
107
288
115
401
107
287
114
401
107
284
115
401
107
285
113
323
22
211
22
395
301
273
304
300
101
184
97
327
118
210
116
423
63
309
71
423
63
308
71
446
83
330
93
456
77
338
92
400
283
278
287
314
31
200
27
314
31
200
30
314
31
200
29
353
155
236
156
424
60
308
70
312
106
195
104
308
88
192
85
342
152
225
153
317
30
203
30
412
49
293
59
412
49
291
54
412
49
301
56
412
49
295
60
412
49
299
56
412
49
294
56
412
49
298
60
412
49
300
54
412
49
301
55
412
49
292
59
412
49
298
61
412
49
294
59
412
49
300
59
313
95
198
90
313
95
197
90
313
95
196
90
343
162
224
165
343
162
223
161
343
162
224
164
343
162
224
163
343
162
223
163
439
81
323
93
439
81
323
92
439
81
322
92
439
81
322
91
460
74
344
87
460
74
344
88
460
74
343
88
286
125
168
120
422
37
308
50
422
37
307
49
422
37
305
48
422
37
310
48
326
162
208
160
326
162
208
162
310
27
200
27
310
27
200
30
310
27
200
29
312
95
196
92
312
95
197
90
312
95
196
90
341
163
224
165
341
163
221
162
341
163
224
164
341
163
223
164
341
163
222
162
341
163
223
163
364
67
251
69
414
274
290
277
363
102
247
105
352
100
235
102
352
100
237
100
352
100
237
101
424
51
308
62
424
51
308
61
424
51
308
60
313
32
200
30
313
32
200
29
289
65
170
57
391
109
274
115
391
109
276
115
391
109
275
115
302
146
183
142
302
146
182
140
302
146
182
141
302
146
184
144
287
70
169
63
300
53
183
51
311
96
193
88
311
96
194
92
311
96
196
92
311
96
195
93
352
109
238
110
428
35
310
48
292
69
175
64
343
115
229
114
343
115
228
114
514
240
381
252
308
97
191
93
358
142
242
143
274
118
155
111
357
30
245
33
357
30
245
32
357
30
244
35
357
30
245
31
357
30
244
38
446
82
330
93
446
82
329
94
355
155
238
156
420
41
305
52
350
101
235
102
350
101
237
101
403
107
289
114
403
107
288
115
403
107
287
114
403
107
284
115
403
107
285
113
361
107
245
110
313
58
198
49
313
58
200
47
304
49
191
51
293
68
178
63
445
74
328
87
445
74
326
87
416
57
302
65
313
33
200
27
313
33
200
30
313
33
200
29
398
280
277
283
398
280
276
283
316
23
201
24
308
89
191
85
308
89
192
85
458
40
340
54
252
73
133
63
351
102
235
103
351
102
237
102
457
77
339
92
309
61
191
51
301
108
183
103
301
108
184
104
301
108
183
104
301
108
184
105
301
108
183
102
294
69
179
63
294
69
178
63
307
51
191
51
431
87
312
97
418
37
307
49
418
37
305
48
376
70
260
74
462
80
345
94
462
80
344
94
461
80
344
94
412
273
291
277
412
273
290
277
412
273
289
277
416
59
299
69
416
59
299
68
416
59
301
68
401
110
287
116
401
110
286
116
401
110
286
117
401
110
287
118
303
50
191
51
303
50
186
48
298
43
181
34
298
43
182
33
298
43
181
33
312
102
196
100
312
102
195
99
312
102
197
99
361
110
245
113
456
74
337
89
456
74
341
87
456
74
340
87
456
74
339
87
289
92
171
85
289
92
171
84
289
92
172
85
409
50
293
59
409
50
288
54
409
50
289
53
409
50
291
54
409
50
295
60
409
50
288
61
409
50
294
56
409
50
289
54
409
50
290
54
409
50
292
59
409
50
294
59
448
83
331
96
448
83
331
97
284
69
168
64
284
69
168
65
338
36
225
35
445
76
328
87
445
76
328
89
445
76
329
88
418
38
307
49
418
38
305
48
345
280
224
282
345
280
223
282
306
91
191
87
344
158
226
161
344
158
227
159
344
158
225
157
285
70
169
66
285
70
168
64
285
70
168
65
285
70
168
63
293
70
178
66
312
93
198
90
312
93
197
90
312
93
196
90
349
126
234
124
349
126
232
126
302
147
182
141
416
44
301
56
416
44
299
53
416
44
298
53
416
44
300
54
416
44
301
55
416
44
303
58
416
44
301
54
416
44
302
54
391
42
276
48
391
42
279
49
391
42
274
52
391
42
274
51
300
106
183
103
300
106
185
102
300
106
182
100
300
106
183
102
425
60
308
70
312
109
195
107
389
280
266
283
373
74
259
79
397
301
273
301
397
301
273
304
448
74
329
89
448
74
330
87
448
74
328
89
448
74
329
88
424
66
311
75
424
66
312
73
424
66
309
76
424
66
310
75
424
66
309
74
424
66
312
75
424
66
311
73
379
114
263
118
392
107
274
114
392
107
275
114
392
107
274
113
299
61
182
50
299
61
183
51
299
61
179
48
311
56
198
49
312
110
195
107
299
40
182
32
299
40
181
34
299
40
182
33
299
40
181
33
325
44
211
42
325
44
211
43
423
51
308
62
423
51
308
61
423
51
308
60
314
35
200
27
314
35
203
33
314
35
200
30
314
35
203
30
314
35
202
32
314
35
200
29
295
73
178
66
295
73
180
72
271
117
152
110
271
117
152
111
275
40
157
31
340
162
221
162
340
162
221
161
340
162
223
164
340
162
222
162
340
162
223
163
363
104
247
107
342
158
225
161
347
126
231
126
347
126
231
125
347
126
232
126
347
126
228
126
347
126
230
126
304
108
187
105
304
108
188
105
416
69
301
76
416
69
302
77
416
69
303
76
416
69
301
77
416
69
303
77
290
75
173
70
403
109
287
116
403
109
286
116
403
109
288
116
403
109
289
116
285
125
168
120
362
104
247
106
362
104
247
105
339
161
221
162
339
161
221
161
339
161
222
162
447
77
330
91
447
77
329
89
447
77
330
90
447
77
328
91
461
82
345
94
461
82
345
95
414
60
299
69
414
60
299
68
414
60
300
69
414
60
301
68
286
78
168
73
286
78
169
73
286
78
167
72
286
78
167
71
416
50
299
61
416
50
295
60
416
50
300
60
416
50
302
60
416
50
299
60
416
50
298
60
416
50
303
58
416
50
298
61
416
50
300
59
416
50
304
59
428
38
310
52
357
31
245
33
357
31
245
32
357
31
244
35
357
31
245
31
357
31
247
32
357
31
244
38
357
144
242
145
357
144
240
146
357
144
239
146
425
53
309
62
294
71
178
66
294
71
178
68
370
70
256
76
370
70
259
75
370
70
257
73
370
70
258
76
370
70
257
74
370
70
258
74
370
70
258
75
288
64
170
57
344
124
227
125
344
124
228
124
295
65
179
60
295
65
179
61
295
65
181
62
295
65
181
60
295
65
179
59
295
65
180
62
348
35
236
36
307
60
191
51
307
60
191
55
463
76
348
89
463
76
347
90
463
76
347
89
463
76
345
91
363
70
249
73
278
79
160
72
293
75
177
69
347
154
229
154
347
154
229
155
347
154
230
155
455
75
337
89
455
75
340
87
459
39
340
54
459
39
341
54
344
280
224
282
344
280
224
283
344
280
223
282
358
32
245
33
358
32
245
32
358
32
246
35
358
32
247
32
358
32
244
38
291
63
174
56
434
85
316
95
520
236
389
247
417
80
301
87
301
143
182
139
301
143
182
138
301
143
182
140
338
150
221
150
355
145
239
146
448
85
331
96
448
85
331
97
303
145
184
141
416
67
301
76
416
67
303
75
416
67
304
75
416
67
300
75
416
67
300
76
416
67
301
75
416
67
302
75
328
265
207
267
328
265
208
266
365
73
251
77
365
73
251
76
365
73
249
78
369
71
256
76
369
71
258
76
369
71
256
77
369
71
257
74
369
71
258
75
268
114
149
108
413
50
293
59
413
50
301
56
413
50
299
61
413
50
295
60
413
50
300
60
413
50
299
56
413
50
299
60
413
50
298
60
413
50
292
59
413
50
303
58
413
50
298
61
413
50
294
59
413
50
300
59
413
50
304
59
337
161
221
162
337
161
221
161
314
93
198
90
418
65
303
75
418
65
302
73
418
65
306
74
342
116
229
114
342
116
228
114
308
90
191
85
308
90
193
88
308
90
192
85
460
78
344
91
460
78
342
92
416
68
301
76
416
68
303
76
416
68
300
76
416
68
302
75
352
154
234
156
352
154
234
154
352
154
234
155
294
70
178
66
294
70
178
63
311
57
198
49
324
143
206
141
423
38
308
50
423
38
307
49
423
38
310
48
280
125
163
120
315
27
200
27
416
40
301
51
416
40
304
50
416
40
300
51
416
40
303
51
309
91
191
85
309
91
193
88
309
91
192
85
402
110
286
116
402
110
286
117
402
110
287
118
294
76
177
69
304
147
186
144
419
67
303
75
419
67
308
76
419
67
307
76
419
67
304
75
419
67
307
75
420
72
303
79
350
34
236
36
312
56
198
49
312
56
200
47
352
155
234
156
340
155
222
155
436
75
318
87
436
75
319
87
334
154
217
154
351
148
234
149
392
109
274
115
392
109
276
115
392
109
275
115
360
28
246
35
360
28
247
32
268
115
149
108
416
78
301
87
309
93
193
88
425
36
310
48
285
124
167
119
285
124
166
119
344
116
229
114
460
77
343
90
460
77
344
91
460
77
342
92
317
35
203
33
317
35
203
30
317
35
202
32
354
100
237
102
301
105
185
102
414
59
299
68
305
91
191
87
396
40
279
49
310
97
194
92
310
97
195
93
417
79
301
87
378
113
262
117
378
113
261
117
460
76
343
90
460
76
345
88
420
63
309
71
420
63
308
71
385
45
273
49
385
45
273
51
385
45
274
52
385
45
274
51
375
69
260
74
313
93
198
90
313
93
197
90
420
68
307
76
420
68
305
77
344
114
228
114
348
152
231
153
348
152
230
153
348
152
230
152
424
63
309
71
424
63
308
71
279
126
161
121
418
66
303
75
418
66
303
76
418
66
304
75
418
66
302
75
390
107
272
113
390
107
274
114
390
107
273
113
390
107
274
113
390
107
271
115
301
106
185
103
301
106
185
102
301
106
183
102
447
81
330
93
447
81
329
94
447
81
328
96
366
65
251
69
366
65
252
68
366
65
252
69
364
101
247
106
412
51
293
59
412
51
301
56
412
51
295
60
412
51
288
61
412
51
299
56
412
51
298
60
412
51
292
59
412
51
298
61
412
51
294
59
412
51
300
59
445
75
328
87
267
113
148
105
267
113
148
106
267
113
148
104
403
45
288
54
403
45
289
53
403
45
291
54
403
45
291
51
403
45
289
54
403
45
290
54
403
45
289
51
423
47
308
61
423
47
308
60
423
47
304
59
357
147
240
148
418
72
304
81
418
72
302
80
418
72
301
80
418
72
302
79
418
72
303
81
314
51
198
49
314
51
200
47
356
144
239
146
390
106
272
113
390
106
273
113
356
140
240
141
411
61
299
68
299
104
182
99
299
104
182
100
463
78
346
92
463
78
348
89
463
78
347
90
384
43
273
49
319
276
198
276
275
41
157
31
359
112
245
113
354
112
239
113
431
303
312
305
459
76
343
90
459
76
344
88
300
112
182
107
300
112
183
108
322
48
205
43
322
48
219
28
322
48
205
42
322
48
208
45
322
48
205
41
397
300
273
301
397
300
273
304
379
116
263
120
297
40
180
33
297
40
181
33
286
69
169
63
286
69
169
62
286
69
168
63
286
69
169
64
300
52
186
48
350
123
234
123
350
123
233
124
464
79
346
92
464
79
346
93
359
29
245
32
359
29
246
35
359
29
247
32
359
28
245
33
359
28
245
32
359
28
246
35
359
28
247
32
442
81
325
94
442
81
325
93
403
46
288
54
403
46
289
53
403
46
291
54
403
46
291
51
403
46
289
54
403
46
290
54
403
46
289
51
301
53
186
48
411
53
293
59
411
53
295
60
411
53
298
60
411
53
298
61
411
53
294
59
303
53
191
55
303
53
186
48
402
111
287
119
402
111
286
117
402
111
287
118
355
111
240
112
355
111
239
113
439
80
323
92
439
80
322
92
439
80
323
91
439
80
322
91
304
146
186
143
304
146
186
144
304
146
185
142
391
108
274
115
391
108
274
114
391
108
275
114
391
108
275
115
446
81
330
91
446
81
328
94
446
81
327
96
446
81
330
93
446
81
329
94
299
112
182
107
299
112
183
108
423
52
308
62
423
52
308
61
423
52
308
60
424
38
308
50
424
38
307
49
424
38
310
48
386
44
273
49
386
44
276
48
386
44
273
51
386
44
274
52
386
44
274
51
366
63
252
68
447
78
330
91
447
78
330
90
447
78
328
94
344
125
226
125
344
125
227
125
344
125
228
124
310
56
198
49
418
68
303
75
418
68
303
76
418
68
304
75
418
68
305
78
418
68
305
77
418
68
303
77
429
63
312
73
429
63
311
73
365
84
250
88
365
84
250
89
365
84
249
91
365
84
251
89
365
84
249
88
365
84
251
88
399
48
288
54
399
48
285
61
399
48
288
61
399
48
289
54
399
48
286
61
280
72
162
65
345
155
226
155
425
62
309
71
425
62
308
71
351
155
234
156
270
117
151
109
302
106
185
103
302
106
185
102
352
148
234
149
352
148
236
149
399
47
288
54
399
47
285
61
399
47
288
61
399
47
286
61
364
65
251
67
301
33
219
27
283
124
167
119
283
124
164
119
283
124
166
119
417
74
302
83
417
74
301
82
417
74
300
81
304
145
186
142
304
145
186
143
284
123
169
118
284
123
165
118
284
123
167
118
284
123
166
118
447
80
330
91
447
80
328
94
447
80
327
96
447
80
330
93
447
80
329
94
447
80
328
96
299
108
183
103
299
108
182
104
299
108
184
104
299
108
183
104
299
108
183
105
299
51
182
50
391
40
276
48
391
40
279
49
414
49
293
59
414
49
301
56
414
49
299
61
414
49
295
60
414
49
300
60
414
49
299
56
414
49
302
60
414
49
299
60
414
49
298
60
414
49
292
59
414
49
303
58
414
49
298
61
414
49
294
59
414
49
300
59
414
49
304
59
303
148
185
145
303
148
183
142
303
148
184
144
424
35
310
48
307
113
191
110
307
113
190
110
375
70
260
74
375
70
260
75
375
70
259
74
346
102
231
102
295
67
179
63
295
67
179
60
295
67
178
61
295
67
179
61
295
67
181
62
295
67
180
64
295
67
179
59
295
67
179
62
295
67
180
62
363
65
248
70
304
139
185
135
304
139
185
136
358
140
242
141
372
72
256
76
372
72
258
76
372
72
256
77
372
72
260
76
342
126
226
125
342
126
226
126
353
23
241
22
327
160
209
159
423
64
309
71
423
64
309
74
423
64
311
73
423
64
308
71
347
124
231
125
347
124
231
124
347
124
228
124
260
44
142
35
348
124
231
125
348
124
231
124
343
161
225
161
343
161
224
165
343
161
223
161
343
161
224
164
343
161
224
163
348
125
231
125
348
125
231
124
348
125
230
126
348
125
233
124
351
122
234
123
286
71
170
66
286
71
169
66
286
71
168
64
286
71
169
64
416
66
302
73
416
66
300
75
416
66
301
75
416
66
302
75
345
159
226
161
345
159
227
159
419
48
295
60
419
48
302
60
419
48
303
58
419
48
298
61
419
48
304
59
305
139
186
135
307
108
190
104
418
70
302
78
418
70
304
78
418
70
305
78
418
70
303
78
418
70
303
77
330
264
208
266
312
111
195
107
312
111
195
108
312
111
195
109
298
40
182
32
298
40
181
34
298
40
180
33
298
40
181
33
340
36
225
35
469
86
350
102
469
86
351
100
316
36
203
33
316
36
200
30
316
36
203
30
316
36
202
32
316
36
200
29
438
84
322
96
455
74
337
89
455
74
340
87
455
74
339
87
455
74
336
88
345
114
229
114
422
65
310
75
422
65
309
74
422
65
306
74
422
65
311
73
356
155
238
156
302
107
185
103
302
107
185
102
353
37
241
39
312
113
195
109
312
113
194
110
318
43
201
37
318
43
205
42
318
43
205
41
305
140
186
136
305
140
186
137
305
140
186
135
359
33
246
35
359
33
247
32
345
158
228
160
345
158
227
159
345
158
228
159
310
63
191
57
338
146
221
146
424
65
311
75
424
65
312
73
424
65
309
74
424
65
311
73
406
48
293
59
406
48
288
54
406
48
289
53
406
48
291
54
406
48
289
54
406
48
290
54
406
48
292
59
351
21
241
22
425
63
309
71
297
77
180
72
297
77
180
64
377
113
260
117
377
113
261
117
325
45
211
42
325
45
211
43
311
95
193
88
311
95
196
92
311
95
196
90
306
49
191
51
402
109
287
116
402
109
286
116
402
109
288
116
295
70
179
63
295
70
178
61
295
70
179
61
295
70
180
64
295
70
178
63
295
70
179
62
345
157
228
160
345
157
227
159
345
157
225
157
345
157
227
157
345
157
228
159
515
239
385
250
301
144
182
139
301
144
183
142
301
144
182
140
301
144
182
141
338
35
225
35
384
45
273
49
384
45
273
51
