3_3_l.jpg
3_3_r.jpg
344
128
154
116
343
130
151
117
343
130
153
118
334
132
141
117
334
132
147
119
345
130
155
119
329
140
138
125
338
128
150
115
338
128
148
115
333
133
145
120
333
133
146
120
333
133
143
119
333
133
142
119
272
122
73
97
368
105
180
98
368
105
181
98
369
106
184
100
365
99
178
92
329
127
138
113
329
127
137
113
366
104
180
98
366
104
179
97
333
130
143
116
333
130
145
117
333
130
142
116
336
129
150
116
336
129
149
116
428
119
239
120
428
119
240
120
430
125
241
126
436
125
249
127
429
125
241
126
339
132
147
119
365
103
180
98
365
103
179
97
365
103
181
98
386
113
197
107
428
126
241
126
322
138
129
122
391
110
205
106
339
127
149
114
339
127
150
115
338
131
150
118
338
131
145
117
325
131
132
115
325
131
133
117
325
131
131
114
425
121
237
121
392
109
205
105
376
106
188
100
376
106
189
100
327
138
137
124
426
121
237
121
331
140
142
126
364
102
179
97
364
102
179
96
392
108
206
104
437
125
249
127
382
107
196
102
330
129
138
113
330
129
138
115
330
129
137
113
330
129
142
116
438
126
250
128
438
123
250
125
328
135
135
120
340
128
150
116
340
128
150
115
340
128
148
115
425
120
238
120
382
111
196
106
284
120
84
95
328
126
138
113
328
126
137
113
333
134
141
120
333
134
145
120
428
125
241
126
338
134
146
120
342
130
151
117
342
130
154
119
342
130
153
118
391
107
205
103
347
130
156
118
330
131
141
117
399
109
213
106
429
120
242
121
337
134
148
121
337
134
145
120
337
134
146
120
337
134
148
120
324
132
129
115
438
125
249
127
319
143
127
127
369
105
180
98
369
105
181
98
344
129
150
116
344
129
154
117
