paris_invalides_000662_sm_9.jpg
paris_invalides_000663.jpg
181
335
110
345
220
256
167
197
220
256
165
202
220
256
167
198
220
251
168
190
220
251
167
191
220
251
169
190
220
251
167
192
220
250
168
190
220
250
167
191
220
250
173
184
219
252
168
190
219
252
167
192
220
255
167
197
219
251
168
190
219
251
167
191
222
253
170
193
222
253
169
194
222
253
167
197
223
255
168
198
223
255
169
198
223
255
166
201
225
255
169
202
225
255
170
199
225
255
175
192
221
252
170
189
221
252
170
190
221
252
167
194
221
252
172
187
221
252
171
189
222
252
170
191
222
252
171
189
222
256
168
198
222
256
165
203
222
256
165
204
222
256
166
201
225
256
169
202
225
256
170
201
222
248
173
185
223
252
170
193
223
252
169
194
223
252
167
197
223
252
165
202
223
252
167
198
223
252
175
187
223
252
174
188
222
254
167
197
222
254
165
202
222
254
167
198
222
254
167
199
222
254
175
187
222
254
174
188
224
255
169
199
224
255
170
197
224
255
170
198
224
255
170
199
223
251
170
191
223
251
167
197
221
251
170
189
221
251
169
190
221
251
167
192
221
251
167
194
221
251
172
187
221
256
165
202
221
256
167
198
221
256
165
203
221
256
167
199
221
256
166
201
224
256
169
202
224
256
170
198
224
256
170
199
222
259
175
192
221
258
165
204
267
240
298
181
266
242
297
183
270
254
303
195
270
254
308
202
270
254
308
201
270
254
307
199
270
255
303
195
270
255
308
203
274
254
306
193
274
254
308
195
274
254
306
194
274
254
310
200
274
254
310
198
274
254
311
202
274
254
311
201
274
254
311
199
274
254
311
200
275
254
308
195
275
254
308
194
275
254
309
195
275
254
310
198
275
254
310
197
275
254
311
202
275
254
311
201
275
254
313
201
275
254
311
199
275
254
311
198
275
254
311
200
275
254
315
207
274
251
309
195
274
251
312
198
274
251
313
201
274
251
311
199
274
251
311
198
276
255
308
194
276
255
309
195
276
255
310
198
276
255
310
197
276
255
313
200
276
255
311
201
276
255
313
201
276
255
311
199
276
255
315
205
276
255
311
198
276
255
314
202
276
255
314
203
276
255
311
200
276
255
315
206
276
255
315
207
276
250
313
196
276
250
314
198
271
255
303
195
271
255
308
201
271
255
307
199
271
252
306
195
271
252
309
200
272
256
307
199
278
256
309
194
278
256
312
198
278
256
313
200
278
256
313
201
278
256
315
205
278
256
316
205
278
256
316
206
278
256
313
198
278
256
314
201
278
256
311
198
278
256
314
202
278
256
314
203
278
256
315
206
279
253
313
194
279
253
313
196
279
253
314
197
279
253
314
198
273
250
311
198
271
254
308
201
271
254
307
199
271
254
308
200
273
254
307
196
273
254
306
194
273
254
306
195
273
254
309
200
273
254
310
200
273
254
307
197
273
254
311
202
278
254
310
194
278
254
313
196
278
254
312
198
278
254
313
200
278
254
316
205
278
254
313
198
278
254
314
201
278
254
314
202
278
254
314
197
278
254
314
198
272
255
307
197
272
255
307
199
272
255
310
203
272
255
310
204
278
249
313
193
274
255
306
193
274
255
307
196
274
255
306
194
274
255
309
200
274
255
310
200
274
255
311
202
274
255
311
201
274
255
311
200
277
252
313
196
277
252
313
198
277
252
314
197
277
252
314
198
275
255
306
193
275
255
308
195
275
255
310
200
275
255
310
198
275
255
311
202
275
255
311
201
275
255
311
199
275
255
311
200
275
255
315
208
279
252
313
194
279
252
313
196
279
252
314
197
277
258
310
200
277
258
311
202
277
258
311
201
277
258
311
200
277
258
315
208
271
259
303
198
273
257
307
199
273
257
310
203
273
257
310
204
278
258
310
197
278
258
313
201
278
258
311
199
278
258
315
205
278
258
314
202
278
258
314
203
278
258
311
200
278
258
315
206
278
258
317
211
278
258
318
211
278
258
315
208
278
258
315
207
280
258
312
198
280
258
316
205
280
258
316
206
280
258
314
201
280
258
314
202
280
258
320
212
279
257
312
198
279
257
313
200
279
257
313
201
279
257
315
205
279
257
316
205
279
257
316
206
279
257
313
198
279
257
314
201
279
257
314
202
279
257
314
203
280
259
313
200
280
259
315
205
280
259
314
201
280
259
314
202
280
259
314
203
281
259
316
205
281
259
320
212
