S19_01.png
S19_02.png
309
165
208
157
309
165
208
161
309
162
208
157
309
162
208
161
307
162
207
145
309
166
208
161
311
143
212
133
313
160
208
157
310
163
208
157
310
163
208
161
310
165
208
157
311
163
208
161
311
168
212
160
314
156
206
143
314
156
207
143
314
156
208
143
314
156
207
145
314
156
211
141
314
156
213
141
314
156
210
141
315
156
208
143
315
156
207
145
315
156
211
141
315
156
210
141
316
156
207
145
316
156
211
141
316
156
210
141
315
159
208
157
317
156
211
141
323
149
232
131
341
149
301
91
341
149
300
92
341
149
297
95
341
149
302
92
340
147
301
91
340
147
300
92
345
146
301
91
345
146
300
92
345
146
297
95
345
146
303
91
345
146
302
92
343
147
301
91
343
147
300
92
343
147
302
92
345
147
301
91
345
147
300
92
345
147
301
95
345
147
297
95
345
147
302
92
345
148
297
95
347
143
301
91
347
143
300
92
347
143
297
95
347
143
302
92
349
143
301
91
349
143
300
92
349
143
297
95
349
143
302
92
348
146
300
92
348
146
297
95
348
146
302
92
353
139
303
91
352
144
300
92
350
143
301
91
350
143
300
92
350
143
297
95
350
143
302
92
464
65
307
85
464
65
307
83
