Test81.jpg
Test83.jpg
380
168
455
208
384
169
459
209
383
170
457
210
383
169
457
210
383
169
458
209
423
153
506
208
425
153
508
209
425
153
508
210
426
121
521
177
426
153
509
209
426
153
509
210
448
180
522
243
448
180
522
244
447
179
521
242
447
179
522
243
447
179
522
244
448
178
522
241
448
178
522
242
449
181
522
244
447
180
522
244
448
179
521
241
448
179
521
242
448
179
522
243
448
179
522
244
448
179
522
242
448
179
523
243
448
181
522
244
449
179
521
242
449
179
522
243
449
179
522
242
449
179
523
243
455
171
531
239
