S17_01.png
S17_02.png
409
134
273
117
410
134
274
117
410
134
274
116
410
136
273
117
411
134
274
116
477
65
339
43
477
65
338
42
480
64
342
42
478
65
339
43
478
64
340
42
480
65
341
43
480
65
342
43
479
64
340
42
479
64
340
41
481
64
342
42
484
69
346
47
483
68
345
46
482
66
345
44
484
68
345
46
483
67
345
45
483
65
345
43
484
67
345
45
483
64
345
42
483
66
345
44
483
66
346
44
483
69
345
47
483
69
346
47
482
67
345
45
485
69
349
46
483
73
346
50
483
73
347
50
483
71
345
49
483
71
346
49
484
70
349
47
