20_20_l.jpg
20_20_r.jpg
399
172
281
175
399
172
281
177
399
172
281
176
503
462
360
462
298
214
176
213
298
214
177
212
298
214
175
212
298
214
175
213
298
214
176
214
298
214
176
211
381
463
245
462
381
463
244
463
401
176
282
180
401
176
283
180
401
176
280
179
401
176
281
180
519
464
537
465
397
176
282
180
397
176
279
180
397
176
283
180
397
176
280
179
397
176
281
180
331
224
212
225
333
224
214
225
507
467
369
467
507
467
531
467
507
467
363
467
507
467
369
468
507
467
368
468
507
467
363
466
507
467
364
467
507
467
364
466
307
219
184
219
339
249
220
250
302
217
179
214
302
217
178
216
302
217
179
216
302
217
178
215
398
177
282
180
398
177
279
180
398
177
283
180
398
177
279
181
398
177
280
181
398
177
281
180
386
192
268
195
292
205
170
204
354
461
223
462
295
239
172
234
298
212
175
209
298
212
176
211
334
224
214
225
497
466
521
465
497
466
527
466
525
463
533
464
525
463
389
463
305
219
182
218
305
219
181
217
305
219
181
218
506
471
536
470
506
471
366
470
506
471
367
471
506
471
531
470
506
471
380
471
506
471
534
470
506
471
375
471
506
471
533
471
506
471
374
471
298
213
176
213
298
213
177
212
298
213
175
212
298
213
176
211
507
471
536
470
507
471
366
470
507
471
367
471
507
471
531
470
507
471
380
471
507
471
534
470
507
471
375
471
507
471
533
471
507
471
374
471
355
206
237
207
355
206
236
208
504
468
531
467
504
468
535
467
504
468
540
467
504
468
363
467
504
468
533
468
504
468
532
468
504
468
536
469
504
468
364
467
399
173
281
177
399
173
281
176
331
217
211
218
331
217
210
218
331
217
211
217
331
217
209
218
331
217
214
218
331
217
214
217
527
461
392
461
302
218
178
216
302
218
179
216
302
218
180
217
302
218
181
216
354
208
236
209
336
221
218
221
336
221
218
220
336
221
219
219
514
453
365
453
338
224
218
222
338
224
217
225
343
471
210
471
335
224
216
225
335
224
214
225
335
224
217
225
302
220
180
218
302
220
181
217
302
220
180
217
302
220
181
218
356
460
223
461
297
213
175
212
297
213
176
211
384
459
246
460
528
469
392
468
336
223
218
222
524
466
387
467
524
466
389
465
524
466
388
467
524
466
388
466
356
462
223
463
400
167
281
171
292
206
172
207
292
206
171
207
292
206
170
204
299
214
176
213
299
214
177
212
299
214
178
213
299
214
177
214
525
469
388
468
330
224
211
225
357
463
223
464
357
463
222
464
357
463
221
464
347
458
214
459
353
469
218
470
353
469
220
469
296
211
175
209
367
465
235
465
380
460
246
460
298
215
176
213
298
215
176
215
298
215
177
214
298
215
175
212
298
215
175
213
298
215
176
214
385
195
267
198
382
464
244
463
382
464
247
465
499
465
527
465
399
171
281
175
399
171
281
174
399
171
281
176
366
470
234
470
333
217
211
217
333
217
214
218
333
217
214
217
334
219
211
218
334
219
211
219
334
219
214
218
399
176
282
180
399
176
279
180
399
176
283
180
399
176
280
179
399
176
281
180
503
466
531
467
503
466
537
465
503
466
527
465
503
466
527
466
503
466
540
467
503
466
547
467
503
466
363
466
503
466
364
467
503
466
538
466
503
466
364
466
399
170
281
175
399
170
281
173
399
170
281
174
355
209
237
210
309
219
186
218
526
461
388
462
526
461
389
462
385
192
268
195
503
467
531
467
503
467
535
467
503
467
527
466
503
467
540
467
503
467
363
467
503
467
533
468
503
467
547
467
503
467
532
468
503
467
363
466
503
467
364
467
503
467
538
466
503
467
364
466
522
471
384
471
501
468
531
467
501
468
535
467
501
468
363
467
501
468
533
468
501
468
532
468
501
468
536
469
399
174
281
177
335
223
218
222
400
169
281
173
400
169
281
174
338
468
208
468
398
176
282
180
398
176
279
180
398
176
283
180
398
176
280
179
398
176
281
180
329
218
211
218
329
218
209
219
329
218
210
218
329
218
211
217
329
218
209
218
329
218
208
219
329
218
214
218
383
193
266
195
382
463
245
462
296
209
175
209
296
209
174
208
501
465
527
465
501
465
527
466
501
465
363
466
501
465
364
466
338
218
219
218
338
218
219
219
293
208
172
207
293
208
171
207
293
208
170
204
293
208
172
209
293
208
172
208
503
463
360
462
331
219
211
218
331
219
210
219
331
219
211
219
331
219
209
219
331
219
210
218
331
219
208
219
327
218
211
218
327
218
210
218
327
218
209
218
327
218
208
219
330
217
210
218
330
217
211
217
330
217
209
218
330
217
214
217
396
177
282
180
396
177
279
180
396
177
283
180
396
177
279
181
396
177
280
181
396
177
281
180
501
463
524
462
356
459
220
460
356
459
223
460
297
210
175
209
297
210
174
208
337
220
219
218
337
220
218
221
337
220
218
220
337
220
219
219
330
218
211
218
330
218
210
219
330
218
211
219
330
218
209
219
330
218
210
218
330
218
209
218
330
218
214
218
345
459
212
460
341
460
212
460
320
218
201
218
328
249
208
250
352
457
218
458
352
457
219
458
356
466
221
467
356
466
223
467
336
219
219
218
336
219
214
218
336
219
218
220
336
219
219
219
299
213
177
212
299
213
175
212
299
213
176
211
354
207
236
208
380
464
244
463
299
217
178
216
299
217
177
215
299
217
176
215
299
217
177
214
299
217
178
214
299
217
178
215
299
217
176
214
351
194
232
195
303
218
181
217
303
218
182
216
303
218
179
216
303
218
180
217
303
218
181
216
507
466
369
467
507
466
363
466
507
466
364
467
507
466
364
466
384
193
267
195
384
193
266
195
294
209
172
207
294
209
174
208
294
209
171
207
294
209
172
209
294
209
172
208
