plant_1_candidate.jpg
plant_1_reference.jpg
299
195
306
57
299
196
306
56
299
196
306
57
299
197
307
56
299
197
306
56
299
197
306
57
299
200
306
57
299
199
305
64
299
199
306
56
299
199
306
57
299
198
307
56
299
198
306
56
299
198
306
57
299
201
305
64
299
201
306
56
299
201
306
57
298
204
305
63
298
204
305
64
298
204
305
65
298
204
305
66
298
204
305
70
298
204
305
71
298
205
305
63
298
205
305
64
298
205
305
65
298
205
305
66
298
205
305
70
298
205
305
71
298
202
305
63
298
202
305
64
298
202
305
65
298
202
305
66
298
202
305
70
560
216
561
129
562
212
562
126
569
233
568
145
569
233
568
146
569
234
568
145
569
234
568
146
573
186
574
99
571
187
572
100
570
188
570
101
572
187
573
100
573
231
571
143
571
232
569
144
571
232
569
145
572
232
570
144
570
232
569
144
570
232
568
145
570
232
568
146
570
233
569
144
570
233
568
145
570
233
568
146
570
234
569
145
570
234
569
146
576
205
575
118
577
205
575
120
577
205
575
119
575
206
575
118
577
206
576
120
580
30
348
333
580
30
348
334
581
30
349
333
581
30
351
331
581
30
350
332
581
30
351
332
581
30
350
333
580
32
349
333
580
32
350
332
580
31
348
333
580
31
348
334
581
31
349
332
581
31
349
333
581
31
349
334
581
31
350
332
581
31
351
332
579
31
347
334
579
204
577
118
579
204
578
117
579
204
578
118
580
204
579
117
580
204
579
118
578
205
576
120
578
205
577
118
579
205
578
118
581
204
580
117
581
204
579
118
580
205
579
118
584
29
353
330
584
29
353
332
584
29
352
332
584
29
352
331
584
29
353
331
585
29
353
332
585
29
353
331
585
29
354
330
582
31
350
333
585
30
353
332
585
30
355
331
585
30
354
331
583
30
353
332
583
30
352
332
583
30
351
331
583
30
351
332
584
30
353
332
584
30
352
332
582
30
352
332
582
30
351
331
582
30
350
332
582
30
351
332
582
30
352
331
582
30
350
333
582
203
581
117
585
202
584
115
582
204
581
117
583
203
582
117
583
203
582
116
586
29
355
331
586
29
354
331
587
246
589
157
589
247
591
158
593
249
593
159
592
263
591
173
593
263
592
173
595
250
594
160
594
250
594
160
594
264
593
174
598
227
597
138
598
232
598
143
599
231
599
142
598
230
598
141
598
231
598
142
600
233
600
144
601
235
600
145
601
234
601
145
601
234
600
144
600
234
600
145
600
250
599
160
604
236
603
146
603
236
602
146
604
235
603
145
602
235
601
145
602
235
602
146
602
234
601
144
602
234
602
145
603
235
602
145
603
235
603
146
608
235
607
145
608
236
607
146
618
249
617
158
621
291
620
199
620
291
619
199
624
291
623
199
630
295
629
202
