Test1025.jpg
Test1026_4.jpg
334
214
260
254
334
214
256
253
334
214
257
253
339
173
241
224
339
173
237
223
339
173
235
222
321
191
247
251
341
183
243
228
341
183
243
227
341
183
244
227
341
183
246
228
341
183
236
225
341
183
247
229
341
183
242
226
341
183
234
224
341
183
245
228
341
183
239
225
341
183
236
224
334
187
247
238
334
187
240
234
334
187
239
232
334
187
246
236
334
187
236
232
334
187
234
233
339
189
243
230
339
189
244
230
339
189
247
233
327
209
238
250
327
209
255
258
327
209
252
256
327
209
249
255
327
209
254
257
327
209
247
254
327
209
244
253
327
209
239
250
327
209
252
257
327
209
245
252
327
209
247
253
335
215
260
254
313
245
252
275
339
190
243
230
339
190
247
233
342
189
243
228
342
189
243
227
342
189
244
229
342
189
244
227
342
189
240
227
342
189
238
227
342
189
236
225
342
189
249
230
342
189
242
226
342
189
248
230
342
189
247
230
342
189
245
228
335
189
247
238
335
189
233
231
335
189
240
234
335
189
239
232
335
189
247
236
335
189
246
236
335
189
236
232
325
185
241
242
325
206
238
250
325
206
247
255
325
206
255
258
325
206
252
256
325
206
249
255
325
206
254
257
325
206
247
254
325
206
244
253
325
206
239
250
325
206
252
257
325
206
251
257
325
206
247
253
338
174
239
224
338
174
238
224
338
174
242
226
338
174
235
223
338
174
239
225
316
199
250
262
316
199
245
263
316
199
245
262
316
199
247
260
337
181
237
227
337
181
243
230
337
181
234
227
337
181
244
230
337
181
247
233
333
210
257
253
333
210
259
253
317
208
248
264
317
208
241
266
317
208
257
271
317
208
245
263
317
208
249
268
317
208
245
262
317
208
242
264
317
208
244
272
317
208
246
268
317
208
241
260
317
208
248
263
317
208
250
264
317
208
258
270
317
208
246
264
317
208
247
268
317
208
247
267
318
197
247
258
318
197
250
259
318
197
241
255
318
197
242
255
318
197
246
257
318
197
244
255
318
197
240
253
318
197
248
258
318
197
252
261
318
197
250
258
332
213
255
254
332
213
248
250
332
213
256
254
332
213
255
253
332
213
247
251
339
176
239
224
339
176
238
224
339
176
242
226
339
176
237
223
339
176
235
223
339
176
239
225
339
176
236
224
344
187
245
226
344
187
239
224
344
187
238
224
344
187
241
224
344
187
240
223
344
187
242
226
344
187
241
223
344
187
249
228
344
187
242
224
344
187
251
229
344
187
237
223
344
187
244
226
344
187
235
223
344
187
239
225
344
187
235
222
337
187
246
235
337
187
235
230
337
187
234
230
337
187
244
233
337
187
247
235
337
187
234
229
337
187
238
231
325
209
247
255
325
209
236
251
325
209
254
260
325
209
246
255
325
209
244
255
325
209
240
253
325
209
239
252
325
209
255
259
325
209
252
258
325
209
244
253
325
209
250
258
325
209
252
257
325
209
251
257
336
211
259
251
336
211
259
250
336
211
255
250
336
211
251
248
342
183
245
226
342
183
243
227
342
183
239
224
342
183
244
227
342
183
246
228
342
183
238
224
342
183
241
224
342
183
242
226
342
183
242
224
342
183
247
228
342
183
237
223
342
183
244
226
342
183
235
223
342
183
239
225
342
183
236
224
332
210
258
254
332
210
256
253
332
210
257
253
332
210
259
254
332
210
255
253
334
216
256
253
340
187
243
228
340
187
244
229
340
187
243
229
340
187
237
227
340
187
240
227
340
187
238
227
340
187
234
226
340
187
243
230
340
187
234
227
340
187
244
230
342
187
243
228
342
187
243
227
342
187
244
227
342
187
240
227
342
187
246
228
342
187
236
225
342
187
247
229
342
187
249
230
342
187
242
226
342
187
234
224
342
187
244
226
342
187
245
228
342
187
239
225
342
187
236
224
321
212
251
262
321
212
251
268
321
212
248
264
321
212
257
268
321
212
252
266
321
212
250
266
321
212
250
262
321
212
245
263
321
212
249
268
321
212
245
262
321
212
250
261
321
212
249
265
321
212
246
267
321
212
258
269
321
212
248
263
321
212
253
264
321
212
250
264
321
212
241
257
321
212
245
268
321
212
258
270
321
212
253
265
321
212
247
260
321
212
247
268
321
212
247
267
321
212
245
266
325
210
247
255
325
210
253
260
325
210
254
260
325
210
246
255
325
210
244
255
325
210
240
253
325
210
239
252
325
210
252
258
325
210
250
258
325
210
252
257
325
210
251
257
323
201
238
250
323
201
247
255
323
201
252
256
323
201
249
255
323
201
247
254
323
201
244
253
323
201
239
250
323
201
252
257
323
201
251
257
341
176
241
224
341
176
240
223
341
176
241
223
341
176
242
224
341
176
236
221
341
176
235
222
339
185
243
228
339
185
244
229
339
185
243
229
339
185
237
227
339
185
240
227
339
185
238
227
339
185
234
226
339
185
243
230
339
185
234
227
339
185
244
230
314
213
256
276
314
213
259
276
314
213
260
278
341
178
239
224
341
178
238
224
341
178
241
224
341
178
240
223
341
178
237
223
341
178
235
222
323
209
255
263
323
209
247
258
323
209
250
259
323
209
241
255
323
209
242
255
323
209
246
257
323
209
250
261
323
209
244
255
323
209
240
253
323
209
248
258
323
209
252
261
323
209
250
258
323
209
253
262
333
187
242
236
333
187
247
238
333
187
238
235
333
187
247
239
333
187
240
234
333
187
246
239
333
187
235
234
333
187
244
237
333
187
234
233
312
218
262
283
312
218
261
281
336
189
246
235
336
189
233
231
336
189
234
230
336
189
240
234
336
189
239
232
336
189
247
236
336
189
246
236
336
189
247
235
336
189
238
231
336
189
232
230
336
189
236
232
326
185
242
242
329
210
254
255
329
210
257
256
329
210
247
252
329
210
245
251
329
210
250
253
329
210
248
252
329
210
255
256
329
210
247
251
322
201
247
255
322
201
246
255
322
201
244
255
322
201
240
253
322
201
239
252
322
201
252
258
322
201
244
253
322
201
251
257
327
187
242
242
327
187
247
245
327
187
248
245
327
187
249
245
327
187
246
243
327
187
248
244
327
187
241
242
327
187
237
240
327
187
236
239
331
229
278
281
331
229
274
281
314
245
255
276
347
190
240
222
347
190
242
223
347
190
240
223
347
190
241
223
340
180
243
227
340
180
244
227
340
180
246
228
340
180
247
229
340
180
242
226
340
180
248
230
340
180
234
224
340
180
245
228
340
180
235
223
340
180
239
225
340
180
236
224
323
222
251
268
323
222
248
264
323
222
257
268
323
222
257
271
323
222
250
266
323
222
250
262
323
222
249
268
323
222
249
265
323
222
246
267
323
222
246
268
323
222
258
269
323
222
253
264
323
222
250
264
323
222
241
257
323
222
258
270
323
222
253
265
323
222
247
260
323
222
247
268
323
222
247
267
312
220
248
275
312
220
255
276
340
182
243
228
340
182
243
227
340
182
244
229
340
182
244
227
340
182
240
227
340
182
246
228
340
182
236
225
340
182
247
229
340
182
242
226
340
182
248
230
340
182
247
230
340
182
234
224
340
182
245
228
340
182
239
225
340
182
236
224
324
213
251
262
324
213
255
263
324
213
247
258
324
213
250
259
324
213
241
255
324
213
242
255
324
213
246
257
324
213
250
261
324
213
244
255
324
213
248
258
324
213
252
261
324
213
250
258
324
213
253
262
339
184
243
228
339
184
244
229
339
184
243
229
339
184
237
227
339
184
240
227
339
184
238
227
339
184
234
226
339
184
243
230
339
184
244
230
325
199
239
248
325
199
247
252
325
199
241
248
325
199
245
251
325
199
250
253
325
199
245
250
325
199
248
252
325
199
247
251
328
184
247
242
328
184
236
237
328
184
240
239
328
184
239
239
328
184
241
238
328
184
245
241
331
227
278
281
328
210
254
255
328
210
247
252
328
210
252
256
328
210
245
251
328
210
254
257
328
210
250
253
328
210
247
254
328
210
255
256
328
210
256
257
328
210
245
252
328
210
247
253
316
209
252
272
316
209
244
272
316
209
257
273
316
209
247
267
316
209
256
273
326
213
247
255
326
213
253
260
326
213
254
260
326
213
246
255
326
213
250
259
326
213
246
257
326
213
244
255
326
213
240
253
326
213
248
258
326
213
239
252
326
213
252
258
326
213
250
258
326
213
252
257
326
213
251
257
335
211
259
251
335
211
255
250
335
211
259
252
335
211
260
252
335
211
251
248
39
117
268
256
332
204
253
249
332
204
255
250
332
204
249
247
332
204
259
252
332
204
247
247
332
204
251
248
319
211
259
273
319
211
251
268
319
211
248
264
319
211
257
271
319
211
245
263
319
211
249
268
319
211
249
265
319
211
246
268
319
211
258
269
319
211
248
263
319
211
258
270
319
211
246
264
319
211
247
268
319
211
247
267
319
211
245
266
325
197
241
248
325
197
245
250
325
197
247
251
343
190
243
228
343
190
243
227
343
190
244
227
343
190
240
227
343
190
246
228
343
190
238
224
343
190
236
225
343
190
247
229
343
190
249
230
343
190
242
226
343
190
248
230
343
190
247
228
343
190
234
224
343
190
244
226
343
190
245
228
343
190
239
225
343
190
236
224
338
175
239
224
338
175
238
224
338
175
237
223
338
175
235
223
338
175
239
225
338
175
236
224
320
193
244
251
320
193
252
256
320
193
254
257
320
193
245
252
320
193
247
253
318
214
259
273
318
214
252
272
318
214
257
271
318
214
249
268
318
214
252
273
318
214
246
268
318
214
257
273
318
214
245
268
318
214
258
270
318
214
247
268
318
214
247
267
318
214
256
273
318
214
245
266
343
238
285
274
343
238
283
271
343
238
285
273
343
238
286
272
323
213
251
262
323
213
248
264
323
213
250
262
323
213
247
258
323
213
250
259
323
213
241
255
323
213
242
255
323
213
246
257
323
213
250
261
323
213
249
265
323
213
253
264
323
213
250
264
323
213
248
258
323
213
241
257
323
213
247
260
323
213
252
261
323
213
253
262
340
179
243
227
340
179
239
224
340
179
246
228
340
179
238
224
340
179
242
226
340
179
244
226
340
179
245
228
340
179
235
223
340
179
239
225
340
179
236
224
318
207
251
268
318
207
248
264
318
207
257
268
318
207
257
271
318
207
245
264
318
207
249
268
318
207
245
262
318
207
249
265
318
207
246
267
318
207
246
268
318
207
241
260
318
207
258
269
318
207
248
263
318
207
245
268
318
207
258
270
318
207
253
265
318
207
246
264
318
207
247
268
318
207
247
267
318
207
240
259
319
213
259
273
319
213
251
268
319
213
248
264
319
213
257
271
319
213
249
268
319
213
245
262
319
213
249
265
319
213
246
267
319
213
246
268
319
213
248
263
319
213
257
273
319
213
250
264
319
213
258
270
319
213
247
268
319
213
247
267
319
213
256
273
319
213
240
259
340
188
243
228
340
188
244
229
340
188
243
229
340
188
237
227
340
188
240
227
340
188
238
227
340
188
234
226
340
188
243
230
340
188
234
227
340
188
244
230
329
204
239
246
329
204
248
250
329
204
247
249
329
204
256
253
329
204
246
249
329
204
255
253
323
200
238
250
323
200
252
256
323
200
249
255
323
200
254
257
323
200
247
254
323
200
244
253
323
200
239
250
323
200
252
257
331
178
246
235
331
178
246
236
345
191
245
226
345
191
239
224
345
191
244
227
345
191
238
224
345
191
241
224
345
191
242
226
345
191
249
228
345
191
242
224
345
191
251
229
345
191
237
223
345
191
244
226
345
191
239
225
343
239
285
273
327
210
238
250
327
210
247
255
327
210
255
258
327
210
258
259
327
210
256
259
327
210
252
256
327
210
249
255
327
210
254
257
327
210
247
254
327
210
244
253
327
210
239
250
327
210
252
257
327
210
245
252
327
210
247
253
311
214
245
264
341
189
243
228
341
189
244
229
341
189
243
229
341
189
237
227
341
189
240
227
341
189
238
227
341
189
234
226
341
189
244
230
313
221
249
275
313
221
249
274
313
221
252
275
313
221
261
285
313
221
248
275
313
221
255
276
313
221
255
277
313
221
250
275
323
224
251
268
323
224
248
264
323
224
257
268
323
224
252
266
323
224
257
271
323
224
250
266
323
224
249
268
323
224
249
265
323
224
246
267
323
224
246
268
323
224
258
269
323
224
248
263
323
224
253
264
323
224
250
264
323
224
245
268
323
224
258
270
323
224
253
265
323
224
247
268
323
224
247
267
323
224
245
266
330
184
238
235
330
184
236
235
330
184
243
238
330
184
246
239
330
184
241
238
330
184
244
238
330
184
234
235
330
184
235
235
323
203
247
255
323
203
236
251
323
203
246
255
323
203
244
255
323
203
240
253
323
203
239
252
323
203
252
258
323
203
244
253
323
203
250
258
323
203
252
257
323
203
251
257
344
188
245
226
344
188
239
224
344
188
238
224
344
188
241
224
344
188
242
226
344
188
249
228
344
188
242
224
344
188
251
229
344
188
237
223
344
188
244
226
344
188
235
223
344
188
239
225
316
215
251
268
316
215
256
276
316
215
252
273
316
215
245
274
342
231
283
271
342
231
284
270
342
231
283
270
317
210
252
272
317
210
257
271
317
210
250
266
317
210
249
268
317
210
245
262
317
210
246
267
317
210
246
268
317
210
241
260
317
210
248
263
317
210
245
268
317
210
258
270
317
210
247
268
317
210
247
267
317
210
256
273
338
184
243
229
338
184
237
227
338
184
238
227
338
184
243
230
338
184
234
227
338
184
244
230
344
240
283
271
316
200
250
262
316
200
245
263
316
200
245
262
316
200
248
263
316
200
247
260
341
182
243
227
341
182
239
224
341
182
244
227
341
182
246
228
341
182
238
224
341
182
247
229
341
182
242
226
341
182
247
228
341
182
234
224
341
182
244
226
341
182
245
228
341
182
235
223
341
182
239
225
341
182
236
224
340
177
239
224
340
177
238
224
340
177
242
226
340
177
237
223
340
177
235
223
325
200
254
255
325
200
239
248
325
200
247
252
325
200
244
251
325
200
245
251
325
200
250
253
325
200
245
250
325
200
248
252
325
200
247
251
335
191
242
236
335
191
247
238
335
191
238
235
335
191
247
239
335
191
240
234
335
191
246
236
335
191
244
237
322
212
251
262
322
212
251
268
322
212
257
268
322
212
252
266
322
212
250
266
322
212
250
262
322
212
247
258
322
212
250
261
322
212
249
265
322
212
241
260
322
212
258
269
322
212
253
264
322
212
250
264
322
212
241
257
322
212
253
265
322
212
247
260
322
212
240
259
322
204
247
258
322
204
246
255
322
204
250
259
322
204
242
255
322
204
246
257
322
204
244
255
322
204
240
253
322
204
248
258
322
204
250
258
321
209
251
262
321
209
248
264
321
209
252
266
321
209
245
264
321
209
250
266
321
209
250
262
321
209
249
268
321
209
245
262
321
209
250
261
321
209
249
265
321
209
258
269
321
209
248
263
321
209
253
264
321
209
250
264
321
209
241
257
321
209
258
270
321
209
253
265
321
209
247
260
332
227
277
279
332
227
278
279
324
201
238
250
324
201
244
251
324
201
252
256
324
201
249
255
324
201
247
254
324
201
239
250
324
201
245
252
324
201
247
253
341
190
243
228
341
190
244
229
341
190
243
229
341
190
237
227
341
190
240
227
341
190
238
227
341
190
234
226
341
190
243
230
341
190
244
230
321
232
251
268
321
232
252
272
321
232
257
271
321
232
249
273
321
232
249
268
321
232
258
270
321
232
248
273
321
232
247
268
321
232
247
267
320
208
251
268
320
208
248
264
320
208
257
268
320
208
252
266
320
208
245
264
320
208
250
266
320
208
250
262
320
208
245
263
320
208
243
264
320
208
249
268
320
208
245
262
320
208
249
265
320
208
246
267
320
208
246
268
320
208
258
269
320
208
243
267
320
208
248
263
320
208
253
264
320
208
250
264
320
208
241
257
320
208
245
268
320
208
258
270
320
208
253
265
320
208
247
260
320
208
246
264
320
208
247
268
320
208
247
267
320
208
240
259
320
208
245
266
325
205
238
250
325
205
252
256
325
205
249
255
325
205
254
257
325
205
247
254
325
205
244
253
325
205
239
250
325
205
252
257
325
205
245
252
325
205
247
253
342
185
243
227
342
185
239
224
342
185
244
227
342
185
246
228
342
185
238
224
342
185
242
226
342
185
234
224
342
185
244
226
342
185
245
228
342
185
239
225
342
185
236
224
317
197
247
260
328
213
238
250
328
213
247
255
328
213
255
258
328
213
258
259
328
213
256
259
328
213
252
256
328
213
249
255
328
213
254
257
328
213
247
254
328
213
244
253
328
213
252
257
328
213
247
253
321
215
251
262
321
215
251
268
321
215
248
264
321
215
257
268
321
215
252
266
321
215
257
271
321
215
250
262
321
215
245
263
321
215
243
264
321
215
249
268
321
215
245
262
321
215
250
261
321
215
249
265
321
215
246
267
321
215
248
263
321
215
253
264
321
215
250
264
321
215
241
257
321
215
258
270
321
215
253
265
321
215
247
260
321
215
246
264
321
215
247
268
321
215
247
267
321
215
245
266
324
200
247
252
324
200
244
251
324
200
252
256
324
200
245
251
324
200
239
250
324
200
245
252
324
200
247
253
333
183
240
234
333
183
239
232
333
183
246
236
333
183
236
232
330
212
256
255
330
212
254
255
330
212
247
252
330
212
250
253
330
212
248
252
330
212
255
256
341
184
243
228
341
184
243
227
341
184
244
227
341
184
240
227
341
184
246
228
341
184
236
225
341
184
242
226
341
184
245
228
341
184
239
225
323
208
253
260
323
208
247
258
323
208
250
259
323
208
241
255
323
208
242
255
323
208
246
257
323
208
244
255
323
208
240
253
323
208
248
258
323
208
252
261
323
208
250
258
332
178
246
235
332
178
239
232
332
178
247
235
340
175
239
224
340
175
241
224
340
175
240
223
340
175
237
223
340
175
236
221
340
175
235
222
341
191
243
228
341
191
244
229
341
191
243
229
341
191
237
227
341
191
240
227
341
191
238
227
341
191
243
230
341
191
234
227
341
191
244
230
340
189
244
229
340
189
243
229
340
189
237
227
340
189
240
227
340
189
238
227
340
189
243
230
340
189
234
227
340
189
244
230
328
186
247
243
328
186
246
243
328
186
236
237
328
186
245
242
328
186
240
239
328
186
239
239
328
186
234
237
328
186
236
239
316
204
248
264
316
204
249
265
316
204
248
263
316
204
250
264
316
204
258
270
329
229
274
283
330
210
256
255
330
210
255
254
330
210
257
256
330
210
250
253
330
210
260
257
330
210
248
252
330
210
247
251
325
201
254
255
325
201
239
248
325
201
247
252
325
201
244
251
325
201
245
251
325
201
250
253
325
201
248
252
325
201
255
256
325
201
245
252
325
201
247
253
344
189
245
226
344
189
239
224
344
189
244
227
344
189
238
224
344
189
241
224
344
189
242
226
344
189
249
228
344
189
242
224
344
189
247
228
344
189
251
229
344
189
237
223
344
189
244
226
344
189
235
223
344
189
239
225
344
189
236
224
322
192
241
248
322
192
245
251
322
192
245
250
322
192
248
252
322
192
247
251
330
188
247
242
330
188
236
237
330
188
245
242
330
188
240
239
330
188
239
239
330
188
234
237
330
188
245
241
335
184
246
235
335
184
235
230
335
184
234
230
335
184
244
233
335
184
239
232
335
184
247
235
335
184
238
231
332
186
242
236
332
186
238
235
332
186
247
239
332
186
236
235
332
186
246
239
332
186
235
234
332
186
244
238
332
186
244
237
332
186
235
235
332
214
256
255
332
214
255
254
332
214
256
254
332
214
255
253
338
178
240
227
338
178
236
225
338
178
247
230
343
231
284
270
334
209
258
252
334
209
255
250
334
209
259
252
342
230
283
270
324
188
247
247
324
188
237
243
319
225
252
272
319
225
249
273
319
225
249
275
319
225
256
276
319
225
252
273
319
225
249
274
319
225
257
273
319
225
252
275
319
225
248
275
319
225
248
273
319
225
247
274
319
225
255
276
319
225
256
273
319
225
255
277
319
225
250
275
327
186
242
242
327
186
246
243
327
186
248
244
327
186
245
242
327
186
239
239
327
186
236
239
310
219
260
293
333
180
246
235
333
180
235
230
333
180
234
230
333
180
244
233
333
180
239
232
333
180
247
236
333
180
238
231
318
224
252
272
318
224
249
273
318
224
249
275
318
224
252
273
318
224
249
274
318
224
260
278
318
224
257
273
318
224
252
275
318
224
248
275
318
224
248
273
318
224
247
274
318
224
255
276
318
224
256
273
318
224
255
277
318
224
250
275
324
216
251
262
324
216
255
263
324
216
250
262
324
216
247
258
324
216
250
259
324
216
241
255
324
216
242
255
324
216
246
257
324
216
250
261
324
216
253
264
324
216
248
258
324
216
253
265
324
216
252
261
324
216
253
262
325
193
247
249
325
193
239
245
325
193
243
246
325
193
249
249
325
193
246
249
323
228
251
268
323
228
257
268
323
228
252
272
323
228
252
266
323
228
257
271
323
228
250
266
323
228
249
268
323
228
249
265
323
228
246
267
323
228
246
268
323
228
258
269
323
228
257
273
323
228
250
264
323
228
245
268
323
228
258
270
323
228
263
273
323
228
247
268
323
228
247
267
325
212
253
260
325
212
247
258
325
212
254
260
325
212
246
255
325
212
250
259
325
212
242
255
325
212
246
257
325
212
244
255
325
212
240
253
325
212
248
258
325
212
239
252
325
212
252
258
325
212
250
258
325
212
251
257
320
197
247
255
320
197
236
251
320
197
246
255
320
197
242
255
320
197
244
255
320
197
240
253
320
197
248
258
320
197
239
252
320
197
252
258
320
197
252
257
320
197
251
257
328
218
247
255
328
218
246
255
328
218
255
258
328
218
256
259
328
218
244
255
328
218
252
256
328
218
249
255
328
218
255
259
328
218
259
262
328
218
252
258
328
218
252
257
328
218
251
257
343
187
245
226
343
187
243
227
343
187
239
224
343
187
244
227
343
187
246
228
343
187
238
224
343
187
241
224
343
187
242
226
343
187
247
228
343
187
244
226
343
187
245
228
343
187
235
223
343
187
239
225
343
187
236
224
322
207
251
262
322
207
255
263
322
207
247
258
322
207
250
259
322
207
241
255
322
207
242
255
322
207
246
257
322
207
250
261
322
207
244
255
322
207
248
258
322
207
252
261
322
207
253
262
338
177
236
225
338
177
234
224
338
177
239
225
320
226
252
272
320
226
257
271
320
226
249
273
320
226
256
276
320
226
252
273
320
226
259
276
320
226
249
274
320
226
246
268
320
226
260
278
320
226
252
275
320
226
259
275
320
226
248
273
320
226
247
274
320
226
245
274
320
226
256
273
320
226
258
275
321
204
251
262
321
204
247
258
321
204
250
259
321
204
241
255
321
204
242
255
321
204
246
257
321
204
250
261
321
204
248
258
321
204
252
261
331
183
242
236
331
183
247
238
331
183
238
235
331
183
247
239
331
183
246
239
331
183
235
234
331
183
244
238
331
183
244
237
331
183
234
233
320
207
251
262
320
207
251
268
320
207
248
264
320
207
257
268
320
207
252
266
320
207
245
264
320
207
250
266
320
207
250
262
320
207
245
263
320
207
249
268
320
207
245
262
320
207
250
261
320
207
249
265
320
207
258
269
320
207
248
263
320
207
253
264
320
207
250
264
320
207
241
257
320
207
258
270
320
207
253
265
320
207
247
260
320
207
246
264
342
184
245
226
342
184
243
227
342
184
239
224
342
184
244
227
342
184
246
228
342
184
238
224
342
184
241
224
342
184
242
226
342
184
242
224
342
184
247
228
342
184
244
226
342
184
235
223
342
184
239
225
342
184
236
224
318
204
248
264
318
204
257
271
318
204
250
266
318
204
250
262
318
204
245
262
318
204
249
265
318
204
258
269
318
204
248
263
318
204
250
264
318
204
258
270
318
204
253
265
318
204
247
267
39
116
269
256
330
207
255
254
330
207
248
250
330
207
256
254
330
207
246
249
330
207
255
253
330
207
247
251
333
216
256
255
333
216
255
254
333
216
256
253
333
216
256
254
333
216
255
253
333
190
242
236
333
190
238
235
333
190
247
239
333
190
236
235
333
190
243
238
333
190
246
239
333
190
235
234
333
190
244
238
333
190
244
237
333
190
235
235
340
184
243
228
340
184
243
227
340
184
244
229
340
184
243
229
340
184
240
227
340
184
238
227
340
184
247
230
317
209
251
268
317
209
248
264
317
209
252
272
317
209
257
271
317
209
249
268
317
209
245
262
317
209
249
265
317
209
246
268
317
209
241
260
317
209
258
269
317
209
248
263
317
209
257
273
317
209
245
268
317
209
258
270
317
209
246
264
317
209
247
268
317
209
247
267
317
209
256
273
317
213
251
268
317
213
252
272
317
213
257
271
317
213
252
273
317
213
245
268
317
213
258
270
339
180
243
228
339
180
243
227
339
180
244
229
339
180
240
227
339
180
236
225
339
180
234
224
339
180
245
228
322
203
247
258
322
203
246
255
322
203
250
259
322
203
242
255
322
203
246
257
322
203
244
255
322
203
240
253
322
203
248
258
322
203
250
258
325
203
247
252
325
203
244
251
325
203
252
256
325
203
254
257
325
203
247
254
325
203
239
250
325
203
245
252
325
203
247
253
334
181
246
235
334
181
235
230
334
181
234
230
334
181
244
233
334
181
239
232
334
181
247
235
334
181
238
231
320
198
247
255
320
198
236
251
320
198
247
258
320
198
246
255
320
198
250
259
320
198
242
255
320
198
246
257
320
198
244
255
320
198
240
253
320
198
248
258
320
198
239
252
320
198
252
261
320
198
252
258
320
198
250
258
320
198
251
257
341
188
243
228
341
188
243
227
341
188
244
229
341
188
243
229
341
188
237
227
341
188
240
227
341
188
238
227
341
188
234
226
341
188
248
230
341
188
247
230
320
200
247
258
320
200
250
259
320
200
242
255
320
200
246
257
320
200
244
255
320
200
240
253
320
200
248
258
320
200
250
258
330
183
238
235
330
183
236
235
330
183
243
238
330
183
246
239
330
183
235
234
330
183
241
238
330
183
244
238
330
183
235
235
329
213
254
255
329
213
247
252
329
213
252
256
329
213
249
255
329
213
254
257
329
213
247
254
329
213
255
256
329
213
256
257
329
213
247
253
340
236
283
272
331
209
258
254
331
209
248
250
331
209
247
249
331
209
256
253
331
209
256
254
331
209
257
253
331
209
255
253
324
204
238
250
324
204
247
255
324
204
246
255
324
204
252
256
324
204
249
255
324
204
239
252
324
204
247
254
324
204
252
258
324
204
244
253
324
204
252
257
324
204
251
257
337
191
246
235
337
191
239
232
337
191
247
236
337
191
246
236
337
191
247
235
337
191
238
231
337
191
236
232
330
180
242
236
330
180
244
237
336
191
247
238
336
191
246
235
336
191
233
231
336
191
240
234
336
191
239
232
336
191
232
231
336
191
247
236
336
191
246
236
336
191
236
232
314
208
240
267
313
214
260
278
326
188
247
245
326
188
248
246
326
188
249
247
326
188
247
246
326
188
244
245
326
188
236
240
326
188
237
241
326
188
249
246
326
188
248
245
326
188
245
245
326
188
236
241
326
188
241
242
326
188
233
240
326
188
237
240
337
190
246
235
337
190
235
230
337
190
234
230
337
190
244
233
337
190
239
232
337
190
247
236
337
190
246
236
337
190
247
235
337
190
238
231
337
190
232
230
318
227
252
272
318
227
249
273
318
227
249
275
318
227
252
273
318
227
249
274
318
227
252
275
318
227
248
277
318
227
248
273
318
227
255
277
318
227
258
275
318
227
250
275
332
191
236
235
332
191
243
238
332
191
241
238
332
191
234
235
332
191
235
235
332
191
245
241
340
181
243
228
340
181
243
227
340
181
244
227
340
181
240
227
340
181
246
228
340
181
236
225
340
181
247
229
340
181
242
226
340
181
248
230
340
181
247
230
340
181
234
224
340
181
245
228
340
181
239
225
340
181
236
224
330
209
256
255
330
209
255
254
330
209
250
253
330
209
260
257
330
209
256
254
330
209
248
252
330
209
247
251
329
209
256
255
329
209
254
255
329
209
257
256
329
209
247
252
329
209
245
251
329
209
250
253
329
209
245
250
329
209
248
252
329
209
247
251
335
210
259
251
335
210
255
250
335
210
251
248
329
212
254
255
329
212
247
252
329
212
252
256
329
212
254
257
329
212
250
253
329
212
255
256
329
212
256
257
329
212
245
252
329
212
247
253
339
188
243
229
339
188
237
227
339
188
238
227
339
188
243
230
339
188
244
230
339
188
247
233
323
188
237
243
334
189
242
236
334
189
247
238
334
189
238
235
334
189
232
232
334
189
247
239
334
189
240
234
334
189
244
237
334
189
236
232
334
189
234
233
317
198
247
258
317
198
250
261
317
198
247
260
317
198
252
261
317
198
253
262
341
175
240
222
341
175
242
223
341
175
240
223
341
175
241
223
341
175
242
224
341
175
236
221
345
188
245
226
345
188
242
223
345
188
239
224
345
188
241
224
345
188
240
223
345
188
241
223
345
188
242
224
345
188
237
223
345
188
235
222
342
191
243
228
342
191
243
227
342
191
244
229
342
191
243
229
342
191
237
227
342
191
240
227
342
191
238
227
342
191
234
226
342
191
248
230
342
191
247
230
342
191
244
230
342
191
245
228
324
206
247
255
324
206
246
255
324
206
249
255
324
206
239
252
324
206
247
254
324
206
252
258
324
206
244
253
324
206
250
258
324
206
252
257
324
206
251
257
329
188
247
243
329
188
247
242
329
188
246
243
329
188
236
237
329
188
245
242
329
188
240
239
329
188
239
239
329
188
234
237
329
188
245
241
329
211
254
255
329
211
257
256
329
211
247
252
329
211
250
253
329
211
248
252
329
211
255
256
329
211
256
257
329
211
247
253
320
223
251
268
320
223
252
272
320
223
257
271
320
223
249
268
320
223
256
276
320
223
252
273
320
223
259
276
320
223
246
268
320
223
260
278
320
223
257
273
320
223
259
275
320
223
247
268
320
223
247
267
320
223
256
273
320
223
258
275
327
183
240
239
319
228
252
272
319
228
249
273
319
228
249
275
319
228
256
276
319
228
252
273
319
228
259
276
319
228
249
274
319
228
257
273
319
228
252
275
319
228
248
275
319
228
248
273
319
228
247
274
319
228
255
276
319
228
256
273
319
228
258
275
319
228
250
275
340
176
239
224
340
176
238
224
340
176
241
224
340
176
240
223
340
176
237
223
340
176
235
222
346
191
245
226
346
191
242
223
346
191
239
224
346
191
251
228
346
191
241
224
346
191
240
223
346
191
241
223
346
191
242
224
325
229
243
267
316
214
256
276
316
214
252
273
316
214
259
276
336
212
259
251
336
212
255
250
336
212
250
247
336
212
251
248
333
214
258
254
333
214
248
250
333
214
256
253
333
214
256
254
333
214
259
254
333
214
255
253
322
211
251
262
322
211
257
268
322
211
252
266
322
211
250
266
322
211
250
262
322
211
247
258
322
211
241
255
322
211
246
257
322
211
250
261
322
211
249
265
322
211
258
269
322
211
253
264
322
211
250
264
322
211
241
257
322
211
253
265
322
211
247
260
338
231
283
272
313
210
242
271
337
185
244
233
337
185
243
230
337
185
234
229
334
183
246
235
334
183
239
232
334
183
247
236
334
183
238
231
334
183
236
232
325
188
249
247
325
188
247
246
325
188
244
245
325
188
237
241
325
188
236
242
325
188
245
245
325
188
236
241
325
188
246
246
326
187
242
242
326
187
247
245
326
187
248
246
326
187
236
240
326
187
237
241
326
187
249
246
326
187
248
245
326
187
245
245
326
187
241
242
326
187
237
240
320
213
251
268
320
213
248
264
320
213
257
268
320
213
252
266
320
213
257
271
320
213
249
268
320
213
249
265
320
213
246
267
320
213
246
268
320
213
258
269
320
213
248
263
320
213
253
264
320
213
250
264
320
213
245
268
320
213
258
270
320
213
253
265
320
213
247
260
320
213
246
264
320
213
247
268
320
213
247
267
320
213
245
266
324
212
255
263
324
212
253
260
324
212
247
258
324
212
250
259
324
212
241
255
324
212
242
255
324
212
246
257
324
212
250
261
324
212
244
255
324
212
240
253
324
212
248
258
324
212
252
261
324
212
250
258
324
212
253
262
