S13_01.png
S13_02.png
261
275
77
255
261
275
77
256
261
275
76
256
261
275
75
256
259
277
73
257
259
277
73
258
260
276
75
256
260
276
74
257
260
276
75
257
264
273
81
253
264
273
79
254
264
273
80
254
264
273
81
254
264
273
78
255
264
273
79
255
265
272
81
253
265
272
80
254
265
272
81
254
263
274
77
255
263
274
77
256
263
274
79
254
263
274
80
254
263
274
78
255
263
274
79
255
262
274
77
255
262
274
77
256
262
274
78
255
262
275
77
255
262
275
77
256
262
275
76
256
262
275
78
255
264
309
74
291
269
269
85
251
269
269
84
253
269
269
85
252
269
269
84
252
269
269
86
251
269
270
85
251
269
270
84
253
269
270
85
252
269
270
84
252
269
270
86
252
268
270
85
251
268
270
83
252
268
270
84
253
268
270
83
253
268
270
84
252
267
270
83
252
267
270
82
253
267
270
83
253
267
270
82
254
268
308
79
290
269
384
69
368
269
384
67
369
268
386
65
371
268
386
67
369
267
387
65
371
273
267
88
251
272
267
88
251
272
267
87
251
271
268
86
251
271
268
87
251
271
268
86
252
270
384
69
368
274
267
90
251
274
267
90
252
274
266
90
251
274
266
90
252
274
270
89
255
274
389
72
373
274
389
73
372
276
389
74
373
275
389
73
372
275
389
74
373
275
388
72
373
275
388
73
372
