Test800.jpg
Test810.jpg
189
191
152
191
366
146
333
145
366
146
330
144
366
146
334
145
256
286
216
285
256
286
228
286
242
151
209
148
242
151
208
149
242
151
210
149
242
151
207
151
242
151
206
150
242
151
206
151
242
151
209
149
242
151
208
148
78
157
38
153
78
157
37
153
78
157
37
154
185
141
149
139
185
141
151
139
185
141
151
140
185
141
150
139
114
283
75
285
239
148
207
145
239
148
209
146
192
237
156
236
411
164
377
163
182
140
147
139
182
140
149
139
182
140
147
140
182
140
149
140
182
140
148
140
182
140
146
139
248
286
201
286
248
286
213
286
248
286
210
286
248
286
203
286
248
286
215
286
410
161
377
160
225
266
195
268
225
266
187
266
236
287
199
288
236
287
195
287
236
287
201
287
182
262
145
262
182
262
147
261
188
195
154
196
188
195
150
194
188
195
154
194
188
195
151
196
258
289
219
289
227
264
195
265
227
264
196
265
227
264
193
264
227
264
194
264
506
200
468
199
162
252
124
252
162
252
123
252
241
152
208
149
241
152
207
151
241
152
206
150
241
152
206
151
241
152
209
149
223
292
188
293
212
260
176
261
212
260
173
260
212
260
174
260
212
260
178
262
212
260
178
261
212
260
177
261
255
294
220
294
255
294
218
294
255
294
226
294
243
269
202
269
243
269
208
269
243
269
203
269
243
269
206
269
243
269
204
269
243
269
205
269
243
269
197
269
238
289
196
289
238
289
203
289
193
256
159
256
193
256
156
256
222
151
187
150
222
151
189
149
222
151
190
149
222
151
188
151
85
238
43
238
85
238
41
239
193
198
156
197
193
198
155
197
536
193
500
191
536
193
499
191
168
269
130
269
168
269
129
268
168
269
129
269
236
292
202
293
236
292
205
292
236
292
206
292
119
272
77
273
187
254
151
254
187
254
152
254
131
250
91
250
131
250
89
250
186
142
149
139
186
142
151
139
186
142
151
140
186
142
150
139
184
149
150
148
184
149
147
145
184
149
149
149
184
149
149
146
125
280
84
281
191
165
157
164
191
165
157
162
370
142
336
140
370
142
338
143
370
142
337
141
240
150
209
148
240
150
208
149
240
150
206
148
240
150
207
148
240
150
206
150
240
150
209
149
240
150
208
148
138
283
97
283
190
195
154
196
190
195
156
196
190
195
154
194
260
166
226
165
260
166
225
166
232
289
196
289
232
289
191
288
257
172
224
170
257
172
222
170
199
241
163
240
244
284
206
284
244
284
195
283
244
284
205
284
205
239
170
239
193
143
159
141
193
143
159
140
193
143
157
139
193
143
158
139
102
155
63
152
164
252
125
252
125
279
84
281
252
177
221
175
247
292
216
293
247
292
211
292
247
292
205
292
247
292
206
292
247
292
220
292
273
287
237
286
273
287
235
286
168
261
130
261
168
261
129
261
168
261
130
262
168
261
129
262
267
285
239
284
267
285
230
284
84
239
41
239
84
239
40
239
257
167
222
164
257
167
223
165
257
167
221
165
257
167
224
165
257
167
224
164
257
167
226
165
257
167
225
166
257
167
222
165
240
288
199
288
240
288
202
288
240
288
209
288
533
194
497
192
533
194
496
192
141
268
99
268
71
153
31
149
248
268
219
268
248
268
208
269
248
268
206
269
239
268
201
267
239
268
202
269
239
268
208
269
239
268
195
268
239
268
203
269
239
268
206
269
239
268
200
267
239
268
204
269
239
268
205
269
239
268
197
269
189
232
153
231
189
232
154
231
253
176
221
175
209
259
173
260
209
259
174
260
209
259
169
258
253
178
223
176
253
178
222
176
253
178
221
175
238
285
206
285
238
285
198
285
238
285
205
285
110
154
72
153
262
285
230
284
262
285
226
285
240
152
208
149
240
152
207
151
240
152
206
150
240
152
206
151
73
154
32
151
73
154
33
150
73
154
33
151
126
269
85
269
167
267
128
266
133
273
92
273
253
292
211
292
253
292
226
292
253
292
220
292
227
288
196
289
227
288
191
288
268
280
237
280
268
280
237
279
268
280
238
280
268
280
235
279
268
280
236
278
268
280
234
278
268
280
234
280
176
254
136
254
168
260
130
261
168
260
129
261
168
260
130
262
168
260
131
262
168
260
129
262
168
260
130
260
178
219
141
218
183
140
147
139
183
140
149
139
183
140
149
140
403
170
369
171
215
261
176
261
215
261
178
262
215
261
178
261
215
261
177
261
215
261
179
262
270
285
239
284
270
285
238
285
270
285
239
285
182
139
147
139
182
139
149
139
182
139
148
140
171
253
131
253
411
161
377
160
411
161
378
160
72
152
31
149
72
152
32
149
266
287
230
287
266
287
228
286
266
287
235
286
266
287
232
286
161
252
122
252
161
252
123
252
239
247
203
246
260
280
235
279
246
291
218
291
246
291
223
291
246
291
208
291
246
291
212
291
246
291
215
291
537
193
500
191
537
193
502
192
537
193
503
191
511
203
474
203
269
294
232
294
227
289
187
288
181
254
146
254
181
254
145
254
255
176
223
175
255
176
224
175
255
176
222
175
255
176
221
175
177
254
136
254
177
254
138
254
190
140
159
141
190
140
155
139
190
140
156
140
190
140
157
139
171
258
134
259
171
258
132
258
171
258
133
259
171
258
131
258
210
152
172
148
210
152
174
150
210
152
173
149
210
152
173
150
244
148
209
147
244
148
210
147
244
148
211
147
244
148
211
146
244
148
209
146
250
168
215
165
244
292
216
293
244
292
211
292
244
292
205
292
244
292
206
292
244
292
220
292
238
269
202
269
238
269
195
268
238
269
203
269
238
269
196
269
238
269
204
269
238
269
205
269
238
269
197
269
237
286
201
286
237
286
203
286
237
286
196
286
117
272
77
273
125
268
82
268
125
268
81
268
125
268
83
268
125
268
81
269
229
265
195
265
229
265
196
265
229
265
198
266
195
140
159
139
252
248
214
247
252
248
213
246
252
248
217
247
252
248
215
247
174
253
136
254
174
253
133
253
174
253
134
253
174
253
135
253
213
288
182
289
71
253
33
253
196
240
160
239
265
285
230
284
265
285
226
285
194
257
159
257
268
292
232
291
268
292
235
291
268
292
234
291
188
194
150
194
188
194
154
194
186
195
150
194
186
195
151
196
208
149
173
147
208
149
172
148
208
149
171
144
208
149
172
147
208
149
171
145
208
149
173
149
534
193
499
191
232
266
201
267
232
266
200
267
232
266
198
266
193
141
159
141
193
141
159
139
193
141
159
140
193
141
157
139
193
141
158
139
253
290
227
290
253
290
219
290
183
139
149
139
243
151
208
149
243
151
212
149
243
151
210
149
243
151
209
149
80
240
35
240
194
141
159
141
194
141
159
139
194
141
159
140
194
141
158
139
228
287
199
288
228
287
191
287
228
287
195
287
242
269
202
269
242
269
208
269
242
269
203
269
242
269
196
269
242
269
206
269
242
269
204
269
242
269
205
269
242
269
197
269
180
264
143
265
190
198
156
197
190
198
155
197
190
198
153
197
261
284
235
283
261
284
221
284
261
284
230
284
261
284
222
283
188
198
150
197
188
198
155
197
188
198
153
197
268
289
234
288
268
289
235
288
268
290
233
290
230
295
194
295
208
148
173
147
208
148
172
148
208
148
171
144
208
148
172
147
208
148
171
145
273
281
237
280
273
281
237
279
273
281
238
280
273
281
234
280
195
164
160
161
195
164
161
161
235
149
200
147
235
149
201
147
235
149
200
148
235
149
200
146
236
150
201
147
236
150
202
150
229
152
194
149
229
152
195
150
229
152
195
149
418
162
385
161
241
292
211
292
241
292
205
292
241
292
206
292
102
154
63
152
224
292
188
293
252
144
217
143
252
144
221
141
252
144
213
145
514
193
474
192
193
139
159
139
193
139
159
140
193
139
158
139
261
280
237
279
261
280
235
279
170
224
134
224
217
292
188
293
217
292
185
293
217
292
183
292
167
269
130
269
167
269
129
268
167
269
128
269
167
269
129
269
248
157
216
157
200
242
164
242
214
261
176
261
214
261
178
262
214
261
177
261
214
261
179
262
170
221
134
219
170
221
133
219
364
149
328
146
185
151
150
148
95
159
54
157
95
159
56
156
95
159
54
156
389
154
355
152
389
154
357
153
193
164
159
162
193
164
158
162
130
277
90
278
185
193
150
194
185
193
149
191
185
193
147
193
185
193
150
191
229
149
196
148
229
149
195
147
257
284
216
283
257
284
221
284
257
284
222
283
257
284
218
284
198
235
162
234
198
235
160
234
198
235
161
234
223
151
189
149
223
151
190
149
223
151
192
149
223
151
191
149
257
285
221
284
257
285
219
285
257
285
226
285
257
285
218
284
236
295
203
295
236
295
208
295
258
177
224
175
169
228
132
228
249
248
214
247
249
248
215
247
168
257
130
258
168
257
131
258
216
150
183
150
216
150
181
150
216
150
181
148
236
293
200
294
236
293
202
293
236
293
198
294
236
293
201
294
191
250
155
250
161
289
123
289
242
150
209
148
242
150
209
147
242
150
208
149
242
150
206
148
242
150
207
148
242
150
210
149
242
150
206
150
242
150
212
148
242
150
209
149
242
150
208
148
197
238
160
237
197
238
161
237
183
198
150
197
174
254
131
254
173
257
132
258
173
257
133
258
173
257
133
257
173
257
132
257
173
257
135
257
173
257
134
257
76
252
34
253
228
266
187
266
228
266
200
267
221
293
188
293
221
293
185
293
221
293
183
292
243
247
208
246
243
247
207
246
127
271
87
271
127
271
86
272
127
271
88
270
127
271
85
272
127
271
90
270
127
271
89
270
242
292
211
292
242
292
205
292
242
292
206
292
242
292
220
292
263
290
233
290
263
290
227
290
238
283
208
283
238
283
209
283
238
283
204
283
238
283
210
283
238
283
199
282
238
283
201
282
192
143
159
141
192
143
155
139
192
143
155
140
192
143
156
140
369
146
334
145
254
167
222
164
254
167
218
164
254
167
223
165
254
167
221
165
254
167
224
165
254
167
224
164
254
167
220
164
254
167
222
165
254
167
219
164
95
154
57
153
216
151
181
150
216
151
181
151
216
151
183
151
71
152
31
149
81
231
35
232
185
248
150
248
185
248
151
247
185
248
148
248
185
248
149
248
270
288
234
288
270
288
235
288
258
168
223
165
258
168
224
165
258
168
226
165
258
168
225
166
258
168
222
165
369
145
336
143
369
145
333
143
245
150
212
149
245
150
210
149
245
150
212
148
366
139
336
140
122
280
84
281
121
266
74
266
121
266
79
267
121
266
79
266
220
149
188
147
220
149
185
147
255
170
222
170
368
140
336
140
368
140
337
141
238
295
203
295
238
295
210
295
238
295
208
295
238
295
212
295
418
165
385
164
404
165
371
165
540
195
506
195
540
195
503
192
540
195
505
195
540
195
504
192
170
219
133
216
170
219
134
218
170
219
134
219
170
219
133
217
193
233
155
232
215
150
181
150
83
153
42
150
202
240
166
239
215
288
182
289
255
167
222
164
255
167
223
165
255
167
221
165
255
167
224
165
255
167
224
164
255
167
220
164
255
167
226
165
255
167
225
166
255
167
222
165
255
167
219
164
125
269
82
270
125
269
81
269
125
269
85
269
225
263
190
263
225
263
195
265
225
263
193
264
225
263
194
264
134
284
95
285
134
284
94
285
253
143
217
143
253
143
216
143
253
143
221
141
183
148
144
143
183
148
147
145
183
148
149
149
183
148
149
146
184
191
152
191
184
191
149
191
184
191
147
193
184
191
150
191
234
151
199
148
234
151
200
148
234
151
202
150
234
151
199
150
94
156
53
155
94
156
53
153
75
155
33
152
75
155
35
152
184
140
149
139
184
140
151
139
184
140
151
140
184
140
150
139
193
240
157
239
254
143
217
143
254
143
221
141
274
287
237
286
274
287
235
286
251
142
215
141
419
165
386
164
419
165
385
164
206
243
170
243
206
243
169
244
206
243
171
245
206
243
171
244
234
267
201
267
234
267
202
269
234
267
195
268
234
267
196
269
234
267
200
267
234
267
197
269
275
286
238
285
275
286
239
285
250
291
218
291
250
291
223
291
250
291
208
291
250
291
212
291
250
291
215
291
183
265
148
267
192
236
154
235
192
236
155
235
94
161
56
159
94
161
54
159
124
268
79
268
124
268
84
267
124
268
82
268
124
268
81
268
124
268
80
268
124
268
83
268
124
268
81
269
191
203
154
203
223
294
194
295
251
282
218
282
251
282
220
282
251
282
217
282
251
282
212
282
219
149
185
147
219
149
184
147
237
268
202
269
237
268
195
268
237
268
203
269
237
268
196
269
237
268
206
269
237
268
204
269
237
268
205
269
237
268
197
269
118
284
79
286
118
284
84
285
118
284
75
285
118
284
81
286
519
194
480
192
127
286
87
287
248
167
213
165
248
167
215
165
248
167
212
165
248
167
216
164
235
289
196
289
235
289
203
289
131
270
90
270
131
270
92
270
235
195
200
195
208
248
171
249
208
248
172
249
208
248
169
248
202
238
167
238
202
238
166
237
218
262
185
263
218
262
179
262
216
261
186
262
216
261
176
261
216
261
178
262
216
261
179
261
216
261
178
261
216
261
177
261
216
261
179
262
541
197
506
195
541
197
505
195
186
248
150
248
194
240
157
239
541
194
506
192
541
194
505
192
541
194
507
192
541
194
508
192
121
280
84
281
198
237
161
236
198
237
160
236
240
291
208
291
80
231
35
232
102
157
64
155
102
157
64
156
102
157
59
154
213
260
176
261
213
260
173
260
213
260
174
260
213
260
178
262
213
260
176
260
213
260
178
261
213
260
177
261
170
225
134
224
188
193
152
191
188
193
150
194
188
193
154
194
188
193
150
191
190
283
155
283
369
140
336
140
369
140
337
141
215
262
178
265
215
262
178
262
215
262
185
263
215
262
179
262
182
141
147
139
182
141
147
140
182
141
148
140
182
141
146
139
270
287
237
286
270
287
235
286
270
287
232
286
249
247
213
246
249
247
214
246
423
165
390
163
423
165
390
164
512
203
475
203
512
203
474
203
196
237
161
236
196
237
160
236
241
148
209
147
241
148
210
147
241
148
207
145
241
148
211
146
241
148
209
146
185
149
150
147
185
149
150
148
185
149
149
146
182
261
145
262
182
261
147
261
75
269
32
270
75
269
33
269
185
143
147
139
185
143
149
140
185
143
148
140
533
191
499
191
209
151
172
148
209
151
172
147
209
151
174
150
209
151
173
149
209
151
173
150
254
285
216
285
254
285
215
285
254
285
219
285
254
285
226
285
171
221
134
218
171
221
134
219
208
150
172
148
208
150
172
147
208
150
171
149
208
150
171
145
208
150
173
149
208
150
173
150
231
266
201
267
231
266
195
268
231
266
200
267
231
266
198
266
246
285
211
285
246
285
206
285
246
285
216
285
246
285
215
285
246
285
219
285
246
285
205
285
272
285
239
284
416
166
382
163
125
249
80
249
125
249
89
250
125
249
83
249
125
249
81
249
125
249
88
250
125
249
82
249
263
280
237
279
263
280
235
279
249
166
213
165
249
166
217
164
249
166
215
165
249
166
212
165
249
166
216
164
172
253
131
253
171
269
134
268
226
291
191
291
226
291
186
290
226
291
189
291
229
150
196
148
229
150
195
147
229
150
195
149
192
165
157
162
250
248
214
247
250
248
215
247
173
256
135
256
173
256
133
257
173
256
132
257
173
256
135
257
173
256
134
257
182
142
147
140
182
142
144
139
182
142
146
139
125
285
85
286
125
285
87
287
228
149
196
148
228
149
193
146
228
149
195
147
121
252
81
252
219
262
185
263
417
160
383
158
184
142
147
139
184
142
149
140
184
142
148
140
120
266
76
265
120
266
74
266
120
266
79
266
415
165
382
163
143
267
101
266
230
150
196
148
230
150
199
148
230
150
195
147
168
259
130
261
168
259
130
260
78
154
36
152
232
295
203
295
232
295
194
295
240
268
201
267
240
268
202
269
240
268
208
269
240
268
195
268
240
268
203
269
240
268
206
269
240
268
200
267
240
268
204
269
240
268
205
269
240
268
207
268
270
291
233
290
270
291
232
291
270
291
235
291
270
291
234
291
254
283
218
282
254
283
216
283
254
283
220
282
254
283
217
282
254
283
222
283
254
283
212
282
74
233
32
233
262
291
232
291
262
291
227
290
262
291
234
291
253
285
216
285
253
285
215
285
253
285
219
285
253
285
226
285
79
156
38
153
79
156
36
153
79
156
37
153
79
156
39
152
79
156
37
154
95
158
53
155
95
158
56
156
95
158
54
156
239
289
196
289
239
289
203
289
185
140
149
139
185
140
151
139
185
140
151
140
185
140
150
139
254
177
223
175
254
177
223
176
254
177
222
176
254
177
222
175
254
177
221
175
513
201
474
200
513
201
475
201
77
153
36
150
248
285
211
285
248
285
206
285
248
285
216
285
248
285
215
285
248
285
219
285
248
285
205
285
244
149
209
148
244
149
209
147
244
149
210
147
244
149
211
147
244
149
212
148
126
268
81
269
210
259
176
261
210
259
173
260
210
259
174
260
210
259
169
258
123
249
80
249
123
249
83
249
123
249
81
249
123
249
88
250
123
249
82
249
123
249
79
249
190
236
154
235
190
236
153
235
256
293
216
293
256
293
228
293
220
292
188
293
220
292
185
293
220
292
183
292
185
198
150
197
185
198
153
197
252
284
212
283
252
284
208
283
252
284
209
283
252
284
221
284
252
284
210
283
252
284
218
284
262
293
228
293
262
293
226
292
81
156
38
153
81
156
40
153
188
192
152
191
188
192
149
191
188
192
150
191
237
289
196
289
237
289
203
289
236
195
200
195
199
243
163
243
72
154
32
150
72
154
32
151
189
255
154
255
251
293
207
293
251
293
216
293
251
293
202
293
244
247
208
246
244
247
207
246
545
197
508
195
545
197
510
193
256
176
223
175
256
176
224
175
256
176
222
175
256
176
221
175
245
294
220
294
245
294
200
294
245
294
208
294
245
294
198
294
245
294
218
294
245
294
201
294
83
158
41
155
189
198
150
197
189
198
155
197
189
198
153
197
132
269
93
268
264
285
230
284
264
285
226
285
97
157
53
155
97
157
56
156
97
157
59
154
239
295
203
295
239
295
210
295
239
295
208
295
239
295
212
295
512
202
474
202
254
268
222
268
196
239
160
238
185
150
150
147
185
150
150
148
185
150
149
146
179
254
139
254
179
254
140
255
179
254
141
255
179
254
140
254
179
254
138
254
192
139
159
139
192
139
159
140
192
139
158
139
130
269
93
268
253
248
217
247
253
248
215
247
251
166
217
164
251
166
218
164
251
166
215
165
251
166
216
164
251
166
220
164
251
166
219
164
205
243
170
245
205
243
169
244
243
293
207
293
243
293
216
293
243
293
208
294
243
293
202
293
224
291
191
291
224
291
186
290
224
291
189
291
257
166
222
164
257
166
223
165
257
166
221
165
257
166
224
165
257
166
224
164
257
166
226
165
257
166
225
166
257
166
222
165
366
142
334
141
366
142
332
141
190
204
154
203
190
204
155
204
190
204
156
204
82
239
41
239
82
239
40
239
192
238
156
237
192
238
155
237
403
171
369
171
232
151
196
148
232
151
199
148
232
151
199
150
207
243
170
243
207
243
172
245
207
243
171
244
203
237
166
236
224
263
190
263
224
263
193
264
224
263
185
263
224
263
194
264
256
171
224
170
256
171
222
170
192
150
157
147
192
150
158
147
230
266
195
268
230
266
200
267
230
266
198
266
422
165
389
164
422
165
388
163
210
260
173
260
254
282
218
282
254
282
220
282
254
282
217
282
191
140
159
141
191
140
159
139
191
140
159
140
191
140
157
139
191
140
158
139
189
193
152
191
189
193
154
194
242
290
201
290
242
290
219
290
542
194
506
192
542
194
505
192
542
194
507
192
542
194
508
192
220
262
185
263
255
142
217
143
255
142
221
141
245
284
206
284
245
284
205
284
245
284
218
284
210
151
173
147
210
151
172
148
210
151
172
147
210
151
174
150
210
151
173
149
210
151
173
150
242
285
211
285
242
285
206
285
242
285
198
285
242
285
205
285
196
238
160
237
196
238
161
237
535
193
500
191
535
193
499
191
266
279
239
278
266
279
237
279
266
279
235
279
266
279
236
278
266
279
234
278
364
146
333
145
364
146
330
144
72
153
32
150
131
273
92
273
259
287
230
287
259
287
222
287
259
287
219
287
259
287
232
286
233
267
202
269
233
267
195
268
233
267
196
269
233
267
200
267
233
267
197
269
215
292
185
293
215
292
183
292
255
166
222
164
255
166
223
165
255
166
221
165
255
166
224
165
255
166
224
164
255
166
220
164
255
166
222
165
255
166
219
164
168
258
130
258
179
267
140
267
179
267
141
267
505
201
466
200
235
151
200
148
235
151
202
150
127
272
88
272
127
272
86
272
127
272
85
272
127
272
87
272
127
272
86
273
194
256
159
256
194
256
160
256
208
283
177
284
220
263
185
263
269
280
239
278
269
280
237
280
269
280
237
279
269
280
238
280
269
280
235
279
269
280
236
278
269
280
234
278
269
280
234
280
93
160
54
157
93
160
56
159
194
283
155
283
194
283
155
282
194
283
156
283
194
283
158
282
518
198
478
197
189
150
154
147
189
150
155
147
124
249
80
249
124
249
83
249
124
249
81
249
124
249
88
250
124
249
82
249
124
249
79
249
190
251
154
251
190
251
153
251
100
155
57
153
208
249
171
250
175
288
141
288
364
139
330
139
188
254
153
253
188
254
153
254
188
254
151
254
188
254
152
254
240
269
202
269
240
269
195
268
240
269
203
269
240
269
196
269
240
269
206
269
240
269
204
269
240
269
205
269
240
269
197
269
364
141
332
141
364
141
328
139
364
141
330
139
218
263
178
265
218
263
185
263
240
290
201
290
234
283
204
283
234
283
195
283
234
283
193
282
421
165
388
163
421
165
387
163
215
264
178
265
74
269
32
270
74
269
33
269
257
292
226
292
257
292
220
292
256
142
221
141
263
285
230
284
263
285
226
285
206
240
171
241
206
240
170
239
160
252
122
252
189
143
154
140
189
143
155
140
164
254
126
254
270
294
232
294
84
237
43
238
84
237
42
237
245
148
209
147
245
148
210
147
245
148
211
147
245
148
211
146
73
152
31
149
73
152
32
150
73
152
32
149
236
294
200
294
236
294
198
294
236
294
201
294
81
230
38
231
257
294
220
294
257
294
228
293
257
294
218
294
257
294
226
294
190
165
156
164
190
165
156
163
190
165
157
164
127
269
85
269
371
145
336
143
371
145
338
143
371
145
337
143
510
198
471
197
197
237
161
236
197
237
160
236
189
251
152
251
189
251
154
251
189
251
153
251
191
142
155
139
191
142
155
140
191
142
156
140
191
142
154
139
191
142
157
139
234
295
203
295
234
295
194
295
270
292
235
291
270
292
234
291
188
257
153
256
188
257
152
257
230
265
195
265
230
265
196
265
230
265
198
266
222
262
190
263
222
262
186
262
222
262
185
263
226
264
195
265
226
264
196
265
226
264
193
264
226
264
194
264
249
284
208
283
249
284
209
283
249
284
206
284
249
284
221
284
249
284
210
283
249
284
218
284
262
280
237
279
262
280
235
279
505
199
466
198
221
263
193
264
221
263
185
263
75
153
33
150
75
153
33
151
75
153
34
150
542
192
507
192
544
193
508
192
272
283
239
283
272
283
235
283
272
283
236
282
272
283
234
282
190
142
155
139
190
142
154
140
190
142
155
140
190
142
156
140
190
142
154
139
235
288
199
288
235
288
202
288
183
141
147
139
183
141
149
139
183
141
147
140
183
141
149
140
183
141
148
140
183
141
146
139
172
257
134
259
172
257
132
258
172
257
133
258
172
257
133
259
172
257
133
257
172
257
132
257
172
257
134
257
172
257
131
258
74
155
33
152
74
155
33
151
176
227
139
226
241
294
200
294
241
294
208
294
241
294
198
294
241
294
218
294
241
294
201
294
267
289
234
288
267
289
235
288
192
254
156
254
250
268
219
268
250
268
222
268
123
268
78
268
123
268
79
268
123
268
84
267
123
268
77
268
123
268
82
268
123
268
81
268
123
268
80
268
123
268
83
268
123
268
83
267
123
268
81
269
241
289
196
289
241
289
203
289
264
279
237
279
264
279
235
279
264
279
236
278
264
279
234
278
247
167
213
165
247
167
215
165
247
167
212
165
194
242
158
241
249
168
215
165
266
280
237
280
266
280
237
279
266
280
238
280
266
280
235
279
266
280
236
278
266
280
234
278
266
280
234
280
248
247
213
246
248
247
214
246
195
282
157
281
195
282
155
282
195
282
158
282
194
140
159
139
194
140
159
140
194
140
157
139
194
140
158
139
237
269
202
269
237
269
195
268
237
269
203
269
237
269
196
269
237
269
204
269
237
269
197
269
540
197
506
195
540
197
505
195
185
249
150
248
214
152
179
151
186
141
151
139
186
141
151
140
186
141
150
139
246
284
208
283
246
284
209
283
246
284
206
284
246
284
221
284
246
284
205
284
246
284
218
284
273
289
234
288
273
289
235
288
224
268
195
268
224
268
185
269
224
268
192
269
132
270
92
270
245
152
212
149
242
287
208
287
242
287
201
287
242
287
207
287
242
287
211
287
141
264
98
263
126
272
81
273
126
272
88
272
126
272
87
271
126
272
86
272
126
272
82
273
126
272
85
272
126
272
87
272
126
272
86
273
225
268
195
268
225
268
196
269
225
268
185
269
225
268
192
269
263
279
236
278
263
279
234
278
258
291
218
291
258
291
223
291
247
294
220
294
247
294
200
294
247
294
208
294
247
294
198
294
247
294
218
294
247
294
201
294
188
150
153
147
82
157
40
154
82
157
39
154
228
264
195
265
228
264
196
265
228
264
193
264
228
264
194
264
196
235
159
234
196
235
162
234
196
235
160
234
196
235
161
234
184
151
149
149
216
149
181
150
216
149
181
148
92
156
53
153
417
162
385
161
131
282
91
283
128
271
87
271
128
271
88
270
128
271
90
270
128
271
89
270
538
193
503
192
538
193
504
192
538
193
502
192
538
193
503
191
198
236
160
235
198
236
162
235
198
236
161
235
192
255
156
255
370
144
336
143
370
144
338
143
370
144
337
143
121
269
82
268
121
269
83
268
121
269
81
269
244
142
210
141
244
142
211
140
104
157
64
155
104
157
64
156
182
196
145
196
182
196
146
195
111
284
70
285
111
284
75
285
264
283
235
283
264
283
236
282
264
283
234
282
236
284
206
284
236
284
195
283
236
284
205
284
125
263
84
263
251
168
215
165
75
252
33
253
212
151
175
149
263
278
234
278
221
262
190
263
221
262
185
263
186
256
151
256
226
151
194
149
226
151
195
150
226
151
192
149
226
151
192
148
226
151
195
149
226
151
193
149
226
151
191
149
183
196
145
196
183
196
146
195
72
269
33
269
261
292
226
292
80
153
39
150
243
150
209
148
243
150
209
147
243
150
208
149
243
150
210
149
243
150
212
148
243
150
209
149
243
150
208
148
74
154
33
152
74
154
32
151
74
154
33
151
249
146
211
147
249
146
211
146
249
146
215
144
249
146
213
145
242
149
209
148
242
149
209
147
242
149
210
147
242
149
211
147
242
149
206
148
242
149
207
148
242
149
209
146
242
149
208
148
193
238
156
237
259
296
223
295
261
286
228
286
261
286
232
286
261
286
226
285
170
259
130
260
187
261
150
261
187
261
153
264
267
281
237
280
267
281
238
280
267
281
234
280
197
236
160
235
197
236
162
235
197
236
161
235
238
293
207
293
238
293
202
293
238
293
201
294
73
153
32
150
73
153
32
151
73
153
33
150
247
147
211
147
247
147
211
146
247
147
213
145
267
295
230
294
267
295
232
294
184
192
152
191
184
192
149
191
184
192
147
193
184
192
150
191
502
202
465
202
121
267
74
267
121
267
79
267
121
267
80
268
163
252
124
252
163
252
125
252
193
197
156
196
193
197
156
197
190
255
154
255
270
279
239
278
270
279
237
279
270
279
235
279
270
279
236
278
270
279
234
278
250
294
220
294
250
294
200
294
250
294
208
294
250
294
198
294
250
294
218
294
250
294
201
294
256
282
218
282
256
282
220
282
256
282
217
282
146
269
104
268
144
270
101
270
225
151
194
149
225
151
190
148
225
151
190
149
225
151
192
149
225
151
192
148
225
151
193
149
225
151
191
149
249
157
216
157
169
252
130
252
261
294
230
294
261
294
228
293
261
294
226
294
261
294
232
294
410
164
377
163
193
204
154
203
193
204
156
204
535
192
500
191
535
192
499
191
122
267
82
267
122
267
79
267
122
267
81
268
122
267
80
268
106
156
66
152
106
156
68
153
76
156
35
153
76
156
35
152
76
156
36
152
211
151
175
149
211
151
173
147
211
151
174
150
211
151
173
149
237
293
207
293
237
293
200
294
237
293
202
293
237
293
201
294
225
295
194
295
188
252
154
251
188
252
152
252
188
252
153
251
188
252
151
252
