9_9_l.jpg
9_9_r.jpg
377
305
262
308
381
387
264
392
381
386
265
391
382
385
265
391
383
400
265
404
383
399
265
403
383
399
265
404
389
392
273
396
391
386
273
391
391
386
274
391
391
387
273
391
391
387
273
392
391
387
274
391
392
387
273
391
392
387
275
391
392
387
274
391
393
389
273
392
393
389
276
393
391
391
273
395
391
391
275
395
391
391
275
394
393
390
273
393
393
390
276
393
393
390
276
394
393
390
275
394
396
284
277
289
397
285
278
289
397
285
277
289
397
285
280
289
395
386
277
391
394
389
276
393
394
386
277
391
394
386
276
390
395
387
277
391
399
283
283
288
397
287
280
291
397
286
280
291
397
286
281
290
404
284
287
289
404
284
288
289
407
288
288
292
407
288
291
293
408
287
291
292
419
304
302
308
420
304
303
308
421
469
304
470
422
469
303
468
422
469
305
470
422
469
304
470
423
467
303
468
422
467
303
468
424
469
303
468
424
469
305
470
424
469
304
470
427
345
310
349
441
448
320
448
441
448
321
447
443
339
325
343
445
338
325
343
444
351
322
355
442
447
321
447
442
449
322
448
444
448
322
449
442
448
321
448
442
448
320
448
442
448
321
447
442
448
322
447
443
459
321
458
442
458
321
458
446
351
324
355
456
317
337
321
456
317
338
321
457
317
337
321
457
317
338
321
454
323
334
326
454
325
334
328
454
325
334
327
454
325
336
329
457
324
337
327
457
324
338
327
454
324
334
326
454
324
334
327
457
326
337
328
457
326
334
327
457
326
336
329
457
326
338
329
454
326
334
328
454
326
334
329
454
326
336
329
458
317
337
321
458
317
338
321
459
317
338
321
460
318
338
321
459
323
339
326
461
324
339
326
461
324
341
327
461
324
341
328
458
325
337
328
458
325
337
327
458
325
339
329
458
325
338
327
458
325
338
329
458
325
338
328
460
326
340
328
460
326
339
329
460
326
338
327
460
326
338
329
460
326
338
328
460
326
341
329
458
326
337
328
458
326
337
327
458
326
336
329
458
326
339
329
458
326
338
329
458
326
338
328
459
326
337
328
459
326
337
327
459
326
339
329
459
326
338
327
459
326
338
329
459
326
338
328
462
323
341
327
462
322
342
325
462
325
340
328
462
325
341
327
462
325
341
328
462
325
341
329
