2_2_l.jpg
2_2_r.jpg
322
224
65
243
321
225
65
243
363
237
114
254
364
236
116
253
389
122
146
135
389
122
144
135
389
122
145
136
389
122
145
134
389
124
146
135
389
124
145
138
389
124
148
136
389
124
145
136
389
124
146
137
390
124
146
135
390
124
148
136
390
124
145
136
390
124
146
137
390
122
146
135
390
122
145
136
389
123
146
135
389
123
148
136
389
123
144
135
389
123
145
136
389
123
146
137
388
123
143
135
388
123
146
135
388
123
144
135
388
123
145
136
388
123
145
134
382
164
139
175
383
165
139
175
391
125
148
136
391
125
146
137
399
123
157
135
391
122
146
135
398
122
154
135
392
122
148
136
402
372
62
329
402
372
62
327
402
372
63
330
402
372
60
328
402
372
63
329
402
372
62
328
402
372
66
332
403
374
63
330
409
369
62
329
409
369
62
327
409
369
63
329
409
369
62
328
408
371
65
326
406
372
65
326
411
367
62
327
406
369
60
328
407
369
62
327
407
369
60
328
407
369
62
328
408
370
60
329
408
370
62
329
408
370
62
327
408
370
60
328
408
370
63
329
408
370
62
328
405
372
65
326
405
373
65
326
567
237
507
187
570
237
508
186
570
237
507
187
571
237
507
187
