paris_invalides_000662_sm_9.jpg
paris_invalides_000663.jpg
268
242
298
182
233
256
178
201
266
246
296
186
266
246
296
185
267
242
296
181
231
256
178
197
229
253
172
200
229
253
173
200
229
253
174
198
266
242
297
183
269
254
300
193
269
254
303
195
269
254
308
203
275
254
317
212
275
254
315
207
275
254
313
200
275
254
315
208
275
254
310
197
275
254
310
200
275
254
314
203
275
254
310
198
275
254
311
201
275
254
313
201
275
254
306
193
275
254
308
194
275
254
304
190
275
254
309
195
275
254
311
198
275
254
317
211
275
254
311
199
275
254
311
202
275
254
315
206
275
254
311
200
275
254
308
195
276
255
315
207
276
255
313
200
276
255
315
208
276
255
310
197
276
255
314
202
276
255
314
203
276
255
310
198
276
255
311
201
276
255
313
201
276
255
306
193
276
255
308
194
276
255
309
195
276
255
320
216
276
255
311
198
276
255
317
211
276
255
311
199
276
255
312
198
276
255
315
206
276
255
315
205
276
255
311
200
270
248
304
190
269
249
298
186
261
261
293
199
271
254
310
203
271
254
310
204
271
254
308
200
271
254
307
199
271
254
308
202
271
254
307
197
271
254
308
201
278
260
315
207
278
260
315
208
278
260
311
201
278
260
314
208
278
260
311
202
278
260
316
211
260
230
252
98
260
230
252
97
272
256
310
203
272
256
310
204
272
256
308
200
272
256
303
195
272
256
307
199
272
256
308
202
272
256
310
205
272
256
308
203
272
256
308
201
271
259
303
198
279
260
315
207
279
260
315
208
279
260
314
203
279
260
317
211
279
260
320
215
279
260
315
206
279
260
315
205
279
260
311
200
277
252
313
200
277
252
310
193
277
252
314
201
277
252
314
197
277
252
313
198
277
252
312
198
277
252
314
198
277
252
310
194
277
252
313
196
275
255
317
212
275
255
315
207
275
255
315
208
275
255
310
197
275
255
310
200
275
255
310
198
275
255
311
201
275
255
306
193
275
255
308
194
275
255
314
208
275
255
306
194
275
255
311
198
275
255
311
199
275
255
311
202
275
255
311
200
275
255
308
195
275
255
316
211
269
251
307
199
278
256
313
200
278
256
314
201
278
256
320
213
278
256
314
202
278
256
314
203
278
256
318
211
278
256
313
201
278
256
320
212
278
256
309
195
278
256
313
198
278
256
309
194
278
256
311
198
278
256
316
206
278
256
316
205
278
256
312
198
278
256
315
206
278
256
315
205
278
256
310
194
213
262
159
211
269
252
301
192
269
252
303
195
269
252
307
199
269
252
308
201
228
255
171
202
228
255
173
200
228
255
174
198
274
255
309
200
274
255
307
196
274
255
310
203
274
255
310
200
274
255
310
198
274
255
311
201
274
255
306
193
274
255
314
208
274
255
306
194
274
255
306
195
274
255
311
202
274
255
314
209
274
255
311
200
274
255
308
195
268
241
298
182
230
252
174
198
261
232
252
100
261
232
253
100
261
232
253
101
262
233
253
101
224
256
175
192
224
256
173
194
224
256
169
202
224
256
169
199
224
256
170
201
224
256
167
205
224
256
173
193
224
256
170
198
224
256
170
199
224
256
170
197
279
252
313
193
279
252
314
197
279
252
313
194
279
252
314
198
279
252
313
196
270
251
307
196
270
251
306
195
270
251
307
197
269
253
301
192
269
253
303
195
269
253
308
202
269
253
308
203
269
253
308
201
221
259
174
191
221
259
165
206
221
259
169
198
221
259
169
199
221
259
173
192
221
259
165
205
221
259
172
193
221
259
167
205
221
259
173
193
221
259
170
198
221
259
170
197
225
255
175
192
225
255
173
194
225
255
169
202
225
255
171
200
225
255
169
199
225
255
170
201
225
255
167
205
225
255
173
193
225
255
170
198
225
255
170
199
225
255
170
197
268
251
301
192
268
251
298
189
221
262
167
207
221
262
168
206
281
259
314
201
281
259
320
213
281
259
320
212
281
259
316
206
281
259
316
205
265
255
298
195
222
248
169
190
222
248
167
191
222
248
172
187
222
248
173
185
222
248
176
183
222
248
167
192
222
248
168
190
222
248
173
184
222
248
170
189
267
250
298
189
221
261
175
192
221
261
169
202
221
261
167
205
222
252
173
187
222
252
167
197
222
252
170
191
222
252
170
193
222
252
170
190
222
252
169
194
222
252
171
189
222
252
167
194
222
252
174
188
273
254
309
200
273
254
307
196
273
254
310
203
273
254
310
200
273
254
311
201
273
254
306
193
273
254
306
194
273
254
306
195
273
254
311
202
273
254
307
197
219
251
167
191
219
251
173
185
219
251
167
192
219
251
168
190
273
259
308
203
279
257
313
200
279
257
314
201
279
257
320
213
279
257
314
202
279
257
314
203
279
257
318
211
279
257
313
201
279
257
320
212
279
257
313
198
279
257
309
194
279
257
311
198
279
257
316
206
279
257
316
205
279
257
312
198
279
257
315
206
279
257
315
205
279
257
310
194
268
247
298
186
272
255
309
200
272
255
310
203
272
255
310
204
272
255
308
200
272
255
306
195
272
255
307
199
272
255
308
202
272
255
307
197
272
255
310
205
272
255
308
201
217
260
161
209
217
260
165
203
222
254
171
193
222
254
175
187
222
254
165
202
222
254
167
199
222
254
167
197
222
254
168
198
222
254
170
193
222
254
166
201
222
254
165
204
222
254
169
194
222
254
165
203
222
254
174
188
222
254
167
198
263
247
293
185
261
230
253
97
261
230
253
98
261
230
252
98
261
230
252
97
224
247
173
187
224
247
177
182
224
247
172
187
224
247
170
191
224
247
176
183
224
247
170
190
224
247
171
189
224
247
167
194
224
247
170
189
224
247
176
184
261
231
253
98
214
261
159
210
214
261
160
209
214
261
159
211
222
259
175
192
222
259
173
194
222
259
169
202
222
259
165
208
222
259
167
205
222
259
170
198
222
259
170
199
220
262
167
207
218
260
165
204
218
260
165
203
221
247
167
191
221
247
174
182
221
247
174
181
221
247
168
190
221
247
173
184
227
257
175
199
227
257
173
200
227
257
171
205
281
258
320
212
281
258
313
198
281
258
316
205
281
258
314
198
277
258
317
212
277
258
315
207
277
258
315
208
277
258
310
200
277
258
314
203
277
258
310
198
277
258
311
201
277
258
320
216
277
258
314
208
277
258
317
211
277
258
311
199
277
258
311
202
277
258
315
206
277
258
311
200
277
258
308
195
277
258
316
211
272
250
310
198
272
250
304
190
272
250
311
200
234
261
184
199
266
249
296
188
276
250
310
193
276
250
314
197
276
250
313
198
276
250
311
193
276
250
314
198
276
250
313
196
260
232
252
100
260
232
253
100
223
245
174
182
223
245
174
181
223
245
173
184
283
262
320
213
283
262
320
212
221
252
173
187
221
252
169
190
221
252
172
187
221
252
170
191
221
252
170
190
221
252
171
189
221
252
167
194
221
252
170
189
221
252
176
184
222
256
165
202
222
256
167
199
222
256
168
198
222
256
169
198
222
256
169
199
222
256
166
201
222
256
165
204
222
256
165
205
222
256
165
203
222
256
173
191
222
256
172
193
222
256
170
197
219
252
169
190
219
252
167
191
219
252
172
187
219
252
167
192
219
252
168
190
219
252
170
189
221
258
174
191
221
258
165
206
221
258
168
198
221
258
169
198
221
258
169
199
221
258
166
201
221
258
173
192
221
258
165
204
221
258
165
205
221
258
165
203
221
258
173
191
221
258
172
193
221
258
170
197
220
251
169
190
220
251
167
191
220
251
172
187
220
251
173
185
220
251
167
192
220
251
168
190
220
251
167
194
220
251
170
189
275
260
312
209
275
260
310
203
275
260
310
204
275
260
308
200
275
260
307
199
275
260
308
202
275
260
310
205
275
260
308
201
218
253
167
191
218
253
167
192
218
253
168
190
221
260
175
192
221
260
173
194
221
260
169
202
221
260
167
205
221
260
173
193
221
260
170
199
224
255
174
191
224
255
173
194
224
255
169
202
224
255
169
198
224
255
169
199
224
255
173
192
224
255
172
193
224
255
167
205
224
255
173
193
224
255
170
198
224
255
170
199
224
255
170
197
226
249
171
193
226
249
168
198
279
253
311
192
279
253
314
197
279
253
313
194
279
253
314
198
279
253
313
196
271
255
308
200
271
255
303
195
271
255
307
199
271
255
308
202
271
255
308
203
271
255
308
201
221
251
173
187
221
251
169
190
221
251
172
187
221
251
173
185
221
251
170
190
221
251
167
192
221
251
171
189
221
251
168
190
221
251
167
194
221
251
170
189
221
251
176
184
277
249
313
193
277
249
314
197
277
249
313
194
223
252
171
193
223
252
175
187
223
252
165
202
223
252
167
199
223
252
167
197
223
252
168
198
223
252
170
191
223
252
170
193
223
252
166
201
223
252
169
194
223
252
165
203
223
252
174
188
223
252
167
198
280
259
313
200
280
259
314
201
280
259
320
213
280
259
314
202
280
259
314
203
280
259
318
211
280
259
313
201
280
259
320
212
280
259
316
206
280
259
316
205
280
259
320
215
280
259
312
198
280
259
315
206
280
259
315
205
267
243
297
183
284
264
320
212
274
251
313
200
274
251
310
197
274
251
314
203
274
251
310
198
274
251
313
201
274
251
308
194
274
251
309
195
274
251
309
194
274
251
311
198
274
251
311
199
274
251
312
198
274
251
311
200
262
232
253
100
262
232
253
101
281
262
314
203
281
262
318
211
281
262
316
206
281
262
315
206
281
262
315
205
225
247
176
184
220
259
165
206
220
259
169
198
220
259
166
201
220
259
173
192
220
259
165
204
220
259
165
205
220
259
165
203
220
259
173
191
220
259
172
193
273
250
310
197
273
250
310
198
273
250
309
195
273
250
311
198
273
250
311
199
278
254
313
200
278
254
310
193
278
254
314
201
278
254
314
202
278
254
314
197
278
254
313
198
278
254
316
205
278
254
312
198
278
254
311
193
278
254
314
198
278
254
310
194
278
254
313
196
278
249
313
193
278
249
313
194
274
254
309
200
274
254
307
196
274
254
316
212
274
254
310
197
274
254
310
200
274
254
310
198
274
254
311
201
274
254
306
193
274
254
308
194
274
254
304
190
274
254
314
208
274
254
306
194
274
254
311
199
274
254
311
202
274
254
311
200
274
254
308
195
274
254
316
211
223
251
175
187
223
251
173
187
223
251
165
202
223
251
167
197
223
251
170
191
223
251
170
193
223
251
170
190
223
251
169
194
223
251
171
189
223
251
167
194
223
251
174
188
223
251
167
198
221
256
171
193
221
256
175
187
221
256
165
202
221
256
167
199
221
256
168
198
221
256
170
193
221
256
166
201
221
256
165
204
221
256
165
205
221
256
165
203
221
256
174
188
221
256
167
198
267
246
298
186
223
255
174
191
223
255
167
199
223
255
168
198
223
255
169
198
223
255
169
199
223
255
166
201
223
255
173
192
223
255
165
204
223
255
165
205
223
255
173
191
223
255
172
193
223
255
170
198
223
255
170
197
281
261
314
203
281
261
316
206
281
261
316
205
281
261
315
205
216
255
167
191
280
253
313
193
280
253
314
197
280
253
313
194
225
250
171
193
225
250
167
199
225
250
168
198
225
250
170
193
225
250
169
194
225
250
173
191
232
255
178
197
280
258
313
200
280
258
314
201
280
258
320
213
280
258
314
202
280
258
314
203
280
258
313
201
280
258
320
212
280
258
313
198
280
258
316
206
280
258
316
205
280
258
312
198
280
258
315
205
273
262
303
198
261
233
253
101
225
256
175
192
225
256
172
199
225
256
173
194
225
256
169
202
225
256
171
200
225
256
170
201
225
256
167
205
225
256
170
199
225
256
170
203
268
259
298
195
268
259
300
197
278
258
317
212
278
258
315
207
278
258
313
200
278
258
315
208
278
258
310
197
278
258
314
202
278
258
314
203
278
258
310
198
278
258
318
211
278
258
313
201
278
258
308
194
278
258
309
195
278
258
320
216
278
258
311
198
278
258
317
211
278
258
316
206
278
258
311
199
278
258
320
215
278
258
312
198
278
258
315
206
278
258
315
205
278
258
311
200
278
258
308
195
267
240
298
182
267
240
298
181
267
240
296
180
220
256
175
187
220
256
165
202
220
256
167
199
220
256
167
197
220
256
168
198
220
256
170
191
220
256
170
193
220
256
166
201
220
256
165
204
220
256
169
194
220
256
165
203
220
256
174
188
220
256
167
198
270
255
303
195
270
255
308
202
270
255
308
203
270
255
305
200
283
264
320
213
283
264
314
203
276
261
310
203
276
261
310
204
276
261
310
205
276
261
308
201
222
253
175
187
222
253
173
187
222
253
165
202
222
253
167
199
222
253
167
197
222
253
170
191
222
253
170
193
222
253
166
201
222
253
169
194
222
253
171
189
222
253
174
188
222
253
167
198
266
240
296
181
266
240
298
182
266
240
296
180
273
258
310
204
273
258
307
199
273
258
310
205
270
254
301
192
270
254
303
195
270
254
307
199
270
254
308
202
270
254
308
203
270
254
308
201
267
258
298
195
266
247
297
187
220
250
169
190
220
250
167
191
220
250
173
185
220
250
167
192
220
250
168
190
220
250
173
184
220
250
170
189
223
246
167
191
223
246
173
185
223
246
174
182
223
246
167
192
223
246
168
190
223
246
173
184
223
246
170
189
220
255
175
187
220
255
173
187
220
255
165
202
220
255
167
199
220
255
167
197
220
255
170
191
220
255
170
193
220
255
170
190
220
255
166
201
220
255
169
194
220
255
171
189
220
255
165
203
220
255
174
188
220
255
167
198
275
261
310
204
275
261
308
202
275
261
310
205
275
261
308
203
275
261
311
208
275
261
308
201
273
257
310
203
273
257
310
204
273
257
308
200
273
257
307
199
273
257
310
205
219
258
165
202
219
258
167
199
219
258
167
197
219
258
170
193
219
258
166
201
219
258
165
204
219
258
165
205
219
258
169
194
219
258
165
203
219
258
174
188
219
258
167
198
228
251
175
192
228
251
173
194
271
252
309
200
271
252
307
196
271
252
310
203
271
252
308
200
271
252
306
195
271
252
307
197
