000890.jpg
000891.jpg
224
296
217
318
224
296
215
315
224
296
213
315
224
296
216
317
224
296
219
317
522
162
527
177
522
162
528
177
250
340
244
365
348
321
346
342
348
321
348
343
348
321
347
343
348
321
347
342
216
295
217
318
130
259
118
279
547
191
553
206
177
115
169
128
332
181
329
195
336
181
333
196
336
181
334
196
375
350
375
373
375
350
376
373
108
89
96
100
108
89
96
101
108
89
95
100
538
197
544
212
53
111
37
123
53
111
38
124
428
302
434
322
115
85
104
96
415
139
416
152
415
139
421
153
415
139
417
152
415
139
416
154
415
139
418
156
415
139
419
156
415
139
416
156
415
139
421
155
415
139
420
155
415
139
416
155
415
139
417
153
415
139
417
156
415
139
417
155
530
162
535
176
530
162
536
177
530
162
535
177
182
292
178
312
182
292
174
314
182
292
176
312
182
292
176
311
182
292
171
311
223
297
217
318
223
297
220
318
223
297
216
317
223
297
219
317
223
297
219
319
223
297
218
319
261
137
253
152
145
311
131
328
482
139
487
153
482
139
486
152
452
109
456
122
375
256
377
276
60
109
46
120
60
109
45
119
73
135
57
149
263
313
259
334
263
313
256
334
263
313
259
333
263
313
257
333
259
132
252
147
259
132
252
146
54
76
39
87
54
76
40
87
360
261
358
279
143
319
129
346
143
319
129
345
228
396
222
424
228
396
221
424
416
140
421
153
416
140
416
154
416
140
418
156
416
140
419
157
416
140
419
156
416
140
416
156
416
140
422
155
416
140
421
155
416
140
420
155
416
140
416
155
416
140
417
153
416
140
417
156
416
140
417
155
331
178
329
195
218
120
211
134
218
120
212
135
360
260
359
279
360
260
358
279
430
262
434
280
430
262
433
281
299
179
295
193
293
216
288
230
293
216
290
233
293
216
290
232
293
216
291
236
139
311
126
326
403
282
404
301
525
161
530
175
525
161
530
176
187
109
178
121
454
123
459
136
53
76
39
87
53
76
38
87
55
75
39
87
453
110
456
122
192
111
183
124
91
438
78
467
52
74
36
86
52
74
37
86
521
162
526
177
521
162
527
177
341
143
338
156
64
153
51
166
64
153
52
166
346
124
341
137
346
124
343
136
346
124
344
136
455
123
459
136
199
284
189
303
255
375
249
399
144
435
133
466
155
311
144
334
90
89
75
100
90
89
77
100
77
161
63
175
275
302
270
322
275
302
270
323
573
276
580
295
235
394
225
422
144
295
133
316
144
295
131
317
415
282
416
302
230
394
225
422
149
92
139
105
149
92
138
104
182
424
172
454
413
272
414
291
413
272
414
292
311
118
307
130
311
118
307
131
311
118
306
130
494
268
501
287
269
234
265
252
269
234
263
251
126
74
114
86
335
181
333
196
335
181
334
196
139
99
129
112
255
133
252
146
255
133
250
146
563
164
570
179
426
275
429
294
549
187
555
202
308
117
304
129
308
117
305
129
501
278
505
297
501
278
507
297
501
278
502
298
589
289
598
309
266
310
261
331
144
434
133
466
144
434
131
465
144
434
132
465
144
434
130
465
327
155
325
172
327
155
326
170
327
155
324
171
219
127
211
140
219
127
211
141
288
214
284
232
288
214
285
231
288
214
284
230
288
214
285
232
574
279
580
298
183
289
177
308
156
330
145
354
156
330
145
353
520
276
529
296
520
276
524
295
520
276
527
295
110
90
101
101
290
317
281
336
303
183
299
198
377
350
374
375
377
350
376
374
377
350
377
373
377
350
376
373
377
350
378
373
583
177
590
192
290
176
289
194
270
238
264
255
270
238
265
255
153
436
138
466
115
288
104
309
115
288
103
310
339
142
335
157
339
142
337
155
339
142
336
156
249
345
243
371
249
345
243
369
131
367
119
394
131
367
119
395
165
284
154
305
426
100
425
112
225
298
217
318
225
298
220
318
225
298
216
317
225
298
219
319
225
298
221
318
225
298
218
319
225
298
220
319
545
191
553
206
581
275
590
295
255
132
250
145
255
132
250
146
520
279
527
299
520
279
529
299
270
313
265
334
410
275
412
295
540
196
545
211
143
259
129
280
112
80
100
91
226
297
217
318
226
297
220
318
226
297
221
317
226
297
213
315
226
297
216
317
226
297
219
317
259
133
255
146
259
133
252
147
259
133
252
148
259
133
250
148
575
178
588
193
244
407
237
434
221
347
213
370
250
341
244
365
252
374
247
399
557
170
563
185
143
299
129
320
228
126
221
140
228
126
219
140
228
126
224
139
228
126
220
140
228
126
220
139
237
126
231
139
237
126
230
139
237
126
228
139
185
111
175
124
301
180
298
195
301
180
298
196
301
180
297
197
301
180
299
195
554
269
561
290
554
269
566
289
554
269
562
290
554
269
559
290
554
269
562
288
510
283
515
302
198
288
187
306
416
141
418
156
416
141
419
157
416
141
419
156
416
141
416
156
416
141
422
155
416
141
421
155
416
141
420
155
416
141
417
156
416
141
417
155
559
271
566
291
559
271
568
290
278
173
274
188
230
124
223
137
260
131
252
146
260
131
255
144
117
296
104
318
578
178
588
193
56
126
41
140
276
305
272
325
485
149
488
162
182
116
173
129
288
217
284
232
288
217
285
232
105
326
91
349
60
107
45
119
73
128
58
142
261
310
256
330
261
310
255
330
216
296
218
319
343
144
339
158
325
203
321
217
325
203
323
216
325
203
319
217
78
161
63
175
78
161
63
176
78
161
64
175
242
404
234
431
242
404
235
431
454
118
457
130
454
118
458
131
292
319
285
339
292
319
286
339
156
310
144
329
143
434
130
465
145
435
133
466
145
435
130
465
255
337
249
361
255
337
247
361
255
337
249
360
295
177
293
190
298
226
295
243
298
226
297
245
342
146
339
159
342
146
339
160
582
181
590
196
582
181
590
197
582
181
591
196
576
280
584
300
576
280
585
300
301
182
298
195
301
182
298
196
301
182
297
197
301
182
299
198
301
182
299
195
428
301
431
321
428
301
434
321
79
91
65
104
377
351
377
374
377
351
376
374
377
351
377
373
377
351
378
373
527
163
533
177
296
220
293
238
296
220
292
237
376
350
375
373
376
350
377
373
376
350
376
373
499
281
503
300
499
281
504
300
229
296
221
317
180
115
173
129
123
66
114
77
522
277
529
296
522
277
528
297
169
290
163
310
169
290
160
310
490
139
494
152
289
204
286
221
233
395
224
423
234
392
225
421
234
392
223
420
163
125
155
139
166
124
157
137
214
118
211
134
576
279
583
298
576
279
585
299
148
311
136
327
560
270
566
291
560
270
568
290
560
270
566
289
560
270
568
289
582
182
590
196
582
182
590
198
582
182
590
197
582
182
591
196
328
159
325
175
318
361
316
386
129
434
115
465
129
434
116
465
141
322
127
347
141
322
127
346
141
322
128
350
141
322
126
343
141
322
129
350
141
322
126
345
141
322
128
351
141
322
127
348
255
158
248
172
260
315
247
335
260
315
259
337
260
315
251
336
260
315
258
335
290
218
287
235
290
218
286
234
290
218
286
235
176
126
165
136
283
175
279
189
75
129
59
143
75
129
60
144
412
275
413
295
494
277
497
297
290
320
285
341
175
291
163
310
175
291
160
310
580
178
588
193
580
178
590
192
177
393
169
420
289
218
286
234
289
218
286
235
378
263
378
284
378
263
377
281
362
259
361
279
362
259
362
278
362
259
362
279
362
259
363
279
294
216
290
233
294
216
290
232
294
216
291
236
287
215
284
232
287
215
285
231
287
215
284
230
427
100
430
114
260
138
253
152
508
136
513
150
259
131
252
146
259
131
250
146
259
131
255
144
143
100
133
113
143
100
129
112
143
100
134
113
61
167
46
180
61
167
46
181
157
334
145
357
157
334
145
354
213
125
211
141
213
125
205
139
183
112
171
123
183
112
174
125
183
112
171
124
183
112
172
125
183
112
172
123
183
112
176
127
183
112
175
126
183
112
171
122
183
112
175
124
183
112
172
124
484
152
487
165
484
152
488
165
484
152
486
165
144
325
130
350
225
125
221
140
225
125
224
139
225
125
220
140
225
125
220
139
222
124
215
138
222
124
213
138
261
309
256
330
261
309
258
330
176
393
165
420
176
393
169
420
78
143
63
156
78
143
65
155
454
110
456
122
76
158
60
173
502
290
507
309
411
274
413
294
52
75
37
86
53
113
38
124
311
117
305
130
311
117
307
130
311
117
306
130
453
109
456
122
130
94
121
107
572
174
578
191
413
271
414
291
265
316
259
337
479
139
483
152
194
288
186
306
194
288
187
306
500
278
505
297
500
278
507
297
500
278
502
298
221
124
215
139
221
124
215
138
221
124
213
138
76
131
60
144
76
131
60
145
76
131
59
146
294
226
292
245
289
178
286
195
289
178
287
195
289
178
287
196
289
178
288
195
303
190
300
206
303
190
299
205
136
360
125
387
410
273
412
294
577
276
584
295
577
276
583
295
341
142
336
157
219
124
215
139
219
124
213
139
219
124
213
138
74
132
59
146
303
182
298
195
303
182
302
197
303
182
298
196
303
182
299
198
303
182
299
195
156
314
144
334
194
290
184
308
194
290
188
310
260
172
252
184
218
296
219
319
218
296
218
319
534
190
541
204
534
190
542
206
534
190
541
205
330
250
325
269
435
264
438
284
277
305
273
325
157
328
145
354
157
328
145
353
157
328
145
351
483
152
487
165
483
152
488
165
483
152
486
165
222
347
214
371
222
347
213
370
313
276
310
296
313
276
310
295
141
328
127
353
141
328
128
350
141
328
128
354
141
328
128
351
308
116
303
129
308
116
304
129
259
165
253
179
269
233
263
251
55
130
41
143
55
130
40
143
55
130
40
142
127
436
114
466
197
290
184
308
197
290
188
310
296
223
293
238
296
223
292
240
296
223
292
239
296
223
293
240
296
223
293
242
296
223
292
237
328
246
325
264
403
281
404
301
520
275
527
295
520
275
529
295
89
88
75
100
522
163
526
177
522
163
527
177
338
228
334
243
128
436
114
466
128
436
115
465
114
84
103
95
412
272
414
291
412
272
414
292
412
272
413
292
152
310
139
330
141
327
127
353
141
327
128
350
141
327
128
351
141
327
127
348
53
127
39
139
143
433
130
464
497
279
502
298
179
116
169
128
179
116
170
129
212
125
205
139
589
280
598
301
409
274
412
295
409
274
412
294
409
274
411
294
104
66
93
77
363
260
361
279
363
260
364
279
363
260
362
278
363
260
362
279
363
260
363
279
363
260
364
280
535
190
541
204
535
190
542
206
535
190
541
205
310
116
305
129
362
260
361
279
362
260
362
279
195
286
186
306
195
286
187
306
150
98
141
111
150
98
144
113
150
98
140
111
150
98
140
110
92
439
78
468
92
439
78
467
277
137
273
151
128
85
116
97
570
278
579
297
570
278
580
297
570
278
580
298
218
349
210
373
408
275
410
295
187
116
177
128
187
116
178
129
102
331
88
352
509
137
514
151
509
137
513
150
260
312
253
332
260
312
256
334
260
312
254
332
260
312
257
333
241
404
234
431
241
404
235
431
430
263
433
281
430
263
433
282
136
74
125
86
136
74
123
86
412
273
414
293
412
273
413
292
142
327
128
350
142
327
129
350
142
327
128
354
142
327
128
351
571
270
579
290
453
145
453
156
505
291
510
311
379
262
378
281
379
262
379
281
132
74
119
86
132
74
125
87
155
101
147
115
155
101
145
113
100
329
86
351
339
143
335
158
339
143
335
157
339
143
336
157
289
214
285
231
289
214
285
232
341
374
339
399
64
80
49
91
156
331
145
357
156
331
145
354
156
331
145
353
91
439
79
468
91
439
78
468
91
439
78
467
252
347
246
371
252
347
246
370
252
347
248
373
252
347
247
370
252
347
248
372
260
165
253
179
260
165
254
180
328
199
323
216
328
199
325
215
140
332
128
355
140
332
128
354
140
332
128
356
195
285
187
306
150
436
134
466
238
126
231
139
238
126
230
139
524
162
529
176
139
96
129
109
521
278
528
298
521
278
529
298
524
164
530
178
313
274
310
296
313
274
310
295
60
110
46
120
579
177
588
192
579
177
588
193
579
177
590
192
168
374
160
399
168
374
161
399
453
144
453
156
583
175
590
191
583
175
591
191
78
130
62
143
78
130
62
144
78
130
60
144
78
130
60
145
78
130
61
143
130
131
120
147
520
277
524
296
520
277
525
296
520
277
528
297
582
176
588
192
582
176
590
191
582
176
590
192
582
176
591
191
594
198
605
211
180
360
168
386
557
171
563
185
328
158
327
171
328
158
325
175
328
158
325
173
509
138
514
151
327
156
325
172
327
156
326
170
327
156
322
175
327
156
324
171
327
156
325
173
219
296
217
318
219
296
220
318
219
296
218
319
485
148
489
161
52
110
37
123
129
350
113
375
136
371
124
397
136
371
123
397
125
85
116
97
78
160
63
175
88
91
75
100
88
91
77
101
88
91
77
100
148
96
140
110
260
310
254
331
260
310
255
330
219
289
216
310
538
196
545
211
538
196
544
212
174
394
165
421
174
394
165
420
61
166
46
180
139
324
127
348
103
329
89
352
258
134
255
146
258
134
252
147
258
134
252
148
258
134
250
148
594
197
605
211
164
120
155
133
296
225
295
243
296
225
292
240
296
225
294
244
296
225
293
240
296
225
293
242
327
250
324
269
186
115
176
127
186
115
177
128
186
115
178
129
378
262
378
281
378
262
379
281
378
262
377
281
131
386
117
412
131
386
118
410
131
386
119
412
173
134
164
147
588
283
598
304
588
283
598
303
377
261
377
280
377
261
378
281
377
261
379
281
377
261
377
281
106
334
91
356
221
125
215
139
221
125
213
139
221
125
213
138
193
290
184
308
193
290
188
310
552
171
558
185
452
105
455
117
358
252
358
272
358
252
358
271
358
252
356
271
216
123
213
138
54
66
39
78
341
146
339
159
169
122
160
135
165
121
155
133
598
159
606
174
185
115
176
127
185
115
173
127
185
115
177
128
185
115
178
129
62
113
47
125
436
259
439
278
436
259
438
279
567
190
574
206
340
141
337
155
340
141
336
156
345
125
341
137
345
125
343
136
319
361
316
386
181
292
178
312
181
292
176
312
181
292
176
311
181
292
171
311
139
330
127
353
243
140
237
154
160
329
149
350
130
414
117
444
164
119
155
132
81
96
66
109
293
222
289
239
293
222
289
238
193
113
184
126
191
111
184
126
191
111
183
124
521
279
529
299
220
294
215
315
220
294
213
315
220
294
219
317
409
273
411
293
409
273
412
294
225
341
212
366
246
142
240
156
174
123
165
136
174
123
166
136
317
382
318
406
317
382
317
407
380
259
378
279
380
259
380
278
380
259
380
277
576
177
588
192
576
177
588
193
218
295
217
318
218
295
213
315
260
134
255
147
373
269
373
289
373
269
373
288
234
394
225
422
510
137
513
150
143
292
128
311
143
292
133
315
143
292
130
313
243
347
241
363
256
133
252
146
256
133
250
146
256
133
249
148
502
273
507
292
503
274
508
293
234
395
224
423
173
133
164
145
173
133
164
147
128
435
114
466
128
435
115
465
128
435
116
465
551
166
558
180
551
166
559
180
588
284
598
304
167
123
158
136
129
435
115
465
129
435
116
465
478
139
483
153
376
272
376
292
258
135
250
150
258
135
255
147
258
135
252
148
579
178
588
193
177
290
163
310
430
264
433
282
340
148
339
160
582
177
588
192
582
177
588
193
582
177
590
192
582
177
591
191
73
127
58
142
90
97
78
108
181
291
176
312
181
291
176
311
181
291
171
311
74
127
58
142
550
269
561
290
550
269
559
290
47
155
31
169
111
90
101
101
109
420
96
448
109
420
94
448
109
420
95
448
148
91
138
104
134
370
121
397
134
370
121
396
114
89
101
101
90
96
78
108
141
385
127
412
162
100
155
114
129
75
119
87
296
227
294
244
364
356
363
380
364
356
364
380
364
356
363
381
364
356
362
381
236
344
224
369
236
344
225
369
289
213
285
231
167
125
157
137
167
125
158
138
191
110
183
123
191
110
183
124
524
161
529
176
524
161
530
176
165
126
155
139
252
375
247
399
63
109
48
120
525
164
531
178
525
164
530
178
256
132
250
145
256
132
250
146
235
123
229
137
254
137
250
150
156
306
143
327
139
328
127
353
248
345
242
369
248
345
243
369
248
345
243
368
313
277
310
296
435
260
439
278
435
260
439
280
435
260
438
279
142
328
129
350
142
328
128
354
142
328
128
351
237
125
231
139
237
125
230
139
411
275
413
295
343
373
339
399
80
91
65
104
189
121
180
135
158
305
146
327
523
277
529
296
242
125
235
139
455
118
457
130
236
139
229
152
304
186
314
214
304
186
299
202
61
112
46
123
61
112
46
124
259
346
254
372
580
175
588
192
580
175
590
191
580
175
590
192
580
175
586
191
580
175
591
191
224
299
219
319
224
299
218
319
224
299
220
319
141
299
129
320
141
299
126
319
134
365
122
391
134
365
120
391
134
365
121
391
134
365
122
390
136
380
123
407
136
380
123
408
180
116
173
129
180
116
169
128
180
116
170
129
492
146
493
158
221
123
215
138
229
297
220
318
229
297
221
317
229
297
221
318
173
290
163
310
173
290
160
310
134
94
123
107
429
295
432
315
429
295
431
315
489
149
493
162
144
294
133
316
144
294
130
314
144
294
133
315
144
294
130
313
332
195
329
210
250
347
245
372
250
347
246
371
250
347
246
370
250
347
247
370
250
347
245
373
128
350
113
375
242
403
234
431
242
403
235
431
140
327
127
353
140
327
128
350
140
327
128
351
570
271
575
290
570
271
579
290
570
271
574
290
349
321
348
343
349
321
347
343
349
321
347
342
413
274
414
293
223
125
221
140
223
125
215
139
223
125
219
140
223
125
220
140
223
125
213
138
356
246
354
265
238
125
231
139
238
125
230
139
135
96
125
110
135
96
123
109
293
213
288
230
293
213
290
232
289
219
286
235
231
393
225
421
231
393
225
422
231
393
222
421
160
123
151
136
160
123
150
136
218
123
213
138
249
344
243
369
249
344
243
368
290
219
287
235
290
219
286
234
290
219
286
235
488
150
493
163
488
282
494
302
140
323
127
347
140
323
127
346
140
323
128
350
140
323
126
345
140
323
128
351
140
323
127
348
141
323
127
347
141
323
127
346
141
323
128
350
141
323
129
350
141
323
126
345
141
323
128
351
141
323
127
348
573
278
583
298
573
278
579
297
573
278
580
297
573
278
580
298
155
310
142
329
258
165
253
179
165
101
156
114
161
436
148
467
264
316
259
337
340
129
337
141
340
129
338
141
340
129
337
142
353
366
353
388
440
108
442
120
73
129
58
142
378
350
377
374
378
350
376
374
378
350
377
373
378
350
378
373
435
261
439
278
435
261
439
280
435
261
438
279
128
257
117
276
490
151
492
164
312
175
309
190
312
175
310
190
177
394
169
422
177
394
169
420
371
351
372
374
371
351
371
375
371
351
371
374
77
160
62
174
77
160
61
175
104
331
89
352
218
119
211
134
217
125
214
140
217
125
211
140
328
251
324
269
328
251
325
269
143
110
133
122
359
254
360
274
523
276
529
295
250
346
245
369
250
346
244
371
297
225
295
243
297
225
293
240
531
162
535
176
531
162
536
177
531
162
536
176
181
131
170
142
186
116
178
129
130
358
115
384
289
216
287
235
289
216
286
234
289
216
286
235
289
216
285
231
289
216
285
232
484
151
486
163
145
295
133
316
145
295
133
315
177
395
169
422
255
336
249
360
231
395
224
423
376
351
377
374
376
351
374
375
376
351
376
374
376
351
377
373
376
351
376
373
376
351
378
373
562
163
569
177
103
65
93
77
378
250
377
270
91
99
78
110
137
377
122
405
140
108
130
120
494
273
500
292
262
312
259
333
262
312
257
333
262
313
259
335
262
313
259
334
262
313
256
334
262
313
259
333
262
313
257
333
497
283
504
302
497
283
502
303
89
100
78
110
251
375
247
399
59
426
42
455
279
138
273
151
279
138
274
152
588
282
598
303
588
282
598
302
483
140
487
153
483
140
486
152
249
341
244
365
135
369
123
395
135
369
123
394
135
369
121
396
308
113
304
125
243
404
235
431
130
415
117
444
244
406
237
434
229
127
221
140
229
127
220
140
137
371
124
397
137
371
124
398
342
124
338
136
107
67
94
78
454
117
458
130
364
355
363
380
364
355
363
378
364
355
362
381
364
355
371
374
142
386
127
412
257
136
250
150
257
135
250
150
257
135
255
147
257
135
252
148
385
256
384
275
453
111
456
123
453
111
456
122
90
92
77
101
260
136
254
150
261
134
255
147
54
87
40
97
145
103
135
115
219
126
211
140
177
116
169
128
177
116
170
129
577
176
588
192
577
176
590
192
577
176
586
191
168
116
159
129
168
116
158
129
222
126
214
140
222
126
213
139
254
337
249
361
254
337
247
361
254
337
249
360
483
146
488
160
184
115
173
127
184
115
177
128
184
115
178
129
254
132
250
145
323
204
321
217
323
204
319
217
62
101
46
114
549
165
555
179
139
300
125
320
300
185
298
200
300
185
299
202
492
147
493
159
298
227
297
245
229
126
221
140
229
126
219
140
229
126
224
139
229
126
220
140
260
314
250
334
260
314
247
335
260
314
256
334
260
314
258
335
298
308
294
328
234
341
219
373
234
341
220
371
264
314
259
335
264
314
259
334
264
314
258
335
75
159
60
173
75
159
60
174
179
395
169
422
328
250
324
269
328
250
325
269
258
133
255
146
258
133
252
147
258
133
252
146
258
133
250
148
140
333
128
355
140
333
128
356
134
371
121
397
134
371
121
396
104
99
89
110
326
200
321
217
326
200
323
216
326
200
325
215
76
428
59
458
106
66
93
77
310
118
305
130
310
118
307
130
310
118
306
130
256
131
250
145
109
298
95
318
377
263
378
284
377
263
377
281
232
395
224
423
308
112
304
125
355
245
353
264
293
221
289
239
293
221
289
238
185
112
175
124
261
133
255
146
261
133
255
147
261
133
252
148
299
221
298
239
299
221
298
240
299
221
294
234
299
221
295
237
104
67
94
78
104
67
93
78
363
259
364
279
363
259
363
278
363
259
362
278
363
259
362
279
363
259
363
279
139
329
127
353
452
155
454
169
574
278
583
298
574
278
579
297
574
278
582
297
574
278
580
297
574
278
580
298
178
119
168
132
578
177
588
192
578
177
588
193
578
177
590
192
359
253
358
272
359
253
356
271
109
300
95
320
109
300
95
319
156
73
145
84
234
340
219
373
294
227
292
245
587
283
598
304
489
144
493
158
522
276
529
296
522
276
527
295
522
276
529
295
339
137
336
150
339
137
334
152
144
100
134
113
508
138
514
151
180
117
169
128
180
117
170
129
108
88
96
100
108
88
95
100
252
158
248
172
195
290
184
308
195
290
188
310
578
276
584
295
578
276
583
295
246
150
241
164
246
150
241
165
246
150
240
164
219
297
220
318
219
297
219
319
219
297
218
319
219
297
220
319
275
301
270
322
105
66
93
77
583
275
593
295
583
275
592
295
583
275
594
295
583
275
590
295
425
275
429
294
425
275
427
294
522
279
529
298
522
279
529
299
146
435
133
466
146
435
131
465
146
435
134
466
153
100
141
111
153
100
144
113
153
100
145
113
74
135
57
149
74
135
59
149
74
135
59
148
74
135
59
146
127
435
114
466
127
435
115
465
290
205
286
221
54
130
40
143
54
130
40
142
125
350
110
374
260
137
253
152
260
137
254
150
138
299
126
320
138
299
125
320
138
299
126
319
484
148
489
161
260
337
249
360
434
266
437
285
434
266
436
285
165
102
156
114
165
102
155
114
374
271
374
291
60
426
42
455
60
426
43
456
61
113
46
123
61
113
46
124
204
276
195
296
204
276
198
294
204
276
196
295
204
276
199
295
149
97
141
111
149
97
140
110
415
265
416
284
541
196
545
211
140
301
125
320
288
213
285
231
288
213
284
230
288
213
285
232
105
84
95
96
587
281
598
302
130
364
117
390
485
151
488
163
485
151
486
163
138
311
127
323
231
394
225
422
148
74
139
86
220
295
217
318
220
295
215
315
220
295
213
315
220
295
216
317
220
295
219
317
