Test1500.jpg
Test1501.jpg
65
207
102
204
74
203
109
203
74
203
111
203
74
203
110
203
76
202
112
200
72
204
109
203
72
204
108
203
72
204
106
204
72
204
107
204
72
204
108
204
72
204
110
203
73
204
109
203
73
204
111
203
73
204
108
203
73
204
110
203
76
222
113
217
76
222
114
217
77
221
113
217
77
221
114
217
77
222
113
217
77
222
114
218
77
222
114
217
76
221
113
217
78
221
113
217
78
221
114
217
89
215
125
213
81
210
118
207
88
213
124
209
81
208
118
207
81
208
117
205
81
208
118
205
80
207
116
204
80
207
117
205
91
214
128
210
81
209
118
207
82
206
119
204
82
206
119
205
79
206
115
203
79
206
116
203
79
206
116
204
90
207
126
204
80
206
116
203
80
206
116
204
80
206
117
205
85
207
121
203
85
207
121
204
82
207
119
206
82
207
118
205
82
207
119
205
80
208
117
205
81
206
117
203
81
206
118
205
83
207
119
204
83
207
120
204
83
207
119
205
121
188
154
187
130
190
165
187
121
189
154
188
121
190
156
188
130
187
165
184
128
190
162
188
128
190
162
186
136
190
172
189
198
28
234
28
207
35
242
35
207
35
243
35
208
35
243
35
202
100
235
100
204
100
237
99
206
121
238
121
200
301
234
295
220
100
252
101
221
100
252
101
220
111
252
111
220
111
253
111
218
308
249
303
215
321
247
315
215
322
247
316
244
99
276
98
243
99
276
97
243
99
275
98
243
99
276
98
245
117
277
116
245
116
277
115
245
116
277
116
247
139
279
139
236
152
269
153
236
152
270
153
236
152
269
154
247
140
279
139
243
152
276
151
243
152
275
153
244
152
276
151
244
152
277
152
244
152
277
151
247
165
279
164
247
167
279
165
246
166
278
164
237
292
268
288
245
294
277
289
241
289
272
285
260
281
293
278
260
281
288
278
260
281
291
278
256
281
288
278
260
295
291
290
260
295
291
291
260
295
290
292
260
295
292
292
258
293
288
291
258
293
290
290
250
289
281
286
260
294
291
290
260
294
291
291
260
294
290
290
252
292
282
288
255
294
286
290
255
294
286
291
257
294
286
291
257
294
288
291
257
294
290
290
260
285
291
282
260
285
292
282
248
291
281
286
264
124
296
124
265
126
296
124
273
137
304
136
273
138
304
137
273
138
304
136
273
142
304
139
273
140
304
138
273
140
304
137
273
140
304
139
273
141
304
139
268
158
299
158
268
158
299
156
268
158
298
155
268
158
297
156
268
162
299
158
268
156
299
154
268
156
299
156
268
156
298
155
268
156
297
154
269
165
301
165
260
156
290
155
260
156
292
156
264
158
296
155
264
158
294
156
264
158
295
156
264
158
297
156
261
165
292
163
261
165
293
163
261
165
290
163
261
165
291
164
261
165
293
162
268
160
299
158
270
160
299
158
270
165
301
165
270
165
303
165
268
164
298
163
260
157
292
156
267
165
298
165
267
165
298
163
266
157
299
158
266
157
299
156
266
157
296
155
266
157
298
155
266
157
297
154
266
157
295
156
266
157
297
156
262
154
294
153
262
154
295
154
261
158
292
156
261
158
294
156
262
156
294
153
262
156
295
154
262
156
292
156
262
156
294
156
262
156
295
156
265
158
296
155
265
158
294
156
265
158
295
156
265
158
297
156
263
156
294
153
263
156
296
155
263
156
295
154
263
156
294
156
263
156
295
156
270
159
299
158
270
159
299
156
273
165
303
165
269
160
299
158
264
153
296
152
264
153
295
154
261
164
292
163
261
164
294
162
261
164
293
163
261
164
290
163
261
164
292
160
261
164
290
161
261
164
293
162
269
157
299
154
269
157
299
156
269
157
298
155
266
154
297
151
266
154
296
152
266
154
298
152
266
154
299
154
266
154
298
155
266
154
297
154
260
162
290
160
260
162
293
160
260
162
292
159
260
162
292
160
260
162
290
161
261
162
290
160
261
162
293
160
261
162
292
159
261
162
292
160
261
162
290
161
261
162
293
162
263
157
296
155
263
157
295
154
263
157
292
156
263
157
294
156
263
157
295
156
270
282
303
279
270
282
304
279
270
282
309
278
270
282
310
278
272
282
303
279
272
282
304
279
272
282
309
278
272
282
310
278
272
281
309
278
272
281
310
278
263
282
293
278
263
282
295
279
265
282
295
279
273
282
303
279
273
282
304
279
273
282
309
278
273
282
310
278
272
284
304
281
272
284
310
280
272
284
300
280
272
284
301
280
272
284
311
280
272
284
305
281
269
285
300
282
269
285
304
281
269
285
305
281
272
283
303
279
272
283
310
280
272
283
304
279
272
283
301
280
272
283
311
280
265
287
297
283
265
287
293
284
265
287
298
284
265
287
300
282
273
284
304
281
273
284
310
280
273
284
301
280
273
284
311
280
273
284
305
281
261
285
291
282
261
285
292
282
263
295
292
292
263
295
293
292
263
295
295
292
265
295
295
292
269
283
303
279
269
283
304
279
269
283
300
280
269
283
301
280
262
287
293
284
270
283
303
279
270
283
304
279
270
283
300
280
270
283
301
280
261
293
291
290
261
293
290
290
262
293
291
290
262
293
290
290
263
293
291
290
261
295
291
291
261
295
290
292
261
295
292
292
261
295
293
292
268
283
303
279
268
283
304
279
268
283
300
280
268
283
301
280
266
286
297
283
266
286
300
282
286
130
317
128
286
130
317
129
275
129
306
128
274
133
305
131
274
133
305
132
274
134
305
132
274
134
305
133
276
127
307
126
285
128
316
126
286
131
317
129
275
130
306
129
275
130
306
128
280
282
309
278
280
282
310
278
279
281
309
278
279
281
310
278
279
282
309
278
279
282
310
278
279
285
304
281
279
285
308
282
279
285
305
281
279
285
313
283
274
288
311
283
274
288
305
285
281
286
308
282
281
286
311
283
281
286
317
283
281
286
317
284
281
286
319
283
281
286
313
283
279
288
305
285
278
285
304
281
278
285
308
282
278
285
305
281
286
287
311
283
286
287
317
283
286
287
317
284
286
287
318
285
286
287
320
284
286
287
319
283
286
287
313
283
274
284
304
281
274
284
310
280
274
284
301
280
274
284
311
280
274
284
305
281
276
285
304
281
276
285
308
282
276
285
305
281
280
286
308
282
280
286
311
283
280
286
317
283
280
286
317
284
280
286
313
283
279
314
310
311
279
314
311
311
282
313
313
310
282
313
313
309
282
313
314
310
282
314
310
311
282
314
311
311
282
314
313
311
282
314
313
310
282
314
314
310
273
320
303
317
278
313
307
310
280
314
310
311
280
314
311
311
280
314
313
310
280
315
311
311
280
315
313
311
287
132
318
131
288
139
319
138
288
138
319
138
287
134
318
131
287
134
318
133
288
146
319
144
288
146
320
144
289
145
319
144
289
145
320
143
289
145
320
144
288
140
319
138
293
147
325
145
291
147
323
145
291
147
322
145
292
147
323
145
289
146
320
144
294
147
325
145
291
235
321
233
291
235
322
232
291
235
320
233
292
234
322
232
290
235
320
233
288
236
318
234
296
248
327
245
293
252
324
249
289
288
317
284
289
288
318
285
289
288
320
284
289
288
323
285
289
288
325
285
296
290
324
286
296
290
325
286
296
290
328
287
296
290
326
286
295
289
324
286
295
289
323
285
295
289
325
285
295
289
325
286
295
289
328
287
295
289
326
286
289
290
318
285
289
290
324
286
297
290
324
286
297
290
325
286
297
290
328
287
297
290
326
286
295
293
324
290
295
293
327
291
298
293
324
290
298
293
327
291
296
289
324
286
296
289
323
285
296
289
325
285
296
289
325
286
296
289
328
287
296
289
326
286
292
290
324
286
292
290
325
286
292
290
328
287
292
290
326
286
294
288
324
286
294
288
320
284
294
288
323
285
294
288
325
285
294
288
325
286
294
288
326
286
294
287
320
284
294
287
319
283
294
287
323
285
294
287
325
285
298
290
324
286
298
290
325
286
298
290
328
287
298
290
326
286
298
290
331
288
295
288
324
286
295
288
323
285
295
288
325
285
295
288
325
286
295
288
326
286
293
287
320
284
293
287
319
283
293
287
323
285
293
287
325
285
305
305
339
303
311
306
340
303
311
306
342
304
311
306
340
304
311
306
343
304
306
305
340
303
306
305
339
303
312
307
345
305
312
307
342
304
312
307
346
305
312
307
343
304
309
310
342
307
311
311
342
307
311
311
342
309
307
318
338
315
306
320
337
317
309
320
340
317
309
320
340
318
301
310
332
308
311
310
342
307
304
321
335
319
308
321
340
318
308
321
339
319
307
323
338
321
307
323
339
321
304
322
335
319
309
323
339
319
309
323
339
320
305
324
335
321
305
324
336
321
308
322
339
319
308
322
339
320
309
324
339
320
309
324
339
321
317
307
345
305
317
307
349
306
317
307
346
305
317
307
347
305
323
308
350
306
323
308
354
306
313
307
345
305
313
307
342
304
313
307
346
305
313
307
343
304
314
307
345
305
314
307
346
305
314
307
347
305
314
307
343
304
317
308
345
305
317
308
349
306
317
308
346
305
317
308
347
305
317
308
350
306
318
308
345
305
318
308
349
306
318
308
346
305
318
308
347
305
318
308
350
306
319
308
349
306
319
308
346
305
319
308
347
305
319
308
350
306
323
337
353
336
330
188
360
187
330
188
361
186
336
228
364
226
335
227
364
226
335
227
364
224
333
228
363
226
333
228
362
225
333
228
362
226
333
228
362
227
328
220
357
218
328
220
357
219
328
220
358
217
328
227
358
226
328
227
357
225
328
227
359
225
326
220
357
218
326
220
355
218
331
228
361
227
331
228
362
226
331
228
362
227
326
229
355
227
326
227
357
225
327
227
358
226
327
227
357
225
328
221
357
218
328
221
357
219
333
227
363
226
333
227
362
225
333
227
362
226
331
229
359
227
331
229
361
227
331
229
362
227
325
229
355
227
329
220
360
217
329
220
360
218
330
220
361
217
330
220
360
217
330
220
361
218
330
220
360
218
332
229
361
227
332
229
362
226
332
229
362
227
325
220
355
218
326
221
357
218
326
221
357
219
326
221
355
218
330
230
359
227
330
230
360
229
330
230
359
229
327
219
358
217
331
227
362
226
334
227
364
226
334
227
363
226
330
219
361
217
330
219
360
217
329
228
358
226
329
228
359
227
329
228
359
225
335
224
364
223
335
228
364
226
333
229
362
226
333
229
362
227
337
262
366
261
338
282
369
280
338
282
370
280
337
312
368
312
337
312
368
310
337
320
368
316
338
309
368
307
337
319
368
316
338
310
368
307
338
310
368
310
346
257
377
256
346
257
378
256
346
257
378
255
351
282
381
282
351
282
380
282
351
282
383
282
351
282
383
280
339
282
369
280
339
282
370
280
339
277
370
275
347
304
380
303
347
304
379
302
347
304
381
302
350
304
380
303
350
304
379
302
350
304
381
302
349
304
380
303
349
304
379
302
349
304
381
302
351
301
381
301
351
301
382
299
349
302
379
302
349
302
381
301
349
302
379
301
349
302
381
302
349
302
380
301
344
307
375
306
351
300
382
299
352
219
384
218
351
229
382
228
351
221
383
219
351
221
383
218
363
223
395
221
363
223
393
222
363
223
394
221
363
223
395
220
363
223
396
220
363
223
393
221
353
229
384
228
353
229
382
228
352
225
382
224
352
225
384
222
352
225
382
223
352
225
385
223
355
225
386
223
355
225
385
225
355
225
387
224
355
225
385
223
351
226
381
225
351
226
382
224
351
226
383
225
352
226
381
225
352
226
382
224
352
226
383
225
352
226
382
226
355
227
385
225
355
227
387
224
352
228
382
226
352
228
383
226
358
229
388
227
361
224
390
223
361
224
391
223
361
224
391
222
361
224
393
222
361
224
394
221
361
224
392
222
361
224
393
221
361
223
391
223
361
223
391
222
361
223
393
222
361
223
394
221
361
223
392
222
361
223
393
221
354
225
386
223
354
225
385
223
358
225
387
224
358
225
388
224
358
225
389
224
358
225
389
223
358
225
390
223
358
225
391
223
358
225
391
222
362
223
395
221
362
223
393
222
362
223
394
221
362
223
392
222
362
223
395
220
362
223
393
221
352
221
383
219
352
221
384
218
352
221
383
218
357
226
387
224
357
226
388
224
357
226
389
224
357
226
389
223
352
227
385
225
352
227
383
225
352
227
382
226
352
227
383
226
353
224
384
222
353
224
385
223
363
222
395
221
363
222
394
221
363
222
395
220
363
222
396
220
363
222
397
220
363
222
393
221
359
224
389
224
359
224
389
223
359
224
390
223
359
224
391
223
359
224
391
222
359
224
392
222
360
224
389
223
360
224
390
223
360
224
391
223
360
224
391
222
360
224
393
222
360
224
392
222
360
224
393
221
352
229
382
229
352
229
384
228
352
229
382
228
364
222
397
219
364
222
395
221
364
222
394
221
364
222
395
220
364
222
396
220
364
222
397
220
351
230
382
229
351
230
384
228
351
230
380
230
351
230
381
230
351
230
382
228
357
244
387
244
357
244
386
244
357
244
388
243
351
248
381
247
351
248
384
246
351
248
385
245
351
248
383
246
351
248
382
247
351
248
383
247
357
246
384
246
357
246
386
245
357
246
387
244
357
246
385
245
357
246
386
244
357
246
383
246
357
246
388
243
357
246
389
244
360
243
388
243
356
245
386
245
356
245
387
244
356
245
385
245
356
245
386
244
356
245
388
243
351
249
381
247
351
249
384
246
351
249
383
248
351
249
380
248
351
249
381
248
351
249
383
246
351
249
382
247
351
249
383
247
353
249
384
246
353
249
383
248
353
249
382
247
353
249
383
247
353
247
381
247
353
247
384
246
353
247
386
245
353
247
387
244
353
247
385
245
353
247
386
244
353
247
383
246
353
247
382
247
354
247
384
246
354
247
386
245
354
247
387
244
354
247
385
245
354
247
386
244
354
247
383
246
354
247
382
247
354
247
383
247
357
245
386
245
357
245
387
244
357
245
385
245
357
245
386
244
357
245
388
243
357
245
389
244
352
248
381
247
352
248
384
246
352
248
386
245
352
248
381
248
352
248
385
245
352
248
383
246
352
248
382
247
352
248
383
247
358
244
387
244
358
244
385
245
358
244
386
244
358
244
388
243
353
248
381
247
353
248
384
246
353
248
386
245
353
248
383
248
353
248
385
245
353
248
383
246
353
248
382
247
353
248
383
247
355
246
384
246
355
246
386
245
355
246
387
244
355
246
385
245
355
246
386
244
355
246
383
246
355
246
388
243
351
250
383
248
351
250
380
248
351
250
381
248
351
250
382
247
351
250
383
247
353
275
385
274
354
281
385
280
354
281
385
282
354
281
386
280
354
281
383
280
352
271
384
268
352
271
384
269
352
271
383
269
352
271
382
269
352
281
383
282
352
281
383
280
356
271
387
269
361
281
391
280
352
282
385
280
352
282
383
282
352
282
383
280
353
282
385
280
353
282
385
282
353
282
386
280
353
282
383
282
353
282
383
280
356
282
388
280
356
282
386
280
356
282
387
282
356
282
388
282
354
284
385
282
354
284
387
282
355
285
387
282
352
284
385
282
352
284
383
282
352
284
383
285
355
284
385
282
355
284
387
282
355
284
388
282
357
284
389
281
357
284
387
282
357
284
388
282
355
283
385
282
355
283
386
280
355
283
387
282
355
283
388
282
353
286
383
285
353
286
384
285
352
287
382
287
352
287
383
285
352
287
384
285
352
287
382
286
353
287
383
285
353
287
384
285
356
284
387
282
356
284
388
282
351
288
382
287
351
288
383
285
351
288
382
286
351
288
381
286
351
283
381
282
351
283
380
282
351
283
383
282
351
283
383
280
360
293
390
292
359
294
390
292
369
198
402
198
366
227
396
226
366
227
397
226
376
222
406
222
365
223
395
221
365
223
397
220
365
221
397
219
365
221
398
219
365
221
399
219
365
221
395
220
365
221
396
220
365
221
397
220
368
218
401
217
368
218
400
217
368
218
402
217
371
219
401
217
371
219
401
218
371
219
402
217
368
220
401
219
368
220
401
217
368
220
398
219
368
220
400
218
368
220
399
219
368
220
400
217
368
220
401
218
369
220
401
219
369
220
401
217
369
220
400
218
369
220
399
219
369
220
401
218
369
220
402
217
367
218
401
217
367
218
400
217
366
221
397
219
366
221
398
219
366
221
399
219
366
221
396
220
366
221
397
220
367
221
397
219
367
221
401
219
367
221
398
219
367
221
400
218
367
221
399
219
367
221
397
220
370
219
401
217
370
219
400
217
370
219
401
218
370
219
402
217
365
222
397
219
365
222
395
221
365
222
398
219
365
222
395
220
365
222
396
220
365
222
397
220
376
217
409
215
376
217
408
214
376
217
410
215
371
232
402
230
371
232
403
230
371
232
405
229
371
232
404
231
371
232
403
231
375
232
404
231
375
232
403
231
370
233
402
230
370
233
403
230
370
233
404
231
370
233
403
231
371
235
404
234
371
235
403
234
366
232
399
230
372
231
402
230
372
231
403
230
372
231
407
228
372
231
405
229
372
231
403
231
372
233
404
231
372
233
403
231
370
234
404
231
370
234
403
231
372
235
404
234
372
235
403
234
372
235
405
234
371
233
403
230
371
233
404
231
371
233
403
231
377
266
408
265
367
275
398
273
367
275
398
275
368
275
398
275
377
278
407
278
375
280
407
278
375
280
405
280
373
282
403
282
373
282
405
280
367
305
398
303
369
301
399
299
369
298
401
297
371
300
402
300
371
300
402
299
374
346
405
345
372
344
403
343
384
217
413
216
384
217
415
216
384
217
412
216
384
217
414
216
381
214
409
212
381
214
410
212
381
214
411
213
381
214
413
213
381
214
412
213
380
214
409
212
380
214
410
212
380
214
411
213
380
214
413
213
380
214
412
213
378
217
409
215
378
217
413
216
378
217
412
214
378
217
413
214
378
217
414
214
378
217
410
215
378
217
412
216
382
214
410
212
382
214
411
213
382
214
413
213
382
214
412
213
383
214
413
213
383
214
412
213
377
215
409
212
377
215
408
214
377
215
408
213
377
215
409
213
377
215
411
213
377
215
413
213
377
215
412
214
377
215
412
213
380
215
409
213
380
215
411
213
380
215
413
213
380
215
412
214
380
215
413
214
380
215
414
214
380
215
412
213
382
215
411
213
382
215
413
213
382
215
412
214
382
215
413
214
382
215
414
214
382
215
412
213
383
215
411
213
383
215
413
213
383
215
412
214
383
215
413
214
383
215
414
214
383
215
412
213
386
215
414
214
378
216
409
215
378
216
408
214
378
216
409
213
378
216
411
213
378
216
413
213
378
216
412
214
378
216
413
214
378
216
414
214
378
216
410
215
378
216
412
213
385
216
414
214
379
217
409
215
379
217
413
216
379
217
412
214
379
217
413
214
379
217
414
214
379
217
410
215
379
217
412
216
379
217
414
216
383
217
413
216
383
217
415
216
383
217
412
216
383
217
414
216
386
217
415
216
386
217
414
216
390
230
423
228
390
230
421
228
390
230
422
229
390
230
424
230
390
219
426
217
390
219
424
218
390
219
422
217
390
219
425
217
390
219
420
217
390
219
421
217
390
219
419
217
390
219
424
217
389
221
424
218
389
221
423
220
388
218
422
217
388
218
420
217
388
218
421
217
388
218
419
217
382
218
413
216
382
218
415
216
382
218
412
216
382
218
414
216
385
218
415
216
385
218
414
216
385
218
419
217
389
229
423
228
389
229
421
228
389
229
422
229
383
218
413
216
383
218
415
216
383
218
412
216
383
218
414
216
388
234
419
231
388
234
419
232
388
234
420
232
388
234
421
232
388
234
423
232
383
231
418
230
386
233
418
230
386
233
419
231
386
233
419
232
386
233
420
232
386
233
421
232
386
233
423
232
385
232
418
230
385
232
419
231
389
233
425
231
389
233
419
231
389
233
419
232
389
233
420
232
389
233
421
232
389
233
423
232
386
231
418
230
386
231
421
228
386
231
422
229
386
231
419
231
380
232
411
230
380
232
410
231
387
233
418
230
387
233
419
231
387
233
419
232
387
233
420
232
387
233
421
232
387
233
423
232
388
233
419
231
388
233
419
232
388
233
420
232
388
233
421
232
388
233
423
232
386
232
418
230
386
232
419
231
379
233
411
230
379
233
410
231
379
233
408
232
384
231
418
230
381
264
413
263
379
266
408
265
390
267
422
266
386
271
417
270
379
277
411
275
379
277
412
274
382
274
415
272
382
274
412
274
382
274
414
272
382
274
414
273
378
278
411
275
387
270
419
268
383
274
415
272
383
274
412
274
383
274
414
272
383
274
414
273
380
276
411
275
380
276
412
274
403
217
434
216
403
217
433
217
403
217
435
217
403
217
436
217
398
218
428
217
398
218
427
218
398
218
429
218
398
218
430
215
398
218
432
216
398
218
429
215
398
218
431
217
398
218
432
217
402
220
435
217
402
220
436
217
402
220
437
217
402
220
434
218
402
220
436
220
402
220
435
219
402
220
436
219
402
220
432
219
402
220
433
219
402
220
435
220
391
220
426
217
391
220
424
218
391
220
425
217
391
220
428
217
391
220
427
218
391
220
424
217
401
220
432
217
401
220
433
217
401
220
435
217
401
220
436
217
401
220
434
218
401
220
435
219
401
220
432
219
401
220
433
219
401
220
435
220
402
222
436
220
402
222
435
219
402
222
436
219
402
222
437
219
402
222
435
220
402
222
437
220
391
218
426
217
391
218
422
217
391
218
425
217
391
218
420
217
391
218
421
217
391
218
419
217
391
218
424
217
400
217
432
214
400
217
430
215
400
217
432
216
400
217
434
216
400
217
431
217
400
217
432
217
400
217
433
217
398
219
428
217
398
219
427
218
398
219
429
218
398
219
432
216
398
219
431
217
398
219
432
217
398
219
433
217
398
219
432
219
398
219
430
219
396
220
426
217
396
220
424
218
396
220
428
217
396
220
427
218
396
220
429
218
396
220
431
217
396
220
430
219
403
218
434
216
403
218
433
217
403
218
435
217
403
218
436
217
403
218
437
217
403
218
434
218
393
219
426
217
393
219
424
218
393
219
422
217
393
219
425
217
393
219
428
217
393
219
427
218
393
219
429
218
393
219
424
217
395
219
426
217
395
219
424
218
395
219
425
217
395
219
428
217
395
219
427
218
395
219
429
218
395
219
424
217
395
219
431
217
397
219
426
217
397
219
428
217
397
219
427
218
397
219
429
218
397
219
432
216
397
219
431
217
397
219
432
217
397
219
430
219
392
218
426
217
392
218
422
217
392
218
425
217
392
218
420
217
392
218
421
217
392
218
424
217
398
217
428
217
398
217
432
214
398
217
430
215
398
217
432
216
398
217
429
215
398
217
431
217
398
217
432
217
400
219
432
216
400
219
434
216
400
219
431
217
400
219
432
217
400
219
433
217
400
219
435
217
400
219
434
218
400
219
432
219
400
219
433
219
400
219
430
219
400
218
430
215
400
218
432
216
400
218
434
216
400
218
431
217
400
218
432
217
400
218
433
217
398
220
427
218
398
220
429
218
398
220
431
217
398
220
432
217
398
220
433
217
398
220
432
219
398
220
430
219
399
220
429
218
399
220
431
217
399
220
432
217
399
220
433
217
399
220
434
218
399
220
432
219
399
220
433
219
399
220
430
219
401
218
432
216
401
218
434
216
401
218
431
217
401
218
432
217
401
218
433
217
401
218
435
217
401
218
434
218
396
217
426
217
396
217
428
217
396
217
430
215
396
217
429
215
403
221
438
218
403
221
436
220
403
221
435
219
403
221
436
219
403
221
437
219
403
221
435
220
403
221
437
220
402
218
432
216
402
218
434
216
402
218
432
217
402
218
433
217
402
218
435
217
402
218
436
217
402
218
434
218
392
230
423
228
392
230
421
228
392
230
422
229
392
230
424
230
401
232
432
231
397
233
431
233
400
233
432
231
394
233
425
231
394
233
426
231
398
231
432
231
392
231
423
228
392
231
422
229
392
231
424
230
392
231
425
231
392
231
426
231
396
235
430
234
397
235
431
233
397
235
430
234
392
269
424
268
391
273
422
272
392
275
424
274
400
281
431
280
398
283
430
282
414
170
446
169
416
176
450
174
412
172
446
169
412
172
446
170
412
172
444
171
403
177
435
176
408
176
441
174
408
176
442
174
416
177
450
174
416
171
449
169
413
172
446
170
413
172
447
170
415
169
449
166
415
169
446
169
409
174
441
173
411
174
443
173
406
175
440
173
410
176
443
174
409
176
442
174
409
176
443
174
407
207
437
205
405
208
437
205
413
208
444
207
403
211
437
210
403
211
436
210
411
208
444
207
416
213
449
212
410
210
441
207
406
217
437
217
406
217
438
217
404
211
437
210
404
211
435
207
404
211
436
210
407
211
439
210
407
211
440
211
408
212
439
210
408
212
440
211
413
212
446
210
415
215
447
214
415
215
449
212
403
208
435
207
409
219
442
219
409
219
444
217
409
222
441
220
409
222
442
219
409
222
442
220
409
222
443
220
409
222
444
220
411
218
444
217
413
218
444
217
413
218
446
218
413
218
445
218
415
219
449
216
415
219
447
218
415
219
446
218
415
219
446
219
406
219
437
217
406
219
438
217
406
219
438
218
406
219
439
218
406
219
437
219
406
219
439
219
413
219
444
220
413
219
447
218
413
219
446
218
413
219
446
219
413
219
445
218
410
221
441
220
410
221
442
219
410
221
442
220
410
221
444
217
410
221
443
220
410
221
444
220
410
221
445
218
412
222
444
220
412
222
445
221
412
222
446
221
412
222
446
218
412
222
446
219
412
222
445
218
416
223
449
221
416
223
450
222
416
223
450
220
416
223
451
220
414
225
445
224
415
225
449
221
416
220
449
216
416
220
449
221
416
220
449
219
406
221
438
218
406
221
439
218
406
221
439
219
406
221
437
220
406
221
439
220
408
221
441
220
408
221
442
219
408
221
439
220
408
221
442
220
404
218
435
217
404
218
436
217
404
218
437
217
404
218
438
217
404
218
438
218
404
218
434
218
414
219
447
218
414
219
446
218
414
219
446
219
414
219
445
218
410
222
442
220
410
222
443
220
410
222
444
220
411
222
443
220
411
222
444
220
411
222
445
221
411
222
446
219
411
222
445
218
414
218
447
214
414
218
447
218
414
218
446
218
414
218
446
219
414
218
445
218
413
222
447
218
413
222
445
221
413
222
446
221
413
222
446
218
413
222
446
219
408
220
441
220
408
220
442
219
408
220
439
219
408
220
439
220
412
218
444
217
412
218
445
218
411
220
442
219
411
220
442
220
411
220
444
217
411
220
443
220
411
220
444
220
411
220
446
218
411
220
445
218
412
220
443
220
412
220
444
220
412
220
446
218
412
220
446
219
412
220
445
218
416
225
449
221
416
225
450
222
415
231
450
230
415
231
447
231
414
233
447
231
414
233
446
232
413
232
445
230
413
232
447
231
413
232
446
232
415
232
447
231
416
231
450
230
411
231
445
230
414
270
446
269
417
176
450
174
419
173
450
172
419
173
452
171
423
176
455
174
418
171
448
171
418
171
453
168
418
169
451
167
418
169
449
168
418
169
449
169
421
173
453
172
421
168
453
167
427
176
462
175
417
177
451
175
421
167
451
167
421
169
453
168
421
169
453
167
418
173
450
172
418
173
452
171
418
173
451
171
418
168
449
167
418
168
449
168
418
168
451
166
420
173
453
172
417
170
451
167
417
170
449
169
417
175
448
174
419
175
453
172
419
175
453
173
419
175
450
174
418
170
449
169
418
170
453
167
419
170
453
168
420
170
453
168
418
177
451
175
418
177
452
175
419
177
452
176
419
177
451
175
419
177
450
177
419
177
452
175
419
177
451
177
418
178
452
176
418
178
450
177
418
178
452
175
418
178
451
177
423
190
457
188
423
190
458
188
423
190
458
190
426
190
460
190
426
190
458
190
426
190
459
190
426
190
460
188
418
179
452
176
418
179
450
177
418
179
451
178
418
179
451
177
418
181
452
178
418
181
453
178
425
189
462
188
425
189
457
188
425
189
458
188
425
189
461
188
425
189
460
188
427
189
462
188
427
189
457
188
427
189
458
188
427
189
461
188
427
189
460
188
421
190
457
188
427
187
460
186
427
187
462
187
427
187
458
186
427
187
459
186
416
191
448
192
425
188
456
187
425
188
457
188
425
188
458
188
425
188
458
186
425
188
459
186
426
188
462
188
426
188
460
186
426
188
456
187
426
188
457
188
426
188
458
188
426
188
461
188
426
188
462
187
426
188
458
186
426
188
459
186
426
188
460
188
424
189
457
188
424
189
458
188
424
189
460
188
416
181
452
178
416
181
451
178
419
179
452
178
419
179
451
178
419
179
451
177
429
189
464
188
429
189
462
188
429
189
461
188
429
189
462
187
429
189
460
188
417
181
452
178
417
181
451
178
417
181
453
178
427
190
460
190
427
190
458
190
427
190
459
190
427
190
460
188
429
190
462
188
429
190
461
188
429
190
464
190
423
188
456
187
423
188
457
188
419
212
452
210
420
211
452
210
420
211
453
210
420
211
453
209
425
208
458
205
417
217
450
215
417
217
449
216
424
206
456
204
428
206
461
204
428
206
462
204
421
211
453
210
421
211
453
209
425
207
458
205
418
218
450
215
418
218
450
218
418
218
449
219
419
219
452
218
419
219
451
219
419
219
450
218
419
219
450
220
419
219
451
220
421
226
455
225
421
226
452
225
423
222
454
222
423
222
455
222
426
228
457
228
426
228
460
228
426
228
459
226
420
223
453
221
420
223
451
222
420
223
453
222
425
223
459
221
425
223
458
221
425
223
458
223
425
223
459
223
425
223
460
223
425
223
461
223
426
224
462
224
426
224
460
224
426
224
458
223
426
224
459
223
426
224
460
223
426
224
461
223
429
225
462
224
429
225
463
225
429
225
460
224
429
225
461
225
429
225
460
223
429
225
461
223
418
226
452
225
422
226
455
225
422
226
452
225
425
229
457
228
425
229
460
228
417
219
450
215
417
219
450
218
417
219
450
220
417
219
449
219
421
223
453
221
421
223
453
222
421
223
454
222
422
223
453
221
422
223
453
222
422
223
454
222
422
223
455
222
419
221
452
218
419
221
451
219
419
221
450
222
419
221
450
220
419
221
453
219
419
221
451
222
419
221
451
220
423
221
454
219
425
224
455
222
425
224
460
224
425
224
458
223
425
224
459
223
425
224
460
223
425
224
461
223
428
224
462
224
428
224
460
224
428
224
463
222
428
224
458
223
428
224
459
223
428
224
460
223
428
224
461
223
417
220
451
219
417
220
449
221
417
220
450
218
417
220
450
220
417
220
449
219
424
222
455
222
424
222
458
221
419
226
452
225
425
222
459
221
425
222
458
221
428
222
461
221
428
222
459
221
428
222
463
222
428
222
458
221
420
220
452
218
420
220
451
219
420
220
453
219
420
220
451
220
421
220
454
219
421
220
453
219
421
220
453
221
427
230
460
228
421
232
454
231
421
232
453
231
428
288
462
287
432
178
466
178
432
178
465
177
432
208
464
205
434
216
467
215
436
217
467
215
435
227
468
226
435
227
467
226
435
227
471
227
433
229
464
228
435
226
468
226
435
226
467
226
434
220
468
219
434
220
465
219
434
220
467
220
433
220
468
219
433
220
465
219
433
220
467
220
430
219
465
219
430
223
461
221
430
223
459
221
430
223
463
222
430
223
466
222
430
223
465
222
430
223
461
223
430
229
463
227
430
229
464
228
442
223
475
222
442
223
472
221
442
223
475
223
442
224
475
222
442
224
474
223
442
224
477
224
442
224
475
223
442
221
477
220
439
222
475
222
439
222
472
221
434
227
468
226
434
227
467
226
434
227
465
227
435
220
468
219
435
220
465
219
432
228
463
227
432
228
467
226
432
228
465
227
432
228
464
228
433
223
463
222
433
223
466
222
433
223
465
222
436
228
471
227
436
223
466
222
431
229
465
227
431
229
464
228
434
221
468
219
434
221
465
219
434
221
467
220
434
243
469
243
442
248
476
248
441
248
473
247
438
245
471
244
435
253
468
252
442
244
476
245
436
244
469
243
436
244
471
244
439
245
471
244
439
245
473
244
437
244
469
243
437
244
470
243
437
244
471
244
440
245
473
244
440
245
474
244
438
244
470
243
438
244
471
244
438
244
473
244
442
245
475
245
442
245
476
245
445
193
479
192
445
193
478
192
444
194
477
193
444
194
478
193
446
225
479
224
446
225
481
224
455
227
489
226
455
227
490
226
447
225
481
224
447
225
482
224
450
224
483
224
444
221
477
220
448
225
481
224
448
225
483
224
448
225
482
224
450
225
485
225
444
224
477
224
444
224
479
224
453
226
488
225
448
247
480
246
448
247
481
246
450
247
483
246
450
247
484
246
449
252
482
252
455
246
485
246
454
247
486
247
454
247
487
247
454
247
485
246
454
247
488
247
451
247
483
246
451
247
484
246
451
247
485
246
446
245
479
244
446
245
479
245
446
245
480
245
447
245
481
245
447
245
479
244
447
245
479
245
447
245
480
245
449
247
481
246
449
247
483
246
444
245
477
245
446
246
480
246
446
246
479
245
446
246
480
245
448
246
480
246
448
246
481
245
448
246
481
246
448
246
480
245
445
253
478
253
443
245
477
245
443
245
476
245
445
254
478
253
455
260
488
258
455
260
487
258
451
257
484
257
449
259
482
258
449
259
483
259
449
259
481
257
449
259
481
258
452
258
485
258
452
258
484
257
452
258
486
258
453
258
486
258
446
257
479
256
452
259
485
258
452
259
484
257
452
259
486
258
452
259
484
258
455
259
486
258
455
259
488
258
455
259
487
258
449
258
482
258
449
258
481
257
444
257
477
256
450
258
484
257
450
258
484
258
451
258
484
257
450
267
483
267
452
284
484
284
453
284
484
284
468
165
501
164
468
165
499
164
468
165
503
165
466
228
502
228
476
175
511
174
476
176
511
174
476
176
511
175
476
177
511
175
477
172
511
171
477
172
512
171
479
247
513
247
479
247
515
247
479
247
513
248
479
247
514
247
480
246
513
247
480
246
515
247
480
246
514
247
478
247
513
247
478
247
514
247
478
248
513
247
478
248
513
248
469
252
504
252
469
252
502
251
475
249
511
249
477
249
513
249
477
249
511
249
477
249
512
249
478
249
513
249
478
249
513
248
478
249
511
249
478
249
512
249
479
246
513
247
475
250
511
249
468
249
503
249
471
261
508
260
471
261
510
260
478
262
513
261
478
262
512
261
472
261
512
260
472
261
508
260
472
261
510
260
478
261
512
260
476
258
511
257
479
262
513
261
479
262
512
261
471
260
509
259
471
260
510
259
473
261
512
260
473
261
508
260
473
261
510
260
476
260
510
259
475
262
509
261
475
262
513
261
475
262
512
260
475
262
512
261
476
262
509
261
476
262
513
261
476
262
512
260
476
262
512
261
468
259
504
258
468
259
505
258
468
259
503
258
468
261
508
260
468
261
510
260
480
262
513
261
480
262
516
261
478
263
512
262
478
263
511
262
478
263
513
262
470
284
502
284
482
247
515
247
485
248
519
248
485
248
520
248
494
250
533
251
484
263
517
262
484
263
518
262
483
262
516
261
485
263
518
262
482
262
516
261
483
263
516
262
483
263
517
262
483
263
518
262
500
171
535
171
500
171
536
170
503
171
537
170
503
171
538
169
503
171
539
169
500
169
534
168
500
169
535
167
502
176
538
174
500
172
533
171
500
172
535
171
500
172
534
172
500
172
536
170
499
169
534
168
498
173
533
171
499
173
533
171
499
173
534
172
501
170
537
170
501
170
537
168
501
170
538
169
501
170
536
170
499
176
533
175
501
171
537
170
501
171
535
171
501
171
536
171
501
171
536
170
500
176
535
175
502
171
537
170
502
171
538
169
502
171
536
171
502
171
536
170
503
176
539
174
499
172
533
171
505
184
541
182
504
189
540
188
504
189
541
188
494
188
530
186
501
191
538
191
496
188
532
187
504
183
541
182
504
181
541
180
498
190
534
189
506
190
542
189
501
217
536
215
497
204
533
203
507
225
542
225
507
225
543
225
507
225
542
227
507
220
543
219
506
226
542
225
506
226
542
224
506
226
542
227
498
221
534
219
506
223
542
224
495
243
530
245
495
239
532
241
505
269
539
269
506
269
540
269
506
269
539
269
510
269
543
269
512
269
545
269
520
332
555
333
520
332
554
332
518
344
553
345
518
344
554
345
520
341
556
341
520
341
557
341
520
341
555
342
520
341
557
342
517
347
553
347
517
347
555
348
520
340
556
341
520
340
557
341
520
344
553
345
520
344
556
344
520
344
554
345
518
345
553
345
518
345
551
346
518
345
554
345
520
345
553
345
520
345
554
345
519
343
555
343
519
343
556
344
519
347
553
347
519
347
555
347
519
347
555
348
517
348
552
349
517
348
554
349
517
348
553
349
518
348
552
349
518
348
554
349
518
348
553
349
518
348
555
348
518
349
552
349
518
349
554
349
518
349
553
349
518
349
554
350
518
350
554
350
528
214
565
213
528
215
565
213
531
216
567
216
531
216
567
217
530
215
567
214
530
215
567
216
530
215
566
216
529
216
566
216
529
216
565
217
530
216
567
214
530
216
567
216
530
216
567
217
530
216
566
216
526
211
563
213
528
213
565
213
528
209
565
208
523
217
560
217
523
217
560
218
529
217
566
216
529
217
565
217
530
217
567
216
530
217
567
217
530
217
566
216
530
217
566
218
521
220
557
221
521
220
558
220
521
220
558
219
523
222
560
222
523
222
560
221
532
220
568
220
526
222
563
222
523
221
560
222
523
221
560
221
522
222
559
221
522
222
559
222
525
219
561
220
525
219
562
218
526
218
563
219
522
221
559
221
522
221
559
222
527
223
564
223
528
218
565
217
528
218
564
219
527
218
564
219
527
218
563
219
531
219
567
220
521
219
557
220
521
219
558
220
521
219
558
218
521
219
558
219
524
334
559
334
524
334
559
335
524
334
560
334
524
330
559
331
524
330
561
331
525
330
561
331
526
328
562
329
524
333
559
333
524
333
559
334
524
333
560
334
523
334
559
334
523
334
559
335
525
351
562
351
527
347
563
348
526
350
562
351
526
350
562
350
544
195
580
195
544
194
580
195
534
256
572
257
535
257
572
257
535
257
572
258
535
257
573
258
537
256
573
256
537
256
572
257
537
256
574
256
537
256
573
258
535
256
573
256
535
256
572
257
535
256
572
258
535
256
573
258
536
257
573
256
536
257
572
257
536
257
572
258
536
257
573
258
538
345
574
346
559
189
598
186
559
189
597
188
559
189
598
189
556
186
593
185
556
186
595
185
558
189
598
186
558
189
597
188
559
190
597
188
559
190
598
189
559
190
596
191
559
190
599
189
559
195
599
195
557
198
595
197
557
198
595
196
557
197
595
197
557
197
595
195
557
197
595
196
558
204
597
202
558
204
596
202
558
204
596
203
558
204
597
203
558
204
598
203
558
204
596
204
552
200
590
200
557
192
598
189
557
192
596
191
557
200
595
199
557
200
596
200
556
196
595
195
553
201
591
201
552
202
591
201
552
202
590
200
555
204
594
204
555
204
595
204
556
204
594
204
556
204
596
202
556
204
596
203
556
204
595
204
556
204
596
204
557
199
595
197
557
199
595
199
557
204
597
202
557
204
596
202
557
204
596
203
557
204
597
203
557
204
595
204
557
204
596
204
559
204
597
202
559
204
597
203
559
204
598
203
559
204
599
204
555
255
592
257
555
255
591
258
554
256
590
258
554
255
590
258
554
254
590
256
554
254
591
256
554
254
590
258
556
251
592
253
556
251
593
253
552
256
588
258
561
189
598
189
561
189
599
189
561
189
600
186
561
189
601
189
561
189
601
188
561
189
600
189
561
189
600
190
570
188
607
187
570
188
608
187
564
190
603
190
564
190
602
190
564
190
604
190
564
190
602
191
564
190
603
191
564
190
604
191
564
190
605
191
564
190
602
192
560
191
598
189
560
191
599
189
560
191
601
189
560
191
601
188
560
191
600
191
560
191
600
189
560
191
600
190
560
191
601
190
560
189
597
188
560
189
598
189
560
189
599
189
560
189
600
186
565
191
603
190
565
191
604
190
565
191
602
191
565
191
603
191
565
191
604
191
565
191
605
191
565
191
606
191
565
191
602
192
565
191
606
192
565
191
607
192
562
187
602
186
562
187
600
186
562
187
601
188
562
190
603
190
562
190
601
189
562
190
601
188
562
190
600
191
562
190
600
189
562
190
600
190
562
190
601
190
562
190
602
190
562
190
601
191
562
190
602
191
568
187
607
187
568
187
608
187
568
187
606
186
561
191
599
189
561
191
601
189
561
191
601
188
561
191
600
191
561
191
600
189
561
191
600
190
561
191
601
190
561
191
602
190
561
191
601
191
561
191
602
191
563
191
603
190
563
191
600
191
563
191
601
190
563
191
602
190
563
191
604
190
563
191
601
191
563
191
602
191
563
191
603
191
563
191
604
191
563
191
605
191
563
191
602
192
564
191
603
190
564
191
602
190
564
191
604
190
564
191
601
191
564
191
602
191
564
191
603
191
564
191
604
191
564
191
605
191
564
191
606
191
564
191
602
192
564
191
606
192
568
188
607
187
568
188
608
187
568
188
606
186
560
196
599
195
565
193
604
190
565
193
602
191
565
193
603
191
565
193
604
191
565
193
605
191
565
193
606
191
565
193
602
192
565
193
606
192
565
193
607
192
566
204
607
203
570
194
607
192
563
193
603
190
563
193
602
190
563
193
604
190
563
193
601
191
563
193
602
191
563
193
603
191
563
193
604
191
563
193
605
191
563
193
602
192
563
193
606
192
566
203
607
203
571
193
607
192
569
194
606
192
569
194
607
192
560
197
599
195
569
203
607
203
561
192
601
189
561
192
600
191
561
192
600
190
561
192
601
190
561
192
602
190
561
192
601
191
561
192
602
191
561
192
603
191
561
192
602
192
563
192
603
190
563
192
602
190
563
192
604
190
563
192
601
191
563
192
602
191
563
192
603
191
563
192
604
191
563
192
605
191
563
192
602
192
565
192
603
190
565
192
604
190
565
192
602
191
565
192
603
191
565
192
604
191
565
192
605
191
565
192
606
191
565
192
602
192
565
192
606
192
565
192
607
192
566
192
603
190
566
192
604
190
566
192
603
191
566
192
604
191
566
192
605
191
566
192
606
191
566
192
606
192
566
192
607
192
567
192
604
190
567
192
604
191
567
192
605
191
567
192
606
191
567
192
606
192
567
192
607
192
567
193
604
191
567
193
605
191
567
193
606
191
567
193
606
192
567
193
607
192
568
193
605
191
568
193
606
191
568
193
606
192
568
193
607
192
564
192
603
190
564
192
602
190
564
192
604
190
564
192
602
191
564
192
603
191
564
192
604
191
564
192
605
191
564
192
606
191
564
192
602
192
564
192
606
192
569
193
606
191
569
193
606
192
569
193
607
192
564
222
601
222
564
222
602
222
564
222
603
223
564
222
602
221
564
222
603
221
564
222
603
222
564
222
600
220
564
222
601
220
564
222
600
219
566
218
605
219
566
221
603
221
566
221
603
222
566
221
604
221
566
221
605
221
566
221
604
222
566
219
605
219
566
219
604
221
566
219
605
221
565
225
604
225
565
225
603
223
565
220
602
221
565
220
603
221
565
220
604
221
565
220
604
222
568
217
606
217
568
217
606
219
568
217
606
218
568
217
607
217
565
221
602
221
565
221
603
221
565
221
603
222
565
221
604
221
565
221
604
222
565
221
601
220
567
219
605
219
567
219
605
221
567
219
606
219
567
219
606
218
565
222
602
222
565
222
603
223
565
222
602
221
565
222
603
221
565
222
603
222
565
222
604
221
565
222
604
222
565
222
601
220
567
218
606
217
567
218
605
219
567
218
606
219
567
218
606
218
566
220
603
221
566
220
605
219
566
220
604
221
566
220
605
221
566
220
604
222
