paris_invalides_000662_4.jpg
paris_invalides_000663.jpg
246
196
195
208
231
192
223
184
249
166
225
183
230
192
223
184
290
200
217
185
281
198
215
190
281
198
216
190
281
198
256
190
227
191
221
183
267
175
255
189
246
166
225
183
231
191
223
184
245
195
195
208
260
178
208
195
260
178
201
199
271
196
208
195
250
178
209
191
250
178
208
195
250
178
263
195
250
178
201
199
250
178
205
192
250
178
208
191
245
174
223
184
245
174
211
187
245
174
250
185
249
177
209
191
249
177
207
191
249
177
208
195
249
177
205
192
249
177
208
191
230
190
223
184
230
190
225
183
248
165
223
184
248
165
225
183
283
197
255
189
283
197
215
190
283
197
256
189
283
197
216
190
283
197
256
190
243
171
225
183
243
171
251
181
243
198
195
208
233
189
225
183
262
174
255
189
262
174
256
189
262
174
213
188
262
174
256
190
247
167
223
184
247
167
225
183
261
174
255
189
261
174
215
190
261
174
256
189
261
174
256
190
228
191
223
184
228
191
225
183
228
191
221
183
249
181
203
198
249
181
201
199
247
166
223
184
247
166
225
183
244
171
223
184
244
171
225
183
244
171
251
181
247
177
209
191
247
177
211
187
247
177
208
188
247
177
215
190
247
177
256
189
247
177
262
191
247
177
213
188
247
177
216
190
247
177
256
190
247
177
208
191
247
187
203
198
248
180
209
191
248
180
201
199
248
180
205
192
248
180
208
191
245
173
223
184
245
173
225
183
245
173
250
185
260
172
255
189
260
172
256
189
260
172
256
190
247
168
223
184
247
168
225
183
233
191
223
184
281
195
215
190
281
195
216
190
272
179
223
184
249
169
225
183
242
171
251
181
263
176
255
189
263
176
256
190
247
197
195
208
246
186
203
198
246
186
201
199
243
174
223
184
243
174
225
183
240
176
225
183
248
185
203
198
248
185
201
199
271
179
223
184
246
179
205
192
248
179
209
191
248
179
207
191
248
179
208
195
248
179
205
192
248
179
208
191
248
164
225
183
281
194
215
190
281
194
216
190
249
178
209
191
249
178
207
191
249
178
208
195
249
178
205
192
249
178
208
191
244
173
223
184
244
173
225
183
244
173
251
181
274
196
208
195
249
183
203
198
249
183
201
199
245
192
203
198
228
192
223
184
228
192
225
183
228
192
221
183
227
194
223
184
246
199
195
208
242
172
225
183
232
190
223
184
249
168
223
184
249
168
225
183
249
170
250
185
251
172
211
187
251
172
255
189
251
172
256
189
251
172
213
188
251
172
256
190
251
172
256
188
246
197
195
208
259
172
255
189
259
172
256
189
259
172
256
190
244
199
195
208
250
165
225
183
260
175
256
190
284
198
255
189
284
198
215
190
284
198
256
189
284
198
216
190
284
198
256
190
250
174
209
191
250
174
211
187
250
174
208
188
250
174
255
189
250
174
215
190
250
174
208
195
250
174
256
189
250
174
213
188
250
174
216
190
250
174
256
190
250
174
256
188
250
174
205
192
250
174
208
191
232
191
223
184
232
191
225
183
247
186
203
198
247
186
201
199
256
169
255
189
256
169
256
189
254
171
255
189
254
171
256
189
254
171
213
188
254
171
256
190
254
171
256
188
250
176
209
191
250
176
255
189
250
176
207
191
250
176
215
190
250
176
208
195
250
176
256
189
250
176
213
188
250
176
216
190
250
176
256
190
250
176
205
192
250
176
208
191
247
173
211
187
247
173
250
185
248
184
203
198
248
184
201
199
272
196
208
195
238
177
225
183
246
169
223
184
246
169
225
183
248
176
209
191
248
176
211
187
248
176
208
188
248
176
255
189
248
176
207
191
248
176
215
190
248
176
208
195
248
176
256
189
248
176
262
191
248
176
213
188
248
176
259
189
248
176
216
190
248
176
256
190
248
176
256
188
248
176
208
191
282
196
215
190
282
196
216
190
259
175
208
195
259
175
256
190
246
188
203
198
265
173
255
189
244
169
225
183
