2Hill.JPG
3Hill.JPG
344
213
130
248
361
220
148
255
359
220
145
254
365
220
150
253
365
220
151
253
364
221
148
255
364
221
151
253
364
219
150
253
364
219
151
253
362
220
148
255
362
220
150
253
362
221
148
255
362
221
150
253
373
214
157
249
373
214
160
248
373
214
161
248
370
215
157
249
378
228
165
262
378
228
166
262
379
229
166
263
381
228
167
262
381
228
166
262
381
228
168
262
381
228
169
262
379
228
165
262
379
228
167
262
379
228
166
262
381
243
172
277
380
337
166
373
382
228
167
262
382
228
168
262
382
228
169
262
384
244
172
278
383
333
170
368
383
333
171
369
384
333
171
369
384
333
172
369
384
334
171
369
384
334
172
369
385
334
172
369
388
221
175
256
388
221
174
256
388
221
175
255
387
220
174
254
389
223
176
258
387
225
173
260
386
222
173
256
386
222
174
256
387
222
173
256
387
222
175
256
387
222
174
256
386
227
172
261
386
227
173
261
389
243
176
277
389
243
178
277
392
215
180
249
392
215
179
250
392
215
180
250
392
215
178
250
393
215
180
249
393
215
181
249
393
215
179
250
393
215
180
250
393
215
178
250
393
215
181
250
393
216
179
250
393
216
180
250
393
216
178
250
393
216
181
251
393
216
179
251
393
216
180
251
393
216
181
250
393
216
178
251
391
217
177
252
391
217
179
251
391
217
178
252
391
217
178
251
391
217
179
252
392
217
177
252
392
217
179
251
392
217
180
251
392
217
178
252
392
217
178
251
392
217
179
252
393
217
181
251
393
217
179
251
393
217
180
251
393
217
178
252
393
217
178
251
393
217
179
252
393
218
178
253
393
218
181
251
393
218
178
252
393
218
179
252
392
218
177
252
392
218
178
253
392
218
178
252
392
218
179
252
390
218
177
253
390
218
177
252
390
218
176
252
390
218
178
252
391
218
177
253
391
218
177
252
391
218
176
252
391
218
178
253
391
218
178
252
391
218
179
252
390
219
177
253
390
219
178
253
391
219
177
253
391
219
178
253
391
243
178
277
392
243
178
277
391
313
176
349
392
312
177
348
397
209
184
244
397
209
185
244
395
212
182
245
395
212
183
247
395
212
182
247
395
212
183
246
395
212
182
246
396
212
183
247
396
212
182
247
396
212
183
246
396
212
182
246
397
212
185
245
397
212
183
247
397
212
183
246
397
212
182
246
397
212
186
245
396
217
181
251
396
217
184
251
396
217
185
251
395
214
180
249
395
214
181
249
395
216
180
250
395
216
181
251
395
216
180
251
395
216
181
250
395
216
182
250
394
216
179
250
394
216
180
250
394
216
181
251
394
216
179
251
394
216
180
251
394
216
181
250
394
216
182
250
394
217
181
251
394
217
179
251
394
217
180
251
394
217
179
252
397
242
184
276
397
257
184
291
397
257
185
291
397
260
184
293
396
259
184
293
397
259
184
293
396
311
181
347
398
209
184
244
398
209
185
244
398
209
186
243
398
209
186
244
399
209
185
244
399
209
186
243
399
209
186
244
401
210
188
244
401
210
189
244
401
210
189
243
401
210
189
245
399
211
185
245
399
211
186
245
399
211
186
244
398
210
184
244
398
210
185
244
398
210
185
245
398
210
186
245
398
210
186
243
398
210
186
244
398
211
184
244
398
211
185
244
398
211
185
245
398
211
186
245
398
211
186
244
399
210
185
244
399
210
185
245
399
210
186
245
399
210
186
243
399
210
186
244
398
217
184
251
398
217
185
251
401
217
185
251
399
214
189
248
400
216
184
251
400
216
185
251
399
259
184
291
399
259
185
291
399
258
185
291
398
258
184
291
398
258
185
291
398
260
184
293
398
259
183
291
402
209
188
244
402
209
189
244
402
209
189
243
402
209
190
244
403
211
189
244
403
211
189
245
403
211
191
245
403
211
191
244
403
211
190
245
403
211
190
244
402
211
188
244
402
211
189
244
402
211
189
245
402
211
190
245
403
210
189
244
403
210
189
243
403
210
189
245
403
210
191
245
403
210
191
244
403
210
190
245
403
210
190
244
404
210
191
245
404
210
191
244
404
210
190
245
404
210
190
244
401
242
187
276
401
242
188
276
400
242
186
276
400
242
187
276
402
254
189
288
405
216
191
249
405
216
192
250
405
216
192
251
406
217
194
251
406
217
192
250
406
217
194
252
406
217
192
251
405
217
192
250
405
217
192
251
404
215
189
249
404
215
191
249
404
215
192
250
407
217
195
251
407
217
194
251
407
217
194
252
407
217
195
252
407
217
192
251
408
217
195
251
408
217
194
251
408
217
194
252
408
217
195
252
408
217
196
252
408
217
195
253
409
217
195
251
409
217
197
252
409
217
195
252
409
217
196
252
409
217
195
253
409
217
196
253
409
309
197
342
409
309
196
344
411
173
197
208
411
173
199
207
411
173
199
208
411
173
198
208
411
173
200
208
412
173
197
208
412
173
199
207
412
173
201
208
412
173
199
208
412
173
198
208
412
173
200
208
413
173
199
207
413
173
201
208
413
173
199
208
413
173
200
208
411
218
197
252
411
218
197
253
411
218
198
253
411
218
197
254
411
218
198
254
408
219
194
252
408
219
195
252
408
219
196
252
408
219
195
253
408
219
196
253
409
218
195
251
409
218
197
252
409
218
195
252
409
218
196
252
409
218
195
253
409
218
196
253
409
220
195
253
409
220
196
253
409
220
197
253
409
220
197
254
413
221
199
255
413
221
200
254
410
219
197
252
410
219
196
252
410
219
196
253
410
219
197
253
410
219
198
253
410
219
197
254
410
219
197
255
411
219
197
252
411
219
197
253
411
219
198
253
411
219
197
254
411
219
198
254
411
219
197
255
408
218
195
251
408
218
194
251
408
218
194
252
408
218
195
252
408
218
196
252
408
218
195
253
408
218
196
253
411
220
197
253
411
220
198
253
411
220
197
254
411
220
198
254
411
220
197
255
409
219
197
252
409
219
195
252
409
219
196
252
409
219
195
253
409
219
196
253
409
219
197
253
413
220
199
255
413
220
200
254
413
253
200
287
413
253
200
288
413
295
201
330
413
295
200
330
413
295
200
331
411
297
199
332
413
296
201
330
413
296
200
330
413
296
200
331
413
296
201
331
413
296
200
332
413
297
201
330
413
297
200
330
413
297
200
331
413
297
201
331
413
297
200
332
413
297
201
332
410
308
197
342
410
308
196
344
415
160
202
193
415
160
202
194
416
169
204
203
414
173
199
207
414
173
201
208
414
173
200
208
417
197
205
231
415
212
201
245
415
216
202
249
415
216
202
253
416
216
202
249
416
216
203
251
416
216
203
253
417
216
203
251
417
216
204
251
416
219
203
251
416
219
203
253
416
219
202
253
416
219
203
255
416
219
202
254
416
219
204
254
416
219
203
254
415
219
202
253
415
219
202
255
415
219
202
254
415
219
203
254
415
221
202
253
415
221
202
255
415
221
202
254
416
220
203
253
416
220
202
253
416
220
202
255
416
220
203
255
416
220
202
254
416
220
203
254
417
220
203
253
417
220
204
256
417
220
203
255
417
220
204
254
417
220
204
255
417
220
203
254
415
220
202
253
415
220
202
255
415
220
202
254
416
221
203
253
416
221
202
253
416
221
202
255
416
221
203
255
416
221
202
254
416
221
203
254
417
221
205
255
417
221
204
256
417
221
203
255
417
221
204
254
417
221
204
255
417
221
203
254
417
252
203
286
417
252
202
286
416
252
203
286
416
252
202
286
414
253
200
287
414
253
200
288
414
253
201
288
417
254
203
286
417
254
202
286
417
254
203
289
417
254
204
289
416
256
202
289
416
256
203
289
416
256
202
290
416
256
203
290
415
255
200
287
415
255
200
288
415
255
201
288
415
255
202
289
414
255
200
287
414
255
200
288
414
255
201
288
416
254
201
288
416
254
202
286
416
254
202
289
416
254
203
289
414
254
200
287
414
254
200
288
414
254
201
288
416
255
201
288
416
255
202
289
416
255
203
289
415
254
200
287
415
254
200
288
415
254
201
288
417
255
202
289
417
255
203
289
417
255
204
289
417
256
202
289
417
256
203
289
417
256
204
289
417
256
202
290
417
256
204
290
417
256
203
290
415
261
202
295
414
264
201
297
414
264
201
298
415
264
201
297
415
264
201
298
415
264
203
298
416
265
203
298
415
262
202
296
415
262
202
295
416
264
202
296
416
264
203
297
416
264
203
298
417
264
205
297
417
264
204
296
417
264
203
297
417
264
203
298
416
263
201
297
416
263
202
296
416
263
203
297
416
280
202
315
416
280
203
315
415
289
202
324
415
289
203
323
417
289
203
324
417
289
203
323
417
289
204
323
416
289
203
324
416
289
202
324
416
289
203
323
416
289
204
323
417
288
205
321
417
288
203
323
417
288
204
323
416
290
203
324
416
290
202
324
416
290
203
323
416
290
204
323
417
290
203
324
417
290
202
324
417
290
203
323
417
290
204
323
414
296
201
330
414
296
200
331
414
296
201
331
414
296
201
332
414
297
201
330
414
297
201
331
414
297
200
332
414
297
201
332
415
297
201
332
418
168
204
203
418
168
205
203
418
168
206
203
420
168
206
203
420
168
207
202
420
168
208
202
420
168
207
203
420
168
208
203
420
168
209
203
419
168
205
203
419
168
206
203
419
168
207
202
419
168
207
203
421
167
209
202
421
167
207
202
421
167
208
202
421
167
208
203
421
167
209
203
421
168
209
202
421
168
207
202
421
168
208
202
421
168
207
203
421
168
208
203
421
168
209
203
418
169
204
203
418
169
205
203
418
169
206
203
419
169
204
203
419
169
205
203
419
169
206
203
419
169
207
203
420
169
205
203
420
169
206
203
420
169
207
202
420
169
207
203
420
169
208
203
419
196
205
231
419
196
205
230
419
196
207
230
419
196
206
230
420
196
205
231
420
196
207
230
420
196
206
230
418
197
205
231
418
201
205
236
419
201
205
236
421
202
207
236
421
202
207
237
421
202
208
237
421
202
207
238
420
202
207
236
420
202
207
237
421
205
208
241
421
206
208
241
421
206
209
241
419
209
206
244
419
209
207
244
419
209
207
245
419
277
206
312
422
168
209
202
422
168
207
202
422
168
208
202
422
168
208
203
422
168
209
203
425
167
213
201
425
167
214
202
422
167
209
202
422
167
208
202
422
167
209
203
425
168
213
201
423
295
210
329
423
295
210
331
423
295
210
330
423
295
211
330
425
296
211
331
425
296
210
331
425
296
211
330
424
296
211
331
424
296
210
331
424
296
210
330
424
296
211
330
424
295
210
329
424
295
211
331
424
295
210
331
424
295
210
330
424
295
211
330
423
299
210
333
422
300
210
333
426
167
213
201
426
167
215
201
426
167
214
202
426
167
215
204
426
168
213
201
426
168
214
202
426
168
215
204
427
168
213
201
427
168
215
201
427
168
214
202
427
168
216
203
427
168
215
204
429
168
215
201
429
168
214
202
429
168
216
203
429
168
215
204
429
168
218
201
426
248
213
284
426
248
213
283
426
249
213
284
426
249
213
283
426
293
213
328
430
161
217
195
430
161
220
195
432
162
217
198
432
162
220
195
432
162
220
197
430
163
217
198
430
163
220
197
430
163
220
198
432
163
217
198
432
163
220
197
432
163
221
198
432
163
220
198
433
163
217
198
433
163
220
197
433
163
221
198
433
163
220
198
433
163
223
197
431
210
218
244
431
209
218
244
433
280
219
315
431
281
218
316
431
281
218
317
432
281
219
315
432
281
218
316
432
282
218
316
432
282
218
317
431
282
217
317
431
282
218
316
431
282
218
317
437
222
223
256
437
222
224
256
437
222
225
256
434
232
221
265
434
232
221
266
436
249
223
283
436
249
223
284
434
300
219
335
434
347
218
382
440
171
229
205
440
170
229
205
441
172
229
205
441
171
229
205
441
270
228
306
441
270
228
305
438
271
225
306
440
275
226
310
436
321
224
356
442
201
229
235
444
199
232
234
444
199
230
234
444
199
231
235
444
199
232
235
444
199
231
234
443
199
230
234
443
199
231
235
443
199
231
234
443
200
230
236
443
200
231
236
443
200
230
234
443
200
230
235
443
200
231
235
443
200
229
235
444
200
231
236
444
200
230
234
444
200
230
235
444
200
231
235
444
200
232
235
444
200
231
234
445
200
232
234
445
200
231
235
445
200
232
235
445
200
233
235
445
200
231
234
445
199
232
234
445
199
233
234
445
199
232
235
445
199
233
235
445
199
231
234
443
201
230
236
443
201
231
236
443
201
230
235
443
201
229
235
444
201
230
236
444
201
231
236
444
201
230
234
444
201
230
235
444
201
231
235
443
245
229
279
443
245
229
281
443
244
229
279
442
248
229
281
442
248
229
282
442
248
229
283
442
247
229
279
442
247
229
281
442
247
229
282
442
247
229
283
443
248
229
281
443
248
229
284
443
248
229
282
443
248
229
283
444
248
231
281
443
249
229
281
443
249
229
284
443
249
229
282
443
249
229
283
442
323
226
357
441
324
226
357
441
324
228
360
443
324
229
360
443
325
229
360
443
325
228
360
442
324
229
360
442
324
228
360
441
323
226
356
441
323
225
357
441
323
226
357
441
325
229
360
441
325
228
360
440
323
226
356
440
323
225
356
440
323
224
357
440
323
225
357
440
323
226
357
442
325
229
360
442
325
228
360
444
332
231
366
444
380
228
413
446
165
234
201
449
164
236
199
449
164
236
200
449
165
236
199
449
165
236
200
449
165
238
201
446
166
234
201
447
167
236
200
447
167
234
201
447
168
233
204
447
168
234
201
448
168
233
204
448
168
236
200
448
168
234
201
449
168
236
200
449
168
234
201
446
199
232
234
446
199
233
234
446
199
233
235
446
200
232
234
446
200
233
234
446
200
232
235
446
200
233
235
446
200
231
234
446
200
234
237
449
324
236
358
449
324
236
359
449
324
237
358
449
324
237
359
449
324
236
360
449
324
235
359
453
164
240
200
453
165
240
200
453
165
240
201
453
178
239
212
453
178
240
213
453
178
241
214
453
178
240
212
453
178
241
213
453
178
241
212
453
177
239
212
453
177
240
213
453
177
240
212
453
177
241
213
453
177
241
212
453
237
237
272
453
237
238
272
453
237
239
272
453
237
240
272
453
237
240
271
453
237
241
271
453
237
240
270
453
237
241
272
453
236
237
272
453
236
238
272
453
236
239
272
453
236
240
272
453
236
240
271
453
236
241
271
453
236
240
270
451
239
237
272
451
239
238
272
451
239
239
272
453
238
237
272
453
238
238
272
453
238
239
272
453
238
240
272
453
238
240
271
453
238
241
271
453
238
241
272
452
238
237
272
452
238
238
272
452
238
239
272
452
238
240
272
452
238
240
271
452
238
241
272
451
238
237
272
451
238
238
272
451
238
239
272
451
238
240
272
450
238
237
272
450
238
238
272
450
238
239
272
453
324
237
360
453
324
237
358
453
324
237
359
453
324
239
356
453
324
239
357
453
324
240
357
453
324
240
358
453
324
239
359
453
324
239
358
453
324
238
358
453
324
238
359
453
322
237
357
453
322
239
356
453
322
240
356
453
322
241
356
453
322
239
357
453
322
240
357
453
322
241
357
453
322
240
358
453
322
239
358
453
322
238
358
452
324
237
357
452
324
236
358
452
324
236
359
452
324
237
360
452
324
237
358
452
324
237
359
452
324
236
360
452
324
239
357
452
324
240
358
452
324
239
359
452
324
239
358
452
324
238
358
452
324
238
359
450
325
236
358
450
325
236
359
450
325
237
360
450
325
237
358
450
325
237
359
450
325
236
360
450
325
235
359
450
325
238
359
452
325
236
359
452
325
237
360
452
325
237
358
452
325
237
359
452
325
236
360
452
325
239
359
452
325
239
358
452
325
238
358
452
325
238
359
452
323
237
357
452
323
236
358
452
323
237
358
452
323
237
359
452
323
239
356
452
323
239
357
452
323
240
357
452
323
240
358
452
323
239
359
452
323
239
358
452
323
238
358
452
323
238
359
451
324
237
357
451
324
236
358
451
324
236
359
451
324
237
360
451
324
237
358
451
324
237
359
451
324
236
360
451
324
235
359
451
324
239
359
451
324
239
358
451
324
238
358
451
324
238
359
453
323
237
357
453
323
237
358
453
323
239
356
453
323
240
356
453
323
239
357
453
323
240
357
453
323
241
357
453
323
240
358
453
323
239
359
453
323
239
358
453
323
238
358
453
323
238
359
451
323
237
357
451
323
236
358
451
323
236
359
451
323
237
358
451
323
237
359
451
323
239
357
451
323
239
358
451
323
238
358
451
323
238
359
450
324
237
357
450
324
236
358
450
324
236
359
450
324
237
360
450
324
237
358
450
324
237
359
450
324
236
360
450
324
235
359
450
324
238
358
450
324
238
359
451
325
236
358
451
325
236
359
451
325
237
360
451
325
237
358
451
325
237
359
451
325
236
360
451
325
235
359
451
325
239
359
451
325
238
358
451
325
238
359
450
373
236
408
455
180
241
214
456
188
245
222
456
187
243
222
457
187
243
222
457
187
245
222
457
197
244
232
457
197
242
233
454
230
242
265
454
232
241
267
454
232
242
267
455
232
241
267
455
232
242
267
455
236
240
272
455
236
240
271
455
236
241
271
455
236
240
270
455
236
241
272
454
236
239
272
454
236
240
272
454
236
240
271
454
236
241
271
454
236
240
270
454
236
241
272
456
236
240
272
456
236
240
271
456
236
241
271
456
236
241
272
456
236
244
269
454
237
238
272
454
237
239
272
454
237
240
272
454
237
240
271
454
237
241
271
454
237
240
270
454
237
241
272
455
237
239
272
455
237
240
272
455
237
240
271
455
237
241
271
455
237
241
272
454
321
241
355
454
321
239
356
454
321
240
356
454
321
241
356
454
321
239
357
454
321
240
357
454
321
241
357
454
321
242
355
457
320
241
355
457
320
244
353
457
320
245
353
457
320
242
354
457
320
243
356
457
320
244
356
457
320
242
355
457
320
242
356
457
320
243
355
457
320
244
354
457
320
244
355
457
320
245
354
455
321
241
355
455
321
239
356
455
321
240
356
455
321
241
356
455
321
239
357
455
321
240
357
455
321
241
357
455
321
242
354
455
321
242
357
455
321
242
355
455
321
242
356
455
321
243
355
456
321
241
355
456
321
240
356
456
321
241
356
456
321
240
357
456
321
241
357
456
321
242
354
456
321
243
357
456
321
243
356
456
321
242
357
456
321
242
355
456
321
242
356
456
321
243
355
457
321
241
355
457
321
241
356
457
321
241
357
457
321
244
353
457
321
242
354
457
321
243
357
457
321
243
356
457
321
244
356
457
321
242
357
457
321
242
355
457
321
242
356
457
321
243
355
457
321
244
354
457
321
244
355
457
321
245
354
456
323
241
355
456
323
240
356
456
323
241
356
456
323
239
357
456
323
240
357
456
323
241
357
456
323
240
358
456
323
239
358
456
323
243
357
456
323
243
356
456
323
242
357
456
323
242
355
456
323
242
356
454
324
240
356
454
324
239
357
454
324
240
357
454
324
241
357
454
324
240
358
454
324
239
359
454
324
239
358
454
324
238
358
454
324
238
359
457
322
241
355
457
322
241
356
457
322
240
357
457
322
241
357
457
322
242
354
457
322
245
356
457
322
243
357
457
322
243
356
457
322
244
356
457
322
242
357
457
322
242
355
457
322
242
356
457
322
243
355
457
322
244
355
454
322
241
355
454
322
239
356
454
322
240
356
454
322
241
356
454
322
239
357
454
322
240
357
454
322
241
357
454
322
240
358
454
322
239
358
454
322
238
358
454
322
242
356
454
323
239
356
454
323
240
356
454
323
241
356
454
323
239
357
454
323
240
357
454
323
241
357
454
323
240
358
454
323
239
359
454
323
239
358
454
323
238
358
454
323
242
357
455
323
241
355
455
323
239
356
455
323
240
356
455
323
241
356
455
323
239
357
455
323
240
357
455
323
241
357
455
323
240
358
455
323
239
359
455
323
239
358
455
323
238
358
455
323
242
357
455
323
242
356
456
322
241
355
456
322
239
356
456
322
240
356
456
322
241
356
456
322
239
357
456
322
240
357
456
322
241
357
456
322
240
358
456
322
243
357
456
322
243
356
456
322
244
356
456
322
242
357
456
322
242
355
456
322
242
356
456
322
243
355
455
322
241
355
455
322
239
356
455
322
240
356
455
322
241
356
455
322
239
357
455
322
240
357
455
322
241
357
455
322
240
358
455
322
239
358
455
322
243
356
455
322
242
357
455
322
242
355
455
322
242
356
461
315
247
349
461
315
248
349
460
318
245
353
460
318
247
349
460
318
246
353
460
318
247
353
459
319
244
353
459
319
245
353
459
319
244
354
459
319
245
354
459
319
246
353
459
319
246
354
460
321
245
353
460
321
245
356
460
321
244
356
460
321
245
355
460
321
244
354
460
321
244
355
460
321
245
354
460
321
246
353
460
321
247
353
460
321
248
355
460
321
248
354
460
321
247
355
460
321
247
354
460
321
246
355
460
321
246
354
461
318
247
349
461
318
248
349
461
318
246
353
461
318
247
353
460
319
244
353
460
319
245
353
460
319
245
354
460
319
247
349
460
319
246
353
460
319
247
353
460
319
247
354
460
319
246
354
458
319
244
353
458
319
245
353
458
319
244
354
458
319
245
354
458
319
246
353
458
320
244
353
458
320
245
353
458
320
242
354
458
320
245
356
458
320
243
356
458
320
244
356
458
320
245
355
458
320
242
355
458
320
243
355
458
320
244
354
458
320
244
355
458
320
245
354
458
320
246
353
459
320
244
353
459
320
245
353
459
320
245
356
459
320
244
356
459
320
245
355
459
320
243
355
459
320
244
354
459
320
244
355
459
320
245
354
459
320
246
353
459
320
247
353
459
320
246
355
459
320
246
354
460
320
244
353
460
320
245
353
460
320
245
356
460
320
245
355
460
320
244
354
460
320
244
355
460
320
245
354
460
320
246
353
460
320
247
353
460
320
247
355
460
320
247
354
460
320
246
355
460
320
246
354
461
320
245
353
461
320
245
355
461
320
245
354
461
320
246
353
461
320
247
353
461
320
248
355
461
320
248
354
461
320
247
355
461
320
247
354
461
320
246
355
461
320
246
354
458
321
244
353
458
321
245
353
458
321
242
354
458
321
245
356
458
321
243
357
458
321
243
356
458
321
244
356
458
321
242
357
458
321
245
355
458
321
242
355
458
321
242
356
458
321
243
355
458
321
244
354
458
321
244
355
458
321
245
354
458
321
246
353
458
321
246
354
461
319
245
353
461
319
247
349
461
319
248
349
461
319
246
353
461
319
247
353
461
319
248
354
461
319
247
354
461
319
246
354
459
321
244
353
459
321
245
353
459
321
245
356
459
321
243
357
459
321
243
356
459
321
244
356
459
321
245
355
459
321
243
355
459
321
244
354
459
321
244
355
459
321
245
354
459
321
246
353
459
321
247
353
459
321
247
354
459
321
246
355
459
321
246
354
459
322
245
356
459
322
243
357
459
322
243
356
459
322
244
356
459
322
245
355
459
322
243
355
459
322
244
354
459
322
244
355
459
322
245
354
459
322
246
353
459
322
247
355
459
322
247
354
459
322
246
355
459
322
246
354
458
322
241
357
458
322
245
356
458
322
243
357
458
322
243
356
458
322
244
356
458
322
242
357
458
322
245
355
458
322
242
355
458
322
242
356
458
322
243
355
458
322
244
354
458
322
244
355
458
322
245
354
464
391
251
425
466
369
253
404
466
369
249
404
466
369
248
404
472
381
257
414
471
385
258
420
479
154
265
189
478
155
265
189
480
232
266
266
480
232
266
265
481
232
267
266
481
232
266
266
481
232
266
265
479
322
263
356
479
322
265
356
479
323
263
356
479
323
265
357
479
323
265
356
479
323
266
356
480
323
263
356
480
323
265
357
480
323
265
356
480
323
266
356
484
222
269
257
484
224
269
259
482
230
267
266
482
230
268
264
483
233
268
266
482
321
265
356
487
222
272
258
493
313
279
347
493
314
278
347
492
314
277
347
494
307
280
341
495
304
281
338
494
304
280
338
495
313
281
347
495
312
281
346
496
313
281
346
494
313
280
347
509
400
295
434
510
400
295
434
510
400
296
434
511
400
295
434
511
400
296
434
529
387
315
419
538
374
324
406
