pano6.jpg
pano7.jpg
101
180
400
192
153
233
383
237
309
197
36
192
312
194
39
188
312
194
38
190
313
195
39
188
313
195
39
190
313
198
39
191
313
198
39
190
313
198
38
190
315
233
65
233
322
185
45
179
322
185
48
180
323
185
48
180
341
240
67
237
340
240
67
237
340
240
66
237
349
253
77
252
349
253
77
253
349
253
77
251
349
253
76
251
349
253
76
253
352
250
79
251
352
250
79
250
352
250
80
250
352
251
78
250
352
251
79
251
352
251
79
250
352
251
80
250
352
252
79
251
352
252
79
250
350
254
77
252
350
254
77
253
350
254
76
253
351
254
77
252
351
254
77
253
355
158
83
154
355
158
83
155
356
167
84
163
356
166
84
162
360
175
89
171
360
175
88
172
360
176
89
171
360
176
88
172
360
176
93
171
364
157
91
153
362
175
89
171
362
175
93
171
362
182
91
179
369
238
95
235
373
277
100
277
373
277
99
278
373
277
100
279
373
278
100
279
373
279
100
279
378
296
104
299
378
296
105
298
378
296
105
299
378
296
106
297
378
294
103
297
378
294
104
299
378
294
105
298
378
294
105
299
378
294
106
297
379
297
103
297
379
297
104
299
379
297
105
298
379
297
105
299
379
297
106
297
381
317
104
317
381
317
105
317
381
317
104
319
381
317
105
319
379
316
104
317
379
316
105
317
379
316
104
319
379
316
105
319
384
284
109
283
384
284
110
283
421
128
153
127
423
109
159
108
434
164
169
164
445
116
179
116
445
116
178
116
445
115
178
115
445
115
179
116
445
115
179
115
445
115
178
116
445
113
180
113
445
113
178
113
445
113
180
114
444
112
178
113
443
112
178
113
448
189
178
190
447
188
178
190
447
187
177
188
447
187
178
189
447
187
178
190
456
162
178
164
454
164
178
164
455
164
178
164
455
164
178
165
458
164
178
164
458
164
178
165
459
163
178
164
459
163
178
165
459
163
190
164
458
167
188
168
460
168
188
168
460
168
191
169
460
168
191
170
459
168
188
168
459
168
191
169
461
166
190
164
461
166
191
169
461
168
188
168
461
168
191
169
461
168
191
170
458
169
188
168
460
169
191
169
460
169
191
170
461
169
191
170
463
90
197
91
463
90
199
92
463
90
201
93
463
90
200
94
462
90
197
91
462
90
199
92
462
90
200
94
465
91
197
91
465
91
199
92
465
91
201
92
465
91
201
93
465
91
200
94
465
91
199
96
465
91
201
95
465
91
203
94
465
91
202
96
463
95
197
97
463
95
201
97
465
94
197
97
465
94
201
97
465
94
199
96
465
94
202
96
465
94
203
97
464
98
198
101
464
98
198
100
463
164
190
164
468
89
199
92
468
89
201
92
468
89
201
93
468
89
200
94
468
89
201
95
468
89
204
92
468
89
203
94
467
89
197
91
467
89
199
92
467
89
198
90
467
89
201
92
467
89
201
93
467
89
200
94
467
89
201
95
467
89
204
92
467
89
203
94
469
92
201
97
469
92
201
95
469
92
203
94
469
92
202
96
469
92
203
97
467
93
201
97
467
93
199
96
467
93
201
95
467
93
202
96
467
93
203
97
467
91
199
92
467
91
201
92
467
91
201
93
467
91
201
97
467
91
200
94
467
91
199
96
467
91
201
95
467
91
204
92
467
91
203
94
467
91
202
96
467
91
203
97
467
92
201
97
467
92
200
94
467
92
199
96
467
92
201
95
467
92
203
94
467
92
202
96
467
92
203
97
471
90
204
92
472
165
201
167
472
165
203
167
472
165
203
166
472
164
201
167
472
164
203
167
472
164
203
166
476
238
209
242
476
238
208
242
478
201
210
202
479
200
212
203
479
200
211
202
479
200
210
202
479
199
210
201
479
199
211
202
479
199
213
202
479
199
210
202
480
199
212
203
480
199
211
202
480
199
213
202
480
199
210
202
478
240
209
242
479
240
209
242
485
164
216
167
482
177
216
181
483
199
212
203
483
199
211
202
483
199
213
202
483
199
216
202
492
197
223
201
493
198
223
201
493
198
222
202
492
198
223
201
492
198
222
202
492
199
222
203
492
199
222
202
492
200
222
203
492
200
222
202
492
240
221
243
492
240
220
242
492
240
220
243
491
240
221
243
491
240
220
242
491
240
220
243
492
103
225
108
497
197
226
201
496
199
225
201
496
199
223
201
496
199
226
203
498
73
232
79
499
73
233
79
499
73
232
79
501
127
233
132
501
127
234
132
499
128
233
132
499
128
234
132
501
128
233
132
501
128
234
132
501
207
231
211
501
207
230
210
501
207
231
212
501
207
231
214
500
206
230
210
500
206
231
214
501
208
231
211
501
208
230
210
501
208
231
212
501
208
231
214
502
128
233
132
502
128
234
132
505
199
225
201
505
199
226
201
505
199
226
203
505
199
235
203
505
199
234
202
504
199
225
201
504
199
226
201
504
199
226
203
504
199
235
203
504
199
234
202
505
212
232
215
505
212
234
217
505
212
235
217
505
213
234
217
505
213
235
217
505
214
234
217
505
214
235
217
507
199
226
203
507
199
235
203
507
199
234
202
508
199
235
203
508
199
234
202
506
214
234
217
506
214
235
217
511
50
243
57
511
50
244
57
511
50
245
58
511
199
235
203
517
112
249
118
517
112
401
154
517
112
404
156
517
112
403
156
517
112
402
156
518
72
250
80
520
73
250
80
520
73
251
81
520
74
251
82
520
74
252
82
518
74
251
82
519
75
251
82
520
75
252
83
520
75
251
82
520
75
252
82
519
110
249
118
521
164
253
169
520
164
253
169
529
71
261
80
528
110
261
118
528
110
258
118
529
161
258
168
529
161
261
168
529
161
262
166
527
164
261
168
528
165
258
172
528
167
258
172
528
166
258
172
531
96
269
105
532
104
265
111
532
104
262
116
532
104
265
117
533
111
261
118
533
111
265
117
533
111
262
120
533
111
264
119
532
112
261
118
532
112
262
120
532
112
264
119
533
112
261
118
533
112
262
120
533
112
264
119
532
161
261
168
531
162
261
168
532
90
265
101
534
100
265
111
534
100
266
111
535
96
269
105
535
100
265
111
535
100
266
111
537
171
267
179
537
172
267
179
536
172
267
179
535
170
267
177
537
178
265
189
538
48
269
59
539
79
272
91
540
90
271
100
540
90
272
100
541
90
271
100
541
90
272
100
541
161
269
170
545
43
277
55
545
43
279
55
544
43
277
55
544
43
278
56
544
43
279
55
543
45
276
57
545
46
277
58
543
163
273
170
543
163
274
171
543
163
274
172
549
40
280
51
549
40
281
52
546
44
278
56
546
42
278
53
544
89
272
99
544
89
273
99
544
89
271
100
544
89
272
100
548
88
277
97
545
88
277
97
545
88
276
97
546
86
276
95
546
86
277
97
546
86
276
97
546
86
276
96
548
122
278
130
546
164
274
171
546
164
274
172
546
164
277
172
546
165
274
172
546
165
277
172
547
165
277
172
550
41
280
52
550
41
281
52
550
41
282
52
551
41
281
52
550
123
280
130
550
122
278
130
550
122
280
130
552
144
280
150
551
143
280
150
550
154
280
162
553
156
280
162
550
161
274
171
550
161
278
168
554
37
283
48
554
37
284
48
558
124
291
131
558
124
290
133
562
123
291
131
562
123
290
133
562
123
293
131
562
123
292
131
562
124
290
133
565
123
293
131
565
123
293
133
564
123
290
133
564
123
293
131
564
123
293
133
562
130
291
139
570
79
299
97
570
79
298
96
578
48
309
63
578
48
308
63
579
49
308
64
578
49
308
64
577
48
308
63
579
162
304
173
579
162
304
172
579
162
307
173
579
162
306
173
579
162
306
171
579
162
306
172
578
163
304
173
578
163
304
172
578
163
306
173
578
162
304
173
578
162
304
172
578
162
307
173
578
162
306
173
578
162
306
172
581
162
307
173
581
162
306
173
583
163
307
173
588
135
317
147
