Test65.jpg
Test66.jpg
208
147
300
148
208
147
300
149
208
147
299
150
208
147
301
147
320
204
404
200
217
134
306
140
217
134
308
132
217
134
309
131
217
134
309
133
217
134
306
138
217
134
307
138
217
134
305
140
348
222
434
221
348
222
433
220
348
222
433
219
348
222
433
221
348
222
435
220
352
225
438
223
352
225
439
223
352
225
439
222
352
225
439
224
336
203
423
200
354
221
440
218
354
221
440
219
354
221
441
219
335
200
423
196
335
200
421
197
335
200
422
198
335
200
424
197
334
200
421
197
334
200
422
198
334
200
421
198
333
201
421
197
333
201
422
198
333
201
421
198
333
201
421
199
214
119
304
123
214
119
303
127
283
227
368
218
349
269
441
269
265
153
348
156
265
153
350
158
265
153
348
154
265
153
349
152
277
157
361
156
285
292
372
289
338
279
427
277
338
279
426
277
338
279
427
278
338
279
426
278
368
263
458
265
348
273
436
272
348
273
436
271
348
273
437
272
348
273
437
271
330
203
419
200
283
253
369
249
283
253
370
251
353
271
443
270
353
271
444
270
353
271
441
269
321
286
406
284
347
269
436
269
470
214
569
205
283
220
368
215
274
170
360
172
214
123
302
133
214
123
300
137
214
123
303
127
214
123
305
124
214
123
303
131
214
123
303
129
214
123
305
126
214
123
302
132
349
281
436
278
349
281
436
279
349
281
438
279
350
269
441
269
212
149
301
154
212
149
304
149
214
144
304
148
214
144
308
138
214
144
303
149
320
277
408
275
320
277
410
276
320
277
409
276
320
277
405
275
320
277
409
275
208
146
300
148
208
146
299
150
208
146
296
152
208
146
301
146
373
222
458
218
373
222
453
218
373
222
459
218
373
222
454
220
373
222
456
219
373
222
460
219
373
222
456
220
373
222
453
220
347
230
434
225
347
230
433
227
347
230
432
227
347
230
433
228
347
230
432
226
347
230
431
227
347
230
434
227
289
254
374
252
289
254
376
252
289
254
375
252
289
254
375
251
289
254
375
249
289
254
373
251
279
285
364
283
279
285
365
282
279
285
366
282
279
285
364
282
279
285
365
283
349
270
438
270
209
154
300
156
281
204
365
201
265
137
351
138
280
286
364
283
280
286
365
282
280
286
366
282
280
286
364
282
280
286
367
282
280
286
365
283
272
163
357
161
272
163
358
165
272
163
356
162
272
163
356
163
272
163
357
163
342
229
429
226
338
201
427
197
338
201
424
197
338
201
425
198
275
169
362
172
275
169
362
171
266
160
350
158
354
271
445
270
354
271
443
270
354
271
444
270
354
271
441
269
331
277
420
275
331
277
419
275
273
165
359
168
273
165
358
165
273
165
356
162
273
165
356
163
273
165
357
163
267
139
351
138
470
215
570
207
289
253
375
251
289
253
375
249
289
253
373
251
210
148
299
154
210
148
301
149
333
204
420
201
333
204
423
201
333
204
419
200
333
204
421
199
333
204
423
200
273
156
356
156
273
156
357
153
273
156
359
160
273
156
357
155
273
156
359
159
273
156
358
155
315
287
403
285
315
287
402
285
315
287
402
284
315
287
399
284
343
285
431
283
360
225
446
220
360
225
446
221
360
225
446
223
328
281
420
280
328
281
416
280
328
281
415
279
215
135
304
139
215
135
306
134
215
135
305
139
330
204
416
201
330
204
417
201
330
204
419
200
347
284
436
283
347
284
435
281
281
219
366
215
346
226
433
224
346
226
431
223
346
226
433
220
346
226
433
221
213
147
304
148
213
147
304
149
213
147
303
149
233
103
320
108
280
218
365
214
345
227
433
224
345
227
429
226
345
227
431
223
345
227
431
222
280
153
364
152
291
299
378
296
357
270
448
269
357
270
446
269
338
197
427
194
338
197
425
195
338
197
425
194
323
203
406
200
323
203
407
201
354
269
446
269
318
287
408
285
318
287
403
285
318
287
406
284
318
287
402
284
280
154
364
152
334
203
422
198
334
203
421
198
334
203
421
199
334
203
423
200
342
224
430
222
337
284
428
282
337
284
427
282
279
287
364
283
279
287
365
282
279
287
366
282
279
287
364
282
279
287
365
283
350
273
438
271
350
273
437
272
350
273
440
272
350
273
437
271
472
211
570
204
472
211
569
205
344
283
432
281
272
154
356
156
272
154
357
153
272
154
359
160
272
154
357
155
272
154
355
155
272
154
358
155
223
123
314
125
223
123
309
133
223
123
313
126
359
270
448
269
286
255
372
252
286
255
371
251
286
255
372
253
286
255
371
252
286
255
373
252
348
229
434
225
348
229
433
227
348
229
434
227
332
200
421
197
360
230
447
228
360
230
447
226
349
229
434
225
349
229
436
227
335
201
421
197
335
201
422
198
335
201
421
198
335
201
424
197
324
273
410
272
324
273
411
270
324
273
411
272
349
286
436
283
349
286
437
284
349
286
435
284
349
286
436
284
349
286
434
284
349
286
439
284
262
155
348
156
356
230
443
226
279
286
364
283
279
286
365
282
279
286
366
282
279
286
364
282
279
286
365
283
321
275
408
274
321
275
409
274
351
222
438
219
351
222
437
222
213
148
301
154
213
148
304
149
356
272
445
270
356
272
443
270
356
272
444
270
339
278
427
277
470
212
569
205
470
212
568
205
278
286
364
283
278
286
365
282
278
286
364
282
278
286
365
283
289
231
374
223
286
251
372
248
286
251
373
248
266
138
351
138
348
220
434
221
348
220
433
220
348
220
433
219
348
220
433
221
350
227
437
223
350
227
437
222
318
203
403
199
280
202
365
201
284
225
369
218
284
225
369
217
363
271
454
271
346
286
435
284
346
286
436
284
346
286
434
284
276
168
360
166
354
223
440
219
354
223
441
219
340
275
429
274
340
275
428
272
340
275
428
273
340
275
427
273
215
143
304
148
215
143
308
141
215
143
303
149
265
136
351
138
265
136
351
137
265
136
350
136
339
275
429
274
339
275
428
273
339
275
427
273
469
213
567
208
469
213
568
205
348
286
436
283
348
286
437
284
348
286
435
284
348
286
436
284
348
286
434
284
278
187
362
186
363
224
450
220
363
224
449
220
276
163
360
160
340
277
428
275
333
282
423
281
333
282
420
280
333
282
416
280
335
283
423
281
335
283
419
282
339
282
430
281
318
288
405
286
318
288
403
285
318
288
402
285
343
230
429
226
343
230
432
226
343
230
431
227
217
139
308
138
217
139
308
141
351
226
438
223
351
226
437
223
351
226
437
222
341
226
430
222
278
288
364
283
278
288
364
282
278
288
364
285
278
288
365
283
292
298
378
296
220
131
308
138
220
131
307
139
346
228
434
225
346
228
433
224
346
228
432
226
346
228
431
227
334
201
421
197
334
201
422
198
334
201
421
198
334
201
421
199
353
279
444
278
353
279
442
278
317
202
403
199
353
226
439
223
353
226
439
220
353
226
439
222
281
217
365
214
264
135
351
137
264
135
350
136
348
272
438
271
348
272
437
270
348
272
436
271
348
272
437
272
348
272
437
271
472
217
571
211
335
202
422
198
335
202
421
198
335
202
425
198
335
202
421
199
208
145
296
152
196
169
287
173
196
169
287
170
196
169
287
172
196
169
287
174
339
279
427
277
339
279
427
278
289
255
374
252
289
255
376
253
289
255
376
252
289
255
375
252
289
255
374
253
289
255
375
251
289
255
375
253
289
255
373
252
344
226
431
223
344
226
431
222
344
226
430
222
394
234
491
228
312
277
398
275
344
222
430
222
286
249
371
245
214
143
305
143
214
143
308
138
214
143
307
139
216
129
305
132
216
129
303
139
216
129
303
138
216
129
306
129
216
129
306
134
216
129
308
128
393
234
489
228
349
224
434
221
349
224
435
220
346
270
437
270
346
270
436
269
337
201
424
197
337
201
425
198
209
111
299
115
209
111
299
116
282
286
366
282
282
286
370
283
282
286
367
282
282
286
368
283
326
276
413
276
326
276
416
274
270
164
353
161
364
262
457
260
364
262
456
260
208
150
299
154
319
277
403
275
319
277
405
274
319
277
405
275
339
280
427
278
361
276
452
276
361
276
447
274
361
276
452
274
361
276
453
274
361
276
450
274
277
191
362
195
286
213
370
211
286
213
370
210
286
213
370
212
286
213
370
213
280
211
364
211
263
153
348
156
263
153
350
158
321
273
408
271
321
273
408
270
215
142
305
143
215
142
308
138
215
142
307
139
287
250
372
248
287
250
373
248
275
153
361
156
275
153
360
156
275
153
360
155
275
153
360
152
324
272
409
270
324
272
411
270
324
272
411
269
288
299
373
297
320
203
404
200
289
251
376
246
289
251
375
249
289
251
373
248
292
300
378
296
276
166
362
166
276
166
362
167
280
217
365
214
275
161
359
160
275
161
359
162
275
161
360
160
275
161
359
159
275
161
358
155
287
254
374
252
287
254
373
251
287
254
373
252
284
212
369
210
346
273
436
272
346
273
434
271
346
273
434
272
219
124
306
134
219
124
308
128
362
226
448
222
486
204
592
192
347
271
438
271
347
271
437
270
347
271
436
271
347
271
436
269
347
271
437
271
332
277
421
275
317
287
408
285
317
287
403
285
317
287
406
284
317
287
402
284
355
279
445
277
355
279
444
277
355
279
444
278
355
279
442
278
354
220
440
218
354
220
440
219
346
284
436
283
346
284
435
281
283
226
368
218
348
270
438
270
348
270
437
270
348
270
436
269
317
277
403
275
317
277
404
274
317
277
403
276
317
277
405
275
313
276
400
275
277
173
363
177
277
173
363
175
197
165
287
170
284
226
369
218
284
226
369
217
321
203
406
200
264
153
348
156
264
153
350
158
264
153
348
154
276
161
361
160
276
161
360
158
276
161
360
160
330
277
419
275
287
251
372
248
287
251
373
248
365
270
458
268
362
276
452
274
362
276
453
274
362
276
450
274
274
160
359
160
274
160
357
155
274
160
359
162
274
160
360
160
274
160
359
159
274
160
358
155
397
235
491
228
335
199
423
196
266
156
352
159
266
156
350
158
266
156
353
161
214
145
304
148
214
145
304
149
214
145
308
141
214
145
303
149
247
264
334
259
318
202
404
200
318
202
403
199
356
227
443
222
356
227
443
226
337
197
425
194
291
256
376
253
291
256
375
252
291
256
375
253
285
215
369
212
285
215
370
211
285
215
369
210
343
227
431
223
343
227
431
222
343
227
430
222
360
226
446
223
345
273
434
271
345
273
434
272
365
222
450
220
288
251
372
248
288
251
373
248
471
214
570
207
221
129
308
138
221
129
309
133
262
152
348
156
277
156
361
156
272
155
356
156
272
155
357
153
272
155
357
155
272
155
355
155
332
204
420
201
332
204
419
200
332
204
421
199
332
204
423
200
284
215
369
212
284
215
369
210
284
215
368
215
376
230
466
226
288
301
373
297
293
234
377
227
364
264
457
262
364
264
457
263
336
199
423
196
336
199
425
195
336
199
424
197
211
146
305
143
211
146
301
149
211
146
303
146
335
203
422
198
335
203
421
198
335
203
421
199
335
203
423
200
366
266
458
265
336
198
425
195
335
204
424
201
335
204
423
201
335
204
426
200
335
204
421
199
335
204
423
200
280
219
365
217
280
219
365
216
280
219
365
214
365
263
457
262
365
263
457
263
278
205
363
202
278
205
363
203
349
228
434
225
366
262
457
262
366
262
457
263
371
221
453
218
362
225
448
221
362
225
448
222
362
225
449
220
291
244
376
242
285
213
369
212
285
213
369
210
285
213
370
210
359
226
445
222
359
226
446
221
359
226
446
223
284
214
369
210
284
214
368
215
349
280
438
278
349
280
436
278
349
280
436
279
349
280
438
279
349
273
438
271
349
273
436
272
349
273
436
271
349
273
437
272
349
273
437
271
349
226
434
225
349
226
437
223
266
153
352
152
266
153
352
159
266
153
353
158
266
153
352
154
266
153
349
152
354
270
445
270
354
270
443
270
354
270
444
270
354
270
446
269
354
270
441
269
323
276
408
274
323
276
408
275
323
276
409
274
323
276
409
275
210
147
301
149
210
147
303
146
484
204
590
193
484
204
592
192
275
152
361
156
275
152
360
152
322
275
410
272
322
275
408
274
322
275
409
274
322
275
411
273
271
157
353
152
271
157
356
156
271
157
357
161
271
157
353
153
271
157
355
155
358
228
445
222
269
152
353
152
269
152
352
152
269
152
357
161
269
152
353
153
269
152
355
155
212
137
304
133
212
137
301
142
212
137
305
132
212
137
303
139
212
137
303
138
212
137
306
129
212
137
307
127
212
137
302
138
212
137
304
132
220
128
308
138
220
128
307
139
220
128
309
131
220
128
309
133
220
128
307
138
352
279
442
278
325
277
408
275
325
277
413
276
325
277
410
276
325
277
409
275
214
136
304
139
214
136
303
139
214
136
301
145
214
136
306
134
214
136
308
128
347
225
433
224
347
225
434
221
347
225
433
221
353
221
439
219
353
221
438
219
353
221
440
218
353
221
440
219
353
221
439
220
282
251
369
249
354
218
440
218
209
149
299
154
209
149
297
155
280
204
365
201
280
204
364
201
364
278
452
276
327
276
419
275
327
276
416
274
216
136
306
140
216
136
308
132
216
136
309
131
216
136
309
133
216
136
306
138
216
136
307
138
216
136
303
144
216
136
303
145
216
136
305
140
216
136
305
139
211
147
301
149
211
147
303
149
269
157
353
152
269
157
352
152
269
157
354
160
269
157
353
158
269
157
352
154
269
157
356
162
269
157
353
153
269
157
356
163
331
284
419
282
312
287
403
285
312
287
402
285
312
287
399
284
278
172
364
173
353
220
439
219
353
220
440
218
353
220
440
219
353
220
439
220
339
284
428
282
339
284
427
282
358
227
445
222
213
138
304
139
213
138
303
139
213
138
301
145
213
138
306
134
213
138
308
128
283
256
369
253
278
287
364
283
278
287
365
282
278
287
364
282
278
287
365
283
274
156
360
156
274
156
357
153
274
156
357
155
274
156
360
158
274
156
359
159
274
156
358
155
352
273
440
272
277
172
362
172
347
280
436
278
347
280
436
279
216
125
304
133
216
125
305
132
216
125
306
129
216
125
307
127
216
125
304
132
328
276
420
275
328
276
419
275
328
276
416
274
350
228
437
223
284
220
369
216
284
220
369
212
284
220
369
217
363
276
452
274
285
216
369
212
285
216
370
212
285
216
370
213
277
287
364
283
340
283
428
282
340
283
427
282
340
283
430
281
314
287
403
285
314
287
402
285
314
287
402
284
314
287
399
284
215
144
304
148
215
144
304
149
215
144
308
141
215
144
303
149
357
269
448
269
357
269
446
269
283
225
368
218
319
203
404
200
319
203
403
199
288
254
374
252
288
254
375
252
288
254
375
251
288
254
373
251
288
254
373
252
364
260
458
257
364
260
456
260
349
272
438
271
349
272
438
270
349
272
437
270
349
272
436
271
349
272
440
272
349
272
437
271
284
218
369
212
284
218
369
210
279
203
364
201
340
284
428
282
340
284
427
282
282
224
367
217
215
145
304
149
361
226
448
221
361
226
448
222
338
271
427
269
338
271
426
269
395
234
491
228
219
126
308
132
219
126
309
131
219
126
306
134
213
115
303
120
267
156
352
159
267
156
354
160
267
156
353
158
267
156
352
154
267
156
353
161
223
87
312
89
364
221
449
219
332
203
420
201
332
203
419
200
332
203
421
199
332
203
423
200
355
280
444
277
355
280
444
278
355
280
442
278
221
125
309
131
221
125
309
133
221
125
313
126
287
247
371
245
280
213
364
211
351
273
438
271
351
273
440
272
340
279
427
277
218
135
308
138
218
135
307
139
218
135
309
133
218
135
307
138
371
223
454
220
371
223
457
220
371
223
456
220
371
223
455
221
371
223
453
220
347
228
434
225
347
228
433
224
347
228
432
227
347
228
432
226
208
162
299
164
353
269
446
269
353
269
441
269
359
271
448
269
448
217
548
210
448
217
547
210
277
188
362
186
212
147
304
148
212
147
303
149
266
154
352
159
266
154
353
158
266
154
352
154
266
154
349
152
345
220
432
217
286
252
372
248
286
252
373
248
396
235
491
228
364
280
451
278
287
252
372
248
287
252
373
248
344
224
431
223
344
224
431
222
344
224
430
222
291
231
376
223
212
139
304
139
212
139
303
139
212
139
303
138
212
139
300
145
212
139
301
145
222
129
308
141
210
111
299
116
286
250
372
248
280
225
365
217
353
219
439
219
275
167
360
166
275
167
360
168
275
167
362
171
336
201
422
198
336
201
424
197
336
201
425
198
265
139
349
138
283
219
368
215
213
143
305
143
213
143
306
140
213
143
301
149
213
143
307
139
213
143
303
146
213
143
307
138
213
143
303
145
368
222
453
218
368
222
451
220
222
126
309
133
