6_6_l.jpg
6_6_r.jpg
253
215
78
209
253
215
77
207
253
215
76
208
253
215
78
208
253
215
76
209
253
215
78
212
253
215
76
210
253
215
77
210
255
221
74
211
255
221
79
216
255
221
79
217
255
221
78
215
255
221
77
214
255
221
76
211
255
221
77
215
255
221
76
215
255
221
76
212
255
221
78
212
255
221
78
213
255
221
75
211
255
221
78
216
255
223
74
211
255
223
79
216
255
223
79
217
255
223
78
215
255
223
77
214
255
223
75
215
255
223
74
212
255
223
77
215
255
223
76
215
255
223
78
216
258
227
79
217
258
227
75
215
258
227
76
215
544
67
373
80
544
67
373
81
255
217
78
209
255
217
76
208
255
217
78
208
255
217
76
209
255
217
76
211
255
217
78
212
255
217
78
213
255
217
76
210
255
217
77
210
254
215
78
209
254
215
77
207
254
215
76
208
254
215
78
207
254
215
78
208
254
215
76
209
254
215
77
210
262
228
79
216
262
228
79
217
257
218
78
209
257
218
78
208
257
218
78
212
257
218
77
210
544
69
375
79
253
220
74
211
253
220
79
216
253
220
73
209
253
220
79
217
253
220
73
212
253
220
78
215
253
220
77
214
253
220
75
215
253
220
74
212
253
220
76
211
253
220
77
215
253
220
76
215
253
220
76
212
253
220
78
213
253
220
75
211
253
220
78
216
261
228
79
216
261
228
79
217
261
228
78
216
252
215
78
209
252
215
76
208
252
215
76
209
252
215
76
211
252
215
78
212
252
215
76
210
252
215
77
210
251
222
73
212
251
222
75
215
251
222
73
213
251
222
72
213
251
222
77
215
251
222
76
215
251
222
72
212
251
222
71
212
251
222
78
216
260
226
79
216
260
226
79
217
260
226
78
215
260
226
78
216
249
233
69
222
544
68
375
79
255
216
78
209
255
216
77
207
255
216
76
208
255
216
78
207
255
216
78
208
255
216
76
209
255
216
78
212
255
216
76
210
255
216
77
210
260
228
79
217
260
228
78
216
255
218
78
209
255
218
76
208
255
218
76
209
255
218
76
211
255
218
76
212
255
218
78
212
255
218
78
213
255
218
76
210
255
218
77
210
255
215
78
209
255
215
77
207
255
215
76
208
255
215
78
207
255
215
78
208
256
218
78
209
256
218
76
208
256
218
76
209
256
218
76
211
256
218
78
212
256
218
78
213
256
218
76
210
256
218
77
210
248
230
69
222
252
219
74
211
252
219
79
216
252
219
73
209
252
219
79
217
252
219
73
212
252
219
78
215
252
219
77
214
252
219
75
215
252
219
73
213
252
219
74
212
252
219
76
211
252
219
77
215
252
219
76
215
252
219
76
212
252
219
78
213
252
219
75
211
252
219
78
216
251
219
74
211
251
219
79
216
251
219
73
209
251
219
79
217
251
219
73
212
251
219
78
215
251
219
77
214
251
219
75
215
251
219
73
213
251
219
74
212
251
219
77
215
251
219
76
215
251
219
76
212
251
219
72
212
251
219
75
211
251
219
78
216
256
217
78
209
256
217
77
207
256
217
76
208
256
217
78
208
256
217
76
209
256
217
78
212
256
217
76
210
256
217
77
210
255
219
77
214
255
219
76
209
255
219
76
211
255
219
76
212
255
219
78
212
255
219
78
213
255
219
75
211
255
219
76
210
255
219
77
210
246
230
67
222
246
230
69
222
257
224
79
216
257
224
78
215
257
224
77
214
257
224
77
215
257
224
76
215
255
220
79
216
255
220
78
215
255
220
77
214
255
220
76
211
255
220
77
215
255
220
76
212
255
220
78
212
255
220
78
213
255
220
75
211
255
220
76
210
255
220
77
210
256
219
76
209
256
219
76
211
256
219
76
212
256
219
78
212
256
219
78
213
256
219
76
210
256
219
77
210
252
218
74
211
252
218
79
216
252
218
73
209
252
218
78
215
252
218
77
214
252
218
74
212
252
218
76
211
252
218
77
215
252
218
76
212
252
218
78
212
252
218
78
213
252
218
75
211
252
218
76
210
252
218
78
216
252
222
79
217
252
222
73
212
252
222
78
215
252
222
75
215
252
222
73
213
252
222
74
212
252
222
72
213
252
222
77
215
252
222
76
215
252
222
72
212
252
222
78
216
253
221
74
211
253
221
79
216
253
221
79
217
253
221
73
212
253
221
78
215
253
221
77
214
253
221
75
215
253
221
73
213
253
221
74
212
253
221
77
215
253
221
76
215
253
221
76
212
253
221
75
211
253
221
78
216
259
227
79
217
259
227
77
215
259
227
76
215
259
227
78
216
256
223
74
211
256
223
79
216
256
223
79
217
256
223
78
215
256
223
77
214
256
223
75
215
256
223
77
215
256
223
76
215
256
223
76
212
256
223
78
216
256
222
79
216
256
222
79
217
256
222
78
215
256
222
77
214
256
222
76
211
256
222
77
215
256
222
76
215
256
222
76
212
256
222
78
213
256
222
75
211
256
224
79
216
256
224
79
217
256
224
78
215
256
224
77
214
256
224
75
215
256
224
74
212
256
224
77
215
256
224
76
215
256
224
78
216
262
229
79
217
260
227
79
216
260
227
79
217
260
227
78
215
260
227
77
215
260
227
78
216
258
226
79
216
258
226
79
217
258
226
77
215
258
226
76
215
258
226
78
216
252
221
74
211
252
221
79
216
252
221
79
217
252
221
73
212
252
221
78
215
252
221
77
214
252
221
75
215
252
221
73
213
252
221
74
212
252
221
72
213
252
221
77
215
252
221
76
215
252
221
72
212
252
221
78
216
253
219
74
211
253
219
79
216
253
219
73
209
253
219
79
217
253
219
78
215
253
219
77
214
253
219
74
212
253
219
76
211
253
219
77
215
253
219
76
215
253
219
76
212
253
219
78
212
253
219
78
213
253
219
75
211
253
219
76
210
253
219
78
216
