S31_01.png
S31_02.png
153
237
47
213
152
237
47
213
154
236
47
213
284
239
195
237
285
242
188
239
285
242
194
240
285
242
195
240
285
243
195
241
284
243
195
241
286
213
197
209
286
213
197
208
286
213
195
208
286
213
196
208
288
212
197
208
288
213
197
209
288
214
197
209
289
240
195
237
289
240
195
238
289
241
193
239
289
241
195
238
289
241
194
239
286
242
188
239
286
242
190
239
286
242
194
240
286
242
195
240
288
242
188
239
288
242
190
239
288
242
193
239
288
242
194
240
288
242
195
240
291
209
203
205
291
209
202
206
291
209
206
205
293
237
197
235
293
237
198
234
290
237
197
235
290
237
198
234
293
240
195
237
293
240
195
238
292
238
197
235
292
238
197
236
292
238
196
236
293
238
197
235
293
238
197
236
293
238
196
236
290
238
197
235
290
238
197
236
290
238
196
236
290
240
195
237
290
240
195
238
293
241
193
239
293
241
195
238
293
241
194
239
293
241
195
239
295
209
206
205
295
236
198
234
295
236
199
235
296
236
201
234
296
236
198
234
296
236
199
235
297
237
197
235
297
237
201
234
297
237
199
235
295
237
197
235
295
237
198
234
295
237
199
235
296
237
197
235
296
237
198
234
296
237
199
235
297
236
201
234
297
236
198
234
297
236
199
235
301
235
204
233
301
235
205
233
301
235
206
233
301
235
207
234
301
235
206
234
298
236
201
234
298
236
198
234
298
236
199
235
298
236
204
234
298
236
207
234
298
236
206
234
298
236
206
235
302
220
215
220
304
220
215
220
309
202
224
201
308
204
223
203
320
227
233
229
318
227
231
229
319
236
225
236
319
236
225
237
319
236
226
236
319
236
229
237
319
236
228
237
319
236
226
237
319
236
229
238
319
236
228
239
319
236
229
239
319
236
230
238
319
236
233
239
319
236
230
239
319
236
232
239
320
237
226
237
320
237
229
238
320
237
228
239
320
237
229
239
320
237
230
238
320
237
232
240
320
237
233
239
320
237
230
239
320
237
232
239
320
237
231
240
320
237
236
240
320
237
235
240
321
237
229
238
321
237
228
239
321
237
229
239
321
237
230
238
321
237
232
240
321
237
233
239
321
237
230
239
321
237
232
239
321
237
231
240
321
237
236
240
321
237
235
240
322
237
229
238
322
237
228
239
322
237
229
239
322
237
230
238
322
237
232
240
322
237
233
239
322
237
230
239
322
237
232
239
322
237
231
240
322
237
236
240
322
237
235
240
322
237
237
240
322
238
228
239
322
238
229
239
322
238
232
241
322
238
232
240
322
238
230
239
322
238
231
240
322
238
236
240
322
238
235
240
322
238
237
240
329
237
233
239
329
237
236
240
329
237
235
240
329
237
237
240
329
237
241
241
329
237
239
240
329
237
239
241
329
237
240
241
329
237
238
240
329
237
242
241
326
237
229
238
326
237
229
239
326
237
232
240
326
237
233
239
326
237
230
239
326
237
232
239
326
237
231
240
326
237
236
240
326
237
235
240
326
237
237
240
326
237
239
240
326
237
238
240
327
240
232
241
327
240
241
245
333
237
237
240
333
237
241
241
333
237
239
240
333
237
238
240
333
237
244
239
333
237
243
241
333
237
242
241
333
237
244
240
332
237
236
240
332
237
237
240
332
237
241
241
332
237
239
240
332
237
240
241
332
237
238
240
332
237
243
241
332
237
242
241
332
237
244
240
330
237
236
240
330
237
235
240
330
237
237
240
330
237
241
241
330
237
239
240
330
237
239
241
330
237
240
241
330
237
238
240
330
237
242
241
333
238
236
240
333
238
237
240
333
238
241
241
333
238
239
240
333
238
239
241
333
238
240
241
333
238
238
240
333
238
243
241
333
238
242
241
333
238
244
240
333
238
242
242
333
238
245
243
332
240
241
241
332
240
239
241
332
240
240
241
332
240
242
242
330
240
241
241
330
240
239
241
330
240
240
241
330
240
242
242
330
240
241
245
333
239
241
241
333
239
239
241
333
239
240
241
333
239
243
241
333
239
242
241
333
239
242
242
333
239
245
243
331
240
241
241
331
240
239
241
331
240
240
241
331
240
242
241
331
240
242
242
331
240
241
245
333
240
241
241
333
240
239
241
333
240
240
241
333
240
242
241
333
240
242
242
333
240
245
243
333
240
241
245
336
225
245
228
336
225
246
229
335
225
245
228
335
225
246
229
335
226
246
229
334
237
239
240
334
237
238
240
334
237
244
239
334
237
243
241
334
237
242
241
334
237
244
240
334
237
246
241
335
237
244
239
335
237
243
241
335
237
244
240
335
237
246
241
335
237
247
241
336
238
243
241
336
238
244
240
336
238
245
243
336
238
246
241
336
238
247
241
337
238
244
240
337
238
246
241
337
238
247
241
337
238
248
242
337
241
245
243
337
241
248
245
341
68
281
73
338
227
249
231
345
68
288
74
340
241
248
245
344
240
251
245
343
241
251
245
345
241
251
245
345
238
252
242
345
238
254
243
345
238
255
243
343
239
251
242
343
239
252
242
343
239
250
242
344
241
251
245
343
238
250
241
343
238
251
242
343
238
252
242
349
68
288
74
349
68
291
75
346
68
288
74
347
68
288
74
348
238
254
243
348
238
255
242
348
238
255
243
348
238
256
242
347
238
254
243
347
238
255
242
347
238
255
243
347
238
256
242
351
66
289
73
351
66
292
73
351
66
291
73
351
66
290
73
350
69
288
75
350
69
289
75
352
67
289
73
352
67
290
73
352
67
292
74
352
67
293
74
352
67
294
75
352
67
295
75
350
68
288
74
350
68
291
75
350
66
289
73
350
66
292
73
350
66
291
73
351
69
292
76
351
69
288
75
351
69
289
75
351
237
257
242
351
237
256
242
351
237
258
242
351
237
260
243
351
237
258
243
351
237
261
243
351
237
260
242
351
237
259
242
350
236
259
241
352
237
257
242
352
237
258
242
352
237
260
243
352
237
258
243
352
237
261
243
352
237
260
242
352
237
259
242
352
237
262
243
354
67
292
73
354
67
291
73
354
67
290
73
354
67
292
74
354
67
293
74
354
67
294
75
354
67
296
75
354
67
294
74
354
67
295
75
354
66
292
73
354
66
291
73
354
66
290
73
354
66
292
74
354
66
293
74
354
66
295
74
354
66
294
74
357
69
292
76
357
69
296
77
357
69
295
76
357
69
294
77
357
69
298
78
357
69
299
78
357
69
297
78
355
66
292
73
355
66
291
73
355
66
293
74
355
66
297
75
355
66
295
74
355
66
294
74
356
69
292
76
356
69
296
77
356
69
295
76
356
69
294
77
356
66
292
73
356
66
291
73
356
66
293
74
356
66
297
75
356
66
295
74
356
66
294
74
355
237
263
243
355
237
262
243
352
238
259
244
352
238
258
242
352
238
260
243
352
238
258
243
352
238
261
243
352
238
262
243
359
67
293
74
359
67
296
75
359
67
297
75
359
67
295
74
359
67
294
74
359
67
295
75
359
67
300
76
359
67
298
76
359
67
299
76
358
69
292
76
358
69
296
77
358
69
294
77
358
69
298
78
358
69
299
78
358
69
297
78
358
69
302
79
361
67
296
75
361
67
297
75
361
67
295
74
361
67
294
74
361
67
300
76
361
67
298
76
361
67
299
76
360
67
293
74
360
67
296
75
360
67
297
75
360
67
295
74
360
67
294
74
360
67
295
75
360
67
300
76
360
67
298
76
360
67
299
76
360
69
296
77
360
69
295
76
360
69
298
78
360
69
299
78
360
69
297
78
360
69
304
79
360
69
302
79
361
73
296
81
361
73
299
81
359
72
296
81
359
72
300
81
359
72
297
80
359
72
299
80
359
72
299
81
360
73
296
81
360
73
299
81
361
72
300
81
361
72
297
80
361
72
299
80
361
72
299
81
361
72
302
81
360
72
300
81
360
72
297
80
360
72
299
80
360
72
299
81
359
70
294
77
359
70
298
78
359
70
299
78
359
70
297
78
359
70
296
78
359
70
297
79
359
70
298
79
358
73
296
81
359
71
301
80
359
71
297
80
359
71
299
80
359
71
297
79
359
71
298
79
359
237
269
244
359
237
271
244
358
240
269
246
358
240
268
246
359
238
269
244
359
238
268
245
359
238
269
245
359
238
269
246
358
239
268
245
358
239
269
245
358
239
269
246
358
239
268
246
360
239
268
245
360
239
269
245
360
239
272
246
360
239
269
246
360
239
268
246
359
240
269
246
359
240
268
246
361
239
269
245
361
239
272
246
361
239
269
246
363
68
300
76
363
68
298
76
363
68
299
76
363
68
300
77
363
68
301
77
363
68
303
77
363
68
302
77
363
68
305
78
363
68
304
78
363
68
303
78
363
68
306
79
364
68
300
76
364
68
298
76
364
68
299
76
364
68
300
77
364
68
301
77
364
68
303
77
364
68
302
77
364
68
305
78
364
68
304
78
364
68
303
78
364
68
307
79
364
68
306
79
365
68
300
76
365
68
298
76
365
68
299
76
365
68
300
77
365
68
301
77
365
68
303
77
365
68
302
77
365
68
305
78
365
68
304
78
365
68
303
78
365
68
306
79
365
72
300
81
365
72
297
80
365
72
299
81
365
72
303
81
365
72
302
81
365
72
304
82
365
73
296
81
365
73
304
83
364
72
300
81
364
72
297
80
364
72
299
80
364
72
299
81
364
72
303
81
364
72
302
81
364
72
304
82
364
70
296
77
364
70
298
78
364
70
299
78
364
70
301
80
364
70
297
78
364
70
296
78
364
70
298
79
364
70
304
80
364
70
302
79
364
70
303
79
362
72
300
81
362
72
297
80
362
72
299
80
362
72
299
81
362
72
302
81
365
222
276
228
365
222
276
229
365
222
280
230
364
234
275
242
363
237
271
243
363
237
271
244
363
237
273
245
363
237
274
244
363
237
275
244
363
237
274
245
363
238
271
244
363
238
273
245
363
238
274
245
363
239
273
245
363
239
272
246
365
239
273
245
365
239
272
246
365
239
274
245
366
68
300
76
366
68
298
76
366
68
299
76
366
68
300
77
366
68
301
77
366
68
303
77
366
68
302
77
366
68
305
78
366
68
304
78
366
68
303
78
366
68
306
79
368
69
298
76
368
69
300
77
368
69
301
77
368
69
303
77
368
69
302
77
368
69
304
79
368
69
305
78
368
69
304
78
368
69
303
78
368
69
303
79
368
69
307
79
368
69
306
79
369
69
300
76
369
69
299
76
369
69
300
77
369
69
301
77
369
69
303
77
369
69
302
77
369
69
304
79
369
69
305
78
369
69
304
78
369
69
303
78
369
69
307
79
369
69
306
79
366
73
300
81
366
73
299
81
366
73
304
83
366
73
305
83
366
70
298
78
366
70
299
78
366
70
297
78
366
70
304
79
366
70
304
80
366
70
302
79
366
70
303
79
368
73
300
81
368
73
299
81
368
73
304
83
368
73
306
83
368
73
305
83
366
71
301
80
366
71
299
80
366
71
297
79
366
71
298
79
366
71
303
81
366
71
302
81
366
71
304
80
366
71
302
79
367
73
300
81
367
73
299
81
367
73
304
83
367
73
304
82
367
73
306
83
367
73
305
83
366
72
300
81
366
72
297
80
366
72
299
80
366
72
299
81
366
72
303
81
366
72
302
81
366
72
304
82
368
224
280
232
366
222
276
228
366
222
276
229
366
222
280
230
368
227
276
234
367
230
276
237
367
230
280
238
366
231
279
240
366
233
280
242
366
236
274
243
367
236
274
243
367
236
279
244
367
236
280
245
367
237
274
244
367
237
274
243
367
237
275
244
373
69
305
78
370
69
298
76
370
69
299
76
370
69
300
77
370
69
301
77
370
69
303
77
370
69
302
77
370
69
305
78
370
69
304
78
370
69
303
78
370
69
307
79
370
69
306
79
373
70
306
79
370
72
301
80
370
72
299
80
370
72
303
81
370
70
304
79
370
70
304
78
370
70
303
78
370
70
303
79
370
70
306
79
371
71
304
80
371
71
302
79
371
71
303
79
372
70
304
79
372
70
303
78
372
70
307
79
372
70
306
79
371
72
301
80
371
72
308
82
373
257
271
265
374
70
307
79
375
247
280
252
375
247
281
251
377
245
283
253
377
245
282
250
377
245
282
251
377
247
281
251
377
247
283
253
377
247
282
252
377
247
282
251
375
244
281
251
375
244
282
250
375
244
282
252
375
244
282
251
376
245
281
251
376
245
282
250
376
245
282
252
376
245
282
251
376
248
280
252
375
245
281
251
375
245
282
250
375
245
282
252
375
245
282
251
376
256
271
265
374
264
271
273
379
262
279
271
379
262
280
271
379
263
277
272
382
235
291
244
381
235
289
245
380
235
288
245
380
235
289
245
383
235
291
244
384
235
291
244
384
235
292
245
387
235
295
245
387
237
294
247
388
263
292
273
389
264
293
274
389
264
294
274
392
264
297
275
390
264
294
274
399
264
303
275
400
264
303
275
407
228
317
241
407
228
316
241
469
232
369
253
469
232
368
253
470
231
368
252
470
231
369
252
472
265
372
285
473
264
373
284
473
264
372
283
473
264
372
285
472
264
372
283
473
265
372
285
472
267
370
287
472
267
371
287
474
233
369
253
474
233
368
253
474
233
377
255
477
233
376
254
477
233
378
255
477
258
377
279
474
261
372
281
475
262
373
282
474
264
373
284
474
264
372
283
474
264
372
285
475
265
374
285
475
267
373
288
475
267
374
287
474
267
372
288
474
267
373
288
474
267
374
287
474
274
371
295
477
274
373
295
478
260
378
280
480
256
380
277
478
258
377
279
478
259
377
279
478
259
378
280
480
259
377
279
480
259
378
280
480
259
379
280
480
259
380
280
479
258
377
279
481
275
376
296
481
275
377
296
481
275
378
296
478
274
376
296
484
261
384
282
484
261
383
281
483
260
380
280
483
260
383
281
483
256
380
277
485
259
384
281
485
259
383
281
484
264
384
287
484
264
384
286
489
263
387
285
489
263
388
287
487
265
385
288
487
265
386
288
488
260
388
282
486
265
384
287
486
265
385
288
486
265
383
288
486
265
384
286
486
265
386
288
488
265
385
288
488
265
386
286
488
265
386
288
487
266
385
288
487
266
386
288
488
266
386
288
488
271
385
293
488
276
384
298
488
276
383
298
487
276
383
298
487
274
383
296
487
274
382
297
487
274
383
298
491
270
389
294
492
270
389
294
492
270
390
294
493
270
390
294
497
260
396
284
497
260
397
285
496
258
395
282
496
264
394
288
496
264
395
289
494
270
391
295
500
261
398
285
498
263
396
286
498
263
396
287
507
233
408
261
508
236
411
263
508
236
410
262
507
236
411
262
507
236
410
262
509
236
412
263
509
236
411
263
519
221
428
252
519
224
424
253
519
224
428
252
525
267
417
294
526
267
417
294
532
256
429
286
531
257
429
286
540
235
440
267
542
232
440
264
542
233
440
264
542
233
445
266
542
236
440
267
544
235
445
268
542
234
440
267
545
242
442
273
545
242
444
276
547
229
445
263
558
237
454
269
559
237
455
269
561
238
456
271
562
239
457
272
562
239
457
271
562
240
457
272
563
240
457
272
565
240
460
273
564
241
458
273
566
239
461
272
