image_2051.jpg
image_2052.jpg
103
419
94
540
295
195
292
271
283
219
279
290
275
198
272
270
275
198
272
273
275
198
272
272
282
220
279
291
282
220
279
290
296
194
293
271
296
194
292
271
273
197
271
270
273
197
270
270
104
417
95
538
104
417
94
540
276
197
275
269
263
33
263
109
298
190
295
266
273
199
271
270
105
422
97
535
105
422
95
542
105
422
97
537
105
422
96
540
298
187
295
259
283
220
279
290
295
193
292
271
271
198
269
270
264
34
263
110
264
34
264
110
264
34
264
109
264
34
263
111
272
198
271
270
272
198
270
270
298
188
295
259
265
37
264
114
264
35
263
111
262
32
262
108
270
198
268
270
