24_24_l.jpg
24_24_r.jpg
252
134
79
101
251
134
79
101
280
121
116
91
281
121
116
91
297
130
134
106
301
132
139
109
304
128
141
106
304
128
144
107
302
132
139
109
302
133
137
109
302
130
139
107
305
131
144
109
305
131
142
109
304
131
139
107
304
131
144
109
304
131
142
109
309
133
149
112
309
133
148
111
310
131
144
108
310
131
150
110
310
131
152
110
310
131
151
110
310
132
144
109
310
132
151
111
310
132
150
110
310
132
148
111
313
131
152
109
313
131
150
110
313
131
152
110
313
131
151
110
313
131
155
110
311
130
144
107
311
130
150
108
311
130
152
109
311
130
154
109
312
132
151
111
312
132
150
110
312
132
152
110
312
132
151
110
312
134
151
113
312
134
152
113
312
134
149
112
312
134
150
113
312
134
148
111
313
135
151
113
313
135
152
113
313
135
149
112
313
135
148
113
313
135
150
113
311
135
151
113
311
135
148
113
311
135
150
113
311
134
151
113
311
134
152
113
311
134
149
112
311
134
150
113
311
134
148
111
309
134
151
113
309
134
152
113
309
134
149
112
309
134
150
113
312
135
151
113
312
135
152
113
312
135
149
112
312
135
148
113
312
135
150
113
308
134
151
113
308
134
148
113
308
134
150
113
309
135
148
113
312
136
148
113
310
135
148
113
310
135
150
113
317
133
151
111
317
133
150
110
317
133
152
110
317
133
151
110
317
133
157
111
317
133
156
111
317
133
155
112
317
133
158
112
317
130
150
108
317
130
152
108
317
130
152
109
317
130
154
109
317
130
155
109
314
130
150
108
314
130
152
108
314
130
152
109
314
130
154
109
314
130
155
109
317
131
150
108
317
131
152
109
317
131
152
110
317
131
154
109
317
131
155
109
317
131
155
110
316
132
150
110
316
132
152
110
316
132
151
110
316
132
157
111
316
132
156
111
316
132
155
110
315
133
151
111
315
133
150
110
315
133
148
111
315
133
151
110
315
133
155
112
315
133
158
112
315
131
152
109
315
131
152
110
315
131
151
110
315
131
154
109
315
131
155
109
315
131
155
110
314
136
148
113
314
136
150
113
317
135
151
113
317
135
152
113
317
135
149
112
317
134
151
111
317
134
148
111
317
134
155
112
317
134
158
113
320
130
152
108
320
130
155
109
320
131
152
109
320
131
154
109
320
131
155
109
320
131
155
110
319
132
152
110
319
132
151
110
319
132
157
111
319
132
156
111
319
132
155
110
318
133
151
111
318
133
152
110
318
133
157
111
318
133
156
111
318
133
155
112
318
133
158
112
320
133
157
111
320
133
156
111
320
133
155
112
320
133
158
112
320
135
158
113
349
134
195
119
350
135
196
120
350
135
201
120
352
135
201
120
350
145
204
129
360
129
203
115
360
129
204
115
360
129
205
115
361
130
204
116
360
132
204
118
362
128
205
114
362
128
206
114
362
131
205
117
