paris_invalides_000662_sm_4.jpg
paris_invalides_000663.jpg
302
233
310
193
302
233
313
196
302
233
314
197
307
245
320
215
302
247
315
217
293
239
300
197
293
239
300
196
305
243
317
212
305
243
311
202
305
243
320
216
300
234
312
198
300
234
308
194
300
234
309
195
205
229
172
187
199
244
164
208
199
244
165
206
303
234
314
197
296
246
301
202
303
235
314
198
199
243
162
208
199
243
162
209
199
243
165
205
303
241
311
202
304
241
317
211
304
241
311
201
296
243
300
197
196
245
159
211
302
238
308
195
296
233
306
193
296
233
306
194
308
247
315
208
308
247
320
215
199
241
165
203
199
241
165
202
299
235
311
199
299
235
308
195
299
235
310
198
300
231
307
189
296
229
307
190
296
229
306
190
296
229
307
189
307
249
320
218
294
236
300
193
294
236
303
195
293
238
300
196
293
238
303
198
213
229
175
192
297
231
307
191
297
231
306
190
310
247
320
212
306
244
315
208
306
244
317
211
306
244
320
215
293
228
302
187
293
228
301
186
293
228
306
190
296
236
301
192
299
232
310
194
299
232
306
190
292
226
302
187
200
242
162
209
200
242
165
206
200
242
165
205
309
247
320
213
309
247
315
206
294
235
301
192
304
242
316
211
304
242
311
202
304
237
314
201
304
237
313
198
299
236
306
194
299
236
306
195
297
234
306
193
297
234
306
194
297
234
308
195
298
236
307
196
298
236
306
195
303
237
312
198
295
225
305
184
295
225
305
185
295
225
306
185
305
240
314
203
305
240
313
200
305
240
313
201
295
239
305
200
295
239
303
198
306
245
320
216
199
240
165
202
296
235
306
194
296
235
306
195
294
226
304
186
301
233
310
194
298
234
306
193
298
234
308
195
308
249
320
217
308
249
320
216
307
248
320
217
199
242
165
203
199
242
165
204
199
242
162
208
199
242
161
209
303
236
313
198
308
250
321
219
306
247
320
217
306
242
315
206
290
223
301
184
304
239
314
203
304
239
313
201
293
230
304
190
290
220
301
181
287
225
298
186
290
222
302
184
298
232
306
190
