Test400.jpg
Test410.jpg
518
280
509
280
518
280
510
280
503
284
496
284
503
284
497
284
503
284
494
284
503
284
495
283
503
284
498
284
503
260
492
260
432
171
426
171
432
171
426
170
389
198
382
197
389
198
384
197
297
219
290
217
297
219
285
217
297
219
286
217
297
219
284
217
297
219
288
217
112
149
103
145
112
149
104
145
112
149
101
145
112
149
104
146
112
149
103
146
408
177
404
176
408
177
403
178
436
208
431
207
436
208
433
206
436
208
430
207
420
159
416
158
228
191
224
188
228
191
222
188
228
191
228
187
75
148
64
144
58
227
51
222
58
227
48
223
295
153
288
152
295
153
291
149
338
180
334
178
338
180
333
179
386
187
380
186
355
192
349
191
355
192
349
193
355
192
348
191
393
177
388
177
487
287
477
286
190
188
186
185
238
221
230
218
238
221
229
218
55
225
44
220
55
225
47
219
55
225
46
221
55
225
44
221
55
225
48
219
55
225
43
221
274
181
267
178
274
181
267
177
502
284
496
284
502
284
497
284
502
284
494
284
502
284
495
283
502
284
498
284
502
284
492
283
219
151
209
148
219
151
208
147
219
151
211
147
219
151
211
148
506
263
494
263
277
177
270
174
277
177
270
173
277
177
269
173
277
177
271
174
277
177
271
173
277
177
272
173
364
199
358
197
364
199
357
197
364
199
358
198
495
285
487
284
495
285
485
284
495
285
484
284
55
226
46
221
55
226
44
221
55
226
43
221
413
175
410
173
175
223
168
220
175
223
163
220
302
154
294
153
302
154
298
151
302
154
297
152
302
154
297
151
302
154
295
153
57
229
46
224
57
229
49
224
57
229
48
223
57
229
50
224
154
184
149
182
292
219
285
217
292
219
286
217
292
219
284
217
292
219
288
217
294
155
287
153
78
162
69
157
56
222
45
217
56
222
48
217
56
222
46
217
528
269
519
269
528
269
520
270
58
225
51
221
58
225
51
220
58
225
46
221
232
188
222
185
232
188
227
184
419
175
412
174
56
176
46
170
56
176
48
170
527
273
520
273
57
224
44
220
57
224
47
219
57
224
48
219
57
224
51
219
405
172
404
171
405
172
402
173
490
267
481
266
490
267
482
267
385
191
379
190
61
177
51
172
61
177
50
172
61
177
52
172
336
164
329
163
336
164
327
162
77
165
67
161
77
165
68
160
389
166
384
166
389
166
382
167
438
204
430
203
438
204
432
203
438
204
431
203
438
204
433
204
98
211
91
209
98
211
92
209
98
211
91
208
98
211
89
206
98
211
89
207
98
211
87
206
335
183
329
181
335
183
330
181
335
183
328
182
328
180
320
179
328
180
317
179
420
169
418
167
420
169
417
168
420
169
416
168
91
207
80
203
91
207
81
203
91
207
83
204
91
207
80
202
91
207
81
202
91
207
82
202
91
207
82
203
325
180
314
179
325
180
312
179
496
259
485
258
496
259
488
259
496
259
487
259
528
267
518
268
206
181
205
179
206
181
203
178
206
181
201
178
206
181
208
180
341
205
335
203
341
205
334
203
425
178
419
178
114
212
103
209
114
212
103
208
114
212
104
208
58
176
48
170
152
186
145
182
83
145
75
140
83
145
74
140
83
145
76
140
83
145
73
140
83
145
74
141
508
285
499
285
111
149
103
145
111
149
104
145
111
149
101
145
111
149
104
146
111
149
103
146
111
149
102
146
302
153
298
150
302
153
297
151
227
181
225
178
227
181
224
179
437
208
431
207
437
208
430
207
186
187
182
183
228
190
222
188
228
190
228
187
295
219
290
217
295
219
285
217
295
219
286
217
295
219
284
217
295
219
288
217
61
141
54
136
61
141
53
136
359
193
352
192
359
193
351
191
103
150
94
145
103
150
93
145
103
150
92
145
103
150
93
146
424
168
420
168
424
168
417
169
424
168
418
167
424
168
417
168
424
168
421
166
424
168
419
168
383
170
377
169
508
280
497
278
508
280
498
279
188
186
182
183
188
186
183
182
255
220
247
217
255
220
246
217
255
220
244
218
255
220
250
218
501
287
495
286
494
259
484
258
508
273
497
272
508
273
495
272
508
273
498
272
105
149
99
146
105
149
96
145
105
149
94
145
105
149
97
145
105
149
98
145
105
149
95
145
446
204
439
204
498
286
490
285
498
286
486
286
498
286
495
286
498
286
491
286
498
286
487
285
498
286
489
285
334
184
328
182
384
196
378
196
384
196
377
196
507
286
501
287
507
286
497
286
507
286
499
287
267
174
261
172
498
262
488
262
498
262
489
262
352
192
344
191
264
174
257
171
175
184
173
179
265
167
258
165
399
175
392
174
250
173
247
170
404
177
398
176
79
146
72
141
79
146
71
141
499
260
489
259
499
260
488
259
173
189
165
185
173
189
165
186
299
169
295
167
299
169
293
168
299
169
292
167
240
221
230
218
240
221
229
218
240
221
232
218
240
221
229
217
260
173
253
170
260
173
254
171
390
187
386
186
390
187
386
185
390
187
385
186
390
187
383
187
390
187
384
186
390
187
383
186
390
187
383
188
218
150
208
145
218
150
208
147
218
150
211
147
218
150
211
148
218
150
213
147
215
220
206
219
215
220
211
218
215
220
212
218
215
220
209
218
215
220
207
218
215
220
210
218
215
220
208
218
208
220
203
217
208
220
197
217
206
222
197
219
206
222
199
219
342
205
335
203
342
205
334
203
342
205
336
203
380
176
376
174
491
267
481
266
491
267
482
267
348
185
337
182
348
185
338
183
333
191
323
189
333
191
324
189
333
191
328
190
333
184
328
182
195
189
186
185
207
186
207
183
207
186
197
181
207
186
203
183
437
178
433
178
99
148
92
144
99
148
91
144
60
178
49
173
60
178
51
172
60
178
50
172
247
221
233
218
247
221
234
218
247
221
236
218
247
221
239
218
247
221
237
218
247
221
242
218
253
173
248
170
253
173
247
170
253
173
248
171
217
151
209
148
217
151
208
147
217
151
211
147
217
151
209
149
217
151
211
148
108
149
101
145
108
149
98
145
108
149
99
144
339
190
333
188
61
226
51
221
61
226
51
220
61
226
51
222
89
208
80
203
89
208
78
202
89
208
81
203
89
208
80
202
89
208
79
203
89
208
78
203
89
208
77
203
383
194
377
194
238
220
233
218
238
220
230
218
238
220
225
217
238
220
234
218
238
220
228
217
238
220
229
218
238
220
232
218
238
220
227
217
238
220
231
217
238
220
229
217
103
215
97
211
103
215
97
210
103
215
93
211
103
215
92
211
103
215
94
211
103
215
95
210
103
215
96
210
103
215
96
211
390
169
384
168
185
186
182
183
185
186
183
182
354
192
348
191
304
153
298
151
304
153
297
152
304
153
299
150
304
153
297
151
108
207
98
202
108
207
99
204
108
207
103
204
108
207
97
202
108
207
97
204
108
207
101
205
108
207
100
204
108
207
100
203
108
207
102
203
108
207
100
202
345
186
336
184
345
186
338
183
336
155
325
154
336
155
325
153
336
155
327
153
210
222
199
219
512
281
503
281
298
151
291
149
384
197
378
196
384
197
377
196
429
174
423
172
418
171
412
170
418
171
412
173
384
187
378
186
88
163
77
158
88
163
78
158
495
259
485
258
495
259
484
258
495
259
487
259
357
192
350
191
357
192
351
191
357
192
349
191
332
191
323
189
332
191
324
189
332
191
321
189
385
184
379
183
72
172
64
166
72
172
63
168
38
177
31
171
38
177
32
171
86
206
78
202
86
206
79
203
86
206
78
203
86
206
77
203
258
220
250
218
116
200
108
196
63
146
56
141
77
144
68
139
77
144
67
139
220
148
213
147
360
193
353
193
360
193
352
192
67
149
57
144
67
149
60
145
504
283
495
283
350
181
338
179
114
147
103
145
114
147
104
145
112
207
103
204
112
207
100
204
112
207
100
203
112
207
102
203
112
207
103
202
112
207
100
202
254
172
248
170
254
172
247
170
93
208
84
206
93
208
84
202
93
208
83
204
93
208
82
202
93
208
82
203
93
208
86
205
93
208
84
203
93
208
85
203
301
178
294
176
301
178
293
174
301
178
292
175
343
183
336
181
343
183
336
182
343
183
337
182
343
183
335
181
343
183
337
180
387
166
380
165
492
267
484
267
492
267
481
266
492
267
482
267
342
182
336
181
342
182
335
181
342
182
337
180
336
162
328
161
336
162
329
161
219
150
211
147
219
150
213
147
308
167
301
164
308
167
301
165
288
151
280
150
288
151
285
149
288
151
282
150
60
228
52
223
60
228
49
224
60
228
51
222
60
228
50
224
37
174
33
168
301
170
296
169
301
170
295
167
301
170
293
168
301
170
296
167
346
183
336
181
346
183
336
182
346
183
337
182
346
183
335
181
346
183
338
183
346
183
337
180
110
200
100
197
110
200
102
197
110
200
100
196
110
200
101
197
199
186
188
182
502
257
493
257
525
273
518
275
363
192
357
191
363
192
356
191
363
192
355
192
363
192
355
191
503
286
495
285
503
286
496
286
503
286
495
286
503
286
497
286
503
286
496
285
491
262
483
261
524
275
514
275
524
275
516
275
275
176
267
173
275
176
270
173
275
176
269
173
241
221
233
218
241
221
230
218
241
221
229
218
241
221
232
218
109
209
100
206
109
209
99
204
109
209
99
205
109
209
103
204
109
209
97
202
109
209
101
206
109
209
97
204
109
209
98
205
109
209
101
205
109
209
100
204
109
209
100
205
109
209
100
203
38
174
36
167
38
174
33
168
430
173
425
172
222
181
208
180
111
206
100
203
111
206
102
203
111
206
103
202
111
206
100
202
506
284
497
284
506
284
499
285
506
284
498
284
83
162
74
157
83
162
75
158
363
193
357
191
363
193
357
193
363
193
356
191
363
193
357
192
363
193
355
192
363
193
355
191
498
282
489
282
498
282
487
282
355
163
346
163
355
163
348
162
227
186
221
182
227
186
221
184
227
186
222
184
58
226
51
221
58
226
46
221
58
226
51
222
205
191
204
188
205
191
205
188
205
191
203
188
205
191
205
187
205
191
199
188
106
207
98
202
106
207
99
204
106
207
99
205
106
207
97
202
106
207
97
204
106
207
98
205
106
207
101
205
106
207
100
204
106
207
100
205
106
207
100
203
106
207
100
202
90
146
78
141
82
146
74
140
82
146
72
141
82
146
73
140
82
146
74
141
82
146
71
141
347
180
336
179
347
180
337
179
347
180
338
179
343
184
336
182
343
184
336
184
343
184
337
182
343
184
338
183
386
165
380
165
510
281
502
281
360
195
353
193
114
201
102
197
265
177
258
174
265
177
259
173
179
227
166
224
492
256
482
256
115
213
103
209
115
213
103
208
115
213
104
208
89
163
78
158
200
188
201
186
200
188
190
184
200
188
205
186
301
155
295
154
301
155
294
153
301
155
295
153
529
268
519
269
529
268
521
269
53
226
44
220
53
226
41
221
53
226
46
221
53
226
44
221
53
226
43
221
154
190
144
186
493
256
483
256
101
149
94
145
101
149
93
145
101
149
92
144
101
149
92
145
101
149
93
146
101
149
91
144
85
147
77
142
85
147
78
141
85
147
77
141
85
147
76
142
85
147
73
140
85
147
74
141
501
285
492
285
501
285
490
285
501
285
496
284
501
285
495
285
501
285
494
284
501
285
496
285
501
285
489
285
242
220
233
218
242
220
232
217
242
220
236
217
242
220
234
218
242
220
236
218
242
220
232
218
242
220
231
217
242
220
235
217
242
220
239
218
242
220
234
217
242
220
237
218
409
175
405
173
409
175
406
173
409
175
406
174
235
219
225
217
235
219
228
217
235
219
227
217
235
219
231
217
235
219
229
217
206
221
197
219
206
221
199
219
206
221
197
217
68
169
58
165
117
216
104
211
498
268
490
268
498
268
487
267
497
285
488
284
497
285
487
285
497
285
487
284
497
285
489
285
231
182
225
178
231
182
225
179
231
182
227
178
231
182
228
179
231
182
224
180
231
182
226
180
231
182
228
178
231
182
224
179
231
182
229
179
111
150
103
145
111
150
104
146
111
150
104
147
111
150
103
146
111
150
102
146
504
269
494
269
504
269
493
268
504
269
495
269
387
176
383
176
388
177
383
176
341
190
334
190
341
190
333
187
341
190
333
188
341
190
336
189
494
285
485
284
494
285
484
284
361
194
353
193
387
195
380
194
387
195
380
195
63
148
55
143
351
161
338
160
364
193
357
191
364
193
357
193
364
193
356
191
364
193
357
192
211
220
207
218
211
220
203
217
72
149
64
144
180
226
169
222
118
213
104
208
494
262
483
261
494
262
486
262
59
175
48
170
59
175
50
169
337
154
327
153
428
173
423
172
410
177
404
176
55
175
46
170
356
165
349
165
296
157
292
154
296
157
290
155
397
170
390
170
390
192
384
192
95
210
86
205
95
210
87
206
417
178
414
177
417
178
412
177
417
178
411
177
99
149
92
145
500
283
490
283
500
283
489
282
500
283
493
282
82
150
74
145
361
192
354
191
361
192
355
192
361
192
355
191
223
184
224
179
89
147
77
142
110
150
99
146
110
150
104
147
110
150
100
146
110
150
103
146
110
150
102
146
387
197
381
196
387
197
380
196
75
138
66
133
75
138
67
133
162
186
153
180
162
186
152
180
293
219
285
217
293
219
286
217
293
219
284
217
293
219
288
217
345
179
334
178
345
179
337
179
345
179
338
179
502
287
495
286
508
270
497
269
508
270
496
269
180
224
168
220
180
224
173
221
242
219
232
217
242
219
236
217
242
219
231
217
242
219
235
217
242
219
238
217
242
219
234
217
390
198
385
197
390
198
384
197
214
220
206
219
214
220
209
218
214
220
207
218
214
220
210
218
214
220
208
218
76
164
67
160
76
164
67
159
112
150
103
145
112
150
104
145
112
150
101
145
112
150
104
146
112
150
104
147
112
150
103
146
112
150
102
146
304
170
299
169
304
170
298
167
304
170
296
167
304
170
298
168
496
286
486
286
496
286
487
285
496
286
485
286
326
183
316
181
326
183
318
181
326
183
315
182
326
183
319
181
105
150
99
146
105
150
96
145
105
150
94
145
105
150
97
145
105
150
95
145
332
184
328
182
336
187
330
186
72
226
63
221
338
183
330
181
338
183
333
182
338
183
332
182
332
190
323
189
332
190
324
189
332
190
325
188
332
190
324
188
502
266
492
265
309
169
301
165
494
256
484
256
291
154
284
152
291
154
285
152
255
221
250
218
108
210
100
206
108
210
100
207
108
210
99
205
108
210
101
206
108
210
97
204
108
210
98
205
108
210
101
205
108
210
100
205
108
210
99
207
108
210
101
207
192
191
185
188
192
191
186
188
192
191
189
189
505
286
496
286
505
286
495
286
505
286
497
286
505
286
499
287
89
207
80
203
89
207
78
202
89
207
81
203
89
207
80
202
89
207
81
202
89
207
79
203
89
207
78
203
89
207
77
203
237
219
225
217
237
219
232
217
237
219
228
217
237
219
227
217
237
219
231
217
237
219
229
217
432
170
426
171
432
170
426
170
331
190
323
189
331
190
324
189
331
190
325
188
331
190
321
189
331
190
324
188
289
152
280
150
289
152
285
149
289
152
282
150
111
146
103
145
111
146
104
145
111
146
102
141
344
184
336
182
344
184
336
184
344
184
337
182
344
184
338
183
355
191
349
191
355
191
348
191
430
172
424
171
430
172
426
171
430
172
423
172
430
172
425
172
171
187
159
182
171
187
163
184
171
187
162
184
423
170
418
171
423
170
420
168
423
170
417
169
423
170
419
168
438
206
434
205
438
206
433
206
438
206
435
205
438
206
431
206
105
215
97
211
105
215
97
210
105
215
93
211
105
215
94
211
105
215
95
210
105
215
96
210
105
215
96
211
425
171
420
169
425
171
418
171
425
171
418
172
425
171
419
171
425
171
421
170
425
171
419
172
500
266
490
265
500
266
489
265
513
271
502
270
107
206
98
202
107
206
99
204
107
206
97
202
107
206
100
204
107
206
100
203
107
206
100
202
409
172
405
173
409
172
404
171
409
172
402
173
327
181
318
180
327
181
317
179
327
181
319
180
327
181
312
180
60
137
52
132
60
137
54
132
60
137
53
132
173
229
164
226
173
229
163
226
173
229
162
226
336
183
330
181
336
183
328
182
115
200
108
196
304
155
299
152
304
155
299
153
65
149
57
144
489
287
480
287
489
287
477
286
113
201
102
197
113
201
101
197
88
162
77
158
88
162
78
158
434
171
429
170
102
149
94
145
102
149
93
145
102
149
92
144
102
149
92
145
102
149
91
144
490
264
483
264
254
220
247
217
254
220
246
217
254
220
244
218
254
220
250
218
254
220
244
217
254
220
242
218
518
282
510
282
518
282
509
282
344
182
336
181
344
182
336
182
344
182
338
179
344
182
337
182
344
182
335
181
344
182
337
180
202
189
201
186
170
187
159
182
170
187
160
184
170
187
158
184
170
187
162
184
237
221
230
218
237
221
229
218
305
156
299
153
420
177
414
177
420
177
415
176
339
183
330
181
339
183
333
182
339
183
335
181
339
183
332
182
339
183
331
181
108
213
103
209
108
213
101
210
108
213
98
209
108
213
99
209
108
213
103
210
108
213
97
208
108
213
100
209
108
213
100
210
108
213
97
210
108
213
99
208
108
213
100
208
108
213
95
210
108
213
96
210
108
213
101
209
108
213
98
208
270
176
264
173
270
176
263
173
99
212
91
209
99
212
92
209
99
212
91
208
99
212
89
207
418
159
416
158
389
177
383
176
212
150
208
147
312
167
305
164
312
167
304
163
395
178
390
179
395
178
388
177
395
178
389
179
395
178
388
178
86
146
75
140
86
146
77
142
86
146
74
140
86
146
78
141
86
146
78
140
86
146
77
141
86
146
76
142
300
177
294
176
300
177
293
174
300
177
293
173
300
177
292
175
150
188
146
184
150
188
143
185
150
188
145
182
348
181
337
179
348
181
338
179
436
205
430
203
246
219
236
217
246
219
240
217
246
219
242
217
246
219
235
217
246
219
238
217
246
219
239
217
495
268
485
267
495
268
484
267
495
268
487
267
73
172
64
167
503
263
494
263
503
263
493
263
503
263
491
262
246
221
233
218
246
221
234
218
246
221
236
218
246
221
239
218
246
221
237
218
246
221
242
218
87
165
76
161
296
219
290
217
296
219
285
217
296
219
286
217
296
219
284
217
296
219
288
217
405
171
404
171
344
183
336
181
344
183
336
182
344
183
337
182
344
183
335
181
344
183
337
180
203
220
194
218
203
220
197
217
339
185
332
185
364
198
358
197
364
198
357
197
364
198
358
198
68
227
59
222
68
227
60
222
390
188
386
186
390
188
385
186
390
188
383
187
390
188
383
188
280
177
273
174
280
177
272
173
432
172
426
171
432
172
425
172
296
218
288
217
516
280
507
281
85
165
76
161
74
164
65
160
419
176
412
177
419
176
415
176
159
188
149
182
154
204
143
199
107
213
103
209
107
213
101
210
107
213
98
209
107
213
99
209
107
213
103
210
107
213
97
208
107
213
100
209
107
213
100
210
107
213
97
210
107
213
99
208
107
213
100
208
107
213
95
210
107
213
96
210
107
213
101
209
107
213
98
208
64
171
54
167
88
138
78
134
72
144
63
138
72
144
63
139
72
144
62
139
72
144
61
138
395
169
390
168
56
170
47
166
381
176
376
174
362
193
354
191
362
193
355
192
362
193
355
191
335
165
328
164
335
165
326
164
77
163
69
159
245
220
236
217
245
220
234
218
245
220
236
218
245
220
235
217
245
220
239
218
245
220
238
217
245
220
234
217
245
220
237
218
245
220
239
217
106
214
101
210
106
214
98
209
106
214
99
209
106
214
103
210
106
214
100
209
106
214
100
210
106
214
97
211
106
214
97
210
106
214
94
211
106
214
95
210
106
214
96
210
106
214
96
211
106
214
101
209
106
209
100
206
106
209
99
204
106
209
99
205
106
209
101
206
106
209
97
204
106
209
98
205
106
209
101
205
106
209
100
204
106
209
100
205
431
169
425
169
431
169
426
168
431
169
426
169
431
169
427
168
169
181
161
178
169
181
158
178
406
172
404
171
406
172
402
173
116
215
104
211
509
279
497
278
509
279
500
278
256
173
251
170
256
173
248
170
256
173
249
171
256
173
248
171
256
173
250
171
207
191
204
188
207
191
205
188
207
191
203
188
207
191
205
187
501
266
490
265
501
266
492
265
243
220
233
218
243
220
232
217
243
220
236
217
243
220
234
218
243
220
236
218
243
220
232
218
243
220
231
217
243
220
235
217
243
220
239
218
243
220
234
217
243
220
237
218
72
145
63
140
72
145
63
139
72
145
62
139
67
170
57
165
354
166
349
165
354
166
343
165
480
284
469
284
480
284
470
283
480
284
470
282
480
284
471
282
480
284
471
284
266
175
259
172
266
175
260
172
303
156
299
153
341
204
335
202
341
204
334
203
272
176
267
173
272
176
266
173
272
176
265
173
176
221
165
218
176
221
164
218
227
152
220
150
227
152
220
149
387
175
387
172
106
208
100
206
106
208
98
202
106
208
99
204
106
208
99
205
106
208
97
202
106
208
101
206
106
208
97
204
106
208
98
205
106
208
101
205
106
208
100
204
106
208
100
205
106
208
100
203
264
178
258
174
264
178
258
175
264
178
257
174
189
182
181
178
189
182
182
179
55
176
46
170
55
176
48
170
55
176
42
171
110
201
100
197
110
201
102
197
110
201
100
196
110
201
101
197
339
187
332
185
339
187
330
186
339
187
332
186
339
186
332
185
339
186
332
186
385
200
379
200
109
213
103
209
109
213
101
210
109
213
98
209
109
213
99
209
109
213
103
210
109
213
97
208
109
213
100
209
109
213
100
210
109
213
97
210
109
213
99
208
109
213
100
208
109
213
101
209
109
213
98
208
206
219
197
217
281
177
273
174
281
177
272
173
54
177
44
172
54
177
42
172
54
177
46
172
394
177
388
177
348
186
338
183
494
265
484
264
494
265
486
264
509
286
501
287
509
286
502
287
61
137
54
132
253
172
248
170
253
172
247
170
190
182
181
178
190
182
182
179
82
162
72
157
481
283
470
283
481
283
470
282
481
283
471
282
481
283
471
284
241
219
232
217
241
219
236
217
241
219
231
217
241
219
235
217
241
219
234
217
398
174
391
173
398
174
392
174
424
171
420
169
424
171
418
171
424
171
418
172
424
171
420
168
424
171
419
171
424
171
419
172
170
183
161
178
170
183
163
179
170
183
164
178
170
183
158
178
170
183
162
179
307
172
299
169
307
172
298
168
378
204
371
204
239
219
232
217
239
219
228
217
239
219
227
217
239
219
231
217
239
219
235
217
239
219
234
217
239
219
229
217
216
152
209
148
216
152
208
147
216
152
212
150
216
152
209
150
216
152
209
149
216
152
211
148
349
185
338
183
261
174
254
171
509
280
500
280
509
280
497
278
509
280
500
278
509
280
498
279
304
176
296
174
80
145
70
139
80
145
71
141
325
190
318
188
325
190
319
189
325
190
317
188
325
190
316
187
279
177
273
174
279
177
271
174
279
177
271
173
279
177
272
173
88
146
78
141
88
146
77
141
302
155
295
154
302
155
297
152
302
155
295
153
171
181
161
178
396
177
388
177
128
207
120
203
513
270
499
269
513
270
502
270
300
219
290
217
300
219
285
217
300
219
286
217
300
219
284
217
300
219
288
217
110
215
101
210
110
215
103
210
110
215
100
210
110
215
97
211
110
215
97
210
110
215
96
210
110
215
104
211
110
215
96
211
88
208
80
203
88
208
78
202
88
208
79
203
88
208
78
203
88
208
77
203
328
184
319
183
235
220
230
218
235
220
225
217
235
220
228
217
235
220
229
218
235
220
227
217
235
220
229
217
221
184
208
181
337
189
333
187
337
189
329
189
337
189
328
187
337
189
332
187
257
221
250
218
182
226
169
222
182
226
172
223
486
286
474
286
486
286
477
286
113
213
103
209
113
213
101
210
113
213
99
209
113
213
103
208
113
213
103
210
113
213
100
209
113
213
104
208
113
213
99
208
113
213
100
208
113
213
101
209
261
178
254
175
261
178
255
175
420
174
417
173
310
153
305
151
276
176
270
173
276
176
269
173
276
176
271
173
491
264
483
264
491
264
484
264
174
190
165
185
174
190
166
186
174
190
165
186
244
219
236
217
244
219
240
217
244
219
235
217
244
219
238
217
244
219
234
217
244
219
239
217
338
187
332
185
338
187
330
186
338
187
332
186
189
186
182
183
189
186
183
182
414
178
411
177
414
178
407
178
170
225
159
222
173
230
162
227
386
197
380
196
386
197
380
195
341
182
336
181
341
182
333
180
341
182
335
181
341
182
337
180
202
225
197
223
479
285
469
284
479
285
467
284
52
174
42
169
182
227
174
224
76
144
67
139
484
287
473
287
484
287
474
286
108
208
100
206
108
208
98
202
108
208
99
204
108
208
99
205
108
208
103
204
108
208
97
202
108
208
101
206
108
208
97
204
108
208
98
205
108
208
101
205
108
208
100
204
108
208
100
205
108
208
100
203
108
208
102
203
108
208
100
202
201
181
205
179
201
181
203
178
201
181
201
178
109
150
99
146
109
150
100
146
109
150
102
146
59
141
54
136
59
141
53
136
359
191
351
191
353
167
343
165
88
207
80
203
88
207
78
202
88
207
80
202
88
207
79
203
88
207
78
203
88
207
77
203
513
274
502
273
222
152
215
150
187
187
182
183
506
286
496
286
506
286
497
286
506
286
499
287
339
191
334
190
339
191
333
190
339
191
331
190
339
191
332
190
339
191
331
191
416
171
411
170
416
171
412
170
239
221
230
218
239
221
229
218
239
221
232
218
218
148
208
145
218
148
213
147
497
265
487
265
497
265
489
265
497
265
486
264
264
167
258
165
341
184
336
182
341
184
333
182
341
184
337
182
262
220
252
217
419
178
414
177
419
178
415
176
103
217
95
213
507
287
499
287
360
194
353
193
360
194
352
192
339
188
333
187
339
188
332
187
339
188
332
186
388
198
382
197
277
176
270
173
277
176
269
173
277
176
271
173
277
176
272
173
338
186
332
185
338
186
329
185
413
170
408
170
165
189
158
184
165
189
154
186
165
189
157
185
165
189
154
185
60
145
52
141
107
201
100
197
107
201
100
196
107
201
101
197
107
201
97
196
107
201
96
196
186
191
185
188
88
140
76
134
88
140
78
134
101
148
91
143
101
148
93
143
101
148
92
144
101
148
92
143
101
148
91
144
196
190
185
186
362
192
354
191
362
192
356
191
362
192
355
192
362
192
355
191
96
208
88
205
96
208
88
204
96
208
89
206
96
208
86
205
96
208
85
203
96
208
87
206
303
155
295
154
303
155
299
152
303
155
297
152
117
213
104
208
428
168
422
167
428
168
423
167
428
168
423
169
428
168
421
170
428
168
424
167
428
168
424
168
428
168
422
169
445
205
439
204
445
205
438
205
258
174
251
170
258
174
252
170
258
174
253
171
258
174
252
171
62
228
53
223
62
228
52
223
273
176
267
173
273
176
266
173
112
213
103
209
112
213
101
210
112
213
98
209
112
213
99
209
112
213
103
208
112
213
103
210
112
213
100
209
112
213
100
210
112
213
104
208
112
213
99
208
112
213
100
208
112
213
101
209
112
213
98
208
321
165
310
163
479
284
469
284
479
284
470
283
479
284
470
282
479
284
467
284
479
284
471
284
386
196
379
195
386
196
380
196
386
196
380
194
386
196
380
195
307
156
303
153
174
188
163
184
356
192
350
191
356
192
349
191
356
192
348
191
95
208
88
205
95
208
84
202
95
208
86
205
95
208
84
203
95
208
85
203
95
208
87
206
58
177
49
172
58
177
50
171
58
177
46
172
194
188
187
184
194
188
190
184
194
188
186
185
90
145
78
140
53
225
44
220
53
225
41
221
53
225
47
219
53
225
44
221
53
225
48
219
53
225
43
221
258
219
247
217
258
219
246
217
307
174
299
170
307
174
297
170
61
176
51
171
61
176
50
171
435
171
430
171
104
214
101
210
104
214
98
209
104
214
100
210
104
214
97
211
104
214
91
209
104
214
92
209
104
214
97
210
104
214
93
211
104
214
94
211
104
214
95
210
104
214
96
210
104
214
96
211
338
166
328
164
338
166
326
164
495
262
486
261
495
262
483
261
495
262
486
262
106
210
100
206
106
210
100
207
106
210
99
205
106
210
101
206
106
210
98
205
106
210
100
205
106
210
99
207
106
210
101
207
510
286
501
287
510
286
502
287
379
178
373
176
391
169
386
168
391
169
384
168
501
260
492
260
501
260
491
259
501
260
490
259
60
138
54
132
108
215
101
210
108
215
100
210
108
215
97
211
108
215
97
210
108
215
94
211
108
215
95
210
108
215
96
210
108
215
104
211
108
215
96
211
112
147
103
145
112
147
104
145
290
152
285
149
290
152
282
150
107
205
98
202
107
205
97
202
107
205
100
203
107
205
100
202
208
191
204
188
208
191
203
188
208
191
205
187
229
187
225
183
229
187
222
185
229
187
221
184
229
187
222
184
229
187
227
184
91
208
84
206
91
208
80
203
91
208
81
203
91
208
83
204
91
208
80
202
91
208
81
202
91
208
82
202
91
208
82
203
488
267
481
266
348
180
337
179
348
180
338
179
389
193
384
192
88
165
78
161
286
152
280
150
286
152
285
149
286
152
282
150
388
200
381
199
252
220
247
217
252
220
246
217
252
220
244
218
252
220
242
217
252
220
244
217
252
220
242
218
77
138
67
133
515
271
502
270
438
177
433
178
171
183
161
178
171
183
163
179
171
183
164
178
171
183
162
179
500
287
491
286
389
167
384
167
389
167
382
167
81
161
72
157
186
186
182
183
186
186
183
182
435
207
430
207
435
207
431
206
340
190
333
190
340
190
333
188
55
227
44
223
55
227
46
221
72
176
64
172
337
156
327
155
110
213
103
209
110
213
101
210
110
213
98
209
110
213
99
209
110
213
103
208
110
213
103
210
110
213
97
208
110
213
100
209
110
213
100
210
110
213
99
208
110
213
100
208
110
213
101
209
110
213
98
208
520
269
508
268
231
180
225
178
231
180
224
179
346
191
336
189
510
273
500
272
510
273
497
272
510
273
498
272
305
166
301
164
305
166
301
165
84
146
75
140
84
146
77
142
84
146
74
140
84
146
78
141
84
146
77
141
84
146
76
140
84
146
76
142
84
146
73
140
84
146
74
141
74
168
65
163
59
137
52
132
59
137
54
132
59
137
53
132
496
262
486
261
496
262
488
262
496
262
486
262
418
176
412
177
418
176
411
177
495
265
487
265
495
265
486
264
245
221
233
218
245
221
234
218
245
221
236
218
245
221
232
218
245
221
239
218
245
221
237
218
100
152
92
148
100
152
91
148
489
283
480
282
390
166
384
167
390
166
384
166
61
151
53
146
326
181
320
179
326
181
313
180
326
181
318
180
326
181
319
180
326
181
312
180
79
164
70
159
114
216
104
211
189
190
185
188
189
190
185
186
189
190
186
188
408
178
404
176
408
178
403
178
114
215
101
210
114
215
103
210
114
215
104
211
303
172
296
169
303
172
299
170
303
172
297
170
267
175
260
172
267
175
261
172
90
207
80
203
90
207
81
203
90
207
83
204
90
207
80
202
90
207
81
202
90
207
82
202
90
207
82
203
90
207
79
203
309
152
303
151
102
148
94
145
102
148
93
143
102
148
92
144
102
148
92
143
102
148
91
144
513
284
504
285
101
150
93
145
101
150
92
145
101
150
93
146
39
178
31
171
39
178
32
171
110
151
104
147
110
151
102
146
175
229
166
226
175
229
164
226
175
229
163
226
512
273
500
272
512
273
502
273
156
188
149
182
156
188
146
184
251
220
247
217
251
220
246
217
251
220
244
218
251
220
242
217
251
220
244
217
251
220
242
218
253
219
247
217
253
219
246
217
253
219
240
217
253
219
242
217
253
219
244
217
338
191
334
190
338
191
333
190
338
191
331
190
338
191
329
189
338
191
330
191
338
191
332
190
338
191
331
191
113
216
104
211
525
275
514
275
525
275
518
275
525
275
516
275
274
182
267
178
207
225
197
223
486
287
474
286
79
138
70
133
79
138
69
133
173
188
165
185
173
188
163
184
173
188
162
184
291
219
285
217
291
219
286
217
291
219
284
217
291
219
288
217
509
281
502
281
509
281
500
280
509
281
499
280
86
165
76
161
84
139
76
134
84
139
75
134
84
139
74
134
86
162
75
157
86
162
77
158
86
162
75
158
115
214
103
209
115
214
103
210
115
214
104
211
386
191
379
190
76
161
67
156
94
208
84
206
94
208
84
202
94
208
83
204
94
208
86
205
94
208
84
203
94
208
85
203
388
188
381
187
388
188
383
187
388
188
381
188
388
188
383
186
300
155
292
154
300
155
294
153
300
155
295
153
75
166
67
160
75
166
65
162
75
166
67
161
251
175
247
170
112
208
103
204
112
208
101
205
112
208
100
204
112
208
100
205
112
208
100
203
112
208
102
203
112
208
103
202
112
208
100
202
511
270
499
269
291
218
284
217
264
175
257
171
264
175
258
172
264
175
257
172
264
175
259
172
302
171
296
169
302
171
299
170
302
171
297
170
110
147
103
145
110
147
104
145
254
173
248
170
254
173
247
170
254
173
249
171
254
173
248
171
434
204
430
203
354
191
348
191
85
205
78
202
85
205
78
203
85
205
77
203
509
276
497
275
509
276
500
275
509
276
498
275
59
223
47
219
59
223
48
219
59
223
51
217
59
223
51
219
362
194
355
192
264
177
258
174
264
177
257
174
300
171
296
169
300
171
293
168
300
171
292
167
300
171
292
168
268
175
261
172
97
210
88
205
97
210
91
208
97
210
89
206
97
210
86
205
97
210
89
207
97
210
87
206
56
177
44
172
56
177
46
172
500
282
489
282
108
211
100
206
108
211
100
207
108
211
103
208
108
211
97
208
108
211
104
208
108
211
101
206
108
211
99
208
108
211
99
207
108
211
100
208
108
211
101
207
108
211
98
208
440
206
434
205
440
206
433
206
440
206
435
205
355
193
349
193
355
193
348
191
412
175
410
173
412
175
406
174
358
192
352
192
358
192
350
191
358
192
351
191
385
188
378
186
345
205
338
204
524
272
513
272
278
177
273
174
278
177
270
174
278
177
271
174
278
177
271
173
278
177
272
173
58
141
53
136
307
167
301
164
307
167
301
165
182
230
166
226
182
230
167
226
243
221
233
218
243
221
234
218
243
221
236
218
243
221
232
218
243
221
237
218
171
189
160
184
171
189
163
184
171
189
162
184
171
189
161
186
328
191
323
189
328
191
324
189
328
191
321
189
328
191
319
189
178
223
168
220
178
223
171
220
178
223
163
220
56
224
44
220
56
224
47
219
56
224
48
219
56
224
51
219
257
173
251
170
107
150
99
146
107
150
100
146
101
215
97
211
101
215
93
211
101
215
92
211
101
215
94
211
101
215
96
211
248
221
244
218
248
221
239
218
248
221
237
218
248
221
242
218
432
173
428
173
85
138
76
134
85
138
75
134
524
278
514
278
524
278
516
278
162
189
154
186
162
189
154
185
347
186
338
183
343
204
335
202
343
204
335
203
343
204
336
202
343
204
336
203
104
148
96
145
104
148
97
145
104
148
92
144
104
148
95
145
234
181
225
178
234
181
225
179
234
181
227
178
234
181
228
179
234
181
224
180
234
181
226
180
234
181
228
178
234
181
224
179
234
181
229
179
304
178
298
176
306
172
299
169
306
172
299
170
306
172
298
168
216
149
208
145
216
149
208
147
216
149
211
147
117
200
111
197
117
200
108
196
76
166
67
162
76
166
67
161
76
166
68
160
107
149
97
145
107
149
98
145
107
149
99
144
300
176
293
174
300
176
296
174
300
176
293
173
215
152
209
148
215
152
209
150
215
152
209
149
114
150
103
145
114
150
104
145
114
150
104
146
114
150
104
147
114
150
103
146
355
164
346
163
355
164
344
163
251
173
247
170
263
174
257
171
349
181
338
179
510
276
497
275
510
276
500
275
510
276
498
275
226
188
222
185
226
188
221
184
226
188
222
184
228
189
222
185
228
189
227
184
361
193
354
191
361
193
355
192
478
285
469
284
478
285
467
284
100
148
91
143
100
148
92
144
100
148
92
143
100
148
91
144
87
138
78
134
73
226
63
221
340
181
333
180
82
145
75
140
82
145
74
140
82
145
73
140
82
145
70
139
82
145
74
141
340
184
336
182
340
184
337
182
256
219
252
217
256
219
244
217
256
219
242
218
245
219
236
217
245
219
240
217
245
219
242
217
245
219
235
217
245
219
238
217
245
219
234
217
245
219
239
217
300
154
292
154
300
154
294
152
300
154
294
153
92
207
84
202
92
207
81
203
92
207
83
204
92
207
81
202
92
207
82
202
92
207
82
203
92
207
84
203
515
274
504
273
385
197
378
196
116
213
104
208
250
220
247
217
250
220
246
217
250
220
244
218
250
220
240
217
250
220
242
217
250
220
239
218
250
220
244
217
250
220
242
218
501
263
493
263
56
175
46
170
56
175
48
170
58
137
53
132
58
140
53
136
85
206
78
202
85
206
78
203
85
206
77
203
255
219
247
217
255
219
246
217
255
219
244
218
255
219
244
217
234
221
224
218
195
184
193
181
195
184
192
180
217
221
211
218
217
221
212
218
217
221
209
218
217
221
210
218
170
226
160
223
109
145
102
141
437
207
431
207
437
207
433
206
437
207
430
207
437
207
431
206
302
176
294
172
302
176
296
174
302
176
293
173
73
224
63
221
273
180
267
177
221
150
213
147
501
286
492
285
501
286
495
285
501
286
496
286
501
286
495
286
501
286
491
286
501
286
497
286
358
193
352
192
358
193
350
191
358
193
351
191
514
271
502
270
490
283
480
282
329
180
320
179
390
168
384
167
390
168
386
168
390
168
384
168
527
267
518
268
506
285
499
285
506
285
496
285
506
285
498
285
188
181
181
178
106
211
100
206
106
211
100
207
106
211
97
208
106
211
99
208
106
211
99
207
106
211
100
208
106
211
101
207
106
211
98
208
395
174
391
173
334
183
329
181
334
183
330
181
334
183
328
182
311
153
305
152
328
188
319
186
328
188
324
187
328
188
323
186
328
188
317
187
328
188
316
187
265
168
260
166
265
168
258
165
519
272
508
271
432
168
428
168
432
168
426
168
432
168
426
169
432
168
427
168
85
163
77
158
85
163
75
158
501
269
490
268
501
269
493
268
433
168
428
168
433
168
427
168
38
175
33
168
38
175
33
169
488
285
478
284
197
191
195
188
197
191
195
189
197
191
197
189
420
171
417
169
420
171
417
168
420
171
416
168
418
177
414
177
418
177
412
177
418
177
411
177
52
229
46
224
52
229
44
223
52
229
39
224
52
229
42
224
507
285
499
285
507
285
501
287
507
285
498
285
340
191
334
190
340
191
333
190
340
191
331
190
340
191
335
190
340
191
333
188
340
191
332
190
511
286
502
287
62
143
54
138
78
138
69
133
62
177
51
172
62
177
52
172
81
162
72
157
109
148
103
145
109
148
99
144
99
213
91
209
99
213
92
209
99
213
91
208
99
213
95
210
389
196
383
196
389
196
382
196
114
205
103
202
325
185
313
184
325
185
319
183
52
156
44
152
52
156
41
151
517
282
508
282
383
165
378
164
55
171
47
166
66
177
56
173
388
187
381
187
388
187
381
188
388
187
383
186
217
222
212
218
343
181
336
181
343
181
334
178
343
181
336
179
343
181
337
179
343
181
338
179
343
181
337
180
119
201
111
197
119
201
108
196
119
201
110
199
430
170
424
171
430
170
425
169
430
170
423
170
430
170
426
168
430
170
426
169
389
197
382
197
389
197
383
196
389
197
384
197
389
197
382
196
170
223
160
220
170
223
163
220
231
186
225
183
231
186
224
180
231
186
222
185
231
186
226
180
231
186
221
184
231
186
222
184
231
186
227
184
105
214
101
210
105
214
98
209
105
214
99
209
105
214
100
210
105
214
97
211
105
214
97
210
105
214
94
211
105
214
95
210
105
214
96
210
105
214
96
211
325
183
316
181
325
183
314
182
325
183
318
181
325
183
315
182
325
183
315
181
325
183
319
181
166
190
157
185
267
169
260
166
359
192
352
192
359
192
351
191
387
187
381
187
387
187
380
186
113
150
103
145
113
150
104
145
113
150
104
146
113
150
104
147
113
150
103
146
113
150
102
146
380
175
376
174
380
175
377
173
76
167
67
162
171
182
161
178
171
182
163
179
171
182
164
178
171
182
158
178
171
182
162
179
52
226
44
220
52
226
41
221
52
226
46
221
52
226
44
221
52
226
43
221
113
214
103
209
113
214
101
210
113
214
99
209
113
214
103
210
113
214
100
209
113
214
100
210
113
214
104
211
113
214
101
209
442
204
434
205
512
276
500
275
310
154
303
153
505
285
496
284
505
285
495
285
505
285
497
284
505
285
496
285
505
285
498
285
508
287
499
287
