Test1999_rot.jpg
Test2000_rot.jpg
33
175
54
67
33
175
57
69
33
175
61
70
34
174
57
67
34
174
60
68
34
174
58
68
34
174
60
69
35
175
57
69
35
175
60
69
35
175
61
70
35
176
56
69
35
176
54
68
35
176
57
69
37
177
61
72
37
177
60
71
40
173
66
70
39
174
60
68
39
174
58
68
39
174
60
69
39
174
64
70
40
175
61
70
40
175
64
70
39
176
62
71
39
176
60
71
39
177
61
72
39
177
60
71
41
230
45
123
43
173
66
70
42
175
60
69
42
175
61
70
42
175
62
71
42
175
64
71
42
175
66
71
44
175
60
69
44
175
61
70
44
175
64
71
44
175
67
73
44
175
66
71
43
176
61
70
43
176
62
71
43
176
64
71
43
176
60
71
43
176
64
72
45
176
62
71
45
176
64
72
45
176
67
73
42
177
61
72
42
177
60
71
43
177
61
72
43
177
60
71
45
177
61
72
45
231
45
125
42
230
45
123
45
232
45
125
46
173
66
70
46
173
68
71
47
173
66
70
47
173
68
71
47
173
70
71
49
174
71
73
47
174
66
71
47
174
68
71
47
174
71
73
47
175
64
71
47
175
68
73
47
175
67
73
47
175
69
73
47
175
71
73
48
175
68
73
48
175
67
73
48
175
69
73
48
175
71
73
52
173
71
73
51
190
65
88
52
195
62
92
52
195
64
92
52
195
63
93
52
195
67
93
52
195
67
94
49
195
60
91
49
195
62
92
49
195
61
92
49
195
64
92
49
195
60
92
51
195
62
92
51
195
62
93
51
195
61
92
51
195
64
92
51
195
63
93
51
194
65
91
51
194
60
91
51
194
64
92
53
229
52
125
53
228
53
125
50
229
50
124
52
229
50
124
52
229
52
125
52
226
53
123
54
191
65
88
57
192
68
90
54
192
68
90
57
191
68
90
54
193
65
91
54
193
68
92
57
197
69
97
57
197
68
96
54
226
53
123
55
226
53
123
54
228
53
125
54
228
54
125
54
229
53
125
54
229
52
125
61
173
75
74
58
172
76
73
59
172
76
73
60
192
71
92
60
192
73
93
58
192
71
92
58
192
73
93
58
192
72
92
59
196
69
97
59
196
68
96
61
223
65
123
60
224
64
124
64
173
75
74
63
239
59
137
63
239
58
138
63
239
58
137
63
239
57
140
65
239
60
140
65
239
61
141
65
240
60
140
63
240
59
137
63
240
56
141
63
240
58
138
63
240
58
137
63
240
57
140
60
239
56
137
60
239
57
140
63
238
59
137
63
238
58
138
63
238
58
137
68
238
61
141
132
248
120
173
132
248
121
174
137
249
124
176
137
249
127
177
134
251
121
174
134
251
121
175
134
251
119
176
134
251
121
176
134
251
122
175
140
248
127
177
140
248
128
177
139
251
124
178
142
249
127
177
142
249
128
177
143
249
128
177
145
280
120
208
146
248
133
181
146
248
134
180
149
251
133
181
149
251
136
184
149
251
135
182
149
251
135
184
149
251
136
183
148
252
133
183
148
252
134
184
146
287
116
212
149
287
120
217
146
289
115
214
147
298
113
219
147
298
113
220
147
299
113
219
150
248
137
181
150
248
136
182
150
248
135
182
152
249
137
181
152
249
136
182
152
249
135
182
152
249
136
183
150
249
133
181
150
249
137
181
150
249
136
182
150
249
135
182
150
249
136
183
152
248
137
181
152
248
136
182
151
252
137
184
151
252
136
184
151
252
135
184
151
252
137
185
151
250
137
181
151
250
137
184
151
250
136
182
151
250
135
182
151
250
136
183
152
253
136
184
152
253
137
185
152
253
137
186
151
251
137
184
151
251
136
182
151
251
136
184
151
251
135
182
151
251
136
183
153
251
137
184
153
251
136
183
152
251
137
184
152
251
136
182
152
251
136
184
152
251
136
183
152
251
137
185
153
252
137
184
153
252
137
185
151
255
134
186
151
255
136
187
152
256
137
188
152
256
136
187
153
255
137
188
153
255
136
187
153
255
137
186
153
254
137
186
151
304
116
228
168
250
152
188
168
250
152
189
168
250
152
190
168
251
152
190
169
253
149
192
169
253
153
192
169
253
152
192
173
282
144
219
173
283
144
219
170
286
140
222
175
252
156
193
175
252
158
193
175
281
146
219
176
286
145
225
177
288
146
225
181
252
161
194
181
254
160
196
181
254
161
196
179
299
145
239
177
296
145
239
184
250
166
194
184
250
167
195
185
251
167
195
185
251
168
196
185
251
169
196
206
226
196
181
217
211
213
171
217
211
212
170
217
211
212
171
217
211
211
173
217
211
213
173
217
210
211
173
217
217
210
177
217
229
204
187
217
229
204
188
217
228
204
187
217
228
205
187
217
230
204
188
219
211
214
172
219
211
214
173
218
212
213
173
218
210
213
171
218
210
213
173
219
209
214
172
219
209
214
173
220
209
214
173
219
216
210
177
218
218
208
179
218
218
210
177
253
259
226
228
253
259
227
229
253
259
228
229
251
258
225
226
251
258
225
227
251
258
226
228
249
258
223
225
249
258
223
226
252
260
225
228
252
260
226
229
253
260
225
228
253
260
226
229
252
261
224
229
252
258
225
226
252
258
226
228
252
258
228
228
249
259
223
227
251
260
223
227
251
260
224
228
251
260
226
229
250
259
223
227
250
259
224
228
250
259
224
227
250
259
223
226
249
261
222
229
251
259
225
228
251
259
224
227
251
259
226
229
260
235
242
208
256
241
237
212
256
241
237
213
257
241
237
212
257
241
237
213
258
245
236
217
257
242
237
213
260
244
240
217
257
245
236
217
258
252
234
224
257
253
233
224
257
253
234
224
258
253
233
224
258
253
234
224
258
256
233
227
258
256
232
227
258
256
232
228
258
257
232
228
258
257
232
229
258
257
234
229
258
257
235
229
261
257
236
229
261
257
234
229
261
257
235
229
261
257
237
230
262
252
239
225
264
256
238
229
264
256
238
230
262
257
236
229
262
257
235
229
262
257
237
230
264
257
238
231
264
257
237
230
264
254
239
228
264
254
240
228
262
255
236
227
262
255
238
229
263
257
236
229
263
257
235
229
263
257
238
231
263
257
237
230
265
255
240
229
265
255
238
229
265
255
239
229
268
254
242
229
269
254
242
229
272
272
237
246
272
272
239
246
272
272
238
245
281
200
274
184
281
200
274
185
281
198
274
184
281
207
271
193
281
208
271
193
280
285
242
262
284
196
277
182
284
196
276
183
284
196
277
183
283
196
276
182
283
196
277
182
283
196
276
181
283
196
276
183
283
196
277
183
283
196
276
184
282
198
274
184
282
199
274
185
282
203
273
189
285
202
277
189
283
205
273
193
282
209
271
196
283
209
272
195
283
209
272
197
283
209
273
196
284
208
273
196
284
208
273
195
282
207
271
193
289
283
249
263
289
283
251
263
286
284
249
263
287
281
250
261
287
284
249
263
291
281
251
263
291
300
248
281
291
300
249
283
291
300
250
283
292
298
248
279
290
304
240
281
290
304
239
281
290
304
239
280
290
304
241
281
290
304
248
285
291
303
240
281
291
303
241
280
291
303
241
281
291
303
248
283
291
303
249
283
291
303
250
284
291
303
250
283
291
303
248
285
291
303
248
284
292
304
241
281
292
304
248
283
292
304
249
283
292
304
248
285
292
304
248
284
292
303
248
283
292
303
250
285
292
303
252
284
292
303
249
283
292
303
250
284
292
303
250
283
292
303
248
285
292
303
248
284
292
302
248
283
292
302
250
285
292
302
252
284
292
302
249
283
292
302
250
284
292
302
250
283
292
302
248
285
292
302
248
284
292
302
252
285
295
301
248
283
295
301
250
285
295
301
252
284
295
301
249
283
295
301
250
284
295
301
250
283
295
301
252
285
297
320
246
300
298
287
262
272
299
301
252
284
299
301
252
285
299
301
255
285
300
301
252
284
300
301
255
285
305
301
260
288
305
301
262
289
305
301
263
289
305
301
264
289
309
301
260
288
309
301
262
289
309
301
263
289
309
301
264
289
309
301
266
289
306
301
260
288
306
301
262
289
306
301
263
289
306
301
264
289
307
301
260
288
307
301
262
289
307
301
263
289
307
301
264
289
310
285
272
272
310
285
272
273
311
283
272
272
311
283
272
273
311
283
273
274
313
284
272
272
313
284
272
273
313
284
273
274
311
284
272
272
311
284
270
273
311
284
272
273
311
284
273
274
311
284
271
274
312
287
268
277
312
287
269
275
313
287
268
277
310
292
267
280
313
300
268
289
313
300
266
289
313
300
268
290
313
300
269
290
310
301
260
288
310
301
263
289
310
301
264
289
310
301
266
289
311
301
263
289
311
301
264
289
311
301
266
289
308
302
260
288
308
302
262
289
308
302
263
289
308
302
264
289
309
302
260
288
309
302
262
289
308
304
260
288
308
304
262
289
308
304
263
289
308
303
260
288
308
303
262
289
308
303
263
289
308
303
264
289
310
303
260
288
310
303
262
289
309
305
262
289
309
303
260
288
309
303
262
289
309
303
263
289
309
303
264
289
315
299
268
289
315
299
266
289
315
299
269
290
320
236
297
233
320
236
299
230
320
236
299
232
320
236
300
233
321
232
301
229
321
232
301
226
321
232
302
229
318
238
293
233
318
238
297
233
320
239
292
232
320
239
293
233
320
239
297
233
318
240
292
232
318
240
293
233
318
240
297
233
321
239
297
233
318
239
292
232
318
239
293
233
318
239
297
233
319
240
292
232
319
240
297
233
316
238
292
232
316
238
293
233
316
238
297
233
319
292
274
284
320
292
274
284
321
294
276
287
321
293
274
284
321
293
276
285
321
299
272
290
321
299
274
291
319
305
271
293
319
305
268
293
321
305
271
293
321
305
268
293
321
305
270
293
320
305
271
293
320
305
268
293
324
236
301
231
324
236
299
232
324
236
301
232
324
236
300
233
324
236
301
233
324
236
302
231
324
236
302
232
324
235
301
231
324
235
299
232
324
235
301
232
324
235
300
233
324
235
301
233
324
235
302
231
324
235
302
232
322
237
297
233
322
237
299
232
322
237
300
233
322
237
301
233
323
237
297
233
323
237
299
232
323
237
301
232
323
237
300
233
323
237
301
233
324
239
297
233
324
239
300
233
323
239
297
233
323
239
300
233
322
239
297
233
322
239
300
233
323
240
297
233
325
240
300
233
325
301
274
291
325
301
278
291
323
298
274
291
324
302
270
291
324
302
274
291
325
303
271
293
325
303
274
291
325
303
278
291
325
302
271
293
325
302
270
291
325
302
274
291
325
302
278
291
329
280
289
278
328
293
277
284
324
293
274
284
324
293
276
285
324
293
277
286
330
284
288
280
330
282
289
280
331
293
286
290
329
301
279
290
329
301
278
291
330
300
279
290
330
300
278
291
330
300
281
291
332
224
312
227
332
224
312
228
337
224
316
228
337
224
317
228
337
224
318
227
337
224
319
229
332
227
312
228
336
228
317
233
336
228
317
232
336
228
316
233
336
228
316
231
337
226
316
229
337
226
317
229
335
226
315
229
335
226
316
229
336
227
315
229
336
227
317
232
336
227
316
231
334
228
316
231
336
226
315
229
336
226
316
229
337
229
317
233
337
229
316
233
337
229
316
231
335
233
319
244
336
230
317
233
336
230
316
233
336
233
312
237
336
233
319
244
336
233
320
244
336
234
312
237
336
234
319
244
336
234
319
245
336
234
320
244
337
240
316
245
337
238
316
245
337
270
301
270
337
270
301
269
337
268
301
269
335
296
286
290
335
301
285
295
334
299
281
289
334
299
285
295
336
223
318
227
341
229
317
233
341
229
317
232
341
229
316
233
341
229
316
231
338
228
317
233
338
228
317
232
338
228
316
233
338
228
316
231
340
229
317
233
340
229
316
233
340
229
316
231
338
226
317
229
339
229
317
233
339
229
316
233
339
229
316
231
338
229
317
233
338
229
316
233
338
229
316
231
339
230
317
233
339
230
316
233
339
230
316
231
340
231
317
233
340
231
316
233
338
231
317
233
338
231
316
233
338
230
317
233
338
230
316
233
338
230
316
231
340
235
313
235
340
235
313
234
340
235
321
242
340
235
321
244
340
235
320
244
338
236
312
237
338
236
313
239
338
236
319
244
338
236
319
245
338
236
320
244
338
238
313
241
338
238
316
245
338
239
313
241
338
239
316
243
338
239
316
245
339
240
316
245
340
240
316
245
338
240
316
245
341
241
316
245
339
279
299
280
339
281
298
281
339
281
298
283
341
280
300
280
339
284
297
284
336
303
281
291
336
303
285
295
338
305
288
301
338
303
288
300
338
304
288
300
338
304
288
301
337
304
288
301
339
305
288
300
339
305
288
301
336
302
285
295
336
302
288
300
344
225
326
232
343
235
321
242
343
235
321
244
343
235
322
244
343
240
313
241
343
240
316
243
343
239
316
243
345
239
319
244
345
239
321
244
345
239
320
244
345
239
321
245
344
239
316
243
344
239
319
244
345
241
316
243
345
241
316
245
344
280
302
280
344
280
304
283
344
280
305
284
344
280
304
285
344
278
305
280
344
278
305
281
344
278
305
282
344
278
305
284
345
278
305
280
345
278
305
281
345
278
305
282
344
282
304
285
348
227
326
232
348
227
326
234
347
226
326
232
347
226
326
234
347
227
326
232
347
227
326
234
346
237
321
242
346
237
321
244
346
237
322
244
346
239
319
244
346
239
320
245
346
239
321
244
346
239
320
244
346
239
321
245
348
240
320
245
348
240
321
245
349
239
321
245
349
239
322
244
349
239
324
246
348
238
321
242
348
238
321
244
348
238
320
244
348
238
322
244
348
238
324
246
346
240
319
244
346
240
320
245
346
240
319
245
346
240
320
244
347
241
319
244
347
241
320
245
347
241
319
245
347
276
309
281
347
276
308
280
347
276
309
280
349
276
309
280
348
276
309
281
348
276
308
280
348
276
309
280
348
281
307
285
348
290
303
292
349
290
303
292
349
290
304
292
349
289
305
292
349
289
304
291
349
289
304
292
349
289
305
291
348
288
305
292
348
288
304
290
348
288
304
291
348
288
304
292
348
288
305
291
348
289
305
292
348
289
303
292
348
289
304
291
348
289
304
292
352
232
329
240
352
232
328
241
352
232
326
242
352
232
331
241
353
231
329
240
353
231
331
240
353
231
331
241
353
231
333
242
351
230
329
240
352
233
328
241
352
233
326
242
353
233
328
241
353
233
326
242
353
234
328
241
353
234
328
244
353
234
327
245
353
234
326
242
353
236
329
245
353
236
328
244
353
236
327
245
351
237
322
244
351
237
324
246
351
237
327
245
353
238
327
245
350
239
324
246
351
238
322
244
351
238
324
246
353
241
325
248
351
239
324
246
352
240
324
246
352
240
325
248
352
238
324
246
353
265
317
272
353
299
303
300
353
301
303
303
353
300
303
303
353
300
303
302
354
237
329
245
354
237
328
244
354
237
327
245
355
235
329
245
355
235
328
244
355
235
327
245
355
236
329
245
355
236
328
244
355
236
327
245
357
235
329
245
356
237
329
245
356
237
328
244
356
235
329
245
356
235
328
244
356
235
327
245
356
236
329
245
356
236
328
244
356
236
327
245
354
233
329
240
354
233
328
241
354
233
328
244
354
233
327
245
354
233
326
242
354
233
331
240
354
233
331
241
355
237
329
245
355
237
328
244
355
237
327
245
354
236
329
245
354
236
328
244
354
236
327
245
354
301
304
304
354
301
303
302
354
301
303
300
362
221
341
235
362
221
342
235
362
221
343
234
362
221
340
237
363
221
342
235
363
221
343
234
363
221
342
237
363
221
343
235
362
222
341
235
362
222
342
235
362
222
340
237
363
223
342
237
363
223
343
235
363
222
342
235
363
222
342
237
363
222
343
235
364
223
343
237
362
225
340
237
366
217
348
232
367
218
347
235
367
220
346
237
367
220
347
235
367
222
346
237
393
185
385
212
388
181
381
208
388
183
381
208
388
183
380
208
388
183
383
209
388
183
384
210
392
183
383
209
392
183
384
210
390
183
381
208
390
183
383
209
390
183
384
210
391
185
385
212
391
183
383
209
391
183
384
210
397
180
392
210
401
183
392
213
401
183
393
213
401
183
392
214
399
181
393
210
399
181
392
210
400
180
393
210
400
180
392
210
401
184
393
215
401
184
392
214
400
254
365
279
400
254
364
280
400
254
363
279
398
256
361
280
398
256
361
281
398
256
362
279
398
257
361
279
398
257
361
280
398
257
361
281
398
257
363
282
398
257
361
282
400
257
364
280
400
257
363
279
400
257
362
279
400
257
363
282
400
257
365
282
398
254
363
277
398
254
363
276
401
255
365
279
401
255
364
280
401
255
365
282
398
252
363
277
398
252
363
276
398
252
364
276
396
257
361
279
396
257
361
280
396
257
361
281
399
255
364
280
399
255
363
277
399
255
363
279
399
255
362
279
398
259
361
280
398
259
361
281
398
259
361
282
401
260
361
279
401
260
361
280
401
260
361
281
401
260
362
285
401
260
364
285
401
260
361
282
401
260
364
287
401
260
365
287
401
260
364
286
401
260
365
286
397
260
361
281
397
260
361
282
396
258
361
281
396
258
361
282
396
261
360
284
401
264
360
284
401
264
365
289
401
264
363
289
401
264
360
287
401
264
362
287
401
264
360
288
401
264
361
287
400
262
362
285
400
262
360
284
400
262
361
282
400
262
365
289
400
262
364
287
400
262
365
287
400
262
364
286
400
262
363
289
400
262
360
287
400
262
362
287
400
262
361
287
396
263
360
284
396
263
360
287
396
263
360
288
396
263
361
287
396
264
360
287
396
264
360
288
401
263
362
285
401
263
361
282
401
263
365
289
401
263
364
287
401
263
363
289
401
263
362
287
401
263
361
287
398
264
360
287
398
264
362
287
398
264
360
288
398
264
361
287
400
264
362
285
400
264
360
284
400
264
365
289
400
264
363
289
400
264
360
287
400
264
362
287
400
264
360
288
400
264
361
287
396
262
360
284
398
265
360
287
398
265
360
288
404
182
393
213
402
180
393
210
402
184
393
215
402
184
392
214
403
184
393
215
403
184
392
214
410
249
377
280
410
250
377
280
413
278
369
305
413
278
367
306
417
252
382
284
414
277
369
305
414
277
370
304
422
181
416
221
423
181
416
221
428
181
417
221
428
181
416
221
428
181
419
220
428
181
418
221
428
181
420
224
428
181
420
223
430
181
420
220
430
181
417
221
430
181
416
221
430
181
419
220
430
181
418
221
430
181
420
224
430
181
420
223
429
183
417
221
429
183
420
224
429
183
420
223
429
183
420
225
429
182
417
221
429
182
416
221
429
182
418
221
429
182
420
224
429
182
420
223
429
182
420
225
431
184
420
224
431
184
420
225
431
183
417
221
431
183
420
224
431
183
420
223
431
183
420
225
429
184
420
225
430
183
417
221
430
183
420
224
430
183
420
223
430
183
420
225
432
242
400
279
432
281
385
316
434
181
424
223
434
181
423
224
434
181
424
224
434
181
425
223
434
181
425
224
435
181
424
223
435
181
423
224
435
181
424
224
435
181
425
223
435
181
425
224
436
182
424
224
436
182
425
224
436
239
404
278
437
240
404
279
437
239
405
278
436
240
404
279
437
241
404
279
437
241
404
280
434
281
385
316
438
182
429
227
441
184
431
230
445
187
429
232
445
187
431
234
442
188
428
233
442
188
429
234
444
188
428
233
445
188
428
233
445
188
432
235
445
188
431
234
448
179
437
226
448
179
437
227
448
179
434
226
447
179
437
226
447
179
437
227
447
179
434
226
449
180
437
229
449
180
437
227
449
180
439
228
449
184
435
230
449
184
436
231
447
185
433
232
447
185
432
232
447
185
433
233
447
185
435
233
448
185
433
232
448
185
435
233
448
189
433
236
453
177
442
227
452
178
440
228
450
178
437
227
452
179
440
228
452
179
439
228
452
179
439
229
452
179
441
229
450
180
437
229
450
180
440
228
450
180
439
228
450
180
439
229
452
180
440
228
452
180
439
228
452
180
439
229
452
180
441
229
452
180
440
230
452
181
439
229
452
181
440
230
451
184
437
232
453
184
439
233
450
184
437
232
450
184
436
231
450
182
437
229
450
182
436
231
450
182
438
230
454
174
443
224
454
175
445
225
454
175
444
225
454
176
444
225
455
176
445
227
455
177
443
227
455
177
444
228
455
177
445
227
466
206
444
259
467
223
440
276
469
223
440
276
469
223
441
276
469
222
442
276
469
222
441
276
468
224
440
276
468
224
440
277
468
224
441
278
469
224
440
276
469
224
440
277
472
173
469
232
470
176
466
235
472
176
466
235
472
176
468
235
472
176
467
235
473
176
466
235
473
176
468
235
473
176
467
235
470
206
447
260
474
172
470
232
475
172
469
232
475
172
470
232
474
173
469
232
474
173
470
232
475
173
469
232
475
173
470
232
477
176
466
235
477
176
468
235
477
176
467
235
480
177
469
237
480
177
470
237
478
211
453
269
478
255
437
309
485
208
460
267
485
208
461
268
484
210
459
269
482
257
437
309
482
257
440
311
484
258
440
311
484
258
443
315
483
262
439
317
485
262
440
317
485
262
441
318
488
172
472
234
485
205
462
265
485
205
464
264
488
208
464
269
488
208
462
268
488
208
465
269
489
207
464
269
489
207
465
268
489
207
465
269
485
207
460
267
485
207
461
268
489
206
465
268
489
206
464
267
488
207
464
269
488
207
462
268
488
207
465
268
488
207
464
267
486
208
461
268
486
208
462
268
484
207
460
267
489
208
464
269
489
208
465
268
489
208
465
269
489
211
463
273
486
212
460
273
487
212
461
272
487
212
460
273
488
212
461
272
488
212
463
273
486
213
460
273
488
257
448
316
489
252
451
312
487
263
441
318
486
262
441
318
491
260
449
319
493
259
448
316
492
258
448
316
495
227
462
288
494
225
463
286
494
260
449
319
494
259
448
316
499
227
467
290
504
261
460
324
509
237
472
303
509
237
473
304
504
235
468
299
508
256
465
321
507
261
460
324
506
261
460
324
509
256
465
321
508
201
484
268
508
201
485
270
508
201
483
269
508
201
484
270
509
200
484
268
509
200
485
270
509
200
484
270
511
236
474
303
510
236
473
302
510
236
474
303
511
237
475
305
511
237
474
304
511
237
476
305
512
237
475
305
512
237
474
304
512
237
476
305
513
237
475
304
513
237
476
305
512
258
467
324
517
226
484
297
517
226
486
297
517
226
487
299
517
226
488
299
517
227
484
297
517
227
487
299
519
161
509
237
521
172
504
246
518
226
486
297
518
226
488
299
519
228
487
300
519
228
488
300
518
227
484
297
518
227
487
299
518
227
488
299
519
226
486
297
519
226
488
299
521
228
488
300
522
225
488
297
522
225
492
299
522
226
492
300
523
226
492
300
524
226
492
300
524
226
493
300
529
164
522
244
526
225
492
299
526
225
493
300
526
225
494
300
526
225
494
299
529
226
494
301
528
226
494
301
526
226
494
301
526
226
492
300
526
226
493
300
526
226
494
300
527
226
494
301
527
226
492
300
527
226
493
300
531
159
525
239
531
159
525
240
531
159
523
239
531
159
524
239
531
159
523
240
531
159
526
239
531
159
528
241
533
159
525
239
533
159
525
240
533
159
523
239
533
159
524
239
533
159
523
240
533
159
528
241
532
159
525
239
532
159
525
240
532
159
523
239
532
159
524
239
532
159
523
240
532
159
528
241
537
156
527
239
537
156
529
239
537
156
526
239
537
156
529
240
537
156
530
240
535
157
525
239
535
157
523
239
535
157
524
239
535
157
527
239
535
157
528
240
535
157
529
239
535
157
526
239
535
157
529
240
535
157
530
240
536
157
524
239
536
157
528
240
536
157
529
240
536
157
530
240
534
159
530
242
535
159
530
242
541
156
529
239
541
156
529
240
541
156
530
240
541
156
532
241
541
156
531
240
541
156
533
241
541
156
534
242
538
157
528
241
541
159
531
245
541
159
533
244
541
159
531
243
541
159
530
243
541
159
531
244
541
159
530
245
541
159
530
244
541
159
534
244
540
159
533
244
540
159
531
243
540
159
530
243
540
159
531
244
540
159
530
244
540
159
534
244
541
161
531
245
541
161
529
245
541
161
530
245
541
161
532
245
541
234
500
311
541
234
502
312
540
234
500
311
540
234
502
312
543
156
532
241
543
156
533
241
543
156
534
242
543
157
535
243
544
157
535
243
544
161
531
245
544
161
530
245
544
161
532
245
542
160
531
245
542
160
533
244
542
160
529
245
542
160
531
244
542
160
530
245
542
160
530
244
542
160
532
245
544
160
531
245
544
160
533
244
544
160
529
245
544
160
531
244
544
160
530
245
544
160
530
244
544
160
532
245
544
160
534
244
543
159
531
245
543
159
533
244
543
159
531
243
543
159
530
243
543
159
531
244
543
159
530
245
543
159
530
244
543
159
532
245
543
159
534
244
545
159
533
244
545
159
531
244
545
159
532
245
545
159
534
244
542
159
531
245
542
159
533
244
542
159
531
243
542
159
530
243
542
159
531
244
542
159
528
243
542
159
530
245
542
159
530
244
542
159
532
245
542
159
534
244
544
159
531
245
544
159
533
244
544
159
531
244
544
159
530
244
544
159
532
245
544
159
537
245
544
159
534
244
542
229
505
308
543
230
505
309
542
230
505
309
546
156
535
243
546
156
534
242
547
157
537
245
547
157
534
244
548
160
540
248
546
160
532
245
549
158
537
245
546
158
533
244
546
158
537
245
546
158
534
244
548
158
537
245
548
158
534
244
548
161
540
248
549
232
511
313
551
157
537
245
552
159
542
248
552
159
543
248
552
159
540
248
550
159
542
248
550
159
540
248
553
158
542
248
553
158
543
248
551
159
542
248
551
159
543
248
551
159
540
248
553
159
542
248
553
159
543
249
553
159
544
249
553
159
543
248
553
159
540
248
550
160
540
248
553
160
543
249
553
160
544
249
553
160
542
249
553
160
540
248
552
200
523
284
557
156
545
246
556
157
545
247
556
157
543
247
557
157
542
246
557
157
545
247
557
157
543
247
557
157
546
247
557
157
547
248
555
159
542
248
555
159
543
249
555
159
544
249
555
159
543
248
555
159
542
249
554
160
543
249
554
160
544
249
554
160
542
249
554
160
540
248
554
158
542
248
554
158
543
248
554
159
542
248
554
159
543
249
554
159
544
249
554
159
543
248
554
159
542
249
554
159
540
248
555
160
543
249
555
160
544
249
555
160
542
249
555
160
540
248
557
160
543
249
557
160
544
249
557
160
542
249
555
229
517
313
555
229
519
313
554
236
515
320
554
236
514
319
554
235
517
319
555
234
517
319
558
157
545
247
558
157
546
247
558
157
547
248
559
157
545
247
559
157
546
247
559
157
547
248
559
160
548
251
560
161
543
252
560
161
545
252
560
161
548
252
560
161
549
252
561
160
549
251
561
160
548
252
561
160
548
251
561
160
549
252
560
160
549
251
560
160
548
251
558
161
548
252
558
161
548
251
563
157
547
248
562
161
545
252
562
161
549
253
562
161
548
252
562
161
549
252
564
158
551
250
564
158
552
251
564
158
552
250
563
168
543
259
563
168
542
259
563
168
540
259
563
168
544
259
562
168
543
259
562
168
542
259
562
168
544
259
565
168
542
259
563
196
537
286
563
227
526
314
567
156
558
250
569
156
558
250
569
159
552
252
569
159
555
253
567
159
552
251
567
159
552
252
567
159
549
251
567
159
548
251
567
159
555
253
570
232
526
321
572
230
531
319
572
230
533
320
571
234
524
321
571
234
531
324
573
234
531
324
576
157
565
255
577
157
565
255
574
158
562
255
574
158
564
255
574
158
565
255
576
158
562
255
576
158
564
255
576
158
565
255
575
232
531
321
581
158
570
257
581
165
567
264
581
165
569
264
580
163
566
261
580
163
567
262
576
163
563
260
576
163
565
260
581
164
564
262
581
164
565
262
581
164
567
262
581
164
570
263
576
164
561
260
576
164
563
261
578
164
563
261
578
164
564
262
578
164
565
262
579
164
564
262
579
164
565
262
581
163
566
261
581
163
567
262
577
163
563
260
577
163
565
260
578
226
541
319
578
226
540
319
578
226
542
319
578
226
542
320
579
226
541
319
579
226
540
319
579
226
541
320
579
226
542
319
579
226
542
320
578
230
539
322
578
237
531
324
577
237
531
324
582
154
571
254
583
154
571
254
585
158
571
258
585
158
572
259
583
158
570
257
583
158
570
258
583
158
571
258
584
158
570
258
584
158
571
258
582
158
570
257
582
162
566
261
583
163
567
262
582
165
567
264
582
165
569
264
585
165
567
264
585
165
569
264
584
195
557
292
584
195
554
292
584
195
558
293
589
160
575
261
588
161
572
263
587
165
567
265
587
163
569
264
589
163
569
264
589
163
573
264
589
163
570
264
589
163
571
264
589
163
572
264
589
163
573
265
588
164
567
264
586
165
569
264
586
165
567
265
586
164
567
264
586
164
569
264
589
180
567
280
588
181
568
281
589
181
568
281
585
187
561
285
589
185
564
284
588
195
561
294
589
196
561
296
588
192
561
291
588
192
561
290
588
192
563
292
587
192
561
291
587
192
561
290
587
192
563
292
589
192
564
292
586
196
556
293
586
196
557
292
586
196
558
293
589
227
551
323
592
157
577
261
593
157
577
261
590
182
567
282
591
180
567
280
595
220
558
320
597
220
558
320
597
220
560
320
599
201
568
303
599
201
567
303
599
201
566
303
597
201
565
301
597
201
565
304
597
201
567
303
597
201
566
303
596
202
565
305
596
202
565
304
596
202
564
302
596
202
566
303
601
207
569
308
601
207
569
312
605
154
595
263
605
154
594
263
602
154
589
261
604
201
572
306
604
201
577
308
604
201
575
307
605
197
575
301
603
205
572
309
603
205
572
306
603
205
570
312
602
208
569
308
602
208
569
312
602
208
570
312
605
209
569
312
605
209
571
312
605
209
572
313
605
209
572
312
605
209
570
312
605
209
573
313
605
209
572
316
605
209
572
314
603
208
569
308
603
208
569
312
603
208
571
312
603
208
572
313
603
208
570
312
603
208
572
314
605
206
572
309
605
206
571
312
605
206
572
313
605
206
573
311
605
206
572
312
605
206
570
312
605
206
573
313
605
206
572
314
605
206
574
312
604
210
571
312
604
210
572
313
604
210
570
312
604
210
572
317
604
210
572
316
604
210
572
314
604
216
568
321
604
216
567
321
605
218
568
321
605
218
568
322
605
218
567
322
605
218
566
323
605
218
568
323
605
218
568
324
605
218
570
322
605
219
568
322
605
219
566
323
605
219
568
323
605
219
568
324
608
153
595
263
608
153
594
263
607
153
592
262
607
153
591
262
607
153
595
263
607
153
594
263
608
155
595
264
608
155
596
264
608
155
595
263
608
155
594
263
606
154
595
264
606
154
595
263
606
154
594
263
607
154
595
264
607
154
595
263
607
154
594
263
608
154
595
264
608
154
595
263
608
154
594
263
608
161
593
270
608
161
591
270
608
161
592
270
608
161
592
271
606
164
590
273
607
162
591
272
607
164
590
273
607
202
577
308
607
202
575
307
607
202
577
309
606
206
572
309
606
206
571
312
606
206
572
313
606
206
573
311
606
206
572
312
606
206
573
313
606
206
572
314
606
206
574
312
606
206
575
313
608
217
571
321
608
217
573
321
608
217
572
321
608
217
570
322
606
219
568
323
606
219
568
324
606
220
568
323
606
220
568
324
607
219
568
323
607
219
568
324
607
218
568
323
607
218
570
322
