Test123_rot.jpg
Test127_rot.jpg
145
166
167
93
149
102
196
37
149
102
197
37
148
103
196
37
148
103
197
36
149
163
170
93
149
163
171
92
149
162
171
92
149
166
170
95
152
93
202
31
152
93
201
32
151
96
202
31
151
96
200
32
151
96
201
32
151
95
202
31
151
95
200
32
151
95
201
32
152
94
202
31
152
94
201
32
151
97
201
32
153
114
193
51
153
114
196
49
153
114
194
51
153
115
193
51
153
115
192
53
153
115
193
53
153
115
192
54
153
115
196
49
153
115
194
51
153
117
192
53
153
117
193
53
153
117
191
54
153
117
191
56
153
117
191
55
153
117
192
54
153
117
194
53
151
120
191
54
151
120
191
56
151
120
191
55
152
122
191
56
152
122
191
55
153
155
177
88
153
156
177
88
152
161
173
92
152
161
173
93
153
165
172
95
153
165
173
96
153
165
172
96
153
165
173
94
152
163
173
93
152
163
173
94
152
163
171
94
151
165
172
95
151
165
170
95
151
165
171
94
150
163
170
93
150
163
173
92
150
163
171
92
150
163
173
93
152
165
172
95
152
165
173
96
152
165
172
96
152
165
171
94
152
162
173
92
152
162
173
93
152
162
173
94
150
166
172
95
150
166
170
95
153
167
173
97
153
167
172
95
153
167
173
96
153
167
172
96
153
167
171
97
151
167
173
97
151
167
172
95
151
167
173
96
151
167
170
95
151
167
172
96
151
167
171
97
150
167
170
95
153
168
173
97
153
168
173
96
153
168
172
96
153
168
171
97
156
92
208
30
156
92
206
32
156
93
208
30
156
93
206
32
156
93
208
31
154
93
205
31
154
93
206
30
155
93
205
31
155
93
206
32
155
93
206
30
155
91
205
31
155
91
206
30
157
93
208
31
156
94
206
32
156
94
208
31
154
111
193
51
154
111
197
48
154
111
197
47
154
111
196
49
154
111
194
51
155
109
197
48
155
109
196
49
155
109
202
44
154
113
193
51
154
113
192
53
154
113
193
53
154
113
197
48
154
113
196
49
154
113
197
49
154
113
194
51
154
113
194
53
154
113
198
48
156
108
200
45
156
108
201
45
156
108
198
48
156
108
199
46
156
108
202
44
154
112
193
51
154
112
197
48
154
112
196
49
154
112
197
49
154
112
194
51
154
112
198
48
155
110
193
51
155
110
197
48
155
110
196
49
155
110
194
51
155
110
198
48
155
112
193
51
155
112
197
48
155
112
196
49
155
112
197
49
155
112
194
51
155
112
194
53
155
112
198
48
154
114
193
53
154
114
196
49
154
114
197
49
154
114
194
51
154
114
194
53
155
122
194
57
155
126
192
60
157
127
192
60
160
93
210
33
160
93
211
33
158
90
208
31
158
90
209
30
160
91
211
31
161
92
211
33
161
92
212
32
158
93
208
33
161
91
211
33
161
91
212
32
161
93
211
33
161
93
212
33
160
94
210
33
160
94
211
33
161
94
212
33
157
103
201
42
159
105
204
43
159
105
204
44
159
105
205
43
159
105
203
44
161
113
201
54
164
116
202
56
164
113
204
53
165
113
205
54
160
114
201
54
160
114
200
55
160
114
200
54
163
114
202
56
163
114
204
53
163
115
202
56
165
115
205
57
165
115
205
56
163
116
202
56
165
112
205
54
163
117
202
56
177
213
176
150
175
208
173
141
175
208
172
141
175
208
173
140
175
208
175
144
175
208
176
144
177
208
176
147
177
208
175
144
177
208
177
145
177
208
176
144
177
208
177
146
177
217
175
155
177
217
175
156
177
227
170
162
180
215
176
152
180
215
176
151
180
215
177
155
180
215
175
155
180
215
176
156
180
215
176
155
180
215
177
154
180
215
175
156
180
215
176
154
180
215
177
156
179
215
176
152
179
215
176
151
179
215
176
150
179
215
175
155
179
215
176
156
179
215
176
155
179
215
175
156
179
215
176
154
180
216
176
152
180
216
176
151
180
216
177
155
180
216
175
155
180
216
176
156
180
216
177
157
180
216
176
155
180
216
177
154
180
216
175
156
180
216
176
154
180
216
177
156
179
214
176
152
179
214
176
151
179
214
176
150
179
213
176
151
179
213
176
150
181
216
177
155
181
216
175
155
181
216
176
156
181
216
177
157
181
216
176
155
181
216
177
154
181
216
175
156
181
216
176
154
181
216
177
156
179
221
173
158
179
220
173
158
181
220
173
158
180
218
175
155
180
218
176
156
180
218
175
156
192
243
176
184
192
243
176
183
193
243
176
184
193
243
176
183
194
135
225
85
195
133
225
85
195
133
226
84
197
135
226
87
197
135
227
86
196
136
225
85
196
136
226
87
196
136
227
86
195
184
204
132
195
184
203
133
196
185
204
132
196
185
203
133
194
186
202
133
194
186
203
133
196
186
204
132
196
186
203
133
195
187
202
133
195
187
203
133
196
187
204
132
196
187
203
133
194
188
202
133
195
186
202
133
195
186
204
132
195
186
203
133
196
189
204
132
196
189
203
133
196
243
179
184
196
243
178
185
197
264
171
205
194
266
168
205
198
136
226
87
198
136
228
87
198
136
228
88
201
294
162
233
206
95
252
54
206
95
251
55
206
95
253
54
206
94
252
54
206
94
253
53
208
96
252
56
208
96
253
57
208
96
251
56
208
96
253
56
208
96
251
57
208
96
250
56
208
96
254
56
208
96
254
57
209
96
253
57
209
96
253
56
209
96
251
57
209
96
254
56
209
96
254
57
209
96
255
57
207
97
249
57
207
97
251
56
207
97
251
57
207
97
250
56
208
97
253
57
208
97
251
56
208
97
251
57
208
97
250
56
209
201
209
152
209
201
208
152
209
201
209
148
209
201
209
154
209
201
210
152
209
200
209
152
209
200
208
152
209
200
209
148
209
200
209
154
209
200
210
152
207
200
209
152
207
200
206
150
207
200
208
152
207
200
209
148
209
208
205
159
209
208
205
161
209
208
207
158
209
208
212
160
209
208
211
158
209
208
212
161
209
208
213
159
212
70
268
32
213
68
269
30
213
68
269
33
212
89
259
52
212
89
260
53
212
89
258
53
213
90
256
55
213
90
261
52
213
90
260
53
213
90
259
55
213
90
258
53
211
93
256
55
211
93
254
55
211
93
255
54
211
93
254
56
211
93
256
56
211
93
254
57
211
93
255
57
211
93
258
53
213
89
259
52
213
89
261
52
213
89
260
53
213
89
259
55
213
89
258
53
213
91
256
55
213
91
256
56
213
91
261
52
213
91
258
56
213
91
260
53
213
91
259
55
213
92
256
55
213
92
256
56
213
92
258
56
213
92
260
53
213
92
259
55
209
90
253
53
212
95
256
55
212
95
254
56
212
95
256
56
212
95
254
57
212
95
255
57
211
96
253
57
211
96
254
56
211
96
254
57
211
96
255
57
211
95
253
57
211
95
256
55
211
95
254
56
211
95
256
56
211
95
254
57
211
95
255
57
211
94
253
56
211
94
256
55
211
94
254
56
211
94
256
56
211
94
254
57
211
94
255
57
210
95
252
56
210
95
253
57
210
95
253
56
210
95
256
55
210
95
254
56
210
95
254
57
210
95
255
57
212
209
209
160
212
209
209
161
212
209
208
160
212
209
209
159
212
209
207
158
212
209
211
161
212
209
210
158
213
205
209
160
213
205
209
161
213
205
208
160
213
205
209
159
213
205
211
157
213
205
211
161
213
205
210
158
213
205
212
160
213
205
211
158
213
205
212
161
213
207
209
160
213
207
209
161
213
207
208
160
213
207
209
159
213
207
207
158
213
207
211
157
213
207
211
161
213
207
210
158
213
207
212
160
213
207
211
158
213
206
209
160
213
206
209
161
213
206
208
160
213
206
209
159
213
206
207
158
213
206
211
157
213
206
211
161
213
206
210
158
213
206
212
160
213
206
211
158
213
206
212
161
211
212
205
161
212
213
207
168
210
211
205
159
210
211
205
161
212
211
209
161
212
211
208
160
210
210
205
159
210
210
205
161
211
213
205
161
212
210
209
160
212
210
209
161
212
210
208
160
212
210
209
159
212
210
207
158
212
210
211
161
214
89
256
55
214
89
261
52
214
89
260
53
214
89
259
55
214
88
259
52
214
88
261
52
214
88
260
53
214
88
259
55
214
88
258
53
214
92
258
56
214
92
259
55
216
97
260
61
216
97
261
64
216
97
261
62
221
222
212
176
221
222
212
177
221
222
213
177
221
222
215
181
218
221
212
177
224
213
217
169
224
213
217
170
224
213
216
169
224
213
218
171
224
216
215
173
224
216
215
171
224
216
217
173
224
216
215
172
224
216
217
172
224
216
216
171
224
216
216
170
224
216
216
173
224
215
217
173
224
215
217
172
224
215
216
171
224
215
216
170
224
215
217
170
225
212
217
169
225
212
217
168
225
212
218
171
225
212
219
170
225
212
218
168
223
217
215
173
223
217
215
171
223
217
217
173
223
217
215
172
223
217
216
171
223
217
216
173
224
217
215
173
224
217
215
171
224
217
217
173
224
217
215
172
224
217
216
171
224
217
216
173
225
224
212
176
225
224
212
177
225
224
213
177
225
224
216
182
225
224
215
181
225
244
204
197
225
244
205
196
225
244
203
199
225
244
204
199
223
248
201
202
223
248
201
203
224
245
203
199
224
245
202
200
224
245
204
199
224
246
203
199
225
253
201
207
225
257
200
211
225
254
201
207
225
259
199
212
225
260
198
212
225
258
200
211
225
258
199
212
225
258
199
211
225
285
189
233
225
284
189
233
226
212
217
169
226
212
217
168
226
212
219
168
226
212
219
170
226
212
218
168
226
212
221
170
227
211
219
168
227
211
221
170
227
213
219
170
227
213
218
168
227
213
221
170
226
211
219
168
226
211
219
170
226
211
218
168
226
211
221
170
229
212
221
170
224
211
217
169
224
211
217
168
224
211
219
168
224
211
219
170
224
211
218
168
228
228
211
185
228
228
215
185
228
228
216
184
228
228
216
185
227
224
212
176
227
224
212
177
227
224
213
177
227
224
216
182
227
224
215
181
227
224
217
182
227
224
216
184
227
224
217
181
229
228
215
185
229
228
216
184
229
228
216
185
226
224
212
176
226
224
212
177
226
224
213
177
226
224
216
182
226
224
215
181
226
224
217
182
226
224
216
184
229
227
215
185
229
227
216
184
229
227
216
185
229
224
217
180
229
224
216
182
229
224
215
181
229
224
217
182
229
224
217
181
227
253
204
206
226
253
203
206
228
254
204
209
226
252
203
206
229
254
205
209
228
256
204
209
235
252
210
210
235
252
211
209
237
293
197
247
237
293
196
247
237
293
196
248
236
293
196
246
241
288
201
245
241
288
201
244
241
288
201
246
241
288
200
246
241
288
199
247
241
288
205
243
241
288
203
244
241
288
203
242
241
288
202
244
240
290
198
248
240
290
197
249
240
290
200
246
240
290
199
247
241
291
200
248
241
291
198
249
241
291
198
248
241
291
199
248
241
291
199
249
240
292
198
249
240
292
198
248
240
292
197
249
240
292
199
248
240
293
196
252
240
293
198
249
241
293
197
252
241
293
199
249
238
294
196
249
239
297
196
252
236
294
196
246
236
294
196
247
240
296
197
252
240
296
196
252
241
296
198
253
237
294
197
247
237
294
196
247
237
294
196
248
239
294
196
252
239
294
198
249
239
294
197
249
241
295
197
252
244
249
219
207
244
249
220
213
245
246
221
204
244
247
220
206
244
247
221
209
244
247
220
205
244
247
219
205
244
245
221
204
242
248
217
209
242
248
218
208
242
248
219
209
242
248
219
207
242
248
218
207
242
247
218
208
242
247
219
207
242
247
219
205
242
247
218
207
242
252
217
209
242
252
216
211
242
252
216
213
242
252
216
212
242
252
217
210
242
252
217
213
242
252
216
214
242
252
218
212
242
252
218
216
242
252
218
214
243
251
217
209
243
251
216
211
243
251
217
210
243
251
218
208
243
251
218
212
243
251
219
215
243
251
218
214
244
252
217
210
244
252
218
212
244
252
219
215
242
250
217
209
242
250
216
211
242
250
217
210
242
250
218
208
242
250
218
207
242
250
218
212
244
250
219
209
244
250
220
213
242
251
217
209
242
251
216
211
242
251
216
212
242
251
217
210
242
251
217
213
242
251
218
212
242
251
218
216
242
251
218
214
242
253
216
211
242
253
216
213
242
253
216
212
242
253
217
213
242
253
216
214
242
253
217
217
242
255
216
213
242
255
215
215
242
255
215
214
242
255
215
216
242
255
216
214
245
256
217
213
245
256
217
217
245
256
218
216
245
256
218
217
244
256
216
214
244
256
217
217
244
256
217
218
244
256
217
219
242
256
215
215
242
256
215
214
242
256
214
217
242
256
214
216
242
256
215
216
242
256
216
214
243
259
214
217
243
259
214
216
243
259
215
216
243
259
214
219
243
259
214
218
242
259
213
220
242
259
213
218
242
259
214
217
242
259
214
216
242
259
215
216
242
259
214
219
242
259
214
218
242
260
213
220
242
260
213
218
242
260
214
219
242
260
214
218
242
262
212
221
242
262
213
220
242
262
212
220
242
264
212
221
242
264
211
223
242
264
211
222
242
264
212
223
244
274
209
233
244
274
209
234
244
276
209
234
244
277
208
236
242
272
209
231
242
276
209
233
242
276
207
233
242
276
208
233
242
276
207
236
242
276
209
234
242
276
208
236
244
275
209
234
245
281
207
239
245
281
206
240
245
281
208
239
245
281
207
238
245
281
207
240
245
281
207
241
242
281
205
238
242
281
207
236
242
281
206
236
242
281
207
239
242
281
206
240
242
281
208
239
242
281
207
238
242
281
207
240
242
281
207
241
244
280
207
239
244
280
206
240
244
280
208
239
244
280
207
238
244
280
207
240
244
280
207
241
243
285
205
243
243
285
203
244
243
285
205
244
243
285
206
240
243
285
208
239
243
285
207
240
243
285
207
241
243
282
205
243
243
282
207
236
243
282
207
239
243
282
206
240
243
282
208
239
243
282
207
238
243
282
207
240
243
282
207
241
242
284
205
238
242
284
204
240
242
284
205
243
242
284
203
242
242
284
205
244
242
284
206
236
242
284
207
239
242
284
206
240
242
284
208
239
242
284
207
238
242
284
207
240
242
284
207
241
245
284
205
245
245
284
205
243
245
284
205
244
245
284
206
240
245
284
208
239
245
284
207
240
245
284
207
241
245
283
205
245
245
283
205
243
245
283
205
244
245
283
207
239
245
283
206
240
245
283
208
239
245
283
207
238
245
283
207
240
245
283
207
241
245
285
205
245
245
285
205
243
245
285
205
244
244
284
205
245
244
284
205
243
244
284
205
244
244
284
207
239
244
284
206
240
244
284
208
239
244
284
207
240
244
284
207
241
244
282
205
244
244
282
207
239
244
282
206
240
244
282
208
239
244
282
207
238
244
282
207
240
244
282
207
241
242
285
205
238
242
285
203
240
242
285
204
240
242
285
205
243
242
285
203
244
242
285
203
242
242
285
202
244
242
285
202
242
242
285
205
244
242
285
207
239
242
285
206
240
242
285
208
239
242
285
207
238
242
285
207
240
242
285
207
241
244
283
205
243
244
283
205
244
244
283
207
239
244
283
206
240
244
283
208
239
244
283
207
238
244
283
207
240
244
283
207
241
244
285
205
245
244
285
205
243
244
285
205
244
242
283
205
236
242
283
205
238
242
283
204
238
242
283
204
240
242
283
205
243
242
283
203
242
242
283
206
236
242
283
207
239
242
283
206
240
242
283
208
239
242
283
207
238
242
283
207
240
242
283
207
241
244
287
205
245
244
287
203
244
244
287
205
244
244
287
204
246
244
287
202
246
245
286
205
245
245
286
205
244
245
286
204
246
243
289
200
248
243
289
201
246
243
289
200
246
243
289
204
246
243
289
202
246
244
286
205
245
244
286
205
243
244
286
205
244
244
286
204
246
244
286
202
246
244
288
200
248
244
288
205
245
244
288
204
246
244
288
203
248
244
288
202
246
242
287
201
245
242
287
201
244
242
287
201
246
242
287
200
246
242
287
205
243
242
287
203
244
242
287
203
242
242
287
202
244
242
287
202
242
242
287
205
244
242
287
202
246
245
289
204
246
245
289
203
248
245
289
202
249
245
312
193
269
245
312
194
268
245
312
194
267
245
312
196
266
243
310
193
265
243
310
193
267
243
310
194
267
245
311
194
268
245
311
194
267
245
311
196
266
244
312
193
269
244
312
193
267
244
312
194
268
244
312
194
267
244
311
193
267
244
311
194
268
244
311
194
267
247
301
201
258
247
301
202
258
248
309
200
267
248
309
198
267
248
309
198
268
246
309
196
266
247
310
198
267
248
310
198
267
248
310
198
268
248
313
198
268
252
256
225
220
253
270
219
234
254
64
307
47
253
65
305
47
256
73
305
56
257
70
308
54
257
73
306
56
256
102
292
83
254
102
290
81
254
102
291
80
254
102
291
81
254
104
290
81
254
104
291
80
254
104
291
81
254
104
292
83
256
105
292
83
257
252
230
219
257
252
231
217
257
252
231
218
257
248
232
216
257
248
231
217
257
248
231
218
256
254
228
222
256
255
228
222
257
256
228
223
257
256
228
222
255
259
226
224
255
259
227
225
257
259
227
225
256
262
225
228
255
262
225
228
255
262
224
228
254
263
224
227
254
263
224
228
254
263
223
228
254
264
223
228
255
267
223
232
255
267
222
233
256
267
223
232
256
267
224
232
257
267
224
233
257
267
224
232
254
268
221
233
254
268
222
233
257
268
224
233
257
268
224
232
257
268
223
234
257
268
223
235
254
269
221
233
254
269
222
233
257
270
223
234
257
270
222
236
257
270
223
236
257
270
223
235
255
270
222
236
256
271
222
236
257
272
222
236
257
272
223
236
258
298
213
261
260
298
213
262
259
299
213
262
259
298
213
261
259
298
213
262
268
81
314
69
268
81
312
67
268
81
312
69
268
81
313
69
268
81
313
68
268
81
312
68
267
81
312
67
267
81
312
69
267
81
313
69
267
81
313
68
267
81
312
68
269
81
314
69
269
81
312
67
269
81
315
69
269
81
312
69
269
81
313
69
269
81
313
68
269
81
312
68
264
169
272
148
264
169
273
146
264
169
272
147
264
169
273
145
264
167
272
148
264
167
273
144
264
167
272
146
264
167
273
146
264
167
272
147
264
167
273
145
272
76
319
66
272
76
320
67
272
76
320
65
273
76
319
66
273
76
321
66
273
76
320
67
273
76
320
65
270
80
314
69
270
80
312
67
270
80
315
69
270
80
313
69
270
80
313
68
271
82
314
69
271
82
315
69
271
82
313
69
271
82
316
71
271
82
317
70
273
85
316
72
273
85
316
71
273
85
316
73
270
84
314
69
270
84
315
69
270
84
316
72
270
84
316
71
270
84
317
70
270
84
316
73
269
83
314
69
269
83
315
69
269
83
312
69
269
83
313
69
269
83
313
68
269
83
312
68
270
83
314
69
270
83
315
69
270
83
313
69
270
83
316
71
270
82
314
69
270
82
315
69
270
82
313
69
270
82
313
68
271
83
314
69
271
83
315
69
271
83
316
72
271
83
316
71
271
83
317
70
268
82
314
69
268
82
312
67
268
82
312
69
268
82
313
69
268
82
313
68
268
82
312
68
272
84
316
72
272
84
316
71
272
84
317
70
272
84
316
73
273
169
280
148
273
169
279
149
273
169
281
149
272
168
280
148
272
168
279
149
272
168
281
149
272
169
280
148
272
169
279
149
272
169
281
149
269
233
250
205
276
77
319
66
276
77
321
66
276
77
320
67
276
77
320
68
276
77
320
65
276
77
321
69
277
80
321
69
277
80
319
70
277
80
321
70
277
80
321
71
276
79
318
69
276
79
321
66
276
79
320
67
276
79
320
68
276
79
321
69
276
79
319
70
276
79
319
71
276
79
321
70
276
79
321
71
276
78
319
66
276
78
321
66
276
78
320
67
276
78
320
68
276
78
320
65
276
78
321
69
276
78
319
70
276
78
321
70
276
78
321
71
274
76
319
66
274
76
321
66
274
76
320
67
274
76
320
65
275
78
318
69
275
78
319
66
275
78
321
66
275
78
320
67
275
78
320
68
275
78
320
65
275
78
321
69
275
79
318
69
275
79
319
66
275
79
321
66
275
79
320
67
275
79
320
68
275
79
320
65
275
79
321
69
275
79
319
70
275
79
319
71
275
79
321
70
275
79
317
70
277
79
320
67
277
79
320
68
277
79
321
69
277
79
319
70
277
79
321
70
277
79
321
71
275
80
318
69
275
80
321
66
275
80
320
67
275
80
320
68
275
80
319
70
275
80
316
71
275
80
319
71
275
80
317
70
277
78
321
66
277
78
320
67
277
78
320
68
277
78
321
69
277
78
321
70
277
78
321
71
277
81
321
69
277
81
319
70
277
81
321
73
277
81
319
71
277
81
321
70
277
81
321
71
276
232
257
206
285
165
293
151
285
165
293
152
285
165
294
151
285
165
294
150
285
169
290
155
285
169
290
156
285
169
292
155
284
167
292
153
284
167
288
153
284
167
289
153
284
167
291
153
284
167
290
155
284
167
291
154
284
167
292
154
284
167
290
154
285
168
290
155
285
168
291
154
285
168
292
154
285
168
292
155
285
171
290
157
284
173
290
157
285
170
290
156
282
173
288
157
282
173
289
157
284
171
290
156
283
257
253
234
284
80
330
77
284
80
330
76
284
80
328
75
284
80
331
77
284
80
328
76
285
81
330
77
285
81
328
76
287
81
330
77
287
81
331
77
287
81
328
76
286
163
293
151
286
163
293
152
286
163
295
149
286
163
294
151
286
163
294
150
286
162
293
151
286
162
294
148
286
162
295
148
286
162
296
148
286
162
295
149
286
162
294
149
286
162
297
149
286
162
294
151
286
162
294
150
289
167
292
155
289
167
294
155
289
167
295
155
289
167
297
155
287
168
290
155
287
168
291
154
287
168
292
154
287
168
290
156
287
168
292
155
287
168
294
155
287
168
295
155
286
167
292
153
286
167
291
153
286
167
293
152
286
167
293
153
286
167
290
155
286
167
291
154
286
167
292
154
286
167
290
154
286
167
292
155
286
166
293
151
286
166
292
153
286
166
293
152
286
166
293
153
286
166
290
155
286
166
291
154
286
166
292
154
286
166
292
155
293
81
330
77
293
81
330
76
293
81
333
77
293
81
331
76
293
81
331
77
293
81
332
77
293
81
335
80
293
81
334
78
293
81
333
78
292
83
336
81
292
83
333
81
292
83
335
81
292
83
332
81
292
83
334
81
292
84
333
81
292
84
335
81
292
84
332
81
292
84
334
81
293
84
336
81
293
84
333
81
293
84
335
81
293
84
332
81
293
84
334
81
293
154
303
145
293
154
304
145
291
161
297
149
291
161
299
149
291
161
298
149
291
161
301
149
291
161
300
150
291
161
299
150
291
161
301
152
291
161
302
150
291
161
302
151
291
159
297
148
291
159
297
149
291
159
299
149
291
159
298
149
291
159
298
148
291
159
301
149
291
159
300
150
291
159
299
150
291
159
303
148
291
159
302
148
291
159
302
147
291
159
302
150
293
160
301
149
293
160
300
150
293
160
299
150
293
160
301
152
293
160
303
149
293
160
303
150
293
160
302
150
293
160
302
151
292
159
299
149
292
159
298
149
292
159
301
149
292
159
300
150
292
159
299
150
292
159
303
148
292
159
302
148
292
159
303
149
292
159
303
150
292
159
302
150
292
159
302
151
292
161
299
149
292
161
298
149
292
161
301
149
292
161
300
150
292
161
299
150
292
161
301
152
292
161
302
150
292
161
302
151
292
162
297
153
292
162
300
150
292
162
299
150
292
162
301
152
292
162
299
153
292
162
302
151
291
165
297
153
291
165
297
154
291
165
299
153
292
164
297
153
292
164
301
152
292
164
299
153
293
163
301
152
293
163
299
153
292
165
297
153
292
165
297
154
292
165
299
153
291
164
297
153
291
164
299
153
295
81
330
77
295
81
333
77
295
81
331
77
295
81
332
77
295
81
336
81
295
81
336
80
295
81
335
81
295
81
337
80
295
81
335
80
295
81
334
78
295
81
333
78
295
81
337
81
295
81
338
80
295
81
343
82
295
84
336
81
295
84
333
81
295
84
335
81
295
84
332
81
295
84
334
81
295
84
340
85
296
157
305
149
296
157
306
149
296
160
301
152
296
160
303
150
296
160
302
150
296
160
302
151
294
159
301
149
294
159
300
150
294
159
301
152
294
159
304
149
294
159
303
148
294
159
303
149
294
159
305
149
294
159
303
150
294
159
302
150
294
159
302
151
297
200
290
189
296
200
289
188
296
200
288
188
294
200
287
187
295
200
288
188
297
202
288
190
297
202
290
189
296
202
288
189
296
202
288
190
296
202
290
189
295
202
288
189
295
202
287
189
295
202
288
190
296
207
284
194
296
209
284
194
296
209
284
197
296
209
286
195
294
209
284
194
294
209
282
195
295
209
284
194
295
209
282
195
295
209
284
197
296
208
284
194
296
208
284
197
296
208
286
195
295
211
284
197
294
210
284
194
294
210
281
195
294
210
282
195
297
212
284
197
297
210
284
197
297
210
286
195
297
211
284
197
301
81
340
81
301
81
343
82
301
81
343
84
301
81
345
84
301
81
343
83
301
81
348
85
301
81
347
84
301
81
346
84
300
83
337
81
300
83
342
84
300
83
343
85
300
83
343
84
300
83
345
84
300
83
343
83
300
83
344
85
301
84
336
81
301
84
335
81
301
84
342
84
301
84
343
85
301
84
343
84
301
84
340
85
301
84
341
85
301
84
344
85
301
84
348
88
301
85
334
81
301
85
342
84
301
85
343
85
301
85
340
85
301
85
341
85
301
85
344
85
301
85
350
89
301
85
348
88
301
85
349
89
298
265
263
244
298
265
264
247
299
265
265
249
299
265
264
248
299
265
264
247
302
81
340
81
302
81
342
84
302
81
343
82
302
81
343
84
302
81
345
84
302
81
343
83
302
81
344
85
302
81
348
85
302
81
347
84
302
81
346
84
303
82
337
81
303
82
342
84
303
82
343
85
303
82
343
84
303
82
345
84
303
82
343
83
303
82
344
85
304
83
336
81
304
83
342
84
304
83
343
85
304
83
343
84
304
83
340
85
304
83
341
85
304
83
344
85
304
83
352
88
303
85
343
85
303
85
340
85
303
85
341
85
303
85
344
85
303
85
348
89
303
85
350
89
303
85
348
88
303
85
349
89
304
84
342
84
304
84
343
85
304
84
340
85
304
84
341
85
304
84
344
85
304
84
350
89
304
84
348
88
304
84
349
89
302
85
343
85
302
85
340
85
302
85
341
85
302
85
344
85
302
85
348
89
302
85
350
89
302
85
348
88
302
85
349
89
303
84
342
84
303
84
343
85
303
84
343
84
303
84
340
85
303
84
341
85
303
84
344
85
303
84
350
89
303
84
348
88
300
97
324
90
304
97
324
90
303
98
324
90
303
97
324
90
305
128
329
128
304
140
320
136
303
140
320
136
302
140
320
136
304
159
313
154
304
159
310
155
304
159
312
155
304
159
311
155
304
159
312
154
305
158
313
154
305
158
312
155
305
158
312
154
303
160
308
155
303
160
310
155
303
160
312
155
303
160
311
155
303
160
312
154
304
160
308
155
304
160
313
154
304
160
310
155
304
160
312
155
304
160
310
156
304
160
311
155
304
160
312
154
305
163
312
158
305
163
310
158
304
163
312
157
304
163
308
157
304
163
312
158
305
165
311
160
301
163
308
155
301
163
308
156
301
163
309
156
301
163
310
156
300
164
308
157
300
164
308
156
302
162
308
155
302
162
310
155
302
162
308
156
302
162
309
156
302
162
310
156
303
164
310
158
303
184
300
176
303
184
301
177
307
70
353
75
307
81
340
81
307
81
342
84
307
81
343
85
307
81
343
82
307
81
343
84
307
81
345
84
307
81
343
83
307
81
344
85
307
81
348
85
307
81
347
84
307
81
346
84
307
81
353
87
307
81
349
86
308
81
340
81
308
81
342
84
308
81
343
82
308
81
343
84
308
81
345
84
308
81
343
83
308
81
344
85
308
81
348
85
308
81
347
84
308
81
346
84
308
81
353
87
308
81
349
86
308
81
354
88
309
81
340
81
309
81
342
84
309
81
343
82
309
81
343
84
309
81
345
84
309
81
343
83
309
81
348
85
309
81
346
84
309
81
353
87
309
81
349
86
309
81
354
88
308
83
342
84
308
83
343
85
308
83
343
84
308
83
340
85
308
83
341
85
308
83
344
85
308
83
350
89
308
83
352
88
308
83
348
88
308
82
342
84
308
82
343
85
308
82
343
84
308
82
345
84
308
82
343
83
308
82
344
85
308
82
349
86
308
82
352
88
308
82
354
88
308
84
343
85
308
84
340
85
308
84
341
85
308
84
348
89
308
84
350
89
308
84
348
88
308
84
349
89
309
84
343
85
309
84
348
89
309
84
350
89
309
84
348
88
309
84
349
89
308
98
324
90
308
129
328
128
308
129
329
128
307
128
329
128
309
129
329
128
306
128
329
128
306
158
313
154
306
158
312
155
306
158
312
154
306
184
304
178
306
185
304
178
306
185
303
178
307
185
304
178
307
185
303
178
307
185
305
179
311
69
358
76
312
81
342
84
312
81
343
85
312
81
343
84
312
81
343
83
312
81
344
85
312
81
352
88
312
81
354
88
312
81
358
89
311
80
340
81
311
80
342
84
311
80
343
82
311
80
343
84
311
80
343
83
311
80
353
87
311
80
355
86
311
80
354
88
311
80
357
86
311
80
359
86
311
80
358
86
311
81
342
84
311
81
343
84
311
81
343
83
311
81
353
87
311
81
352
88
311
81
354
88
313
79
355
85
313
79
356
85
313
79
355
86
313
79
357
86
313
79
359
86
313
79
358
86
313
81
342
84
313
81
343
85
313
81
343
84
313
81
344
85
313
81
352
88
313
81
356
89
313
81
354
88
313
81
357
89
313
81
358
89
311
82
342
84
311
82
343
85
311
82
343
84
311
82
344
85
311
82
352
88
311
82
356
89
311
83
350
89
311
83
348
88
311
83
349
89
310
83
343
85
310
83
340
85
310
83
341
85
310
83
350
89
310
83
348
88
310
83
349
89
310
82
342
84
310
82
343
85
310
82
343
84
310
82
344
85
310
82
352
88
310
82
356
89
310
82
354
88
310
82
357
89
311
84
348
89
311
84
350
89
311
84
349
89
311
85
348
89
311
85
350
89
311
85
349
89
310
104
344
108
310
104
345
108
311
104
344
108
311
104
345
108
313
131
333
132
313
131
334
132
312
173
312
171
312
173
312
172
312
173
313
171
311
175
313
171
312
174
312
172
312
174
313
171
313
172
314
172
313
174
315
171
313
174
313
172
313
174
314
172
312
175
313
172
312
175
314
172
312
175
313
171
312
175
312
173
313
175
314
173
313
175
315
171
313
175
313
172
313
175
314
172
313
175
312
173
312
176
313
172
312
176
314
172
312
176
312
173
313
176
314
173
313
176
314
172
317
64
361
71
316
69
360
77
316
69
361
77
317
69
361
77
315
79
357
86
315
79
359
86
315
79
358
86
314
80
343
84
314
80
343
83
314
80
354
88
316
77
361
85
316
77
360
84
316
77
359
86
314
116
344
120
317
129
337
132
317
130
337
132
317
130
336
133
317
130
335
132
314
130
337
132
314
130
334
132
314
130
335
132
316
129
337
132
319
76
361
85
318
81
356
89
320
112
346
117
320
112
346
119
320
112
347
118
320
112
346
118
320
112
348
119
320
112
345
118
319
112
346
117
319
112
346
119
319
112
347
118
319
112
346
118
319
112
345
118
323
114
344
120
323
114
346
119
323
114
348
119
323
114
348
120
329
76
369
90
329
76
368
89
329
76
371
90
329
76
372
91
329
76
373
91
327
79
368
92
327
78
330
76
327
78
333
77
327
78
331
76
327
78
367
91
327
78
368
91
327
78
369
91
327
78
371
93
327
78
370
92
327
78
371
92
327
78
372
93
328
79
368
92
328
79
371
93
328
79
370
92
329
78
331
76
329
78
367
91
329
78
368
91
329
78
369
91
329
78
371
93
329
78
370
92
329
78
371
92
329
78
372
93
327
83
367
97
327
83
366
96
327
83
368
97
328
85
364
97
329
84
366
97
329
84
365
96
328
84
366
97
326
103
353
112
327
104
351
112
327
104
353
113
327
104
353
112
327
104
352
112
329
104
351
112
329
104
353
113
329
104
353
112
329
104
352
112
327
103
353
112
324
103
353
112
328
104
351
112
328
104
353
113
328
104
353
112
328
104
352
112
326
113
346
119
326
113
347
118
326
113
346
118
326
113
348
119
326
113
345
118
326
113
348
120
326
113
351
121
326
113
350
120
327
113
346
119
327
113
348
119
327
113
348
120
327
113
351
121
327
113
350
120
327
113
352
121
327
113
354
123
327
113
354
122
327
113
353
122
333
44
386
62
331
45
385
63
331
45
386
62
331
45
386
63
331
79
371
93
333
79
371
93
333
79
370
92
333
79
372
93
333
79
373
94
330
77
369
90
330
77
368
89
330
77
369
91
330
77
371
90
330
77
372
91
330
77
370
92
330
77
371
92
330
77
373
91
332
77
369
90
332
77
368
91
332
77
369
91
332
77
371
90
332
77
372
91
332
77
370
92
332
77
371
92
332
77
373
91
330
78
331
76
330
78
368
91
330
78
369
91
330
78
371
93
330
78
370
92
330
78
371
92
330
78
372
93
332
76
369
90
332
76
368
89
332
76
371
90
332
76
372
91
332
76
373
91
331
77
369
90
331
77
368
89
331
77
369
91
331
77
371
90
331
77
372
91
331
77
370
92
331
77
371
92
331
77
373
91
333
113
357
124
333
113
357
123
333
113
359
124
333
113
360
125
333
113
358
124
333
229
313
228
333
229
309
230
336
45
387
63
334
113
359
124
334
113
360
125
334
113
358
124
334
113
360
126
341
43
395
64
341
44
395
64
339
112
364
126
339
112
365
127
338
115
362
128
338
115
362
129
339
114
364
127
339
114
363
128
339
114
364
126
339
114
365
127
339
114
363
126
339
140
352
150
339
140
351
152
339
140
353
152
339
140
354
152
339
140
354
150
339
141
349
151
339
141
352
150
339
141
351
152
339
141
353
152
339
141
354
152
339
141
354
153
340
141
353
152
340
141
354
152
340
141
354
153
340
140
352
150
340
140
353
152
340
140
354
152
340
140
354
150
340
140
354
153
338
139
352
150
341
139
354
150
341
141
353
152
341
141
354
152
341
141
354
153
339
242
308
245
337
240
308
241
344
41
397
64
344
115
368
131
344
115
368
132
345
115
368
131
345
115
368
132
345
115
368
133
348
76
387
97
346
113
369
129
346
113
369
131
347
117
368
133
348
115
371
132
348
115
370
132
348
115
370
133
346
116
368
132
346
116
368
133
347
115
368
132
347
115
369
131
347
115
368
133
347
115
370
132
347
115
370
133
347
116
368
132
347
116
369
131
347
116
368
133
347
116
370
133
348
116
370
132
348
116
370
133
349
115
372
132
349
115
372
133
346
115
368
131
346
115
368
132
346
115
369
131
346
115
368
133
344
130
360
142
344
130
361
144
344
129
360
142
344
129
361
142
344
129
361
144
345
129
361
142
348
132
364
148
349
132
364
148
347
133
364
149
347
133
363
149
346
141
360
155
349
136
363
152
347
142
360
157
347
142
361
156
347
142
360
155
347
142
361
157
349
146
360
157
356
183
348
199
356
217
333
228
356
217
332
229
356
217
339
227
356
217
339
228
357
221
331
233
357
221
333
233
357
221
336
232
357
221
335
233
357
221
337
231
357
221
334
231
357
221
336
233
356
218
333
228
356
218
332
229
356
218
332
230
356
218
339
229
356
218
339
227
356
218
339
228
356
218
338
229
356
220
332
230
356
220
337
230
356
220
337
231
356
220
335
230
356
220
334
231
356
220
338
230
356
219
332
230
356
219
337
230
356
219
335
230
356
219
339
229
356
219
339
228
356
219
338
229
356
219
338
230
358
170
356
188
358
170
357
187
358
170
357
186
358
168
358
184
358
168
357
186
358
174
355
190
356
188
348
202
360
193
349
207
360
193
347
209
360
193
348
207
360
193
347
208
360
193
349
210
360
193
349
211
360
193
347
210
360
193
349
212
360
193
348
213
360
193
348
210
361
192
349
207
361
192
349
210
361
192
349
211
361
192
349
212
361
192
348
210
360
203
345
217
360
203
345
214
360
203
344
219
360
203
345
218
360
204
345
217
360
204
345
214
360
204
344
219
360
204
345
218
361
200
347
213
361
200
348
213
360
201
345
217
360
201
345
214
360
201
345
218
360
201
346
213
360
205
345
217
360
205
345
214
360
205
344
220
360
205
344
219
360
205
345
218
360
205
343
221
360
209
344
220
360
209
344
219
360
209
345
218
360
209
343
221
360
209
342
222
360
209
342
223
361
207
345
217
361
207
344
220
361
207
345
218
361
207
343
221
361
207
342
222
360
206
345
217
360
206
344
220
360
206
344
219
360
206
345
218
360
206
343
221
360
207
345
217
360
207
344
220
360
207
344
219
360
207
345
218
360
207
343
221
360
207
342
222
359
213
341
224
359
213
341
225
359
213
342
223
359
212
341
224
359
212
342
222
359
212
342
223
359
214
341
225
359
214
340
226
359
216
339
227
359
216
339
228
359
217
339
229
359
217
339
228
359
217
338
229
364
81
400
106
364
81
401
108
364
81
401
105
364
81
399
109
364
81
400
109
365
78
401
104
365
78
401
105
364
76
401
104
363
79
400
106
363
79
401
108
363
79
401
104
363
79
401
105
363
79
399
109
363
79
400
109
365
79
400
106
365
79
401
108
365
79
401
104
365
79
401
105
365
80
400
106
365
80
401
108
365
80
401
104
365
80
401
105
365
80
399
109
365
80
400
109
364
78
400
106
364
78
401
104
364
78
401
105
362
83
399
109
363
83
399
109
363
104
388
132
363
104
389
129
363
104
391
128
364
108
388
132
364
108
388
133
364
108
387
132
365
108
388
132
365
108
388
133
363
107
388
132
363
107
388
133
363
107
387
132
365
109
388
132
365
109
388
133
362
108
386
132
362
108
387
132
363
108
388
132
363
108
388
133
363
108
387
132
365
170
363
189
365
170
364
190
369
32
424
65
369
32
425
65
369
32
424
66
367
34
421
67
367
34
422
68
367
34
423
66
367
34
422
66
367
35
418
67
367
35
421
67
369
35
421
69
369
35
423
68
369
35
422
69
369
35
422
68
369
35
425
69
367
41
415
73
366
105
391
130
366
105
391
129
366
105
392
129
366
105
391
128
366
105
393
130
367
102
391
128
367
102
393
130
369
103
392
129
369
103
393
130
366
102
392
129
366
102
391
128
366
107
391
130
366
107
391
134
369
109
391
134
369
109
391
135
369
109
393
136
369
109
393
137
368
109
391
134
368
109
391
135
367
109
391
134
367
109
391
135
366
118
386
142
364
135
378
156
367
139
378
161
369
163
371
185
369
163
371
184
369
163
370
185
369
163
370
186
369
162
371
185
369
162
371
184
369
162
370
185
366
166
365
187
366
166
363
189
367
169
362
192
367
169
363
192
367
169
364
190
367
169
366
189
369
168
368
190
369
168
366
190
367
168
364
190
369
169
366
190
366
172
363
193
366
172
362
192
366
172
363
192
366
172
364
190
366
172
366
189
366
172
366
190
366
170
362
192
366
170
364
190
366
170
366
189
366
173
363
193
366
173
362
192
366
173
363
192
366
173
364
190
366
173
366
189
366
173
366
190
368
176
363
197
369
177
363
197
367
175
363
193
367
175
363
194
367
176
359
197
367
176
363
194
369
178
363
197
369
186
359
205
369
186
358
207
369
186
357
208
369
186
361
207
369
186
358
208
369
186
359
208
369
186
357
206
369
186
358
206
369
186
360
207
369
186
357
209
369
186
360
206
369
186
362
205
367
188
357
204
367
188
359
205
367
188
358
207
367
188
357
208
367
188
356
208
367
188
357
206
367
188
358
206
366
186
357
204
366
186
357
206
368
186
357
204
368
186
359
205
368
186
358
207
368
186
357
208
368
186
358
208
368
186
356
208
368
186
357
206
368
186
358
206
368
186
360
207
368
186
357
209
368
186
360
206
368
187
357
204
368
187
359
205
368
187
358
207
368
187
357
208
368
187
358
208
368
187
359
208
368
187
356
208
368
187
357
206
368
187
358
206
368
187
360
207
368
187
357
209
368
187
360
206
369
187
359
205
369
187
358
207
369
187
357
208
369
187
361
207
369
187
358
208
369
187
359
208
369
187
356
208
369
187
357
206
369
187
358
206
369
187
360
207
369
187
357
209
369
187
360
206
366
188
357
204
366
188
356
208
366
188
357
206
366
187
357
204
366
187
356
208
366
187
357
206
367
190
359
205
367
190
358
207
367
190
357
208
367
190
358
208
367
190
359
208
367
190
356
208
367
190
357
206
367
190
358
206
367
190
360
207
367
190
357
209
367
190
357
212
367
192
358
207
367
192
357
208
367
192
358
208
367
192
359
208
367
192
356
208
367
192
358
206
367
192
360
207
367
192
357
209
367
192
357
212
368
193
359
208
368
193
360
207
368
193
357
209
368
193
360
209
368
193
357
212
369
193
361
207
369
193
359
208
369
193
360
207
369
193
360
209
369
193
357
212
368
192
358
207
368
192
357
208
368
192
358
208
368
192
359
208
368
192
358
206
368
192
360
207
368
192
357
209
368
192
360
209
368
192
357
212
368
191
359
205
368
191
358
207
368
191
357
208
368
191
361
207
368
191
358
208
368
191
359
208
368
191
356
208
368
191
357
206
368
191
358
206
368
191
360
207
368
191
357
209
368
191
360
206
368
191
360
209
368
191
357
212
369
192
361
207
369
192
358
208
369
192
359
208
369
192
361
209
369
192
360
207
369
192
360
206
369
192
360
209
369
192
357
212
368
190
359
205
368
190
358
207
368
190
357
208
368
190
361
207
368
190
358
208
368
190
359
208
368
190
356
208
368
190
357
206
368
190
358
206
368
190
360
207
368
190
357
209
368
190
360
206
368
190
360
209
368
190
357
212
372
107
396
136
372
107
396
138
372
107
395
138
372
107
395
137
372
107
396
137
372
107
397
138
372
109
396
136
372
109
396
138
372
109
395
138
372
109
395
137
372
109
396
137
373
107
397
139
373
107
396
136
373
107
396
138
373
107
395
138
373
107
395
137
373
107
396
137
373
107
397
138
373
106
397
139
373
106
396
136
373
106
396
138
373
106
395
138
373
106
395
137
373
106
396
137
373
106
397
138
373
104
396
136
373
105
396
136
373
105
396
138
373
105
395
138
373
105
395
137
373
105
396
137
371
109
393
136
371
109
393
137
371
109
395
138
371
109
395
137
372
104
396
136
373
109
397
139
373
109
396
136
373
109
396
138
373
109
395
138
373
109
395
137
373
109
396
137
370
110
391
135
370
110
393
136
370
110
393
137
373
110
396
138
373
110
395
138
373
110
395
137
371
136
383
161
372
136
383
161
372
136
384
161
373
136
384
160
373
136
384
161
370
201
352
221
373
201
355
221
373
201
357
221
373
201
357
220
373
200
355
221
373
200
357
220
373
200
356
220
373
198
356
220
373
198
359
218
373
198
358
219
372
201
355
221
372
201
357
220
372
201
354
221
372
201
356
220
372
200
356
220
372
202
355
221
370
203
353
221
370
203
354
221
370
203
352
221
370
202
353
221
370
202
354
221
370
202
352
221
369
203
353
221
369
203
352
221
377
116
397
146
377
114
397
143
376
112
397
142
376
113
396
142
376
113
397
142
374
116
394
145
375
117
394
145
376
114
396
142
375
113
396
142
376
118
394
145
374
118
392
146
374
118
393
146
374
135
388
160
374
135
387
160
374
135
386
160
374
135
387
161
375
135
388
160
375
135
387
160
375
135
387
161
375
135
388
161
375
134
388
160
375
134
387
160
375
134
386
160
375
134
387
161
375
134
388
161
377
40
431
77
377
40
432
77
378
40
433
78
378
44
428
81
380
128
396
154
380
128
395
154
380
128
396
155
379
124
395
150
379
127
395
154
379
127
394
155
378
125
394
153
378
132
391
160
383
39
435
78
384
39
437
78
384
39
435
78
380
71
419
107
380
71
419
106
385
68
424
104
385
68
424
105
385
68
425
105
380
70
419
104
380
70
419
106
380
70
418
105
383
115
404
149
384
116
404
149
384
116
404
151
385
116
404
149
385
116
405
151
385
116
404
151
383
116
404
149
383
189
374
214
385
188
376
213
385
188
374
214
385
188
375
214
385
230
356
253
385
230
356
252
388
113
408
146
386
114
406
148
387
114
406
148
387
116
407
149
387
116
406
148
389
115
408
146
389
115
409
149
386
116
404
149
386
116
406
148
386
116
405
151
389
114
408
146
384
119
404
151
388
118
407
149
388
118
406
148
388
118
405
151
388
118
407
150
388
118
405
152
388
118
406
152
388
118
406
153
386
119
404
149
386
119
405
151
386
119
405
152
386
119
404
151
386
118
404
149
386
118
405
151
386
118
405
152
386
118
404
151
387
118
404
149
387
118
406
148
387
118
405
151
387
118
405
152
387
118
404
151
387
118
406
152
385
119
404
149
385
119
405
151
385
119
404
151
385
120
404
151
388
120
405
153
388
120
405
152
388
120
406
152
388
120
406
153
385
118
404
149
385
118
405
151
385
118
404
151
389
120
406
152
389
120
406
153
389
121
406
153
386
178
379
206
386
186
376
213
386
186
375
214
386
188
376
213
386
188
374
216
386
188
375
214
384
191
374
216
386
190
374
216
385
190
374
216
385
191
374
216
393
76
427
115
393
76
428
116
393
77
428
117
393
77
428
116
391
76
426
115
391
76
427
115
393
82
425
121
393
82
427
121
393
82
426
121
391
115
410
149
391
115
410
150
393
305
332
324
393
28
450
73
392
28
449
73
396
29
453
75
394
29
449
73
394
28
450
73
395
29
449
73
395
29
450
73
395
29
450
75
395
29
453
75
393
73
429
113
392
72
429
113
392
72
428
113
396
112
416
147
395
178
388
208
395
177
388
208
400
35
454
82
397
37
448
82
396
36
448
81
397
36
448
81
398
36
450
82
399
36
451
82
399
36
453
83
399
36
450
82
399
36
452
83
400
36
451
82
400
36
453
83
400
36
450
82
400
36
454
83
399
35
454
82
396
77
432
117
396
77
432
118
396
76
432
117
397
75
432
117
397
77
432
117
397
77
432
118
401
233
369
262
401
233
369
261
401
234
369
262
401
234
369
261
403
68
441
113
403
68
441
112
403
68
441
118
403
68
442
118
403
66
441
113
403
66
441
112
403
66
441
111
403
66
442
109
402
64
441
112
402
64
441
111
402
64
442
109
402
64
442
108
403
67
441
113
403
67
441
112
403
67
441
111
403
67
441
118
403
67
442
118
400
80
432
121
405
188
390
222
405
188
392
222
405
188
391
222
402
188
389
221
402
188
388
221
402
197
386
229
404
196
388
228
404
196
388
229
404
196
387
229
404
196
386
229
404
196
389
229
403
196
387
229
403
196
386
229
405
195
388
228
405
195
388
229
405
195
387
229
405
195
386
229
405
195
389
229
405
195
389
230
402
196
386
229
404
197
387
229
403
293
345
319
403
293
344
321
403
293
343
320
403
293
346
318
403
293
346
319
403
293
347
317
405
290
348
317
401
297
343
319
401
297
343
320
403
294
345
319
403
294
344
321
403
294
343
320
403
294
346
318
403
294
346
319
403
294
347
317
402
297
345
319
402
297
344
321
402
297
343
320
404
297
346
319
404
297
347
319
405
297
347
319
407
68
445
115
407
68
444
118
409
70
445
119
407
72
444
120
407
72
442
118
407
72
445
119
407
72
444
118
407
72
443
120
407
72
442
122
409
68
445
115
408
71
445
115
408
71
444
120
408
71
445
119
408
71
444
118
408
69
445
115
408
69
445
119
408
72
444
120
408
72
445
119
408
72
444
118
408
72
443
120
409
72
445
119
409
72
444
118
406
73
441
118
406
73
440
120
406
73
441
120
406
73
440
121
406
73
441
123
406
73
440
122
406
73
444
120
406
73
442
118
406
73
443
120
406
73
442
122
409
73
444
120
409
73
445
119
409
73
444
118
406
74
441
118
406
74
440
120
406
74
441
120
406
74
440
121
406
74
441
123
406
74
440
122
406
74
442
118
406
74
443
120
406
74
442
122
408
74
444
120
408
74
442
118
408
74
443
120
408
74
442
122
408
77
440
120
408
77
441
120
408
77
440
121
408
77
441
123
408
77
440
122
408
77
442
122
406
76
440
120
406
76
441
120
406
76
440
121
406
76
440
122
406
76
442
122
406
77
440
120
406
77
440
121
406
77
440
122
406
75
441
118
406
75
440
120
406
75
441
120
406
75
440
121
406
75
440
122
406
75
442
122
407
78
440
121
407
78
440
122
408
186
390
222
408
186
392
222
408
186
391
222
408
186
397
223
409
186
392
222
409
186
396
223
409
186
397
223
409
191
393
226
409
191
393
228
409
191
395
226
409
191
396
227
409
191
394
228
409
191
394
227
409
190
393
226
409
190
395
226
409
190
396
227
409
190
396
226
409
190
394
227
408
193
389
229
408
193
393
228
408
193
391
229
408
193
393
229
408
193
389
230
408
193
394
228
409
193
389
229
409
193
393
226
409
193
393
228
409
193
391
229
409
193
393
229
409
193
393
231
409
193
394
228
409
193
394
227
406
195
388
229
406
195
389
229
406
195
391
229
406
195
393
229
406
195
390
231
406
195
389
231
406
195
389
230
408
194
389
229
408
194
393
228
408
194
391
229
408
194
393
229
408
194
390
231
408
194
393
232
408
194
393
231
408
194
389
231
408
194
391
231
408
194
389
230
408
194
394
228
407
197
390
231
407
197
393
232
407
197
393
233
407
197
393
231
407
197
389
231
407
197
390
232
407
197
391
231
407
197
389
230
409
195
389
229
409
195
393
228
409
195
391
229
409
195
393
229
409
195
390
231
409
195
393
232
409
195
393
233
409
195
393
231
409
195
389
231
409
195
390
232
409
195
391
231
409
195
389
230
409
195
395
233
409
195
395
232
409
195
396
233
408
196
389
229
408
196
391
229
408
196
393
229
408
196
390
231
408
196
393
232
408
196
393
233
408
196
393
231
408
196
389
231
408
196
390
232
408
196
391
231
408
196
389
230
408
196
395
233
406
194
388
229
406
194
389
229
406
194
393
228
406
194
391
229
406
194
389
230
410
188
393
223
410
188
396
225
410
188
394
223
410
188
396
224
410
188
395
223
410
188
396
226
410
188
397
226
412
188
396
223
412
188
396
225
412
188
394
223
412
188
396
224
412
188
395
223
412
188
397
226
410
189
393
223
410
189
393
226
410
189
396
225
410
189
394
223
410
189
396
224
410
189
395
226
410
189
396
227
410
189
396
226
410
189
397
226
411
189
396
225
411
189
394
223
411
189
396
224
411
189
395
226
411
189
396
227
411
189
396
226
411
189
397
226
412
61
452
111
412
61
452
110
413
61
452
111
413
61
452
110
416
59
455
109
416
59
457
110
416
59
456
109
414
60
453
110
414
60
452
110
414
60
454
110
417
61
455
113
416
189
396
225
416
189
396
224
416
189
397
226
416
189
402
228
417
189
396
224
417
189
402
228
421
29
474
85
421
29
473
86
421
28
474
85
421
30
472
87
421
30
473
86
421
30
473
87
421
30
472
86
421
31
472
87
421
31
473
86
421
31
473
87
421
31
472
86
420
30
472
87
420
30
473
86
420
30
472
86
419
185
408
228
421
185
408
228
418
188
404
227
418
188
406
230
421
186
408
228
421
186
408
230
421
187
404
227
421
187
408
228
421
187
408
230
421
187
406
230
421
188
404
227
421
188
406
230
421
188
406
231
419
189
402
228
419
189
404
227
419
189
406
230
419
189
405
231
421
189
404
227
421
189
406
230
421
189
405
231
421
189
406
231
418
190
402
228
418
190
401
229
417
191
396
227
417
191
396
226
417
191
397
226
417
191
402
228
417
191
401
229
417
192
396
226
417
192
397
226
417
192
401
229
416
193
396
227
416
193
394
228
416
193
394
227
420
191
402
228
420
191
404
227
420
191
406
230
420
191
404
232
420
191
405
231
420
191
406
231
420
191
404
231
420
190
402
228
420
190
404
227
420
190
406
230
420
190
405
231
420
190
406
231
420
190
404
231
418
192
397
226
418
192
402
228
418
192
401
229
416
190
396
225
416
190
396
224
416
190
395
226
416
190
396
226
416
190
397
226
416
190
402
228
416
190
401
229
417
193
401
229
421
220
393
258
420
223
391
260
420
223
390
261
418
224
387
261
420
222
391
260
420
222
390
261
419
223
388
262
419
224
388
262
419
224
390
261
418
225
388
262
419
225
388
262
420
277
370
308
421
276
370
308
421
276
371
308
421
274
370
308
421
274
371
308
420
276
370
308
421
277
370
308
421
281
369
313
423
29
474
85
423
29
475
87
423
29
474
86
423
29
474
87
425
29
477
87
422
27
475
84
425
30
477
88
422
30
473
86
422
30
473
87
422
30
474
86
422
30
474
87
423
31
474
88
423
31
474
89
422
32
473
89
422
32
472
89
422
185
408
228
422
185
410
228
423
185
410
228
423
185
411
229
424
185
410
228
424
185
411
229
424
186
410
228
424
186
411
229
423
186
408
228
423
186
410
228
425
186
410
228
425
186
411
229
423
188
408
228
423
188
408
230
425
188
411
229
425
188
411
234
425
207
401
247
425
207
402
248
425
207
403
248
425
207
402
249
425
207
400
248
425
207
401
249
425
207
400
247
425
207
403
249
425
207
401
248
420
207
400
247
425
208
401
247
425
208
402
248
425
208
403
248
425
208
402
249
425
208
400
248
425
208
401
249
425
208
400
247
425
208
403
249
425
208
401
248
421
206
401
247
421
206
400
247
422
208
400
248
422
208
400
247
422
208
401
248
424
208
401
247
424
208
402
248
424
208
402
249
424
208
400
248
424
208
401
249
424
208
400
247
424
208
401
248
423
207
401
247
423
207
400
248
423
207
401
249
423
207
400
247
423
207
401
248
424
274
372
310
422
273
370
308
422
273
371
308
423
273
371
308
422
275
370
308
422
275
371
308
424
277
371
311
424
277
371
312
424
277
372
310
422
274
370
308
422
274
371
308
422
280
369
313
422
280
370
312
423
279
371
311
423
279
369
313
423
279
372
310
423
279
370
312
422
281
369
313
422
281
370
312
424
278
371
312
424
279
371
312
423
278
371
311
423
278
369
313
423
278
370
312
423
281
371
311
423
281
371
312
423
281
369
313
423
281
372
310
423
281
370
312
427
184
414
228
429
190
413
235
429
207
406
249
429
207
406
252
429
207
407
252
429
206
406
249
429
206
406
252
429
206
407
252
426
207
401
247
426
207
402
248
426
207
403
248
426
207
402
249
426
207
404
249
426
207
400
248
426
207
401
249
426
207
403
249
426
207
401
248
426
207
404
251
426
206
401
247
426
206
402
248
426
206
403
248
426
206
402
249
426
206
404
249
426
206
401
249
426
206
403
249
426
206
401
248
426
206
404
251
426
208
401
247
426
208
402
248
426
208
403
248
426
208
402
249
426
208
400
248
426
208
401
249
426
208
403
249
426
208
401
248
426
208
404
251
428
208
401
247
428
208
402
248
428
208
403
248
428
208
404
249
428
208
403
249
428
208
406
252
428
208
405
250
428
208
404
251
428
208
405
251
431
153
430
202
433
158
432
208
433
158
430
208
431
164
427
213
431
164
428
213
432
162
427
211
432
162
426
211
432
162
427
212
432
162
428
212
433
163
430
213
431
163
426
211
431
163
427
212
431
163
428
212
432
164
427
213
432
164
428
213
432
163
426
211
432
163
427
212
432
163
428
212
432
163
428
213
432
163
430
213
433
164
428
213
433
164
430
213
430
190
413
235
431
207
408
248
431
207
408
249
431
207
409
253
431
207
407
252
431
207
408
253
430
208
406
252
430
208
407
252
430
208
408
253
431
208
409
253
431
208
407
252
431
208
408
253
432
208
408
249
432
208
409
253
432
208
407
252
432
208
408
253
432
72
465
129
435
157
434
207
434
158
433
209
434
158
432
208
434
159
433
209
436
158
433
209
437
158
433
209
437
158
435
209
435
158
433
209
437
159
435
209
437
159
434
210
445
40
489
105
445
40
490
104
445
40
489
106
444
40
489
105
443
40
488
104
443
39
488
104
444
41
489
105
444
41
489
106
445
41
489
105
445
41
489
106
445
41
490
106
445
41
488
107
444
42
489
106
444
42
488
107
443
43
488
107
445
66
481
128
443
68
477
129
442
67
477
129
443
64
480
124
445
68
481
128
448
40
493
105
448
40
492
105
448
40
492
107
448
40
493
107
448
40
495
106
448
40
494
106
448
40
494
107
448
39
493
105
448
39
492
105
448
39
495
105
448
39
495
106
448
39
494
106
449
38
495
105
449
38
495
106
449
38
494
106
446
40
491
105
446
40
489
105
446
40
489
106
446
40
490
107
446
40
490
106
448
38
495
105
449
41
492
107
449
41
493
107
449
41
494
108
449
41
495
107
449
41
494
107
447
42
490
107
447
42
491
108
447
42
492
107
446
42
490
107
446
42
491
108
449
159
444
214
453
37
497
106
453
37
501
105
453
37
498
105
453
37
500
106
453
37
499
107
453
37
499
106
453
37
498
107
453
37
501
106
453
37
499
108
453
37
500
108
453
37
500
107
453
37
501
107
453
40
496
106
453
40
496
109
453
40
497
106
453
40
496
107
453
40
497
107
453
40
497
109
453
40
498
109
453
40
499
107
453
40
499
106
453
40
498
107
453
40
500
109
453
40
498
108
453
40
499
108
453
40
500
108
453
40
500
107
453
40
499
109
452
38
496
106
452
38
497
106
452
38
497
107
452
38
498
105
452
38
500
106
452
38
499
107
452
38
499
106
452
38
498
107
452
38
498
108
452
38
499
108
452
38
500
107
451
41
496
109
451
41
494
108
451
41
495
107
451
41
496
107
451
41
497
107
451
41
495
108
451
41
494
107
451
41
497
109
451
41
498
107
451
41
498
108
453
39
496
106
453
39
497
106
453
39
496
107
453
39
497
107
453
39
497
109
453
39
498
109
453
39
500
106
453
39
499
107
453
39
499
106
453
39
498
107
453
39
500
109
453
39
498
108
453
39
499
108
453
39
500
108
453
39
500
107
453
39
499
109
453
38
497
106
453
38
497
107
453
38
498
105
453
38
500
106
453
38
499
107
453
38
499
106
453
38
498
107
453
38
501
106
453
38
498
108
453
38
499
108
453
38
500
108
453
38
501
108
453
38
500
107
453
38
501
107
450
39
493
105
450
39
495
105
450
39
496
106
450
39
495
106
450
39
497
106
450
39
495
107
450
39
496
107
450
39
494
106
450
39
494
107
450
39
498
105
452
40
496
106
452
40
496
109
452
40
495
106
452
40
497
106
452
40
495
107
452
40
496
107
452
40
497
107
452
40
495
108
452
40
497
109
452
40
498
109
452
40
499
107
452
40
499
106
452
40
498
107
452
40
498
108
452
40
499
108
452
40
499
109
453
41
496
109
453
41
496
107
453
41
497
107
453
41
497
109
453
41
498
109
453
41
499
107
453
41
498
107
453
41
500
109
453
41
498
108
453
41
499
108
453
41
500
108
453
41
499
109
453
42
496
109
453
42
497
109
453
42
498
109
453
42
498
108
453
42
499
108
453
42
499
109
450
42
493
107
450
42
494
108
450
42
495
107
450
42
495
108
450
42
494
107
450
43
496
109
450
43
494
108
450
43
495
108
453
43
496
109
453
43
497
109
453
43
498
109
453
43
499
109
452
45
493
113
451
149
450
207
451
149
450
208
450
145
451
202
450
147
450
205
451
157
446
214
450
158
444
214
451
160
445
216
451
158
446
214
454
36
501
105
454
36
498
105
454
36
500
106
454
36
499
107
454
36
499
106
454
36
501
106
454
36
500
107
454
36
501
107
454
36
502
105
454
36
504
106
454
36
503
107
454
36
502
107
454
36
502
106
454
36
504
107
454
36
502
108
454
36
503
108
456
37
501
105
456
37
500
106
456
37
501
106
456
37
500
108
456
37
501
108
456
37
500
107
456
37
501
107
456
37
502
105
456
37
504
106
456
37
503
107
456
37
502
107
456
37
502
106
456
37
504
107
456
37
502
108
456
37
503
108
457
34
504
104
457
34
505
104
457
34
505
103
457
34
504
105
457
34
504
106
457
34
504
107
455
36
501
105
455
36
500
106
455
36
501
106
455
36
500
107
455
36
501
107
455
36
502
105
455
36
504
106
455
36
503
107
455
36
502
107
455
36
502
106
455
36
504
107
455
36
502
108
455
36
503
108
457
35
504
104
457
35
502
105
457
35
505
104
457
35
505
103
457
35
504
105
457
35
504
106
457
35
503
107
457
35
504
107
456
38
501
105
456
38
500
106
456
38
499
107
456
38
499
106
456
38
501
106
456
38
500
109
456
38
500
108
456
38
501
108
456
38
500
107
456
38
501
107
456
38
501
109
456
38
503
107
456
38
502
107
456
38
502
106
456
38
502
108
456
38
503
108
456
41
497
109
456
41
498
109
456
41
500
109
456
41
498
108
456
41
499
108
456
41
500
108
456
41
501
108
456
41
499
109
456
41
501
109
457
40
500
109
457
40
500
108
457
40
501
108
457
40
499
109
457
40
501
109
457
40
502
108
456
39
499
107
456
39
500
109
456
39
499
108
456
39
500
108
456
39
501
108
456
39
500
107
456
39
499
109
456
39
501
107
456
39
501
109
456
39
502
107
456
39
502
108
455
41
497
109
455
41
498
109
455
41
500
109
455
41
498
108
455
41
499
108
455
41
500
108
455
41
501
108
455
41
500
107
455
41
499
109
455
41
501
109
454
65
488
130
454
65
488
131
457
63
493
130
457
63
492
132
457
63
492
131
457
63
493
129
457
61
493
130
457
61
492
131
457
61
493
129
457
62
493
130
457
62
492
132
457
62
492
131
457
62
493
129
452
61
488
128
456
149
455
211
456
149
456
211
457
151
455
211
457
151
456
211
457
151
455
212
457
151
456
212
457
151
457
212
457
151
456
213
457
151
457
213
455
150
454
211
455
150
455
211
454
150
454
211
457
152
455
212
457
152
456
212
457
152
456
213
456
155
452
216
456
155
452
214
456
155
453
216
456
157
451
215
456
157
451
216
454
156
451
215
454
156
451
216
457
156
452
216
457
156
452
214
457
156
453
216
457
154
454
214
457
158
451
216
457
158
451
217
457
159
451
217
456
158
451
217
455
159
450
217
455
158
451
217
458
37
504
106
458
37
503
107
458
37
502
107
458
37
504
107
458
37
503
108
458
61
493
130
458
61
492
131
458
61
493
129
458
61
494
130
458
65
492
132
458
65
492
133
458
65
492
131
465
29
512
104
465
29
513
104
465
29
513
105
465
28
513
101
464
29
513
101
464
29
512
104
464
29
513
104
464
29
512
102
464
29
513
105
465
30
512
104
465
30
513
104
465
30
512
105
465
30
513
105
464
33
513
104
464
33
512
105
464
33
513
105
465
31
512
104
465
31
513
104
465
31
512
105
465
31
513
105
464
30
512
104
464
30
513
104
464
30
512
105
464
30
513
105
464
32
512
104
464
32
513
104
464
32
512
105
464
32
513
105
464
34
513
105
464
171
453
233
464
171
453
234
469
44
511
119
469
44
511
118
469
44
510
120
469
44
513
116
469
45
511
119
469
45
510
120
469
40
512
116
469
57
505
131
467
57
503
130
467
57
502
131
469
56
507
129
467
61
501
133
466
60
502
132
466
60
502
131
472
135
473
205
472
135
475
204
472
136
473
205
472
136
475
204
472
136
476
205
472
140
472
207
472
140
471
210
472
140
471
211
471
141
472
207
471
141
471
210
471
141
471
211
473
144
471
211
473
144
471
212
473
144
470
213
473
144
473
213
473
144
472
214
473
144
474
212
473
144
474
211
472
144
471
210
472
144
471
211
472
144
471
212
472
144
470
213
472
142
472
207
472
142
471
210
472
142
471
211
472
142
471
212
472
145
471
210
472
145
471
211
472
145
471
212
472
145
470
213
472
145
473
213
472
145
472
214
477
49
516
127
477
49
516
126
477
48
516
127
477
48
516
126
475
118
485
189
475
118
484
193
475
118
485
192
475
118
485
191
477
127
483
197
477
133
480
203
477
133
479
203
477
133
480
204
475
133
480
203
475
133
479
203
477
131
481
202
477
137
477
207
476
141
477
209
476
141
475
212
476
141
474
211
476
141
476
211
475
142
473
213
475
142
474
212
475
142
475
212
475
142
474
211
475
142
476
211
475
142
474
213
475
142
475
213
477
157
469
224
477
157
469
225
477
157
470
224
477
157
470
223
476
163
468
228
476
163
468
229
476
163
467
229
476
163
469
229
476
163
466
231
476
163
469
230
476
163
468
230
477
163
468
228
477
163
468
229
477
163
467
229
477
163
469
229
477
163
469
231
477
163
469
230
477
163
468
230
474
169
464
233
474
169
465
234
474
169
466
234
475
167
464
231
475
167
464
233
475
167
465
234
475
167
468
233
475
167
466
234
477
168
465
234
477
168
468
233
477
168
469
234
477
168
466
234
477
168
468
235
477
168
469
235
477
168
467
235
474
168
464
233
474
168
465
234
474
168
466
234
478
48
516
127
478
49
516
127
480
113
491
187
481
114
493
188
481
114
491
188
481
116
491
189
481
116
491
190
481
116
490
191
481
116
490
192
481
117
490
191
481
117
490
192
481
119
490
191
481
119
490
192
481
118
490
191
481
118
490
192
478
169
469
236
478
169
468
235
478
169
469
235
478
169
467
235
482
113
493
187
482
113
493
188
482
115
492
189
482
115
490
189
482
115
491
189
482
115
491
190
482
115
490
191
482
114
493
188
489
123
495
199
489
123
495
198
488
122
495
199
488
122
496
198
488
122
495
198
490
121
496
198
490
122
496
198
497
118
504
198
496
168
484
244
497
168
485
245
497
168
484
244
497
168
484
243
501
113
508
194
501
113
511
196
500
114
509
196
500
114
507
196
500
114
511
196
498
118
506
197
501
119
507
200
499
168
486
244
503
120
509
201
503
120
509
202
505
127
509
210
505
130
508
212
505
130
508
213
505
130
507
212
507
119
514
202
507
119
514
203
509
124
513
208
509
132
510
215
509
132
511
217
506
131
508
213
506
131
507
212
509
131
511
214
509
130
512
214
509
130
511
214
509
166
494
245
510
125
516
210
511
125
516
210
512
127
515
212
510
127
515
212
510
162
499
244
510
162
498
243
512
164
501
247
512
164
499
246
512
164
500
246
510
165
496
245
510
165
497
245
510
165
497
246
511
162
501
245
511
162
499
244
511
162
498
243
513
164
501
247
513
164
499
246
513
164
500
246
513
162
501
245
513
162
499
244
513
162
503
246
510
167
497
248
514
123
516
210
514
123
519
211
516
162
503
246
