paris_invalides_000662_5.jpg
paris_invalides_000663.jpg
237
205
193
218
237
205
195
216
237
205
194
218
237
207
194
218
245
193
208
205
245
193
204
205
245
192
204
205
245
194
204
205
245
195
193
218
245
199
194
218
244
199
194
218
241
198
204
205
247
189
204
205
248
193
208
205
248
188
204
205
248
189
204
205
248
191
204
205
247
192
208
205
247
192
204
205
248
192
208
205
248
192
204
205
246
196
193
218
246
196
194
218
246
197
194
218
248
197
194
218
250
178
216
200
250
176
216
200
250
176
226
196
250
176
227
199
250
176
228
199
250
176
231
196
249
177
216
200
249
177
226
196
249
177
226
199
248
176
222
196
248
176
226
196
249
178
216
200
249
178
227
199
249
178
226
199
255
177
213
200
255
177
227
199
255
177
226
199
255
177
228
199
260
177
228
199
261
177
204
205
261
177
228
199
263
176
227
199
263
176
226
199
263
176
228
199
262
177
213
200
265
175
226
196
268
177
220
195
268
177
222
196
268
177
226
196
268
177
226
193
267
175
222
196
267
175
226
196
265
173
219
197
265
173
222
196
265
173
226
196
268
178
222
196
268
178
226
196
268
178
226
193
272
179
221
189
271
179
221
189
272
183
220
195
273
184
222
196
