brick0.png
brick1.png
297
242
280
252
297
242
281
251
297
242
279
252
297
242
281
252
533
221
471
237
533
221
470
237
296
241
279
250
296
241
280
252
296
241
278
253
296
241
281
251
296
241
277
253
296
241
279
252
296
241
281
252
585
226
517
243
532
221
470
237
366
126
304
72
597
282
531
313
508
165
546
110
581
219
514
239
584
226
517
243
548
189
481
202
546
191
481
202
524
230
463
243
594
278
531
310
515
182
457
193
515
182
454
194
295
239
279
250
578
215
514
235
578
215
517
234
298
243
280
252
298
243
279
252
298
243
281
252
516
188
457
198
516
188
457
200
516
185
455
197
596
279
531
310
295
241
280
252
295
241
278
253
295
241
277
253
295
241
279
252
364
125
298
73
364
125
297
73
522
232
458
242
522
232
460
243
221
259
217
264
516
187
455
198
516
187
457
198
296
242
280
252
296
242
278
253
296
242
277
253
296
242
279
252
296
242
281
252
294
242
278
253
294
242
277
253
529
232
467
243
585
192
522
204
525
231
463
243
520
205
460
218
520
205
460
219
582
113
514
101
516
189
455
200
516
189
457
200
531
282
469
308
516
191
456
202
574
197
510
204
574
197
509
204
577
215
514
235
523
234
458
242
