Test200_rot.jpg
Test201_rot.jpg
295
206
335
206
511
122
565
199
165
561
90
492
165
561
90
491
165
561
90
493
165
561
90
494
520
390
482
455
116
436
87
360
116
436
87
359
294
214
330
212
593
267
595
365
120
463
82
387
179
426
149
371
69
202
124
124
67
198
123
119
348
568
260
561
348
568
260
562
348
568
261
563
348
568
261
562
523
397
484
461
70
195
127
117
444
263
455
309
53
395
41
300
53
395
43
299
53
395
42
298
53
395
44
298
57
388
47
295
230
113
306
95
230
113
307
95
451
440
400
476
499
124
555
197
499
124
553
196
499
124
553
197
499
124
553
195
499
124
554
196
499
124
554
197
499
124
552
196
221
217
259
188
221
217
260
189
180
421
150
367
295
209
333
207
295
209
333
206
48
160
116
76
455
211
484
264
455
211
484
261
455
211
482
264
114
194
168
131
547
320
530
398
547
320
533
396
547
320
529
398
547
320
531
397
547
320
532
397
547
320
534
396
547
320
529
399
547
320
533
397
51
375
47
280
51
375
46
281
309
205
350
210
434
384
404
420
434
384
404
419
208
308
217
271
208
308
218
270
499
123
553
196
499
123
553
197
499
123
553
195
499
123
554
196
499
123
554
197
499
123
552
196
220
217
259
188
220
217
260
189
551
171
585
259
589
344
564
434
589
344
564
433
57
397
44
303
57
397
45
302
264
127
332
120
63
314
82
223
63
314
79
224
63
314
79
223
63
314
79
228
63
314
82
222
165
536
100
469
166
538
99
472
339
234
364
246
339
234
366
244
197
417
169
368
232
217
272
192
232
217
270
193
232
217
270
194
232
217
272
191
232
217
270
192
232
217
271
193
203
301
215
263
203
301
215
262
488
124
544
191
488
124
542
191
70
197
127
119
206
420
176
375
206
420
177
374
206
420
177
375
436
383
406
420
436
383
406
419
436
383
406
418
436
383
406
421
526
125
577
205
513
375
481
439
513
375
483
438
513
375
480
438
513
375
482
440
513
375
481
438
555
317
541
398
595
268
598
363
595
268
595
365
595
268
595
367
595
268
598
365
29
371
28
268
386
291
391
315
95
453
62
368
58
314
79
223
58
314
78
222
58
314
78
221
406
200
441
235
234
227
270
203
234
227
268
203
234
227
271
204
234
227
269
204
68
199
125
121
124
474
81
397
124
474
81
396
124
474
82
398
167
561
93
494
167
561
92
494
494
251
506
315
494
251
506
314
494
251
505
314
415
185
453
225
415
185
454
225
493
255
502
318
493
255
503
318
493
255
504
316
493
255
502
319
513
383
479
444
513
383
479
445
511
375
480
438
445
268
455
313
186
236
222
194
512
375
481
439
512
375
480
438
512
375
481
438
590
343
564
434
590
343
564
433
434
385
403
420
434
385
404
421
434
385
404
420
434
385
404
419
233
220
270
194
233
220
270
195
233
220
272
196
233
220
271
195
233
220
271
193
587
338
563
430
587
338
564
430
587
338
562
428
587
338
563
429
196
416
169
368
196
416
168
368
56
395
44
301
56
395
44
299
56
395
43
301
485
122
540
191
485
122
541
191
485
122
542
191
485
122
541
190
549
314
537
393
549
314
535
394
495
124
549
193
495
124
550
196
495
124
548
194
495
124
550
194
495
124
549
194
495
124
549
195
495
124
551
195
495
124
550
195
495
124
549
196
233
289
247
261
233
289
247
260
158
427
131
363
158
427
130
364
83
393
72
307
55
394
43
299
55
394
45
297
55
394
44
299
55
394
44
298
55
394
42
300
88
381
78
298
589
346
561
436
572
174
607
268
219
212
259
184
57
398
45
302
165
539
99
472
165
539
98
472
165
539
98
473
207
224
245
189
68
203
123
125
545
203
569
286
179
419
151
365
179
419
150
366
165
562
90
492
165
562
90
493
165
562
90
494
114
591
33
504
114
591
32
504
206
223
245
189
178
421
151
365
178
421
150
368
178
421
150
366
178
421
150
367
114
203
166
139
114
203
167
139
189
238
223
198
492
256
502
318
492
256
501
318
492
256
503
318
492
256
501
319
492
256
502
319
492
256
501
320
105
168
169
102
160
567
85
497
158
425
130
364
53
376
50
280
53
376
48
282
53
376
49
282
433
384
403
420
491
254
503
316
491
254
502
318
491
254
501
318
491
254
503
318
491
254
504
316
491
254
501
319
491
254
502
319
491
254
501
320
491
254
504
315
521
125
572
204
521
125
572
205
521
125
574
205
521
125
573
205
180
430
149
376
180
430
148
378
180
430
149
375
180
430
148
377
445
260
456
308
586
339
563
430
586
339
561
428
586
339
562
428
586
339
563
429
586
339
562
429
86
393
74
308
233
288
247
261
233
288
247
260
67
199
124
121
114
592
33
505
32
362
34
261
120
466
80
388
120
466
80
387
77
178
140
102
77
178
139
102
52
400
41
302
52
400
40
303
52
400
39
303
52
400
39
305
52
400
39
304
439
282
443
325
524
381
489
447
216
359
208
321
204
419
176
373
117
589
34
503
117
589
35
504
117
589
37
503
117
589
35
503
117
589
36
503
294
215
330
212
58
313
78
220
58
313
78
222
58
313
78
221
233
223
270
201
233
223
270
200
233
223
270
198
233
223
271
198
233
223
271
199
444
262
455
309
107
168
170
104
107
168
170
102
107
168
170
103
561
386
520
464
158
428
131
363
158
428
130
364
264
128
332
120
54
376
51
279
54
376
50
280
54
376
49
282
74
178
136
102
74
178
138
101
74
178
137
101
182
233
219
191
182
233
218
191
182
233
217
191
182
233
219
190
54
399
43
303
54
399
42
303
54
399
43
301
415
192
452
232
548
319
530
398
548
319
533
396
548
319
531
397
548
319
532
397
548
319
534
396
548
319
535
396
548
319
533
397
219
217
259
188
219
217
257
184
219
217
258
190
491
121
544
191
491
121
547
192
491
121
545
191
491
121
546
192
43
164
111
79
43
164
109
81
43
164
113
78
43
164
110
79
233
290
247
261
216
358
208
321
194
412
169
363
194
412
169
362
194
412
168
363
67
203
123
125
218
216
259
188
218
216
257
184
234
295
246
267
168
560
94
494
562
395
519
472
562
395
519
473
562
395
520
472
520
304
512
373
233
113
307
96
511
378
478
440
511
378
478
441
265
126
334
121
206
422
177
376
55
392
45
296
55
392
44
296
55
392
45
297
55
392
44
299
55
392
44
298
55
392
46
295
232
113
307
95
232
113
307
96
492
244
506
307
492
244
507
307
492
244
505
308
26
372
26
269
26
372
25
269
26
372
25
268
26
372
26
270
575
170
608
265
575
170
608
264
58
396
45
303
434
383
404
419
48
153
122
71
550
316
537
396
550
316
537
393
550
316
533
396
550
316
534
396
550
316
535
396
550
316
536
394
550
316
533
397
550
316
536
395
550
316
535
394
165
538
98
472
515
377
484
438
515
377
481
439
515
377
484
439
515
377
483
438
515
377
483
440
515
377
482
440
515
377
483
441
515
377
483
439
412
189
450
227
297
208
335
206
208
421
178
376
81
214
130
139
81
214
129
139
77
215
129
140
26
367
26
266
26
367
27
265
489
122
544
191
489
122
544
190
489
122
543
190
489
122
542
191
489
122
545
191
208
420
178
376
58
152
130
71
562
393
520
471
562
393
520
472
562
393
520
470
409
271
419
305
493
252
506
315
493
252
504
316
493
252
505
314
493
252
504
315
117
465
78
386
117
465
79
387
185
235
222
194
431
78
505
131
431
78
504
130
431
78
507
132
431
78
506
131
423
77
498
128
423
77
500
129
423
77
499
128
115
203
166
139
115
203
167
139
117
435
89
360
37
361
38
263
37
361
39
261
445
262
456
310
445
262
456
308
445
262
455
309
50
151
122
69
428
75
504
128
50
152
122
70
521
396
482
459
409
272
419
305
409
272
418
305
494
124
547
195
494
124
547
193
494
124
549
193
494
124
548
194
494
124
550
194
494
124
549
194
494
124
549
195
494
124
550
195
494
124
549
196
487
123
540
191
487
123
544
191
487
123
544
190
487
123
541
191
487
123
543
190
487
123
542
191
487
123
541
190
65
320
79
230
65
320
79
234
65
320
79
233
65
320
79
232
300
538
225
519
220
213
259
184
87
383
78
299
87
383
78
300
557
318
541
398
557
318
544
398
456
212
483
265
456
212
484
264
456
212
482
266
124
476
81
399
124
476
79
398
180
420
151
365
460
215
486
269
557
387
518
464
557
387
519
464
159
568
85
497
232
222
270
198
232
222
269
196
587
339
563
430
587
339
563
431
587
339
564
430
587
339
562
428
587
339
563
429
587
339
562
429
166
561
92
494
166
561
92
492
304
570
218
550
546
333
526
408
546
333
527
410
546
333
525
410
444
259
456
308
231
218
270
193
231
218
270
194
231
218
270
195
231
218
270
192
231
218
271
193
520
122
573
202
520
122
573
201
56
388
45
296
56
388
44
296
56
388
47
295
56
388
46
295
65
319
79
230
65
319
79
234
65
319
79
233
65
319
79
232
232
291
245
262
232
291
245
263
181
414
156
360
181
414
155
362
181
414
156
361
116
589
33
503
116
589
34
503
116
589
37
503
116
589
35
503
116
589
36
503
52
407
37
310
52
407
37
311
52
407
37
309
52
407
38
310
485
124
540
191
485
124
541
191
485
124
542
191
485
124
541
190
485
124
539
191
230
219
268
193
53
399
41
302
53
399
40
303
53
399
42
303
53
399
43
301
53
399
41
305
585
338
562
428
547
331
526
408
516
374
484
438
516
374
484
439
516
374
483
438
516
374
483
440
516
374
483
441
516
374
483
439
57
395
44
301
57
395
44
302
57
395
45
302
64
318
79
230
64
318
79
228
64
318
79
233
64
318
79
232
486
123
540
191
486
123
541
191
486
123
543
190
486
123
542
191
486
123
541
190
486
123
539
191
78
178
142
102
78
178
140
102
63
315
82
223
63
315
79
228
409
275
417
308
234
233
268
209
104
476
62
393
455
442
403
480
205
419
176
374
205
419
177
373
205
419
177
374
205
419
176
373
93
512
40
423
93
512
40
422
166
562
92
494
550
314
537
393
550
314
536
394
550
314
535
394
113
591
33
504
518
121
571
200
518
121
570
200
518
121
573
201
215
359
208
321
233
230
269
206
54
377
49
282
406
197
442
233
406
197
442
234
406
197
441
235
521
392
482
459
521
392
483
457
515
375
484
438
515
375
481
439
515
375
484
439
515
375
483
438
515
375
483
440
515
375
482
440
515
375
483
441
515
375
483
439
550
315
537
393
550
315
533
396
550
315
536
394
550
315
536
395
550
315
535
394
46
152
120
69
57
313
78
222
57
313
78
221
179
425
149
371
179
425
149
369
80
215
130
139
80
215
129
139
80
215
129
140
51
376
47
280
51
376
48
279
51
376
46
281
445
264
456
310
445
264
455
311
445
264
455
309
415
274
423
308
515
126
568
204
515
126
566
204
515
126
567
204
332
584
239
573
332
584
240
573
332
584
240
572
446
266
455
313
446
266
455
311
482
124
539
191
53
394
44
296
53
394
42
298
51
400
39
306
51
400
40
303
51
400
40
302
51
400
39
303
51
400
39
305
51
400
39
304
490
243
506
307
590
344
564
434
590
344
564
433
491
122
544
191
491
122
547
193
491
122
548
192
491
122
547
192
491
122
545
191
491
122
546
192
56
390
45
296
56
390
44
296
56
390
45
297
56
390
47
295
56
390
46
295
182
412
156
361
141
500
88
427
340
231
368
243
340
231
366
244
230
217
268
193
230
217
270
192
498
121
553
195
439
386
408
422
439
386
407
423
515
373
484
438
515
373
484
439
515
373
483
438
515
373
483
440
515
373
482
440
515
373
483
439
263
127
332
120
500
124
555
197
500
124
553
196
500
124
553
197
500
124
556
196
500
124
554
196
500
124
554
197
446
267
455
313
446
267
455
311
58
312
78
220
58
312
78
222
58
312
78
221
77
213
129
139
573
173
606
266
573
173
607
268
194
413
169
363
179
428
148
376
516
121
571
200
516
121
570
200
516
121
570
199
513
126
564
204
513
126
565
204
513
126
566
204
513
126
567
204
494
246
507
307
159
424
131
363
159
424
133
360
69
200
125
122
521
122
573
202
521
122
576
203
521
122
573
201
296
208
335
206
26
368
26
266
26
368
27
266
525
124
577
205
175
370
166
316
518
124
570
202
518
124
571
203
518
124
572
204
68
204
123
126
267
128
334
121
67
200
124
122
112
197
167
131
377
67
460
102
377
67
461
102
377
67
459
101
160
568
85
497
124
475
81
399
124
475
79
398
124
475
80
398
124
475
81
398
124
475
82
398
332
585
239
574
332
585
239
573
332
585
240
573
33
362
34
261
55
395
43
299
55
395
44
299
55
395
43
301
55
395
44
298
55
395
42
300
112
463
76
385
112
463
75
384
82
218
129
140
37
362
38
263
37
362
38
265
307
209
345
211
307
209
344
211
53
372
50
278
53
372
50
277
232
105
308
88
115
592
33
505
423
76
502
129
188
236
223
197
175
240
208
197
186
237
221
197
561
393
519
472
561
393
520
471
561
393
520
472
561
393
520
470
105
166
169
103
105
166
169
102
105
166
169
101
607
295
598
395
589
345
561
436
506
124
560
199
556
387
518
464
556
387
519
464
186
240
221
198
179
421
151
365
179
421
150
368
179
421
150
366
179
421
150
367
528
399
487
465
234
103
310
87
484
123
540
191
484
123
541
191
484
123
541
190
484
123
539
191
186
235
222
194
52
394
42
298
233
229
269
205
52
403
39
306
52
403
39
307
52
403
38
306
52
403
39
305
52
403
38
308
52
403
38
307
561
392
520
471
561
392
520
472
561
392
520
470
439
384
408
421
439
384
408
422
487
124
544
191
487
124
541
191
487
124
542
191
49
151
122
69
278
230
309
224
278
230
312
220
116
434
88
358
179
420
151
365
179
420
150
368
179
420
150
366
179
420
150
367
547
319
530
398
547
319
533
396
547
319
529
398
547
319
531
397
547
319
532
397
547
319
534
396
547
319
533
397
488
121
544
190
488
121
543
190
522
392
483
457
221
215
259
184
54
371
51
277
518
456
459
514
96
453
62
368
52
397
41
300
52
397
40
302
52
397
41
301
52
397
42
300
497
123
550
196
497
123
550
194
497
123
553
195
497
123
552
196
497
123
551
195
497
123
550
195
181
416
155
362
181
416
156
361
181
416
154
364
408
270
418
302
445
266
455
311
54
398
41
302
54
398
43
303
54
398
44
301
54
398
42
303
54
398
43
301
441
384
410
424
524
124
577
205
524
124
576
205
524
124
576
203
524
124
576
206
159
423
131
363
159
423
130
364
484
124
540
191
484
124
541
191
484
124
539
191
82
214
130
139
444
264
455
309
142
500
89
427
486
122
541
191
486
122
543
190
486
122
542
191
486
122
541
190
513
380
479
444
513
380
479
443
513
380
479
445
294
210
333
207
179
422
150
368
179
422
150
366
179
422
150
367
53
377
50
280
53
377
48
282
53
377
49
282
44
373
41
275
442
288
444
332
507
123
562
198
507
123
562
199
507
123
560
199
188
241
223
200
188
241
221
201
188
241
223
199
188
241
222
200
527
403
485
468
527
403
485
470
28
373
27
269
28
373
27
270
28
373
27
271
338
236
364
246
428
78
505
132
428
78
502
129
428
78
503
130
428
78
504
131
456
210
484
264
456
210
484
261
181
235
219
191
181
235
218
191
81
216
130
139
81
216
129
139
81
216
129
140
493
253
503
316
493
253
506
315
493
253
503
318
493
253
504
316
493
253
504
315
287
212
325
207
490
121
544
191
490
121
544
190
490
121
545
191
546
319
530
398
546
319
533
396
546
319
529
398
546
319
531
397
546
319
532
397
558
387
518
464
558
387
519
464
54
374
51
279
54
374
50
280
54
374
48
282
54
374
49
282
48
152
122
70
48
152
120
69
425
212
453
250
425
212
453
251
328
219
360
230
86
390
74
306
221
216
259
188
221
216
260
189
221
216
259
184
121
464
84
390
121
464
82
387
121
464
84
389
130
387
117
319
130
387
116
318
204
222
243
188
511
123
563
201
511
123
565
201
511
123
564
201
511
123
565
199
115
591
33
504
115
591
33
505
115
591
32
504
52
398
41
302
52
398
41
300
52
398
40
303
52
398
40
302
52
398
39
303
52
398
39
304
52
398
41
301
52
398
42
300
124
462
85
386
124
462
86
387
545
321
530
398
545
321
528
399
545
321
529
398
545
321
531
397
545
321
529
399
68
201
125
123
68
201
124
123
228
217
267
191
58
315
79
223
484
122
540
191
484
122
541
191
484
122
541
190
484
122
539
191
247
317
251
292
247
317
251
293
426
211
454
250
426
211
455
253
278
238
307
227
406
194
442
233
87
384
77
301
87
384
78
300
206
421
177
376
206
421
178
376
206
421
177
375
455
445
403
485
113
463
76
385
113
463
75
384
430
76
504
128
548
318
533
396
548
318
531
397
548
318
532
397
548
318
534
396
548
318
535
396
548
318
533
397
548
318
536
395
93
510
41
421
93
510
40
421
546
329
526
408
546
329
531
404
546
329
528
404
546
329
530
406
232
225
270
201
207
421
177
376
207
421
178
376
411
188
451
226
411
188
450
227
52
412
37
315
52
412
36
312
52
412
36
315
167
560
93
494
166
539
99
472
166
539
99
473
120
472
80
395
492
247
505
309
492
247
505
308
440
282
445
324
440
282
444
325
523
124
577
205
523
124
576
205
523
124
576
203
523
124
576
206
523
124
574
205
197
416
169
368
558
386
518
464
558
386
519
464
558
386
520
464
187
238
221
198
187
238
223
197
187
238
221
197
589
341
563
430
589
341
564
431
589
341
563
431
589
341
564
430
589
341
563
429
589
341
564
433
515
381
480
444
515
381
481
443
574
170
608
265
574
170
608
264
279
227
312
220
67
201
124
123
205
222
244
188
514
374
484
438
514
374
481
439
514
374
483
438
514
374
483
440
514
374
482
440
514
374
481
438
514
374
483
439
29
370
28
268
516
377
484
438
516
377
484
439
516
377
483
438
516
377
483
440
516
377
483
441
516
377
483
439
492
121
547
193
492
121
548
192
492
121
547
192
492
121
545
191
492
121
546
192
65
321
79
230
65
321
79
234
65
321
79
233
65
321
79
232
436
382
406
419
436
382
406
418
204
303
215
265
514
124
568
202
514
124
568
201
514
124
566
202
207
223
245
189
207
223
246
189
435
386
404
421
435
386
404
420
433
385
403
420
121
472
80
395
280
228
309
224
280
228
312
220
106
170
169
104
503
124
558
197
503
124
557
198
503
124
559
197
503
124
556
198
503
124
557
197
493
242
507
307
425
211
453
250
425
211
454
251
207
420
178
376
207
420
177
375
208
222
246
189
57
389
45
296
57
389
47
295
522
398
482
462
205
305
217
266
205
305
216
266
205
305
216
267
414
77
493
126
414
77
492
126
414
77
491
126
549
315
537
393
549
315
536
394
549
315
535
394
524
125
577
205
524
125
576
205
524
125
576
206
413
204
446
242
512
416
466
476
547
332
526
408
547
332
525
410
189
240
223
200
189
240
223
199
189
240
222
200
56
399
43
303
56
399
44
302
56
399
44
303
56
399
43
304
426
78
502
130
426
78
502
131
426
78
501
129
426
78
501
130
426
78
500
129
234
224
270
201
234
224
270
200
234
224
271
199
234
224
270
202
76
214
129
139
57
314
78
222
494
248
507
312
494
248
506
314
494
248
506
311
494
248
506
312
508
123
562
199
508
123
561
200
508
123
562
200
207
222
245
189
207
222
246
189
124
472
82
395
124
472
82
396
124
472
81
395
233
103
310
87
233
103
309
87
377
65
459
101
279
233
309
224
279
233
307
227
279
233
308
225
123
472
82
395
123
472
82
396
123
472
81
395
123
472
80
395
436
386
405
421
594
266
598
363
594
266
595
365
51
402
39
306
51
402
39
307
51
402
38
306
51
402
39
305
51
402
39
304
51
402
38
307
547
329
526
408
547
329
530
406
55
399
43
303
55
399
44
302
55
399
42
303
55
399
43
304
387
283
394
308
435
382
406
418
587
340
563
430
587
340
561
428
587
340
563
431
587
340
564
430
587
340
562
428
587
340
563
429
587
340
562
429
556
317
541
398
56
389
45
296
56
389
44
296
56
389
45
297
56
389
47
295
56
389
46
295
32
360
34
261
311
204
350
210
113
204
166
139
122
476
79
398
502
124
555
197
502
124
558
197
502
124
557
198
502
124
557
196
502
124
556
198
502
124
557
197
107
173
169
109
492
242
506
307
492
242
507
307
181
415
156
360
181
415
155
362
181
415
156
361
122
472
81
395
122
472
80
395
204
302
215
264
483
124
540
191
483
124
539
191
445
265
455
311
445
265
455
309
517
457
457
514
56
396
44
301
56
396
44
302
232
292
245
262
232
292
245
263
415
272
424
307
438
384
407
420
438
384
407
422
438
384
408
421
438
384
407
423
53
373
50
278
53
373
51
277
53
373
50
277
53
373
48
282
168
561
94
494
165
540
98
473
93
511
41
421
93
511
40
422
410
275
417
308
332
583
240
573
332
583
240
572
104
477
60
393
546
320
530
398
546
320
528
399
546
320
533
396
546
320
529
398
546
320
531
397
546
320
532
397
546
320
529
399
546
320
533
397
228
106
306
87
228
106
307
87
87
381
78
298
87
381
78
299
52
153
124
71
114
464
76
385
114
464
77
386
114
464
75
384
548
325
531
404
548
325
530
403
548
325
528
404
514
122
568
201
403
277
410
308
550
317
538
396
550
317
537
396
550
317
539
396
550
317
533
396
550
317
532
397
550
317
534
396
550
317
535
396
550
317
536
394
550
317
533
397
550
317
536
395
550
317
535
394
105
167
169
103
105
167
169
102
105
167
169
101
588
339
563
430
588
339
564
431
588
339
563
431
588
339
564
430
588
339
562
428
588
339
563
429
279
225
312
216
279
225
312
217
493
122
547
193
493
122
549
193
493
122
548
192
493
122
548
194
493
122
547
192
493
122
549
194
28
370
27
269
28
370
28
268
178
422
151
365
178
422
150
368
178
422
149
368
178
422
150
366
178
422
150
367
128
453
91
379
292
215
330
212
55
318
70
230
496
124
550
196
496
124
550
194
496
124
549
194
496
124
549
195
496
124
551
195
496
124
550
195
496
124
549
196
55
396
44
301
55
396
43
299
55
396
44
299
55
396
43
301
549
332
527
410
549
332
529
410
549
332
526
411
436
282
441
322
485
125
540
191
485
125
541
191
485
125
539
191
59
151
130
71
493
123
547
195
493
123
547
193
493
123
549
193
493
123
548
192
493
123
548
194
493
123
547
192
493
123
549
194
493
123
549
195
180
419
151
365
180
419
154
364
230
106
307
88
230
106
308
88
104
421
81
340
104
421
81
341
416
197
451
236
416
197
450
240
508
124
561
200
508
124
562
200
546
321
530
398
546
321
528
399
546
321
533
396
546
321
529
398
546
321
531
397
546
321
532
397
546
321
529
399
546
321
533
397
52
405
39
307
52
405
38
306
52
405
37
309
52
405
38
308
52
405
38
307
52
405
38
310
206
224
245
189
204
304
215
265
522
391
483
455
522
391
484
456
119
473
78
395
119
473
77
395
557
386
518
464
557
386
519
464
515
121
570
200
515
121
570
199
528
400
487
465
528
400
487
467
294
209
333
207
294
209
333
206
523
373
490
440
523
373
491
439
132
556
61
477
56
394
44
301
56
394
44
299
56
394
44
298
488
123
544
191
488
123
544
190
488
123
541
191
488
123
543
190
488
123
542
191
488
123
545
191
563
394
520
472
279
235
309
224
279
235
307
227
81
218
129
140
550
324
535
401
387
290
391
315
507
124
562
199
507
124
561
200
27
368
26
266
27
368
27
265
27
368
27
266
551
316
538
396
551
316
537
396
551
316
539
396
551
316
535
396
551
316
536
395
589
342
563
430
589
342
564
431
589
342
563
431
589
342
564
430
589
342
564
433
67
197
125
120
229
106
307
88
340
232
368
243
340
232
366
244
494
123
547
193
494
123
549
193
494
123
548
194
494
123
550
194
494
123
549
194
494
123
549
195
85
442
56
354
516
123
570
202
516
123
568
202
516
123
568
201
234
231
268
207
180
295
195
248
387
284
394
309
553
316
538
396
553
316
539
396
234
226
270
203
234
226
270
201
234
226
270
202
571
173
606
266
571
173
607
268
523
326
507
396
523
326
507
395
230
218
268
193
230
218
270
192
412
187
452
226
412
187
451
226
412
187
450
227
193
412
169
362
193
412
168
362
193
412
168
363
180
433
148
379
180
433
148
378
516
373
484
438
516
373
484
439
516
373
483
438
516
373
483
439
312
213
348
217
312
213
349
217
550
326
531
404
118
588
37
503
118
588
35
503
118
588
36
503
77
180
137
105
105
477
63
394
571
172
608
265
571
172
606
266
571
172
607
268
516
376
484
438
516
376
484
439
516
376
483
438
516
376
483
440
516
376
483
441
516
376
483
439
278
233
309
224
278
233
307
227
278
233
308
225
447
263
457
310
87
380
78
298
103
477
60
393
561
395
519
472
561
395
519
473
561
395
520
471
561
395
520
472
231
217
270
193
231
217
270
194
231
217
270
192
547
334
527
410
547
334
525
410
547
334
529
410
547
334
526
411
120
588
37
503
120
588
36
503
594
270
595
365
594
270
595
367
119
464
80
386
119
464
80
387
119
464
82
389
70
200
125
122
505
124
560
199
483
123
540
191
483
123
541
190
483
123
539
191
444
282
448
327
444
282
449
325
279
229
309
224
279
229
312
220
249
316
253
292
551
322
535
401
118
465
80
388
118
465
79
387
181
260
208
216
517
122
570
202
517
122
571
200
517
122
570
200
58
388
47
295
516
375
484
438
516
375
484
439
516
375
483
438
516
375
483
440
516
375
482
440
516
375
483
441
516
375
483
439
115
463
77
386
115
463
78
386
486
125
540
191
486
125
541
191
486
125
542
191
123
462
85
386
123
462
86
387
377
66
460
102
377
66
461
102
377
66
459
101
413
77
492
126
413
77
491
126
64
317
79
230
64
317
79
228
64
317
79
232
492
123
547
195
492
123
547
193
492
123
549
193
492
123
548
192
492
123
548
194
492
123
547
192
492
123
546
194
492
123
546
192
234
225
270
203
234
225
270
201
234
225
270
200
234
225
270
202
514
382
479
444
514
382
480
444
514
382
479
445
117
436
88
360
175
369
166
316
232
226
268
203
55
391
45
296
55
391
44
296
55
391
45
297
55
391
44
298
55
391
47
295
55
391
46
295
240
113
312
99
528
405
485
471
528
405
485
470
58
319
72
230
58
319
70
230
58
319
71
231
482
123
540
191
482
123
539
191
489
121
544
191
489
121
544
190
489
121
543
190
489
121
545
191
521
394
482
459
546
335
529
410
546
335
526
411
485
123
540
191
485
123
541
191
485
123
542
191
485
123
541
190
485
123
539
191
385
74
463
112
520
397
481
460
511
379
478
440
511
379
478
441
27
370
26
269
27
370
27
269
27
370
28
268
408
269
419
302
408
269
418
302
297
207
335
206
297
207
337
206
83
215
130
139
232
224
270
200
572
169
608
265
572
169
608
264
52
164
116
82
52
164
116
83
52
164
117
83
60
321
72
230
60
321
73
233
60
321
71
231
489
255
500
317
489
255
500
320
489
255
501
318
489
255
499
321
489
255
501
319
489
255
499
320
489
255
501
320
489
124
544
191
489
124
545
191
489
124
546
192
166
556
93
487
195
414
169
365
491
255
503
316
491
255
502
318
491
255
501
318
491
255
503
318
491
255
501
319
491
255
502
319
491
255
501
320
60
320
72
230
60
320
71
231
562
391
520
471
562
391
520
470
498
124
553
196
498
124
553
197
498
124
550
196
498
124
553
195
498
124
554
196
498
124
552
196
498
124
551
195
81
217
130
139
81
217
129
139
81
217
129
140
481
123
539
191
86
385
77
301
86
385
75
302
70
201
125
123
438
383
408
421
406
198
442
233
406
198
442
234
406
198
441
235
455
213
483
265
455
213
482
266
231
290
245
262
231
290
244
262
231
290
245
261
486
124
540
191
486
124
541
191
486
124
542
191
486
124
541
190
486
124
539
191
300
539
225
519
493
243
507
307
426
75
505
130
426
75
504
128
496
122
550
194
496
122
551
195
496
122
550
195
181
262
208
216
52
374
50
277
52
374
49
278
52
374
47
280
52
374
48
279
439
385
408
421
439
385
408
422
339
232
368
243
339
232
366
244
521
395
482
459
52
154
124
73
179
427
149
371
264
131
331
123
596
270
595
365
596
270
595
367
596
270
598
365
588
340
563
430
588
340
564
431
588
340
563
431
588
340
564
430
588
340
562
428
588
340
563
429
588
340
562
429
206
222
245
189
206
222
246
189
206
222
244
188
231
219
270
193
231
219
270
194
231
219
270
195
231
219
269
196
231
219
270
192
178
423
150
368
178
423
149
369
178
423
149
368
178
423
150
366
178
423
150
367
447
262
457
310
500
123
555
197
500
123
553
196
500
123
553
197
500
123
556
196
500
123
553
195
500
123
554
196
500
123
554
197
32
361
34
261
278
234
309
224
278
234
307
227
278
234
308
225
158
426
130
364
180
418
155
362
180
418
154
364
187
239
221
198
187
239
222
199
493
245
506
307
493
245
507
307
266
126
334
121
554
315
538
396
554
315
539
396
521
124
572
204
521
124
574
205
521
124
573
205
233
219
270
194
233
219
270
195
233
219
272
196
233
219
272
193
233
219
271
195
233
219
271
193
233
224
270
201
233
224
270
200
233
224
271
199
28
369
27
266
28
369
28
268
53
398
41
302
53
398
40
303
53
398
43
301
53
398
42
300
528
323
513
393
528
323
513
394
513
382
479
444
513
382
479
443
513
382
479
445
491
124
547
195
491
124
547
193
491
124
547
192
491
124
546
194
491
124
545
191
491
124
546
192
490
122
544
191
490
122
544
190
490
122
547
192
490
122
545
191
490
122
546
192
167
562
93
494
167
562
92
494
415
184
453
225
415
184
454
225
440
286
443
329
524
408
480
472
232
220
270
198
232
220
270
193
232
220
270
194
232
220
270
195
232
220
271
195
232
220
269
196
174
368
165
316
523
327
507
396
523
327
507
395
217
217
256
189
217
217
257
190
217
217
257
189
562
396
519
473
562
396
520
472
69
206
123
127
234
232
268
208
86
383
78
299
528
404
485
471
528
404
485
470
349
567
260
561
349
567
260
562
349
567
261
563
349
567
261
562
266
128
334
121
