17_17_l.jpg
17_17_r.jpg
242
376
127
392
247
360
132
375
246
362
132
375
246
362
131
376
247
361
132
375
247
361
133
375
247
361
131
376
249
360
133
375
252
374
136
386
253
374
138
388
253
373
136
386
252
372
136
385
252
372
136
386
257
353
141
361
257
353
141
362
257
351
141
361
257
354
141
362
256
376
140
389
256
376
141
389
268
314
154
318
273
321
161
325
273
321
160
325
271
336
152
336
271
336
152
338
271
356
159
361
271
356
159
362
271
354
159
359
271
354
159
361
271
354
159
362
270
380
157
392
270
379
156
391
277
329
159
340
277
331
159
341
277
331
159
340
277
333
159
341
277
333
159
343
277
333
159
340
277
333
158
342
277
333
159
344
277
333
164
343
277
336
159
344
277
336
164
345
333
411
220
421
