cup_tree_1_candidate.jpg
cup_tree_1_reference.jpg
333
234
386
231
365
291
563
291
365
291
590
291
364
299
589
299
364
299
591
299
366
236
420
233
369
292
546
292
469
143
524
137
469
143
525
137
469
143
524
138
469
143
525
138
469
143
523
138
469
143
527
137
469
143
526
137
469
144
524
138
469
144
522
139
469
144
525
138
469
144
523
139
472
142
524
137
472
142
525
137
472
142
527
137
472
142
526
137
473
142
525
137
473
142
527
137
473
142
526
137
471
142
524
137
471
142
525
137
471
142
527
137
471
142
526
137
470
142
524
137
470
142
525
137
470
142
527
137
470
142
526
137
470
143
525
137
470
143
524
138
470
143
525
138
470
143
523
138
470
143
527
137
470
143
526
137
471
143
524
138
471
143
525
138
471
143
523
138
471
143
527
137
471
143
526
137
472
143
524
138
472
143
525
138
472
143
527
137
472
143
526
137
472
145
525
140
472
145
526
140
470
146
525
140
470
146
526
140
471
146
525
140
471
146
526
140
472
146
526
140
477
129
533
124
480
128
535
123
481
129
539
124
485
129
543
124
485
129
544
124
485
129
545
124
482
129
539
124
482
129
540
124
484
143
543
138
484
143
542
138
484
143
544
138
484
142
542
137
484
142
544
137
486
143
542
137
486
143
543
138
486
143
542
138
486
143
544
138
486
143
546
138
487
143
542
137
487
143
544
137
487
143
543
138
487
143
542
138
487
143
544
138
487
143
546
138
487
143
547
138
487
142
542
137
487
142
544
137
487
142
547
137
487
142
546
137
486
142
542
137
486
142
544
137
486
142
547
137
486
142
546
137
488
143
542
137
488
143
544
137
488
143
543
138
488
143
542
138
488
143
544
138
488
143
546
138
488
143
549
138
488
143
547
138
489
143
542
137
489
143
544
137
489
143
543
138
489
143
544
138
489
143
546
137
489
143
546
138
489
143
549
138
489
143
547
138
488
145
542
140
488
145
544
140
488
145
546
140
488
145
547
140
491
142
547
137
491
142
546
137
491
142
551
137
491
145
548
139
491
145
549
139
491
145
546
140
491
145
547
140
491
145
551
140
491
145
550
140
491
143
544
137
491
143
547
137
491
143
546
137
491
143
546
138
491
143
549
138
491
143
547
138
491
143
551
138
493
142
547
137
493
142
551
137
492
145
548
139
492
145
549
139
492
145
546
140
492
145
547
140
492
145
551
140
492
145
550
140
492
142
547
137
492
142
546
137
492
142
551
137
492
143
547
137
492
143
546
137
492
143
546
138
492
143
549
138
492
143
547
138
492
143
551
138
492
143
554
138
491
144
544
138
491
144
548
139
491
144
549
139
491
144
546
138
491
144
549
138
491
144
547
138
490
145
546
140
490
145
547
140
490
145
551
140
490
145
550
140
490
143
544
137
490
143
547
137
490
143
546
137
490
143
546
138
490
143
549
138
490
143
547
138
490
143
551
138
490
142
544
137
490
142
547
137
490
142
546
137
490
142
551
137
494
99
556
94
497
101
557
96
497
142
551
137
499
143
554
138
499
143
557
138
501
145
557
140
501
145
559
139
501
145
561
139
501
145
558
139
501
145
558
140
505
143
558
138
505
143
564
137
505
144
559
139
505
144
561
139
505
144
558
139
505
144
558
138
503
145
557
140
503
145
559
139
503
145
561
139
503
145
558
139
503
145
558
140
503
145
560
140
504
144
557
138
504
144
559
139
504
144
558
139
504
144
558
138
504
143
557
138
504
143
558
138
502
145
557
140
502
145
559
139
502
145
561
139
502
145
558
139
502
145
558
140
502
145
564
138
502
143
557
138
502
143
558
138
506
145
559
139
506
145
561
139
506
145
560
140
506
145
564
138
506
145
562
140
508
145
561
139
508
145
560
140
508
145
562
140
508
145
564
140
508
145
566
138
507
143
558
138
507
143
564
137
508
143
564
137
509
143
564
137
509
143
564
138
511
143
564
138
511
143
567
137
512
143
564
138
512
143
567
137
512
143
569
137
511
142
564
137
512
142
564
137
513
142
564
137
512
145
564
140
512
145
567
139
512
145
567
140
512
145
566
140
513
145
567
140
513
145
568
140
513
145
566
140
514
144
567
139
516
145
569
140
515
145
568
140
515
145
569
140
514
143
567
138
514
143
566
138
519
129
577
123
520
129
580
123
531
143
593
137
532
143
593
137
534
143
593
137
535
145
594
139
535
145
594
138
535
143
593
137
537
143
593
137
536
145
594
139
538
145
594
139
