P1010372.JPG
P1010373.JPG
455
194
469
223
428
180
441
211
428
180
442
210
403
214
425
243
444
183
458
212
373
200
389
236
373
200
390
236
384
197
400
231
428
184
442
216
428
177
442
210
442
182
456
213
442
182
457
212
403
137
413
173
403
137
411
173
401
136
409
172
401
136
408
172
401
136
411
173
458
155
470
184
399
135
409
172
399
135
408
172
400
136
409
173
400
136
409
172
400
136
408
172
400
136
410
173
400
136
407
172
399
136
409
173
399
136
406
172
399
136
408
172
399
136
407
172
426
185
441
216
426
185
442
216
429
179
442
210
397
135
406
172
397
135
407
172
425
186
440
217
425
186
441
216
425
186
442
216
425
186
441
217
424
186
440
217
424
186
441
216
424
186
439
217
398
136
409
173
398
136
406
172
398
136
407
172
403
213
424
243
398
135
409
173
398
135
408
172
398
135
407
172
428
179
441
211
428
179
442
210
395
134
404
171
401
137
409
173
401
137
408
172
401
137
410
173
401
137
407
172
425
185
441
216
456
156
469
184
456
156
470
184
428
185
442
216
377
199
394
234
427
179
441
211
427
179
440
211
443
183
458
212
443
183
457
213
443
183
457
212
451
186
466
213
451
186
465
214
451
186
466
214
397
134
408
172
400
135
409
172
423
186
440
217
423
186
439
217
427
185
441
216
427
185
442
216
426
179
441
211
426
179
440
211
451
191
466
218
429
178
442
210
