Test1027.jpg
Test1029.jpg
273
237
318
232
353
208
403
232
273
264
303
257
273
264
309
258
273
264
305
257
273
264
306
257
271
234
315
229
258
102
349
102
258
102
348
102
258
102
348
101
258
102
347
102
255
101
345
101
255
101
349
102
255
101
348
102
255
101
348
101
255
101
345
100
255
101
347
102
173
125
261
96
173
125
263
97
173
125
259
95
181
200
246
172
186
124
276
101
342
35
453
62
180
122
264
94
180
122
267
95
271
237
315
232
281
266
314
263
292
257
328
258
130
126
225
85
185
122
273
97
177
121
267
94
150
118
245
84
170
124
261
95
170
124
260
95
352
221
398
243
251
101
345
101
251
101
345
100
254
102
345
101
254
102
348
102
254
102
348
101
254
102
345
100
254
102
347
102
154
203
219
165
154
203
220
166
286
266
317
263
242
253
284
239
242
253
283
238
317
188
375
202
317
188
374
202
173
129
258
99
179
125
261
96
179
125
263
97
179
125
264
97
175
120
265
92
320
188
377
202
186
123
275
99
216
186
284
166
273
233
318
228
287
262
321
260
287
262
321
261
279
237
323
235
243
256
283
242
361
182
422
211
258
227
306
219
294
256
329
258
290
264
324
264
290
264
324
265
290
264
321
261
331
247
369
262
298
264
331
267
298
264
331
268
284
242
327
243
226
202
285
187
246
259
284
244
279
263
309
258
256
101
345
101
256
101
349
102
256
101
348
102
256
101
348
101
256
101
345
100
256
101
347
102
170
121
260
92
315
186
374
199
315
186
373
199
259
101
354
100
259
101
349
102
259
101
348
102
259
101
348
101
259
101
347
102
187
123
276
99
275
264
303
257
275
264
309
258
275
264
305
257
156
203
221
165
156
203
221
166
169
124
260
95
286
265
320
264
283
266
317
263
296
263
329
266
244
255
285
242
226
204
285
190
226
204
285
187
226
204
284
191
273
235
316
230
273
235
317
230
277
263
309
258
277
263
305
257
361
179
422
208
312
192
369
204
289
265
324
265
296
256
331
259
242
163
312
152
244
256
284
242
244
256
284
243
193
126
281
105
193
126
285
108
193
126
281
104
216
139
299
125
312
189
370
201
159
121
257
90
184
126
269
99
351
234
394
256
238
251
282
237
299
257
335
261
299
257
336
261
272
234
316
230
351
223
397
244
351
223
397
245
351
223
396
246
235
243
280
226
120
205
191
156
175
125
261
96
175
125
263
97
175
125
264
97
175
125
259
95
175
125
260
95
349
38
460
72
241
159
314
149
329
253
365
268
224
202
285
185
224
202
285
187
244
257
283
242
244
257
284
244
244
257
283
243
244
257
284
243
265
100
357
102
265
100
356
102
265
100
360
102
265
100
359
102
265
100
358
100
265
100
356
104
265
100
357
100
265
100
358
101
265
100
360
100
265
100
355
101
265
100
356
103
297
264
329
266
297
264
331
267
149
117
242
82
244
163
313
151
289
262
321
260
224
204
282
190
224
204
284
191
344
37
453
62
316
186
374
199
292
266
324
267
292
266
327
268
292
266
326
267
286
240
330
243
155
203
220
166
155
203
221
166
175
121
260
92
360
179
420
208
178
125
261
96
178
125
263
97
178
125
264
97
195
126
286
108
286
262
321
260
286
262
321
261
297
263
329
266
260
244
303
234
297
257
332
260
296
264
329
266
296
264
331
267
172
129
258
99
145
116
239
80
319
188
377
202
260
256
299
246
299
264
331
267
299
264
331
268
260
242
303
234
294
264
329
266
294
264
331
267
190
123
280
102
292
263
326
264
343
35
455
64
343
35
453
62
132
126
225
85
134
125
227
85
294
265
329
266
294
265
331
267
294
265
331
268
294
265
326
267
180
124
269
98
359
179
420
208
357
178
417
207
253
100
345
101
253
100
348
102
253
100
348
101
253
100
345
100
253
100
347
102
345
36
455
64
345
36
456
64
173
128
258
98
283
243
325
244
335
231
379
247
175
122
264
94
257
230
304
221
261
251
301
242
261
251
301
243
178
122
264
94
131
126
225
85
131
126
224
85
254
101
345
101
254
101
349
102
254
101
348
102
254
101
348
101
254
101
345
100
254
101
347
102
179
122
264
94
