19_19_l.jpg
19_19_r.jpg
348
247
239
248
348
247
239
249
348
249
237
249
348
249
237
250
348
250
237
250
352
242
245
243
352
242
246
245
351
249
239
248
351
249
239
249
350
248
239
248
350
248
239
249
350
247
239
248
351
257
239
259
351
257
239
258
351
259
239
260
357
229
254
232
356
246
246
245
361
251
250
252
374
229
271
230
374
229
272
231
375
229
271
230
375
229
272
231
375
230
272
231
374
245
263
246
375
245
263
246
375
247
263
246
375
247
263
248
375
247
264
247
375
247
263
247
374
246
263
246
374
246
263
247
375
246
263
246
375
246
264
247
375
246
263
247
374
255
263
256
375
255
263
256
375
261
263
262
375
263
263
263
374
262
263
262
374
262
262
263
374
262
263
263
375
262
263
262
375
262
263
263
374
270
262
272
379
244
267
245
383
229
271
230
383
229
272
231
382
246
268
246
382
246
271
248
392
229
281
231
392
229
281
232
392
229
282
232
393
229
282
232
393
231
281
232
393
231
282
233
393
231
282
232
393
231
281
235
392
233
281
233
392
233
282
233
392
233
281
236
392
233
281
235
393
233
281
233
393
233
282
233
393
233
281
236
393
233
281
235
392
230
281
232
392
230
281
233
392
230
282
233
392
230
282
232
392
231
281
232
392
231
281
233
392
231
282
233
392
231
282
232
392
231
281
235
393
230
282
233
393
230
282
232
392
245
280
248
392
245
281
248
392
245
281
247
393
245
281
248
393
245
281
247
393
247
280
248
393
247
281
249
393
247
281
248
393
246
280
248
393
246
281
249
393
246
281
248
393
246
281
247
392
246
280
248
392
246
281
249
392
246
281
248
391
251
279
253
391
251
279
252
391
250
279
253
391
250
279
252
392
254
280
256
392
254
281
256
392
254
281
257
393
255
280
256
393
255
281
256
393
255
281
257
392
261
280
263
393
261
280
263
393
263
280
264
393
262
280
264
393
262
280
263
392
262
280
264
393
271
280
273
393
271
280
272
393
287
320
289
393
288
321
290
393
288
320
290
397
271
284
273
401
239
291
240
401
246
288
248
400
271
287
272
400
271
287
275
401
271
287
272
401
271
288
272
401
271
287
275
405
236
294
237
404
237
292
239
404
237
294
237
404
238
291
240
404
238
292
239
404
238
292
240
404
238
293
239
403
238
291
240
403
238
292
239
408
244
293
246
408
244
295
247
408
244
295
246
411
239
300
241
411
245
297
248
411
247
297
248
411
247
297
249
411
246
297
248
411
246
297
249
411
254
299
257
411
254
298
257
411
255
298
257
412
255
299
257
412
255
298
257
412
261
298
264
411
261
298
264
411
261
298
263
411
262
298
265
411
262
298
264
412
262
298
265
412
262
298
264
411
271
297
273
412
271
298
273
411
277
297
280
412
277
298
280
412
277
298
279
412
279
298
281
411
278
297
280
412
278
298
280
425
246
310
249
425
246
311
249
424
252
311
255
424
252
310
255
425
261
311
265
425
261
311
264
425
263
311
265
425
263
311
264
425
262
311
265
425
262
311
264
424
265
310
267
425
376
309
376
425
377
309
377
426
371
308
372
426
371
309
372
434
239
321
242
436
245
320
248
436
247
321
249
436
246
320
248
436
246
321
249
435
246
320
248
435
246
321
249
436
272
320
274
436
272
321
274
436
271
320
273
436
271
320
274
436
271
321
274
437
289
320
289
437
289
321
290
437
289
320
290
438
372
319
372
438
372
320
372
438
373
320
372
438
373
319
374
439
373
319
374
445
289
328
290
447
373
328
372
449
378
332
377
452
376
332
375
452
376
332
376
452
376
333
375
453
376
332
375
453
376
333
375
455
288
338
291
455
288
338
290
456
289
338
291
456
289
338
290
456
313
338
313
457
310
338
312
457
310
338
311
456
312
338
313
456
311
338
312
457
312
338
313
455
373
335
373
455
376
333
375
456
375
334
373
456
375
335
373
455
374
334
373
457
399
336
397
459
376
338
374
458
374
335
373
458
374
337
374
458
374
338
373
458
374
338
374
459
375
337
374
459
375
338
373
459
375
338
374
458
375
337
374
458
375
338
373
458
375
338
374
464
279
346
282
463
288
345
290
463
288
346
291
464
289
345
290
464
289
346
291
464
310
345
311
464
310
346
311
465
310
345
311
465
310
346
311
465
311
345
311
465
311
346
311
465
312
346
313
465
326
346
328
469
310
346
311
467
364
346
364
467
365
346
364
467
375
346
373
467
380
346
379
467
380
348
379
469
380
348
378
469
380
347
378
469
380
346
379
469
380
348
379
469
381
346
379
469
381
348
379
471
277
352
280
471
278
352
280
473
310
353
311
473
376
352
374
473
376
353
374
477
277
356
281
477
277
358
280
475
289
355
291
475
289
356
291
477
312
358
311
476
312
355
313
476
312
356
313
476
312
356
314
476
321
356
322
476
322
356
323
476
322
356
322
476
376
353
374
476
376
356
373
476
376
355
374
476
376
356
375
476
376
356
374
476
376
357
374
476
376
354
374
476
376
357
375
477
376
353
374
477
376
356
373
477
376
355
374
477
376
356
375
477
376
356
374
477
376
357
374
477
376
354
374
477
376
357
375
478
347
356
346
478
375
356
373
478
375
355
374
478
375
356
375
478
375
356
374
478
375
357
374
478
375
357
375
479
376
355
374
479
376
356
375
479
376
356
374
479
376
357
374
479
376
357
375
484
394
359
390
484
394
358
393
484
394
361
391
484
394
360
391
484
394
364
390
489
386
364
384
489
386
364
383
489
386
363
385
489
386
365
385
489
386
366
384
489
386
366
383
489
386
366
385
489
386
367
385
486
388
359
385
486
388
360
386
486
388
364
384
486
388
363
385
486
388
365
385
486
388
364
386
486
388
366
384
486
388
366
385
486
388
367
385
486
388
366
386
486
388
367
386
490
388
360
386
490
388
364
384
490
388
363
385
490
388
365
385
490
388
364
386
490
388
366
384
490
388
366
385
490
388
367
385
490
388
366
386
490
388
367
386
494
383
369
379
494
383
371
380
545
228
419
238
545
228
420
238
546
232
424
241
